   0.0000000E+00   2.1445688E+10   1.4213122E+10   3.5625669E+10   1.5350772E-07   1.7573272E-06   7.5281268E-07
   1.4492754E-02   4.8646695E+06   1.8375115E+06   6.7021810E+06   2.5042480E-03   1.4833191E-03   2.1780067E-03
   2.8985507E-02   4.9127858E+06   1.7439310E+06   6.6563379E+06   2.3720186E-03   4.0198758E-03   2.7560891E-03
   4.3478261E-02   4.9720155E+06   1.8263980E+06   6.7981610E+06   4.9243942E-03   5.4675061E-03   5.0669896E-03
   5.7971014E-02   4.9716998E+06   1.8045499E+06   6.7762497E+06   8.3753076E-03   1.0014926E-02   8.7550405E-03
   7.2463768E-02   5.0992648E+06   1.8734282E+06   6.9728445E+06   1.3351700E-02   1.4452243E-02   1.3644853E-02
   8.6956522E-02   5.1152278E+06   1.8759035E+06   6.9910049E+06   1.8856153E-02   1.8618421E-02   1.8777094E-02
   1.0144928E-01   5.2267594E+06   1.9369915E+06   7.1636426E+06   2.3149809E-02   2.3403090E-02   2.3218489E-02
   1.1594203E-01   5.2629549E+06   1.9399006E+06   7.2028555E+06   2.7570543E-02   2.7897025E-02   2.7658167E-02
   1.3043478E-01   5.3543358E+06   1.9891430E+06   7.3433946E+06   3.1431621E-02   3.1109538E-02   3.1350047E-02
   1.4492754E-01   5.4036476E+06   1.9696607E+06   7.3733084E+06   3.3067868E-02   3.3241308E-02   3.3114087E-02
   1.5942029E-01   5.3656712E+06   1.9797593E+06   7.3452239E+06   3.3757476E-02   3.3781531E-02   3.3762154E-02
   1.7391304E-01   5.3256260E+06   1.9594439E+06   7.2849436E+06   3.2461267E-02   3.1589909E-02   3.2225542E-02
   1.8840580E-01   5.2264013E+06   1.9063489E+06   7.1323423E+06   2.9850843E-02   2.9010770E-02   2.9622427E-02
   2.0289855E-01   5.1165628E+06   1.8639240E+06   6.9804868E+06   2.8268461E-02   2.7627162E-02   2.8097356E-02
   2.1739130E-01   4.9787341E+06   1.8175072E+06   6.7960393E+06   2.4364577E-02   2.1693212E-02   2.3649433E-02
   2.3188406E-01   4.7959523E+06   1.7376797E+06   6.5335372E+06   2.0410713E-02   1.8566521E-02   1.9918689E-02
   2.4637681E-01   4.6407806E+06   1.6518214E+06   6.2924683E+06   1.7275611E-02   1.4973218E-02   1.6671548E-02
   2.6086957E-01   4.4229090E+06   1.5867848E+06   6.0096096E+06   1.4134066E-02   1.2836622E-02   1.3793047E-02
   2.7536232E-01   4.2265356E+06   1.4915050E+06   5.7178013E+06   1.1591441E-02   1.1018720E-02   1.1439843E-02
   2.8985507E-01   3.9789890E+06   1.3903710E+06   5.3693221E+06   9.0253972E-03   8.5405514E-03   8.8944049E-03
   3.0434783E-01   3.7763431E+06   1.2895596E+06   5.0657945E+06   6.8491877E-03   6.8156816E-03   6.8384865E-03
   3.1884058E-01   3.5442789E+06   1.2007027E+06   4.7448438E+06   5.9347451E-03   5.6631001E-03   5.8646710E-03
   3.3333333E-01   3.3050497E+06   1.1136753E+06   4.4185932E+06   4.4729932E-03   3.4015582E-03   4.1913287E-03
   3.4782609E-01   3.0566466E+06   1.0205450E+06   4.0770969E+06   3.1999539E-03   3.2191450E-03   3.2030847E-03
   3.6231884E-01   2.8329956E+06   9.2916703E+05   3.7620414E+06   2.7599907E-03   2.6326758E-03   2.7280649E-03
   3.7681159E-01   2.5787237E+06   8.2266889E+05   3.4013051E+06   2.2069374E-03   1.8981091E-03   2.1319492E-03
   3.9130435E-01   2.3396102E+06   7.4614612E+05   3.0857283E+06   2.4091864E-03   1.2085386E-03   2.1153138E-03
   4.0579710E-01   2.1203908E+06   6.5798606E+05   2.7783227E+06   2.0765537E-03   1.5897961E-03   1.9602012E-03
   4.2028986E-01   1.8970069E+06   5.7428602E+05   2.4712667E+06   1.6410341E-03   1.2995470E-03   1.5611548E-03
   4.3478261E-01   1.7164251E+06   5.1500837E+05   2.2313830E+06   1.1189821E-03   8.1796542E-04   1.0465138E-03
   4.4927536E-01   1.5332924E+06   4.5141552E+05   1.9847324E+06   9.0820745E-04   8.3402633E-04   8.5805196E-04
   4.6376812E-01   1.3943539E+06   3.9191562E+05   1.7862695E+06   1.1086322E-03   1.6775048E-03   1.1804649E-03
   4.7826087E-01   1.2495767E+06   3.4993658E+05   1.5995133E+06   1.2339016E-03   1.5232976E-03   1.2867961E-03
   4.9275362E-01   1.1128923E+06   3.0492216E+05   1.4178368E+06   7.4484282E-04   1.5206223E-03   9.1135627E-04
   5.0724638E-01   1.0128125E+06   2.7111819E+05   1.2839307E+06   1.4327168E-03   1.0939501E-03   1.3494218E-03
   5.2173913E-01   9.1372520E+05   2.4352815E+05   1.1572534E+06   9.7825703E-04   9.8484825E-04   9.7059923E-04
   5.3623188E-01   8.4299230E+05   2.1327216E+05   1.0562440E+06   1.2940179E-03   1.0390793E-03   1.2399380E-03
   5.5072464E-01   7.6607179E+05   1.9116899E+05   9.5724078E+05   1.1216790E-03   5.8370318E-04   9.9851411E-04
   5.6521739E-01   6.9764234E+05   1.7379371E+05   8.7143604E+05   8.6692577E-04   8.0731591E-04   8.2283201E-04
   5.7971014E-01   6.5051694E+05   1.6179573E+05   8.1231267E+05   6.4082896E-04   9.3421609E-04   6.3632419E-04
   5.9420290E-01   5.9315997E+05   1.4308286E+05   7.3624284E+05   6.7628434E-04   9.8135979E-04   6.6012685E-04
   6.0869565E-01   5.4578691E+05   1.2832812E+05   6.7411503E+05   9.2947439E-04   1.7966523E-03   1.0806407E-03
   6.2318841E-01   5.0183315E+05   1.1635664E+05   6.1818978E+05   7.8281173E-04   2.0483793E-03   1.0210188E-03
   6.3768116E-01   4.5867179E+05   1.0821858E+05   5.6689037E+05   8.9362486E-04   1.3467589E-03   9.6965819E-04
   6.5217391E-01   4.2711091E+05   9.7141843E+04   5.2425275E+05   9.3136659E-04   5.1479386E-04   8.5036804E-04
   6.6666667E-01   3.9481376E+05   8.9445874E+04   4.8425963E+05   1.8761613E-03   5.6688787E-04   1.5565001E-03
   6.8115942E-01   3.6393932E+05   8.1980660E+04   4.4591998E+05   1.1556846E-03   1.8915879E-03   1.2815932E-03
   6.9565217E-01   3.3514062E+05   7.4479202E+04   4.0960404E+05   2.6388892E-03   1.6872613E-03   2.4623939E-03
   7.1014493E-01   3.1025451E+05   6.7902485E+04   3.7814153E+05   1.6676953E-03   3.1710072E-03   1.9293933E-03
   7.2463768E-01   2.8386332E+05   6.2195027E+04   3.4605834E+05   2.7333538E-03   1.5718238E-03   2.5097056E-03
   7.3913043E-01   2.6155287E+05   5.5775363E+04   3.1731338E+05   3.1493565E-03   3.9583688E-03   2.9200374E-03
   7.5362319E-01   2.4117884E+05   4.9981477E+04   2.9114575E+05   3.0192893E-03   4.2024775E-03   3.2081217E-03
   7.6811594E-01   2.2080161E+05   4.6164750E+04   2.6696636E+05   3.6586868E-03   2.5632202E-03   3.3805913E-03
   7.8260870E-01   1.9993023E+05   4.2545512E+04   2.4247574E+05   3.6620956E-03   3.7836380E-03   3.6563615E-03
   7.9710145E-01   1.7850899E+05   3.6330030E+04   2.1483902E+05   3.8808614E-03   5.6650321E-03   4.0853237E-03
   8.1159420E-01   1.6549781E+05   3.3218635E+04   1.9871645E+05   4.5719692E-03   3.5407314E-03   4.3588388E-03
   8.2608696E-01   1.5097571E+05   3.0349348E+04   1.8132506E+05   4.8012032E-03   3.6085467E-03   4.5893825E-03
   8.4057971E-01   1.3622277E+05   2.6834330E+04   1.6305710E+05   6.2629921E-03   7.6918813E-04   5.3321849E-03
   8.5507246E-01   1.2301020E+05   2.4029243E+04   1.4703945E+05   6.4852258E-03   4.7541946E-03   6.1969061E-03
   8.6956522E-01   1.0998548E+05   2.1368174E+04   1.3135365E+05   8.0517654E-03   6.9447035E-03   7.8244246E-03
   8.8405797E-01   9.8704520E+04   1.8334743E+04   1.1703926E+05   7.4206782E-03   7.2095848E-03   7.3501001E-03
   8.9855072E-01   8.8178551E+04   1.6914638E+04   1.0509319E+05   8.7904756E-03   5.1164265E-03   8.1613633E-03
   9.1304348E-01   7.7830382E+04   1.4926210E+04   9.2756592E+04   9.6941172E-03   8.3858777E-03   9.4595217E-03
   9.2753623E-01   6.5934931E+04   1.1922513E+04   7.7857444E+04   8.5207716E-03   1.5539049E-02   9.5772195E-03
   9.4202899E-01   5.7203291E+04   1.0305219E+04   6.7508510E+04   1.2267748E-02   9.9590039E-03   1.1915159E-02
   9.5652174E-01   4.8632918E+04   8.6106441E+03   5.7243562E+04   1.4667249E-02   1.5678956E-02   1.4630773E-02
   9.7101449E-01   3.8474928E+04   6.8987967E+03   4.5373725E+04   1.7327228E-02   1.5453467E-02   1.7027891E-02
   9.8550725E-01   2.7267377E+04   4.9587180E+03   3.2226095E+04   2.0458321E-02   3.2240389E-02   2.2161867E-02
   1.0000000E+00   1.2561469E+04   2.1446410E+03   1.4706110E+04   4.2218719E-02   4.0241529E-02   4.1526612E-02
