   0.0000000E+00   3.4421322E+10   1.7354195E+10   5.1723664E+10   1.1623407E-07   1.8275682E-07   2.9640960E-08
   1.4492754E-02   8.3881451E+05   4.4176049E+05   1.2805750E+06   3.7355457E-03   4.8010357E-03   2.0469802E-03
   2.8985507E-02   8.7973229E+05   4.3797180E+05   1.3177041E+06   2.5653416E-03   4.4277828E-03   1.5500979E-03
   4.3478261E-02   8.9690766E+05   4.3292023E+05   1.3298279E+06   5.8602812E-04   6.6201073E-03   2.4305575E-03
   5.7971014E-02   8.7992172E+05   4.4517030E+05   1.3250920E+06   2.3172040E-03   5.2857513E-03   1.1801005E-03
   7.2463768E-02   9.1443663E+05   4.5949153E+05   1.3739282E+06   8.4399060E-04   9.7418785E-04   8.8752620E-04
   8.6956522E-02   9.1648252E+05   4.5628377E+05   1.3727663E+06   1.2830276E-03   1.3424135E-03   1.2916069E-03
   1.0144928E-01   9.2985116E+05   4.7910608E+05   1.4089572E+06   4.3374607E-04   5.3201466E-04   3.4719418E-04
   1.1594203E-01   9.5560068E+05   4.6638693E+05   1.4219876E+06   1.4649384E-03   9.5850520E-04   7.4928464E-04
   1.3043478E-01   9.6148366E+05   4.8461471E+05   1.4460984E+06   1.0219819E-03   4.2545185E-04   8.0419539E-04
   1.4492754E-01   9.7596485E+05   4.9290771E+05   1.4688726E+06   2.8246448E-04   6.2875571E-04   8.4720046E-05
   1.5942029E-01   9.9504604E+05   4.9108226E+05   1.4861283E+06   6.5549845E-04   3.9356357E-04   5.2783022E-04
   1.7391304E-01   9.7362849E+05   4.8690896E+05   1.4605375E+06   9.1533719E-04   7.7529029E-04   7.4414478E-04
   1.8840580E-01   9.7975353E+05   4.8343600E+05   1.4631895E+06   4.9765017E-04   1.0193953E-03   5.8425866E-04
   2.0289855E-01   9.6416581E+05   4.6703642E+05   1.4312022E+06   5.1321958E-04   4.7334652E-04   2.6685033E-04
   2.1739130E-01   9.3812853E+05   4.6595754E+05   1.4040861E+06   7.1670522E-04   1.2321330E-03   8.1472045E-04
   2.3188406E-01   9.0540062E+05   4.4521766E+05   1.3506183E+06   3.0668273E-04   5.2317297E-04   3.7800420E-04
   2.4637681E-01   8.6849996E+05   4.3213277E+05   1.3006327E+06   7.5677787E-04   4.0109620E-04   4.6765884E-04
   2.6086957E-01   8.3931967E+05   4.1923887E+05   1.2585585E+06   3.9021183E-04   6.2231962E-04   7.7659342E-05
   2.7536232E-01   8.1440741E+05   3.9773200E+05   1.2121394E+06   7.1662646E-04   4.1575472E-04   3.5424885E-04
   2.8985507E-01   7.7061821E+05   3.7534487E+05   1.1458494E+06   6.3119670E-04   7.7104587E-04   3.0447711E-04
   3.0434783E-01   7.3392210E+05   3.6494042E+05   1.0988625E+06   5.7825553E-05   1.1705508E-03   4.0792997E-04
   3.1884058E-01   7.0975817E+05   3.4690563E+05   1.0566638E+06   5.3793514E-04   2.0716701E-04   3.8105447E-04
   3.3333333E-01   6.8799196E+05   3.2734225E+05   1.0153342E+06   5.4680713E-04   6.9063361E-04   4.7150434E-04
   3.4782609E-01   6.5695771E+05   3.2020689E+05   9.7716460E+05   6.4414147E-04   7.8297109E-04   6.5316610E-04
   3.6231884E-01   6.3740810E+05   3.0800481E+05   9.4538260E+05   5.2540717E-04   6.3865081E-04   2.8832052E-04
   3.7681159E-01   6.0365384E+05   2.9577960E+05   8.9943344E+05   5.8465055E-04   1.8991707E-03   9.9782104E-04
   3.9130435E-01   5.8182952E+05   2.8474061E+05   8.6657012E+05   7.8568267E-04   9.0737365E-04   2.6092462E-04
   4.0579710E-01   5.6592105E+05   2.7310995E+05   8.3903101E+05   3.1914080E-04   6.7143193E-04   3.9813409E-04
   4.2028986E-01   5.4342785E+05   2.6646202E+05   8.0988987E+05   1.0797331E-03   1.1759902E-03   9.1729139E-04
   4.3478261E-01   5.2804144E+05   2.5869130E+05   7.8673274E+05   3.8693992E-04   1.5671575E-03   5.8954908E-04
   4.4927536E-01   5.0717027E+05   2.4580000E+05   7.5297028E+05   9.4511472E-04   3.9920188E-04   5.5037718E-04
   4.6376812E-01   4.9390224E+05   2.4188376E+05   7.3580968E+05   1.7774237E-03   9.3980222E-04   1.3255202E-03
   4.7826087E-01   4.7197811E+05   2.3414064E+05   7.0611874E+05   6.1002669E-04   1.2092257E-03   3.7095096E-04
   4.9275362E-01   4.5377284E+05   2.2705357E+05   6.8082641E+05   3.3544426E-04   1.0002040E-03   3.2276811E-04
   5.0724638E-01   4.3844810E+05   2.1469928E+05   6.5314737E+05   8.2224740E-04   7.6176518E-04   7.9623399E-04
   5.2173913E-01   4.2551124E+05   2.0730413E+05   6.3281537E+05   1.3123000E-03   1.0012979E-03   9.0231247E-04
   5.3623188E-01   4.0858391E+05   1.9948954E+05   6.0807345E+05   1.2274019E-03   8.2720462E-04   8.3204799E-04
   5.5072464E-01   3.9220850E+05   1.9126869E+05   5.8347719E+05   3.0167374E-04   9.9595848E-04   3.9302127E-04
   5.6521739E-01   3.7886834E+05   1.8609236E+05   5.6496070E+05   1.8350347E-04   7.8965707E-04   3.8292415E-04
   5.7971014E-01   3.6253912E+05   1.7895846E+05   5.4149758E+05   1.0358917E-03   1.2841825E-03   8.7006063E-04
   5.9420290E-01   3.4591604E+05   1.7050924E+05   5.1640679E+05   8.3296502E-04   1.7224745E-03   1.0271177E-03
   6.0869565E-01   3.3132939E+05   1.6287730E+05   4.9418865E+05   9.6326257E-04   7.8740506E-04   4.8818096E-04
   6.2318841E-01   3.1564138E+05   1.5519505E+05   4.7083643E+05   2.9562403E-05   8.9048613E-04   2.7370104E-04
   6.3768116E-01   3.0447238E+05   1.4763810E+05   4.5211048E+05   4.8722136E-04   1.2083961E-03   1.7574262E-04
   6.5217391E-01   2.8767052E+05   1.4061909E+05   4.2828961E+05   8.0498091E-04   1.9849626E-03   1.1504040E-03
   6.6666667E-01   2.7892946E+05   1.3380641E+05   4.1273588E+05   7.9669806E-04   1.6232733E-03   7.9788092E-04
   6.8115942E-01   2.6419215E+05   1.2705793E+05   3.9125008E+05   2.9442063E-04   1.6885950E-03   5.9596134E-04
   6.9565217E-01   2.5160015E+05   1.2036963E+05   3.7195399E+05   1.7078212E-03   1.0369809E-03   1.4114537E-03
   7.1014493E-01   2.3669220E+05   1.1358318E+05   3.5027538E+05   1.9355411E-03   2.0549326E-03   1.7089125E-03
   7.2463768E-01   2.2133489E+05   1.0879583E+05   3.3013072E+05   7.2937180E-04   2.5382796E-03   1.0143700E-03
   7.3913043E-01   2.0907589E+05   1.0074926E+05   3.0982516E+05   4.7251116E-04   2.3486870E-03   4.4935376E-04
   7.5362319E-01   1.9323743E+05   9.4760801E+04   2.8799823E+05   1.9200276E-03   2.1041936E-03   1.9136734E-03
   7.6811594E-01   1.8358673E+05   8.5681433E+04   2.6925387E+05   9.5199590E-04   2.0033495E-03   1.2442270E-03
   7.8260870E-01   1.6681433E+05   7.9351869E+04   2.4616620E+05   3.2692659E-04   1.9393217E-04   1.5939296E-04
   7.9710145E-01   1.5185043E+05   7.4092871E+04   2.2594330E+05   2.2679517E-03   2.0362729E-03   2.1912265E-03
   8.1159420E-01   1.4015422E+05   6.7492689E+04   2.0764691E+05   4.2742419E-04   2.1833989E-03   9.5908418E-04
   8.2608696E-01   1.2785810E+05   6.1895123E+04   1.8975322E+05   4.2510056E-03   9.6485690E-04   2.9611432E-03
   8.4057971E-01   1.1686129E+05   5.7653310E+04   1.7451460E+05   4.8021223E-03   1.3188883E-03   2.8412090E-03
   8.5507246E-01   1.0675097E+05   5.2335203E+04   1.5908617E+05   1.1506391E-03   2.4460043E-03   1.3828471E-03
   8.6956522E-01   9.8025869E+04   4.6436630E+04   1.4446250E+05   4.6866981E-03   2.3430098E-03   3.9126990E-03
   8.8405797E-01   8.9065115E+04   4.2880443E+04   1.3194556E+05   3.9218938E-03   5.9858804E-03   4.4091467E-03
   8.9855072E-01   8.0124544E+04   3.8070158E+04   1.1819470E+05   5.4049609E-03   7.8583077E-04   3.9109824E-03
   9.1304348E-01   7.4931739E+04   3.6046617E+04   1.1097836E+05   3.0403168E-03   1.0878753E-03   2.0813895E-03
   9.2753623E-01   6.4490496E+04   3.1339516E+04   9.5830011E+04   1.9141744E-03   4.9119814E-03   2.8125364E-03
   9.4202899E-01   5.7354838E+04   2.8420954E+04   8.5775793E+04   5.1441022E-03   8.9297445E-03   6.2238071E-03
   9.5652174E-01   4.6164533E+04   2.2778024E+04   6.8942557E+04   6.5683041E-03   9.2474915E-03   6.9627129E-03
   9.7101449E-01   3.3724937E+04   1.6229136E+04   4.9954074E+04   5.1508306E-03   4.5510703E-03   4.7956446E-03
   9.8550725E-01   1.8999133E+04   9.3157039E+03   2.8314837E+04   1.2960924E-02   1.5735139E-02   1.3714571E-02
   1.0000000E+00   8.9505936E+03   3.8516002E+03   1.2802194E+04   4.9316946E-02   3.0915353E-02   4.3523841E-02
