   0.0000000E+00   3.4042290E+10   1.7180212E+10   5.1142777E+10   1.9652344E-07   2.2752404E-07   1.8594659E-07
   1.4492754E-02   9.5853691E+05   4.4858012E+05   1.4071170E+06   2.4186940E-04   4.8170527E-03   1.5983819E-03
   2.8985507E-02   9.6346219E+05   4.8154166E+05   1.4450039E+06   2.8603487E-03   1.3959344E-03   2.1091954E-03
   4.3478261E-02   9.5550596E+05   4.8368858E+05   1.4391945E+06   1.7734422E-03   1.2784608E-03   7.8168856E-04
   5.7971014E-02   9.7179730E+05   5.0522093E+05   1.4770182E+06   1.7745188E-03   1.6788810E-03   7.4326452E-04
   7.2463768E-02   1.0015763E+06   4.9692372E+05   1.4985001E+06   6.8333276E-04   7.8326674E-04   4.1400716E-04
   8.6956522E-02   1.0223131E+06   4.9025563E+05   1.5125687E+06   9.7460735E-04   2.3002610E-03   1.4595876E-04
   1.0144928E-01   1.0412385E+06   5.1093102E+05   1.5521695E+06   3.7223543E-04   1.4230339E-03   7.1691906E-04
   1.1594203E-01   1.0406566E+06   5.2823719E+05   1.5688938E+06   9.1738589E-04   1.1300268E-03   3.7231905E-04
   1.3043478E-01   1.0682403E+06   5.2123865E+05   1.5894790E+06   1.7055321E-04   1.1535192E-03   4.0049896E-04
   1.4492754E-01   1.0812145E+06   5.4602505E+05   1.6272395E+06   7.6226196E-04   1.1264067E-03   3.7876993E-04
   1.5942029E-01   1.0808081E+06   5.3785528E+05   1.6186633E+06   7.5213567E-04   1.9594454E-03   1.1410783E-03
   1.7391304E-01   1.0840686E+06   5.3976110E+05   1.6238297E+06   7.9476435E-04   8.9713954E-04   3.8142100E-04
   1.8840580E-01   1.0777930E+06   5.2726816E+05   1.6050612E+06   1.3320969E-03   2.9774082E-04   9.3760246E-04
   2.0289855E-01   1.0531457E+06   5.2186408E+05   1.5750098E+06   2.7824748E-04   1.3159052E-03   2.5054915E-04
   2.1739130E-01   1.0311281E+06   5.0662275E+05   1.5377508E+06   6.6962564E-05   6.7094680E-04   2.3185312E-04
   2.3188406E-01   1.0116732E+06   4.9589130E+05   1.5075645E+06   4.6802068E-04   3.2493932E-04   4.1600690E-04
   2.4637681E-01   9.8929210E+05   4.7781984E+05   1.4671119E+06   1.1754540E-03   9.6902609E-04   7.9754214E-04
   2.6086957E-01   9.3542594E+05   4.6697628E+05   1.4024022E+06   6.6508142E-04   2.1640822E-04   4.5865512E-04
   2.7536232E-01   9.0976259E+05   4.4690512E+05   1.3566677E+06   3.4092838E-04   6.1522255E-04   2.7963905E-04
   2.8985507E-01   8.8530165E+05   4.2471141E+05   1.3100131E+06   3.8674730E-04   9.7679019E-04   3.6224164E-04
   3.0434783E-01   8.4065473E+05   4.1246134E+05   1.2530800E+06   3.0749407E-04   4.2569505E-04   3.4565043E-04
   3.1884058E-01   8.1212151E+05   4.0005053E+05   1.2121720E+06   6.1211495E-04   1.8310116E-03   2.5111050E-04
   3.3333333E-01   7.7717428E+05   3.8407366E+05   1.1612150E+06   2.6306224E-04   7.1285939E-04   2.8197227E-04
   3.4782609E-01   7.4981202E+05   3.6636569E+05   1.1161461E+06   1.3203029E-03   4.3088734E-04   8.3202079E-04
   3.6231884E-01   7.2057728E+05   3.5174137E+05   1.0722883E+06   4.6978637E-04   1.9449101E-03   9.2260206E-04
   3.7681159E-01   6.9370793E+05   3.4523649E+05   1.0388861E+06   2.3319660E-04   1.2986287E-03   2.7583765E-04
   3.9130435E-01   6.5712609E+05   3.2753870E+05   9.8466479E+05   3.6826540E-04   6.3830048E-04   4.4539750E-04
   4.0579710E-01   6.4161354E+05   3.1676100E+05   9.5837453E+05   2.3352872E-04   3.9468739E-04   5.9681777E-05
   4.2028986E-01   6.2108279E+05   2.9820858E+05   9.1929137E+05   1.0581662E-03   7.7118748E-04   7.0508235E-04
   4.3478261E-01   5.9267638E+05   2.9076882E+05   8.8344520E+05   6.5389037E-04   7.7098365E-04   2.0840745E-04
   4.4927536E-01   5.7055128E+05   2.7698942E+05   8.4754070E+05   8.3855987E-04   1.1597944E-03   8.1495308E-04
   4.6376812E-01   5.4523890E+05   2.6397652E+05   8.0921542E+05   5.5864365E-04   7.2082111E-04   2.4819986E-04
   4.7826087E-01   5.2022068E+05   2.5216558E+05   7.7238626E+05   9.6869926E-04   4.9062151E-04   6.5485847E-04
   4.9275362E-01   5.0358289E+05   2.4053682E+05   7.4414200E+05   3.6632482E-04   1.1838629E-03   4.2654056E-04
   5.0724638E-01   4.8105455E+05   2.3818911E+05   7.1924366E+05   1.5452895E-04   1.1275504E-03   2.7980467E-04
   5.2173913E-01   4.5986197E+05   2.2132226E+05   6.8118423E+05   9.8515021E-04   4.7684763E-04   5.1721300E-04
   5.3623188E-01   4.3731646E+05   2.1441900E+05   6.5173547E+05   2.3628682E-04   1.0190949E-03   4.1575730E-04
   5.5072464E-01   4.2187987E+05   2.0458890E+05   6.2646877E+05   1.1063469E-04   4.5685384E-04   1.7482828E-04
   5.6521739E-01   3.9752032E+05   1.9479662E+05   5.9231694E+05   4.7384370E-04   6.7404708E-04   9.6854733E-05
   5.7971014E-01   3.8205084E+05   1.8666843E+05   5.6871927E+05   3.7586188E-04   1.6311108E-03   7.5440951E-04
   5.9420290E-01   3.6251232E+05   1.7801268E+05   5.4052500E+05   9.0601395E-04   1.2031773E-03   9.7613287E-04
   6.0869565E-01   3.4495060E+05   1.6574588E+05   5.1069648E+05   1.2841380E-03   1.1841859E-03   1.1929298E-03
   6.2318841E-01   3.2561531E+05   1.5623473E+05   4.8185004E+05   1.5435546E-03   5.6436420E-04   9.0116313E-04
   6.3768116E-01   3.1080981E+05   1.4682870E+05   4.5763851E+05   1.2722586E-03   1.2786275E-03   1.1841291E-03
   6.5217391E-01   2.9012896E+05   1.4196618E+05   4.3209513E+05   1.5554426E-03   2.1005718E-03   1.6334689E-03
   6.6666667E-01   2.6944128E+05   1.3329577E+05   4.0273705E+05   8.3862173E-04   1.6560432E-03   1.0948913E-03
   6.8115942E-01   2.5224571E+05   1.2301130E+05   3.7525700E+05   5.8172796E-04   1.1765641E-03   7.7317111E-04
   6.9565217E-01   2.3385648E+05   1.1250811E+05   3.4636460E+05   2.7323411E-03   2.4489843E-03   1.0517090E-03
   7.1014493E-01   2.1754775E+05   1.0563468E+05   3.2318243E+05   1.7144863E-03   2.0199181E-03   1.8136441E-03
   7.2463768E-01   1.9828454E+05   9.5550596E+04   2.9383513E+05   2.3313948E-04   1.7386520E-03   6.1207665E-04
   7.3913043E-01   1.8659637E+05   8.9190065E+04   2.7578644E+05   1.4168510E-03   2.0651163E-03   1.3144124E-03
   7.5362319E-01   1.7047618E+05   8.2010424E+04   2.5248661E+05   1.6885037E-03   1.1044833E-03   1.0447076E-03
   7.6811594E-01   1.5792376E+05   7.4529836E+04   2.3245360E+05   2.4795400E-03   2.8576966E-03   2.4727254E-03
   7.8260870E-01   1.4058822E+05   6.9375003E+04   2.0994919E+05   9.5877413E-04   2.3979057E-03   1.2036019E-03
   7.9710145E-01   1.3139154E+05   6.3553442E+04   1.9493121E+05   2.3008518E-03   3.4211613E-03   2.3966962E-03
   8.1159420E-01   1.2571663E+05   5.9793543E+04   1.8551018E+05   2.0885519E-03   2.8123049E-03   1.3432003E-03
   8.2608696E-01   1.1456447E+05   5.5288191E+04   1.6985266E+05   1.7900876E-03   3.7921374E-03   2.4068647E-03
   8.4057971E-01   1.0610926E+05   5.1238677E+04   1.5734794E+05   3.1808993E-03   1.5820998E-03   1.8189384E-03
   8.5507246E-01   9.8274595E+04   4.6697129E+04   1.4497172E+05   2.4459473E-03   2.9934809E-03   2.6213337E-03
   8.6956522E-01   9.4047751E+04   4.4731722E+04   1.3877947E+05   2.3416745E-03   8.1290927E-04   1.5447748E-03
   8.8405797E-01   8.7586908E+04   4.1675518E+04   1.2926243E+05   2.9055037E-03   2.6782468E-03   2.5508578E-03
   8.9855072E-01   8.1261149E+04   3.8082379E+04   1.1934353E+05   3.0365074E-03   5.8457128E-03   3.9243333E-03
   9.1304348E-01   7.3175714E+04   3.5168604E+04   1.0834432E+05   8.4769770E-03   6.8422416E-03   7.9003661E-03
   9.2753623E-01   6.7426725E+04   3.1386874E+04   9.8813599E+04   4.8091925E-03   3.6785091E-03   3.1878641E-03
   9.4202899E-01   6.1738054E+04   2.7989627E+04   8.9727681E+04   3.6025908E-03   1.4695954E-03   2.8730953E-03
   9.5652174E-01   5.0768358E+04   2.4465710E+04   7.5234068E+04   2.5895109E-03   5.7019641E-03   2.6640084E-03
   9.7101449E-01   3.7864215E+04   1.7744610E+04   5.5608825E+04   1.8630683E-03   3.3530991E-03   2.1863346E-03
   9.8550725E-01   2.0514606E+04   9.7057155E+03   3.0220322E+04   1.2872438E-02   1.3061002E-02   1.2509580E-02
   1.0000000E+00   9.2132027E+03   5.1208775E+03   1.4334080E+04   3.6381864E-02   3.0560594E-02   3.3919333E-02
