   0.0000000E+00   2.1867850E+10   1.3100091E+10   3.4938438E+10   1.8202131E-06   1.6300584E-06   1.3306280E-06
   1.4492754E-02   3.1499114E+06   1.3343743E+06   4.4842857E+06   3.1453416E-03   1.1306604E-03   2.0372108E-03
   2.8985507E-02   3.1787054E+06   1.3105056E+06   4.4892110E+06   3.0186832E-03   2.3216751E-03   2.1442393E-03
   4.3478261E-02   3.2436182E+06   1.3715034E+06   4.6151216E+06   1.0499493E-03   1.0739209E-03   7.9199356E-04
   5.7971014E-02   3.2336413E+06   1.3733977E+06   4.6070390E+06   1.0384987E-03   4.5538508E-04   6.6666099E-04
   7.2463768E-02   3.2662998E+06   1.3825664E+06   4.6488661E+06   4.7206354E-04   1.5140567E-03   1.9850795E-04
   8.6956522E-02   3.3037319E+06   1.4141892E+06   4.7179212E+06   1.2167090E-03   1.8424941E-03   1.0139134E-03
   1.0144928E-01   3.3667323E+06   1.4195656E+06   4.7861896E+06   1.0247448E-03   9.6867521E-04   8.5283000E-04
   1.1594203E-01   3.3652980E+06   1.4540020E+06   4.8193000E+06   4.2243660E-04   1.0609070E-03   5.9691507E-04
   1.3043478E-01   3.4096467E+06   1.4716930E+06   4.8813397E+06   1.1611386E-03   8.2825786E-04   1.0623763E-03
   1.4492754E-01   3.4450498E+06   1.4936506E+06   4.9386246E+06   1.3026581E-03   1.2793386E-03   1.2514363E-03
   1.5942029E-01   3.4307562E+06   1.4847506E+06   4.9155068E+06   1.0125636E-03   1.2587015E-03   1.0596746E-03
   1.7391304E-01   3.4269273E+06   1.4809332E+06   4.9078605E+06   8.2486618E-04   5.3566004E-04   5.3234384E-04
   1.8840580E-01   3.4020628E+06   1.4672114E+06   4.8692159E+06   1.0102866E-03   4.4255723E-04   7.9978497E-04
   2.0289855E-01   3.3727942E+06   1.4615658E+06   4.8342518E+06   4.0424276E-04   3.8831165E-04   2.2337988E-04
   2.1739130E-01   3.3096423E+06   1.4260604E+06   4.7357027E+06   5.7554303E-04   8.0026839E-05   4.1792778E-04
   2.3188406E-01   3.2422132E+06   1.3764287E+06   4.6184998E+06   9.0591250E-05   4.6834687E-04   1.2009772E-04
   2.4637681E-01   3.1519617E+06   1.3222951E+06   4.4740785E+06   5.1625286E-04   1.8175116E-04   3.2202086E-04
   2.6086957E-01   3.0619297E+06   1.2890364E+06   4.3509240E+06   2.3609079E-04   1.5590649E-04   2.0861559E-04
   2.7536232E-01   2.9579647E+06   1.2463572E+06   4.2040826E+06   5.8493023E-04   6.9384042E-04   6.1717824E-04
   2.8985507E-01   2.8546593E+06   1.1893056E+06   4.0439270E+06   3.2331964E-04   5.3676208E-05   2.2417106E-04
   3.0434783E-01   2.7561770E+06   1.1299297E+06   3.8860345E+06   1.6336332E-04   3.0770564E-04   4.7475560E-05
   3.1884058E-01   2.6332727E+06   1.0767783E+06   3.7099821E+06   2.0003357E-04   3.2842957E-04   1.2405274E-04
   3.3333333E-01   2.5366059E+06   1.0259755E+06   3.5625484E+06   3.5962821E-04   3.7463594E-04   1.5970169E-04
   3.4782609E-01   2.4390912E+06   9.8553127E+05   3.4245594E+06   6.8774703E-05   2.9624428E-04   3.8175631E-05
   3.6231884E-01   2.3341927E+06   9.3413778E+05   3.2681789E+06   8.1592227E-05   3.8300174E-04   1.2403270E-04
   3.7681159E-01   2.2220337E+06   8.8241351E+05   3.1044181E+06   1.2258122E-04   6.6425880E-04   1.0198114E-04
   3.9130435E-01   2.1397361E+06   8.4170513E+05   2.9813290E+06   3.7418231E-04   3.7115614E-04   3.7295808E-04
   4.0579710E-01   2.0421004E+06   8.0225371E+05   2.8443000E+06   1.9452676E-04   4.4464340E-04   7.7207037E-05
   4.2028986E-01   1.9370363E+06   7.5475800E+05   2.6917681E+06   3.0241162E-04   2.3846429E-04   2.0656074E-04
   4.3478261E-01   1.8508729E+06   7.1520240E+05   2.5659995E+06   1.4145960E-04   1.3548077E-04   1.3267200E-04
   4.4927536E-01   1.7700973E+06   6.8169414E+05   2.4517670E+06   1.8852118E-04   6.2002483E-04   6.7103171E-05
   4.6376812E-01   1.6780316E+06   6.4987760E+05   2.3278618E+06   1.1796811E-04   3.8275426E-04   1.6376120E-04
   4.7826087E-01   1.6010976E+06   6.1119500E+05   2.2122237E+06   1.3829817E-04   1.8483736E-04   4.9069504E-05
   4.9275362E-01   1.5316756E+06   5.8071602E+05   2.1123693E+06   2.6929421E-04   2.5444801E-04   2.1606225E-04
   5.0724638E-01   1.4431203E+06   5.4596011E+05   1.9890371E+06   1.9069586E-04   4.3576542E-04   2.4074807E-04
   5.2173913E-01   1.3770812E+06   5.1736577E+05   1.8944259E+06   2.8663686E-04   6.7307087E-04   2.9100463E-04
   5.3623188E-01   1.2859611E+06   4.8667174E+05   1.7726123E+06   1.9182310E-04   4.5003809E-04   4.4097543E-05
   5.5072464E-01   1.2253200E+06   4.4989619E+05   1.6752162E+06   6.0518919E-04   5.8800162E-04   4.7040859E-04
   5.6521739E-01   1.1439881E+06   4.2085473E+05   1.5648428E+06   4.8601139E-04   2.9401519E-04   2.7623389E-04
   5.7971014E-01   1.0617406E+06   3.9163621E+05   1.4533768E+06   8.8549083E-05   4.3702765E-04   6.0521495E-05
   5.9420290E-01   9.9618348E+05   3.5718968E+05   1.3533732E+06   4.1262181E-04   6.6358162E-04   1.3249929E-04
   6.0869565E-01   9.1419127E+05   3.2736029E+05   1.2415335E+06   3.9527611E-04   7.3730779E-04   4.3142537E-04
   6.2318841E-01   8.3960749E+05   2.9627504E+05   1.1358825E+06   2.9438056E-04   7.1799063E-04   2.1277440E-04
   6.3768116E-01   7.6421189E+05   2.6383014E+05   1.0280420E+06   2.4225034E-04   6.5524166E-04   3.4819796E-04
   6.5217391E-01   6.9868374E+05   2.4008466E+05   9.3876840E+05   3.7223860E-04   9.5869285E-04   2.5025333E-04
   6.6666667E-01   6.3493392E+05   2.1773399E+05   8.5266791E+05   2.7686512E-04   4.5910384E-04   1.8811847E-04
   6.8115942E-01   5.8032957E+05   1.9546382E+05   7.7579339E+05   2.4642761E-04   8.3826125E-04   3.1171971E-04
   6.9565217E-01   5.3327298E+05   1.7637900E+05   7.0965198E+05   8.9244672E-04   1.5581717E-03   9.8416220E-04
   7.1014493E-01   4.9118348E+05   1.6288246E+05   6.5406593E+05   6.7396965E-04   1.4469067E-03   8.6292109E-04
   7.2463768E-01   4.5706677E+05   1.4663720E+05   6.0370397E+05   6.1860181E-04   5.7815306E-04   3.8107443E-04
   7.3913043E-01   4.2241591E+05   1.3897782E+05   5.6139374E+05   9.6622220E-04   9.0644350E-04   9.2607077E-04
   7.5362319E-01   3.9491196E+05   1.2614859E+05   5.2106055E+05   1.7408030E-03   1.7865516E-03   9.4214338E-04
   7.6811594E-01   3.7049035E+05   1.1569067E+05   4.8618101E+05   1.2982524E-03   3.8058045E-04   9.5035845E-04
   7.8260870E-01   3.4879742E+05   1.1011037E+05   4.5890779E+05   1.6366412E-03   2.5193169E-03   1.7493209E-03
   7.9710145E-01   3.2553746E+05   1.0407169E+05   4.2960915E+05   6.9882547E-04   1.3992186E-03   7.1728040E-04
   8.1159420E-01   3.0888595E+05   9.6530241E+04   4.0541619E+05   2.1496676E-03   1.6689450E-03   1.9703359E-03
   8.2608696E-01   2.8687645E+05   8.6940314E+04   3.7380347E+05   1.3936772E-03   1.7527613E-03   1.4768030E-03
   8.4057971E-01   2.6806895E+05   8.2044593E+04   3.5011354E+05   2.3367510E-03   4.9026341E-03   2.9318651E-03
   8.5507246E-01   2.5206946E+05   7.7096497E+04   3.2916595E+05   2.3860241E-03   4.4548432E-03   2.8529805E-03
   8.6956522E-01   2.3243573E+05   7.1025185E+04   3.0346091E+05   2.2877064E-03   2.2987485E-03   1.9577916E-03
   8.8405797E-01   2.1518480E+05   6.5202621E+04   2.8038742E+05   7.0549994E-04   4.2724492E-03   1.0052836E-03
   8.9855072E-01   1.9977361E+05   6.1706654E+04   2.6148026E+05   1.9062951E-03   4.1234292E-03   2.1710654E-03
   9.1304348E-01   1.8326403E+05   5.4184187E+04   2.3744822E+05   2.3253872E-03   2.4723351E-03   2.3564793E-03
   9.2753623E-01   1.6670207E+05   5.0105338E+04   2.1680741E+05   3.4211817E-03   3.8965580E-03   3.5304725E-03
   9.4202899E-01   1.5143076E+05   4.4578232E+04   1.9600899E+05   3.0154579E-03   1.0697664E-03   2.5576485E-03
   9.5652174E-01   1.3233986E+05   3.8265703E+04   1.7059408E+05   5.8783625E-03   6.2353712E-03   5.0514651E-03
   9.7101449E-01   1.0780218E+05   3.1564822E+04   1.3937831E+05   2.2531667E-03   7.7714175E-03   2.9555340E-03
   9.8550725E-01   6.7494281E+04   1.8954560E+04   8.6448841E+04   2.6383149E-03   6.3387195E-03   3.4134470E-03
   1.0000000E+00   2.5276126E+04   7.1779822E+03   3.2454108E+04   1.2711528E-02   5.8342051E-03   1.1181373E-02
