   0.0000000E+00   2.6957137E+10   1.4278287E+10   4.1190560E+10   7.5618070E-07   9.7447610E-07   1.5805513E-07
   1.4492754E-02   2.5141703E+06   1.2048013E+06   3.7189716E+06   2.3321230E-03   9.1739890E-04   1.4590636E-03
   2.8985507E-02   2.5353869E+06   1.2176829E+06   3.7530698E+06   3.4765558E-03   3.7118245E-03   3.0695942E-03
   4.3478261E-02   2.5907017E+06   1.2394046E+06   3.8301064E+06   6.6616884E-03   5.6470887E-03   6.3075703E-03
   5.7971014E-02   2.6337033E+06   1.2695878E+06   3.9032911E+06   9.9612452E-03   8.2036772E-03   9.3876181E-03
   7.2463768E-02   2.7078478E+06   1.2746646E+06   3.9825125E+06   1.6523790E-02   1.5585057E-02   1.6213590E-02
   8.6956522E-02   2.7616976E+06   1.3202299E+06   4.0818012E+06   2.2388776E-02   2.0223249E-02   2.1677814E-02
   1.0144928E-01   2.8294970E+06   1.3813540E+06   4.2108510E+06   2.9091326E-02   2.7083490E-02   2.8432549E-02
   1.1594203E-01   2.9386923E+06   1.3908257E+06   4.3295180E+06   3.4561898E-02   3.0158356E-02   3.3147291E-02
   1.3043478E-01   2.9684756E+06   1.4120002E+06   4.3803916E+06   3.5067199E-02   3.0946996E-02   3.3730311E-02
   1.4492754E-01   2.9560824E+06   1.4251512E+06   4.3807789E+06   3.5442100E-02   3.2168516E-02   3.4380791E-02
   1.5942029E-01   2.9701211E+06   1.4252338E+06   4.3953550E+06   3.4436644E-02   3.2897609E-02   3.3937526E-02
   1.7391304E-01   2.8954382E+06   1.3902574E+06   4.2856324E+06   3.0926657E-02   2.9390779E-02   3.0428851E-02
   1.8840580E-01   2.8284562E+06   1.3307605E+06   4.1591584E+06   2.7196907E-02   2.4824631E-02   2.6428937E-02
   2.0289855E-01   2.6925091E+06   1.2804667E+06   3.9729758E+06   2.3378731E-02   2.1595172E-02   2.2795949E-02
   2.1739130E-01   2.5794872E+06   1.2265736E+06   3.8060103E+06   2.0464576E-02   1.8460668E-02   1.9818024E-02
   2.3188406E-01   2.4180798E+06   1.1393045E+06   3.5573369E+06   1.5935103E-02   1.4411637E-02   1.5446830E-02
   2.4637681E-01   2.2509683E+06   1.0637286E+06   3.3146077E+06   1.3741016E-02   1.2693905E-02   1.3403613E-02
   2.6086957E-01   2.1147168E+06   9.9364537E+05   3.1083622E+06   9.6675071E-03   1.0634328E-02   9.9765027E-03
   2.7536232E-01   1.9533654E+06   9.1646258E+05   2.8697482E+06   8.1283238E-03   8.2082511E-03   8.1491637E-03
   2.8985507E-01   1.8049667E+06   8.4843777E+05   2.6533287E+06   7.3543982E-03   5.0413803E-03   6.6045954E-03
   3.0434783E-01   1.6793249E+06   7.8992245E+05   2.4692474E+06   5.6637253E-03   4.9994624E-03   5.4510741E-03
   3.1884058E-01   1.5706504E+06   7.3183587E+05   2.3024862E+06   5.3347035E-03   3.7006275E-03   4.8136590E-03
   3.3333333E-01   1.4569300E+06   6.6255837E+05   2.1194554E+06   3.6447769E-03   4.4945892E-03   3.9092228E-03
   3.4782609E-01   1.3509814E+06   6.1900773E+05   1.9699575E+06   3.0571500E-03   4.4622207E-03   3.4954420E-03
   3.6231884E-01   1.2755133E+06   5.8318446E+05   1.8586372E+06   1.6330916E-03   2.6052781E-03   1.9101400E-03
   3.7681159E-01   1.1900546E+06   5.4248118E+05   1.7325066E+06   2.0737676E-03   1.7462236E-03   1.9465853E-03
   3.9130435E-01   1.1133116E+06   5.0891841E+05   1.6222581E+06   2.7482108E-03   2.5280999E-03   2.6503251E-03
   4.0579710E-01   1.0621303E+06   4.7805066E+05   1.5401539E+06   2.1925692E-03   3.8218884E-04   1.6110302E-03
   4.2028986E-01   1.0120227E+06   4.4648981E+05   1.4584863E+06   1.9098667E-03   2.3989729E-03   2.0629888E-03
   4.3478261E-01   9.5482400E+05   4.2847484E+05   1.3832736E+06   6.4085557E-04   1.1273891E-03   6.8220076E-04
   4.4927536E-01   9.2331437E+05   4.0470472E+05   1.3280191E+06   1.2510542E-03   2.2736664E-03   1.0129547E-03
   4.6376812E-01   8.8051371E+05   3.9319430E+05   1.2737080E+06   1.5180480E-03   1.8444753E-03   1.4302353E-03
   4.7826087E-01   8.4758589E+05   3.7363307E+05   1.2212190E+06   1.0286434E-03   8.7809247E-04   6.9267959E-04
   4.9275362E-01   8.2214430E+05   3.5101038E+05   1.1731101E+06   7.5783732E-04   5.4530890E-04   5.6571689E-04
   5.0724638E-01   7.8915028E+05   3.3851345E+05   1.1276637E+06   1.1365393E-03   4.6000451E-04   8.8924775E-04
   5.2173913E-01   7.5485308E+05   3.2963651E+05   1.0844685E+06   5.5715604E-04   8.9969594E-04   5.0695804E-04
   5.3623188E-01   7.2820543E+05   3.1673393E+05   1.0448779E+06   1.5898367E-03   1.6605046E-03   1.6025814E-03
   5.5072464E-01   7.1049778E+05   3.0658425E+05   1.0170621E+06   1.0058769E-03   1.8562826E-03   1.2394349E-03
   5.6521739E-01   6.8942381E+05   2.9810138E+05   9.8752519E+05   1.3649870E-03   1.2444968E-03   1.0386411E-03
   5.7971014E-01   6.6868368E+05   2.8530680E+05   9.5399049E+05   1.9061519E-03   1.1880339E-03   1.2996943E-03
   5.9420290E-01   6.4318908E+05   2.7550197E+05   9.1869104E+05   1.3322825E-03   5.1996546E-04   9.8059617E-04
   6.0869565E-01   6.2428482E+05   2.6432381E+05   8.8860863E+05   8.7522729E-04   6.4845645E-04   4.2651388E-04
   6.2318841E-01   6.0798677E+05   2.5151571E+05   8.5946724E+05   2.0168344E-03   1.3502837E-03   1.7284512E-03
   6.3768116E-01   5.8815866E+05   2.4914038E+05   8.3728181E+05   1.0844684E-03   3.4938903E-04   6.7586714E-04
   6.5217391E-01   5.7207436E+05   2.4025304E+05   8.1232740E+05   1.8826924E-03   1.1846726E-03   1.5856706E-03
   6.6666667E-01   5.5408671E+05   2.2956127E+05   7.8363151E+05   1.2949199E-03   1.2559120E-03   1.2831697E-03
   6.8115942E-01   5.4216866E+05   2.2459638E+05   7.6676504E+05   1.8778511E-03   5.7391768E-04   1.4891632E-03
   6.9565217E-01   5.1994944E+05   2.1795980E+05   7.3789345E+05   1.7613196E-03   2.9642961E-03   2.0618491E-03
   7.1014493E-01   5.0408046E+05   2.0967657E+05   7.1374156E+05   1.5403396E-03   1.9020168E-03   1.3768240E-03
   7.2463768E-01   4.9619629E+05   2.0192167E+05   6.9808765E+05   1.1184983E-03   1.4213349E-03   1.1602471E-03
   7.3913043E-01   4.7467003E+05   1.9326743E+05   6.6792260E+05   2.3801203E-03   8.9794185E-04   1.7885479E-03
   7.5362319E-01   4.5649264E+05   1.8663637E+05   6.4312901E+05   1.0202072E-03   2.2360044E-03   1.3403891E-03
   7.6811594E-01   4.3864376E+05   1.8471619E+05   6.2334565E+05   1.5478511E-03   3.1395229E-03   1.9313421E-03
   7.8260870E-01   4.2308368E+05   1.7258155E+05   5.9566523E+05   1.7382826E-03   1.6246648E-03   1.4768158E-03
   7.9710145E-01   4.0158667E+05   1.6525548E+05   5.6684215E+05   2.2919645E-03   5.1987942E-04   1.7653311E-03
   8.1159420E-01   3.8620215E+05   1.5820459E+05   5.4437968E+05   2.7178164E-03   1.9137571E-03   2.4532238E-03
   8.2608696E-01   3.6598682E+05   1.4773207E+05   5.1371888E+05   2.8731288E-03   2.7219774E-03   2.8243387E-03
   8.4057971E-01   3.4535809E+05   1.4374787E+05   4.8910597E+05   1.3748502E-03   2.3645439E-03   1.5612699E-03
   8.5507246E-01   3.2424709E+05   1.3212873E+05   4.5637581E+05   2.5940985E-03   3.2733331E-03   2.6543826E-03
   8.6956522E-01   3.0120033E+05   1.2101055E+05   4.2218562E+05   3.4256595E-03   4.0242940E-03   3.5966977E-03
   8.8405797E-01   2.7769186E+05   1.1233136E+05   3.9002322E+05   4.4391068E-03   4.4471167E-03   4.4293275E-03
   8.9855072E-01   2.4576334E+05   1.0071787E+05   3.4648121E+05   4.1253542E-03   2.9148901E-03   3.7635445E-03
   9.1304348E-01   2.1718177E+05   8.7668932E+04   3.0485070E+05   5.6652895E-03   5.0966250E-03   5.4785100E-03
   9.2753623E-01   1.8485223E+05   7.5856546E+04   2.6072062E+05   5.6395372E-03   5.0423891E-03   5.3666154E-03
   9.4202899E-01   1.5378557E+05   6.3206897E+04   2.1699247E+05   5.5927363E-03   6.3675250E-03   5.8180305E-03
   9.5652174E-01   1.2271890E+05   4.8747727E+04   1.7146663E+05   8.7783582E-03   7.5057786E-03   8.4163032E-03
   9.7101449E-01   9.4117682E+04   3.8260048E+04   1.3237773E+05   1.5566667E-02   1.1948503E-02   1.4496690E-02
   9.8550725E-01   6.4730771E+04   2.6153059E+04   9.0883829E+04   2.2224616E-02   1.6885193E-02   2.0670489E-02
   1.0000000E+00   3.9303829E+04   1.7419737E+04   5.6723566E+04   3.1996402E-02   2.9012101E-02   3.1079927E-02
