   0.0000000E+00   3.3215988E+10   1.6776478E+10   4.9974280E+10   2.3462451E-07   3.9347375E-07   2.2544972E-07
   1.4492754E-02   1.3033071E+06   6.2589050E+05   1.9291976E+06   1.3875981E-04   2.8675327E-03   8.8135047E-04
   2.8985507E-02   1.3146731E+06   6.3839316E+05   1.9530663E+06   2.1055203E-03   2.5175588E-03   1.7035291E-03
   4.3478261E-02   1.2886575E+06   6.5165355E+05   1.9403111E+06   3.2356212E-03   2.1720476E-03   2.4633920E-03
   5.7971014E-02   1.3042543E+06   6.4218184E+05   1.9464361E+06   1.3165614E-03   2.8409329E-03   5.1801855E-04
   7.2463768E-02   1.3049741E+06   6.3286168E+05   1.9378358E+06   1.9563844E-03   1.9229381E-03   1.7860552E-03
   8.6956522E-02   1.3540755E+06   6.6541910E+05   2.0193683E+06   1.7351562E-03   1.9725418E-03   1.7702066E-03
   1.0144928E-01   1.3661992E+06   6.5944741E+05   2.0256467E+06   1.1541500E-03   1.3260900E-03   1.2058680E-03
   1.1594203E-01   1.3769970E+06   6.6955508E+05   2.0465521E+06   2.0141829E-03   4.2296067E-04   1.2917363E-03
   1.3043478E-01   1.3714192E+06   6.7590112E+05   2.0473203E+06   1.5821858E-03   1.7696878E-03   1.1061963E-03
   1.4492754E-01   1.3740797E+06   6.7544648E+05   2.0495262E+06   1.7581981E-03   2.6838690E-03   2.0630051E-03
   1.5942029E-01   1.3859693E+06   6.6873707E+05   2.0547063E+06   2.2902958E-03   1.0048939E-03   1.7987588E-03
   1.7391304E-01   1.3965087E+06   6.8966667E+05   2.0861754E+06   3.6262661E-04   1.8750318E-03   8.5484252E-04
   1.8840580E-01   1.3777984E+06   6.7858234E+05   2.0563808E+06   2.7980753E-04   1.0050947E-03   5.1870449E-04
   2.0289855E-01   1.3554286E+06   6.7400678E+05   2.0293812E+06   7.1963739E-04   4.0298169E-04   6.1362551E-04
   2.1739130E-01   1.3373547E+06   6.5599791E+05   1.9933021E+06   8.0474042E-04   7.0803411E-04   5.7779476E-04
   2.3188406E-01   1.3071431E+06   6.4601788E+05   1.9531610E+06   9.1092831E-04   6.7329941E-04   4.6970999E-04
   2.4637681E-01   1.2885981E+06   6.3418103E+05   1.9227791E+06   1.1092160E-03   4.5294706E-04   7.7706403E-04
   2.6086957E-01   1.2436143E+06   6.0741015E+05   1.8510244E+06   9.4032394E-04   6.3797527E-04   8.3881752E-04
   2.7536232E-01   1.2003347E+06   5.8860188E+05   1.7889365E+06   8.5740896E-04   3.5338316E-04   6.2186719E-04
   2.8985507E-01   1.1347486E+06   5.5754265E+05   1.6922912E+06   5.2332931E-04   7.6188597E-04   5.3895802E-04
   3.0434783E-01   1.0942439E+06   5.4196214E+05   1.6362061E+06   4.0256804E-04   7.4300784E-04   5.1485558E-04
   3.1884058E-01   1.0510497E+06   5.0913017E+05   1.5601798E+06   4.6200216E-04   6.4766243E-04   3.8579504E-04
   3.3333333E-01   1.0005748E+06   4.8837777E+05   1.4889526E+06   6.5475371E-04   5.3795851E-04   2.8921233E-04
   3.4782609E-01   9.5970508E+05   4.6581863E+05   1.4255237E+06   4.5549951E-04   1.8938471E-04   3.6332286E-04
   3.6231884E-01   9.1195125E+05   4.4266977E+05   1.3546513E+06   3.4765042E-04   3.4250562E-04   3.4066180E-04
   3.7681159E-01   8.6425698E+05   4.1541457E+05   1.2796715E+06   3.3428511E-04   2.8782502E-04   2.4261142E-04
   3.9130435E-01   8.2416493E+05   4.0718524E+05   1.2313502E+06   3.0213163E-04   4.4895548E-04   2.4852403E-04
   4.0579710E-01   7.7538112E+05   3.8244053E+05   1.1577946E+06   1.7262788E-04   8.5751037E-04   3.9142380E-04
   4.2028986E-01   7.4239905E+05   3.6049976E+05   1.1028988E+06   4.3212160E-04   2.8002659E-04   2.0192113E-04
   4.3478261E-01   7.0638739E+05   3.4297688E+05   1.0493390E+06   5.9449027E-04   4.6081608E-04   5.4556282E-04
   4.4927536E-01   6.6135747E+05   3.2313803E+05   9.8447105E+05   1.4138134E-04   1.1526091E-03   2.8881966E-04
   4.6376812E-01   6.3405985E+05   3.0496534E+05   9.3900151E+05   5.5062923E-04   7.9300968E-04   4.7605698E-04
   4.7826087E-01   5.9732612E+05   2.8842214E+05   8.8577122E+05   3.6730527E-04   1.0025771E-04   2.4554681E-04
   4.9275362E-01   5.6819108E+05   2.7229491E+05   8.4048599E+05   3.0965037E-04   4.0112129E-04   3.3635329E-04
   5.0724638E-01   5.2900845E+05   2.5892945E+05   7.8795955E+05   7.8788372E-04   3.4416432E-04   4.2287270E-04
   5.2173913E-01   4.9776986E+05   2.4121284E+05   7.3896165E+05   8.9551625E-04   5.5195171E-04   4.7103802E-04
   5.3623188E-01   4.6709347E+05   2.2676806E+05   6.9388201E+05   2.4181595E-04   1.1810662E-03   3.5975642E-04
   5.5072464E-01   4.3296675E+05   2.0897580E+05   6.4194255E+05   3.2038573E-04   6.1222927E-04   2.0995931E-04
   5.6521739E-01   4.0943039E+05   1.9759441E+05   6.0702480E+05   5.6193814E-04   2.5733955E-03   1.2037776E-03
   5.7971014E-01   3.7238969E+05   1.7992458E+05   5.5227638E+05   7.8237139E-04   9.7548033E-04   6.1522565E-04
   5.9420290E-01   3.4343953E+05   1.6607370E+05   5.0951324E+05   1.1861454E-03   1.5681171E-03   1.0422387E-03
   6.0869565E-01   3.2010767E+05   1.5327931E+05   4.7336893E+05   7.5847026E-04   1.1426630E-03   8.3716471E-04
   6.2318841E-01   2.9246874E+05   1.4194346E+05   4.3441220E+05   9.2100190E-04   2.3290469E-03   1.2554801E-03
   6.3768116E-01   2.6889320E+05   1.3157064E+05   4.0046384E+05   1.9423488E-03   2.7960970E-03   1.5547100E-03
   6.5217391E-01   2.5635074E+05   1.2154096E+05   3.7789170E+05   2.0515974E-03   2.1987155E-03   1.9966736E-03
   6.6666667E-01   2.3137325E+05   1.1034952E+05   3.4172277E+05   2.4403794E-03   3.8074130E-03   2.8621322E-03
   6.8115942E-01   2.1326257E+05   1.0501908E+05   3.1828165E+05   1.2199320E-03   1.0471058E-03   1.0481780E-03
   6.9565217E-01   2.0114752E+05   9.2775385E+04   2.9392290E+05   1.3681543E-03   7.7668829E-04   1.1392838E-03
   7.1014493E-01   1.8440837E+05   8.8160344E+04   2.7256871E+05   1.1589944E-03   1.5988885E-03   1.1729881E-03
   7.2463768E-01   1.7432490E+05   8.3684439E+04   2.5800934E+05   9.6147305E-04   1.5638205E-03   9.8710344E-04
   7.3913043E-01   1.6396828E+05   7.9666355E+04   2.4363463E+05   2.1753147E-03   1.5276376E-03   1.9223308E-03
   7.5362319E-01   1.5535059E+05   7.1358395E+04   2.2670899E+05   1.9565701E-03   1.0071639E-03   1.3641258E-03
   7.6811594E-01   1.4428450E+05   6.8024739E+04   2.1230924E+05   3.1922178E-03   4.5883788E-03   3.4071807E-03
   7.8260870E-01   1.3557874E+05   6.4197136E+04   1.9977587E+05   1.8169971E-03   2.5573417E-03   1.9255629E-03
   7.9710145E-01   1.2926988E+05   6.0067854E+04   1.8933773E+05   3.0913345E-03   3.1495909E-03   2.9768386E-03
   8.1159420E-01   1.2030423E+05   5.5964267E+04   1.7626850E+05   3.2107288E-03   2.0517487E-03   2.4763616E-03
   8.2608696E-01   1.1342122E+05   5.4756446E+04   1.6817766E+05   4.9970192E-03   8.9656513E-03   5.9505809E-03
   8.4057971E-01   1.0771619E+05   4.9239820E+04   1.5695601E+05   4.4585573E-03   4.8906949E-03   4.4605250E-03
   8.5507246E-01   1.0023957E+05   4.6658600E+04   1.4689817E+05   4.5598142E-03   6.1831062E-03   4.6591685E-03
   8.6956522E-01   9.3125838E+04   4.3279394E+04   1.3640523E+05   6.6426556E-03   4.7660775E-03   5.9589066E-03
   8.8405797E-01   8.5810574E+04   4.0408483E+04   1.2621906E+05   3.8250500E-03   6.8045536E-03   4.0917594E-03
   8.9855072E-01   7.6665842E+04   3.7361307E+04   1.1402715E+05   5.6773196E-03   6.0882127E-03   5.8029507E-03
   9.1304348E-01   7.2201481E+04   3.4928053E+04   1.0712953E+05   9.2153766E-03   4.3048540E-03   7.4761317E-03
   9.2753623E-01   6.5200874E+04   3.1742063E+04   9.6942937E+04   4.7054183E-03   1.0793053E-02   6.4462880E-03
   9.4202899E-01   5.9919485E+04   2.7383438E+04   8.7302923E+04   7.2326375E-03   7.1724275E-03   6.9982292E-03
   9.5652174E-01   5.0113949E+04   2.2341751E+04   7.2455700E+04   8.4775780E-03   1.3316412E-02   9.7520637E-03
   9.7101449E-01   3.8678499E+04   1.8434489E+04   5.7112989E+04   1.2079427E-02   8.2944979E-03   1.0844598E-02
   9.8550725E-01   2.4281003E+04   1.1499768E+04   3.5780772E+04   1.8582796E-02   2.3609878E-02   2.0190712E-02
   1.0000000E+00   1.0766973E+04   5.4053707E+03   1.6172344E+04   4.4866114E-02   7.0990803E-02   5.3258371E-02
