   0.0000000E+00   3.7749738E+10   1.8943472E+10   5.6605907E+10   4.3628537E-07   4.0221304E-07   2.8345937E-07
   1.4492754E-02   7.6379858E+05   3.8493024E+05   1.1487288E+06   3.5406814E-03   7.4223017E-03   2.4544951E-03
   2.8985507E-02   7.6493518E+05   3.8568797E+05   1.1506232E+06   3.8825431E-03   1.2088473E-02   6.4691228E-03
   4.3478261E-02   7.7769042E+05   3.8215187E+05   1.1598423E+06   2.9306586E-03   3.6983987E-03   2.5046489E-03
   5.7971014E-02   8.0661070E+05   4.0368422E+05   1.2102949E+06   2.4168419E-03   8.4416082E-03   4.4114428E-03
   7.2463768E-02   7.6061608E+05   3.8614261E+05   1.1467587E+06   4.7458707E-03   3.4402672E-03   3.5115937E-03
   8.6956522E-02   7.7238626E+05   3.7848947E+05   1.1508757E+06   6.7276006E-03   1.0570230E-02   7.4535049E-03
   1.0144928E-01   7.6109238E+05   3.8514673E+05   1.1462391E+06   1.0147752E-02   1.1360294E-02   9.6674310E-03
   1.1594203E-01   7.6664009E+05   3.6617625E+05   1.1328163E+06   1.2026963E-02   1.3556566E-02   1.2521045E-02
   1.3043478E-01   7.3382588E+05   3.6640778E+05   1.1002337E+06   1.5427776E-02   1.5881713E-02   1.5453561E-02
   1.4492754E-01   7.2545710E+05   3.6447135E+05   1.0899284E+06   1.4102325E-02   1.4343573E-02   1.4079161E-02
   1.5942029E-01   7.1117032E+05   3.6116486E+05   1.0723352E+06   1.5056642E-02   1.9808040E-02   1.6652340E-02
   1.7391304E-01   6.9920153E+05   3.4495963E+05   1.0441612E+06   1.7625008E-02   1.8957808E-02   1.8060627E-02
   1.8840580E-01   6.9088099E+05   3.4383759E+05   1.0347186E+06   1.9517070E-02   2.1261082E-02   2.0030043E-02
   2.0289855E-01   6.6762014E+05   3.2301232E+05   9.9063247E+05   2.1331416E-02   2.1561102E-02   2.1380697E-02
   2.1739130E-01   6.4781435E+05   3.1531949E+05   9.6313384E+05   2.2196848E-02   2.3073675E-02   2.2434768E-02
   2.3188406E-01   6.1509275E+05   3.0958279E+05   9.2467555E+05   2.1427788E-02   2.4905823E-02   2.2592060E-02
   2.4637681E-01   5.8323438E+05   2.9600761E+05   8.7924199E+05   2.5559195E-02   2.4224678E-02   2.5104953E-02
   2.6086957E-01   5.6830251E+05   2.8032048E+05   8.4858089E+05   2.2858959E-02   2.3142394E-02   2.2899906E-02
   2.7536232E-01   5.3536091E+05   2.6229654E+05   7.9765744E+05   2.5132098E-02   2.2107976E-02   2.4080215E-02
   2.8985507E-01   5.0931271E+05   2.4993945E+05   7.5925216E+05   2.3572006E-02   2.2865673E-02   2.3278666E-02
   3.0434783E-01   4.7437925E+05   2.3641385E+05   7.1075701E+05   2.7255552E-02   2.3903935E-02   2.6117363E-02
   3.1884058E-01   4.3883287E+05   2.1864148E+05   6.5747434E+05   2.7090642E-02   2.3044829E-02   2.5724961E-02
   3.3333333E-01   4.0858480E+05   2.0949772E+05   6.1808252E+05   2.5636783E-02   2.9346246E-02   2.6860606E-02
   3.4782609E-01   3.8644571E+05   1.8915002E+05   5.7559573E+05   2.8085534E-02   2.4345111E-02   2.6835280E-02
   3.6231884E-01   3.6192535E+05   1.7885617E+05   5.4078152E+05   2.9235819E-02   3.0966767E-02   2.9785788E-02
   3.7681159E-01   3.2786683E+05   1.6518660E+05   4.9302429E+05   3.2176169E-02   3.0231423E-02   3.1368440E-02
   3.9130435E-01   3.0859528E+05   1.5059315E+05   4.5918843E+05   3.0366701E-02   3.4818296E-02   3.1818940E-02
   4.0579710E-01   2.8434069E+05   1.3858463E+05   4.2292532E+05   3.2144562E-02   3.0025743E-02   3.1443188E-02
   4.2028986E-01   2.5849272E+05   1.3051361E+05   3.8900634E+05   3.3131233E-02   3.1988766E-02   3.2741524E-02
   4.3478261E-01   2.4300615E+05   1.1666619E+05   3.5967235E+05   3.4032544E-02   3.4829943E-02   3.4279787E-02
   4.4927536E-01   2.1690824E+05   1.0740306E+05   3.2431130E+05   3.3730012E-02   3.4843444E-02   3.4060691E-02
   4.6376812E-01   2.0151060E+05   9.8103221E+04   2.9961382E+05   3.5141702E-02   3.3559186E-02   3.4579995E-02
   4.7826087E-01   1.8332635E+05   8.8058187E+04   2.7138454E+05   3.1552562E-02   3.6322135E-02   3.3083192E-02
   4.9275362E-01   1.6373798E+05   8.1790989E+04   2.4552897E+05   3.7952758E-02   3.1436472E-02   3.5760536E-02
   5.0724638E-01   1.5330096E+05   7.5600471E+04   2.2890143E+05   3.7921250E-02   3.0106077E-02   3.5327763E-02
   5.2173913E-01   1.3540334E+05   6.9438148E+04   2.0484148E+05   3.4545205E-02   3.8459947E-02   3.5849559E-02
   5.3623188E-01   1.2340868E+05   6.3465567E+04   1.8687425E+05   3.7262868E-02   3.0534875E-02   3.4949210E-02
   5.5072464E-01   1.1467747E+05   5.7209120E+04   1.7188658E+05   3.1936341E-02   3.4426893E-02   3.2597316E-02
   5.6521739E-01   1.0396536E+05   4.9660897E+04   1.5362626E+05   3.3445557E-02   3.6655218E-02   3.4472581E-02
   5.7971014E-01   9.5361162E+04   4.7737411E+04   1.4309857E+05   3.2989054E-02   3.0891491E-02   3.2289195E-02
   5.9420290E-01   8.8451897E+04   4.2248440E+04   1.3070034E+05   3.3106884E-02   3.0083540E-02   3.2128167E-02
   6.0869565E-01   8.1186073E+04   3.9005398E+04   1.2019147E+05   3.0409368E-02   3.2400513E-02   3.1055538E-02
   6.2318841E-01   7.3447593E+04   3.6283252E+04   1.0973084E+05   2.7522181E-02   2.5469961E-02   2.6835344E-02
   6.3768116E-01   6.9453456E+04   3.2995988E+04   1.0244944E+05   2.7894197E-02   2.9414161E-02   2.8381910E-02
   6.5217391E-01   6.2824790E+04   3.1016688E+04   9.3841479E+04   2.8297958E-02   2.9764187E-02   2.8401889E-02
   6.6666667E-01   5.8724593E+04   2.9551731E+04   8.8276324E+04   3.1047717E-02   2.7937495E-02   2.9935536E-02
   6.8115942E-01   5.3089934E+04   2.6069366E+04   7.9159300E+04   2.6109629E-02   2.8913602E-02   2.7023946E-02
   6.9565217E-01   4.8984519E+04   2.3821347E+04   7.2805866E+04   3.0742080E-02   3.3911791E-02   3.1742817E-02
   7.1014493E-01   4.4165224E+04   2.1866116E+04   6.6031340E+04   2.5924289E-02   2.6703558E-02   2.6133502E-02
   7.2463768E-01   4.2130160E+04   2.0140641E+04   6.2270801E+04   2.5997991E-02   2.7699926E-02   2.6545839E-02
   7.3913043E-01   3.8525710E+04   1.9285141E+04   5.7810852E+04   3.1078366E-02   3.1150840E-02   3.1099473E-02
   7.5362319E-01   3.7872262E+04   1.7923387E+04   5.5795649E+04   2.2666270E-02   2.6622293E-02   2.3887512E-02
   7.6811594E-01   3.2010801E+04   1.6999036E+04   4.9009837E+04   2.5087230E-02   2.9429589E-02   2.6546480E-02
   7.8260870E-01   3.2231873E+04   1.4817962E+04   4.7049835E+04   2.4124774E-02   2.2484802E-02   2.3603002E-02
   7.9710145E-01   2.8849102E+04   1.3983686E+04   4.2832788E+04   3.4037722E-02   2.1167149E-02   2.9830765E-02
   8.1159420E-01   2.5438303E+04   1.2800338E+04   3.8238641E+04   2.2864192E-02   2.4005878E-02   2.3133593E-02
   8.2608696E-01   2.4407097E+04   1.1538867E+04   3.5945965E+04   2.6423858E-02   4.0303250E-02   3.0855370E-02
   8.4057971E-01   2.1164369E+04   1.0738958E+04   3.1903327E+04   2.6519192E-02   2.9830222E-02   2.7605358E-02
   8.5507246E-01   1.9071847E+04   1.0659686E+04   2.9731533E+04   3.1254436E-02   2.4935596E-02   2.8982012E-02
   8.6956522E-01   1.8236196E+04   9.0296955E+03   2.7265892E+04   2.4068260E-02   3.7867665E-02   2.8436185E-02
   8.8405797E-01   1.5949736E+04   7.8879147E+03   2.3837651E+04   3.7471965E-02   3.3315309E-02   3.6079934E-02
   8.9855072E-01   1.5179177E+04   6.7340792E+03   2.1913256E+04   3.9634672E-02   3.6491222E-02   3.8466743E-02
   9.1304348E-01   1.3771564E+04   7.1082918E+03   2.0879855E+04   4.7058594E-02   3.2991250E-02   4.2238579E-02
   9.2753623E-01   1.2455297E+04   5.9790160E+03   1.8434313E+04   4.6877423E-02   3.9848674E-02   4.4251376E-02
   9.4202899E-01   1.1237818E+04   5.3974167E+03   1.6635235E+04   5.2751551E-02   4.3491525E-02   4.9632834E-02
   9.5652174E-01   9.4487468E+03   4.9138076E+03   1.4362554E+04   6.6136670E-02   4.8460349E-02   6.0005479E-02
   9.7101449E-01   9.0023642E+03   3.9017784E+03   1.2904143E+04   6.1744819E-02   7.4620844E-02   6.5636608E-02
   9.8550725E-01   6.5410505E+03   3.4321015E+03   9.9731519E+03   6.7602597E-02   7.1623242E-02   6.8915063E-02
   1.0000000E+00   4.8801525E+03   2.3634819E+03   7.2436344E+03   5.7645380E-02   7.1592548E-02   6.2196069E-02
