   0.0000000E+00   3.2612987E+06   1.4912258E+06   4.7525245E+06   1.5471657E-03   8.0191215E-03   3.3346787E-03
   1.4492754E-02   3.1696125E+06   1.6442886E+06   4.8139012E+06   4.2501925E-04   1.1571971E-03   2.4646458E-04
   2.8985507E-02   3.1586254E+06   1.5878372E+06   4.7464626E+06   4.1144357E-04   1.4518689E-03   7.3969970E-04
   4.3478261E-02   3.1562259E+06   1.5735665E+06   4.7297924E+06   3.6907998E-04   9.1427566E-04   2.1220382E-04
   5.7971014E-02   3.1457438E+06   1.5984455E+06   4.7441894E+06   1.7673845E-04   2.4342508E-04   3.8033041E-05
   7.2463768E-02   3.1927993E+06   1.5820026E+06   4.7748019E+06   1.2201102E-04   2.4707679E-04   1.6090079E-04
   8.6956522E-02   3.1979014E+06   1.6200410E+06   4.8179424E+06   5.3492972E-04   9.2606613E-04   3.4974027E-04
   1.0144928E-01   3.2008962E+06   1.6089997E+06   4.8098960E+06   6.4598251E-04   4.6848743E-04   5.5809043E-04
   1.1594203E-01   3.2505957E+06   1.6267659E+06   4.8773616E+06   1.3203256E-04   3.7146968E-04   4.0999739E-05
   1.3043478E-01   3.2824311E+06   1.6410893E+06   4.9235204E+06   5.4856737E-04   6.8433401E-04   5.6922391E-04
   1.4492754E-01   3.2849401E+06   1.6652021E+06   4.9501422E+06   7.6486352E-04   3.2816561E-04   5.0101799E-04
   1.5942029E-01   3.3271529E+06   1.6838287E+06   5.0108438E+06   1.3649205E-04   5.8609991E-04   2.8754542E-04
   1.7391304E-01   3.3648560E+06   1.6938572E+06   5.0587132E+06   7.7635476E-04   3.3097841E-04   6.2721165E-04
   1.8840580E-01   3.4281173E+06   1.7002445E+06   5.1282453E+06   5.3760802E-04   6.8230846E-04   1.6403466E-04
   2.0289855E-01   3.4408823E+06   1.7308871E+06   5.1716070E+06   3.6162974E-04   2.3104056E-04   2.3032083E-04
   2.1739130E-01   3.5032188E+06   1.7621419E+06   5.2653102E+06   3.4020083E-04   5.2495522E-04   3.7425546E-04
   2.3188406E-01   3.5128673E+06   1.7708780E+06   5.2836979E+06   6.3865187E-04   2.3790547E-04   4.9543330E-04
   2.4637681E-01   3.5384520E+06   1.7806812E+06   5.3189995E+06   7.0050827E-05   4.8809109E-04   1.8568732E-04
   2.6086957E-01   3.5776538E+06   1.8025714E+06   5.3800988E+06   3.0668681E-04   1.4358633E-04   1.8002064E-04
   2.7536232E-01   3.6072653E+06   1.8128252E+06   5.4199310E+06   5.9998158E-04   4.9336659E-04   5.1433611E-04
   2.8985507E-01   3.6212236E+06   1.8253119E+06   5.4463840E+06   1.6753244E-04   5.0805296E-04   2.4231196E-04
   3.0434783E-01   3.6258061E+06   1.8400733E+06   5.4655908E+06   2.4630897E-04   5.9990787E-04   3.1225425E-04
   3.1884058E-01   3.6210514E+06   1.8508063E+06   5.4716510E+06   2.0322903E-04   5.1843681E-04   3.0383754E-04
   3.3333333E-01   3.6543334E+06   1.8467361E+06   5.5011024E+06   9.8821227E-05   1.0681668E-04   3.3340448E-05
   3.4782609E-01   3.6224234E+06   1.8318600E+06   5.4539676E+06   3.2388820E-04   4.2422182E-04   3.5170715E-04
   3.6231884E-01   3.6121308E+06   1.8284186E+06   5.4403978E+06   2.5629375E-04   5.3708163E-04   3.5052593E-04
   3.7681159E-01   3.6212528E+06   1.8122439E+06   5.4334675E+06   2.8548880E-04   3.3808956E-04   2.9255571E-04
   3.9130435E-01   3.5835613E+06   1.7934505E+06   5.3768153E+06   2.5141079E-05   1.9266562E-04   7.4938964E-05
   4.0579710E-01   3.5511600E+06   1.7958630E+06   5.3467254E+06   1.8894852E-04   2.5022320E-04   7.9569742E-05
   4.2028986E-01   3.5200266E+06   1.7720064E+06   5.2917195E+06   3.0032913E-04   3.6605209E-04   2.4884241E-04
   4.3478261E-01   3.4762686E+06   1.7610053E+06   5.2369961E+06   1.1803465E-04   1.3853291E-04   5.4451352E-05
   4.4927536E-01   3.4389268E+06   1.7379791E+06   5.1766615E+06   1.8076421E-04   2.2336756E-04   1.6666365E-04
   4.6376812E-01   3.3643982E+06   1.7052154E+06   5.0695189E+06   1.5619850E-04   4.2683210E-04   2.4804406E-04
   4.7826087E-01   3.3316075E+06   1.6748507E+06   5.0061137E+06   2.6049421E-04   4.8902097E-04   7.4138323E-05
   4.9275362E-01   3.2651097E+06   1.6412799E+06   4.9061890E+06   1.3356872E-04   1.4947859E-04   1.3813699E-04
   5.0724638E-01   3.1945962E+06   1.6181142E+06   4.8124506E+06   1.2188221E-04   3.8453057E-04   1.7409546E-04
   5.2173913E-01   3.1265899E+06   1.5741769E+06   4.7005774E+06   1.4440209E-04   2.8756117E-04   1.6545075E-04
   5.3623188E-01   3.0752231E+06   1.5395366E+06   4.6145550E+06   7.2599263E-05   3.0173194E-04   1.3946613E-04
   5.5072464E-01   2.9813947E+06   1.4992219E+06   4.4803774E+06   1.6698601E-04   1.2928608E-04   1.5450179E-04
   5.6521739E-01   2.9138278E+06   1.4728653E+06   4.3863045E+06   1.4813991E-04   1.2080214E-04   1.3592320E-04
   5.7971014E-01   2.8422703E+06   1.4311562E+06   4.2731613E+06   2.7240561E-04   1.2918270E-04   2.2346102E-04
   5.9420290E-01   2.7641865E+06   1.3845143E+06   4.1484420E+06   2.9480492E-04   1.7097659E-04   2.5319842E-04
   6.0869565E-01   2.6837770E+06   1.3376037E+06   4.0211823E+06   8.2632827E-05   9.5527155E-05   5.5892828E-05
   6.2318841E-01   2.5932921E+06   1.3081178E+06   3.9010752E+06   2.4090840E-04   2.0116728E-04   1.4437145E-04
   6.3768116E-01   2.5040270E+06   1.2577051E+06   3.7614738E+06   2.1223093E-04   5.8185136E-04   3.2929786E-04
   6.5217391E-01   2.4269969E+06   1.2166894E+06   3.6434506E+06   5.2004307E-04   1.2690472E-04   3.4306736E-04
   6.6666667E-01   2.3392485E+06   1.1756944E+06   3.5148110E+06   1.5629531E-04   4.1571521E-04   1.1215924E-04
   6.8115942E-01   2.2578780E+06   1.1293985E+06   3.3870669E+06   3.1680304E-04   4.5194764E-04   2.2750582E-04
   6.9565217E-01   2.1686740E+06   1.0796643E+06   3.2482593E+06   1.7430582E-04   9.0378535E-05   8.9486800E-05
   7.1014493E-01   2.0842707E+06   1.0439292E+06   3.1279989E+06   2.9428431E-04   3.1582779E-04   3.0169965E-04
   7.2463768E-01   2.0021979E+06   9.9590848E+05   2.9979397E+06   2.0276561E-04   5.2786618E-04   2.8981040E-04
   7.3913043E-01   1.9204465E+06   9.5277216E+05   2.8731295E+06   5.9081873E-04   5.9642116E-04   5.7024711E-04
   7.5362319E-01   1.8327902E+06   9.1154266E+05   2.7441871E+06   6.3385238E-04   6.5602367E-04   6.4213218E-04
   7.6811594E-01   1.7459111E+06   8.7514298E+05   2.6209254E+06   2.3416722E-04   6.8703736E-04   3.8732628E-04
   7.8260870E-01   1.6557809E+06   8.2782733E+05   2.4834679E+06   5.0497388E-04   5.9749896E-04   5.3572622E-04
   7.9710145E-01   1.5850336E+06   7.9074645E+05   2.3756698E+06   8.0585943E-04   3.9092920E-04   6.6769687E-04
   8.1159420E-01   1.4857593E+06   7.4201365E+05   2.2276511E+06   7.0823664E-04   4.8271447E-04   6.2904520E-04
   8.2608696E-01   1.4078615E+06   7.0243520E+05   2.1102568E+06   7.4000353E-04   3.0668939E-04   5.6755116E-04
   8.4057971E-01   1.3230997E+06   6.5680093E+05   1.9798353E+06   6.4610847E-04   5.7511779E-04   5.9901762E-04
   8.5507246E-01   1.2334155E+06   6.1347133E+05   1.8468740E+06   5.7343858E-04   1.1123225E-03   7.4282954E-04
   8.6956522E-01   1.1474785E+06   5.7298785E+05   1.7204285E+06   3.1478917E-04   1.0534529E-03   5.2723197E-04
   8.8405797E-01   1.0598500E+06   5.2106198E+05   1.5808375E+06   6.6304736E-04   6.5068463E-04   6.5262478E-04
   8.9855072E-01   9.7453493E+05   4.7909735E+05   1.4535956E+06   1.1817573E-03   1.1636630E-03   1.1283487E-03
   9.1304348E-01   8.8539727E+05   4.3525357E+05   1.3206027E+06   1.0476567E-03   1.2088700E-03   1.1014870E-03
   9.2753623E-01   7.8867365E+05   3.8927538E+05   1.1779135E+06   1.5933014E-03   1.4233081E-03   1.5275434E-03
   9.4202899E-01   6.9386531E+05   3.4214726E+05   1.0359776E+06   2.0129529E-03   1.4342713E-03   1.8124150E-03
   9.5652174E-01   5.8559269E+05   2.9115458E+05   8.7673579E+05   1.8523412E-03   1.3555157E-03   1.6873750E-03
   9.7101449E-01   4.7453543E+05   2.3526028E+05   7.0979570E+05   2.4961116E-03   1.5876543E-03   2.0609816E-03
   9.8550725E-01   3.2960431E+05   1.6155392E+05   4.9115823E+05   2.0027356E-03   2.4070207E-03   2.1285064E-03
   1.0000000E+00   1.6351794E+05   7.8673311E+04   2.4219125E+05   4.9749252E-03   4.1160919E-03   4.6778480E-03
