   0.0000000E+00   3.6856312E+06   1.7397634E+06   5.4253947E+06   3.1845905E-03   3.2504926E-03   1.4856951E-03
   1.4492754E-02   3.7614049E+06   1.6715671E+06   5.4329720E+06   2.3414668E-03   5.3523732E-04   1.7201411E-03
   2.8985507E-02   3.7682245E+06   1.6162523E+06   5.3844769E+06   1.5761596E-03   9.6361813E-04   9.9473349E-04
   4.3478261E-02   3.8066165E+06   1.6571701E+06   5.4637866E+06   3.0400217E-04   7.4162697E-04   1.2019073E-04
   5.7971014E-02   3.8343371E+06   1.6471301E+06   5.4814672E+06   5.5340894E-04   2.0706434E-04   3.3067312E-04
   7.2463768E-02   3.8249032E+06   1.6689908E+06   5.4938941E+06   6.8975667E-04   9.6759153E-05   5.0716816E-04
   8.6956522E-02   3.8280857E+06   1.6821754E+06   5.5101349E+06   8.2477011E-05   6.6208503E-04   2.0257643E-04
   1.0144928E-01   3.8611014E+06   1.6617165E+06   5.5229262E+06   4.3718795E-04   5.3627807E-04   2.5945618E-04
   1.1594203E-01   3.8176668E+06   1.6939204E+06   5.5114925E+06   3.1105336E-04   3.0532856E-04   2.7655697E-04
   1.3043478E-01   3.8275806E+06   1.6931205E+06   5.5205327E+06   6.7577621E-04   2.4902167E-04   5.2990873E-04
   1.4492754E-01   3.7930783E+06   1.7135457E+06   5.5065483E+06   2.8038947E-04   4.0836932E-04   1.8350910E-04
   1.5942029E-01   3.8406917E+06   1.7642865E+06   5.6049783E+06   2.9505806E-04   2.5236214E-04   2.5358264E-04
   1.7391304E-01   3.8222764E+06   1.7580123E+06   5.5803518E+06   3.4928623E-04   3.5866562E-04   1.7560195E-04
   1.8840580E-01   3.8139802E+06   1.7789326E+06   5.5929128E+06   3.7234801E-04   1.6771133E-04   2.6888281E-04
   2.0289855E-01   3.7855442E+06   1.8013025E+06   5.5867926E+06   1.8513517E-04   1.0175309E-04   1.5062635E-04
   2.1739130E-01   3.8154568E+06   1.8110917E+06   5.6263969E+06   1.3234736E-04   2.4209567E-04   8.0381607E-05
   2.3188406E-01   3.7877362E+06   1.8116063E+06   5.5993899E+06   2.3737000E-04   6.4615448E-05   1.6767538E-04
   2.4637681E-01   3.7698737E+06   1.8631408E+06   5.6329254E+06   1.4082038E-04   1.5624008E-04   1.4310290E-04
   2.6086957E-01   3.7532382E+06   1.8500983E+06   5.6035891E+06   4.6024422E-04   2.1846339E-04   3.3219972E-04
   2.7536232E-01   3.7256716E+06   1.8663453E+06   5.5919771E+06   4.3728452E-04   1.2273469E-04   2.7883835E-04
   2.8985507E-01   3.7030213E+06   1.8922958E+06   5.5952413E+06   7.2825553E-04   3.2252726E-04   3.9044380E-04
   3.0434783E-01   3.6773683E+06   1.8808829E+06   5.5579625E+06   3.9575443E-04   9.1238973E-05   2.9293538E-04
   3.1884058E-01   3.6665156E+06   1.8879698E+06   5.5544165E+06   3.6846416E-04   9.8466791E-05   2.4383147E-04
   3.3333333E-01   3.6303494E+06   1.8754642E+06   5.5056818E+06   2.5772386E-04   7.5432116E-05   1.6686972E-04
   3.4782609E-01   3.6062267E+06   1.8731567E+06   5.4792255E+06   1.8339297E-04   4.6182718E-05   1.2818111E-04
   3.6231884E-01   3.5547853E+06   1.8729129E+06   5.4274557E+06   1.2845919E-04   5.7881319E-05   7.0659855E-05
   3.7681159E-01   3.4974211E+06   1.8520250E+06   5.3491547E+06   3.4658540E-04   1.1673414E-04   2.2916807E-04
   3.9130435E-01   3.4770853E+06   1.8451730E+06   5.3222583E+06   1.6055857E-04   2.6035084E-04   1.5825503E-04
   4.0579710E-01   3.4409635E+06   1.8344264E+06   5.2752816E+06   4.0387619E-05   2.4571986E-04   1.1146449E-04
   4.2028986E-01   3.4122189E+06   1.8171832E+06   5.2294021E+06   4.0616091E-04   2.3044774E-04   2.3586571E-04
   4.3478261E-01   3.3479838E+06   1.7886627E+06   5.1365454E+06   1.0348729E-04   6.5333996E-05   7.5161093E-05
   4.4927536E-01   3.3139492E+06   1.7621533E+06   5.0761269E+06   2.4663325E-04   1.2157056E-04   2.0300311E-04
   4.6376812E-01   3.2379036E+06   1.7357853E+06   4.9735468E+06   1.4246921E-04   1.2601094E-04   4.9389253E-05
   4.7826087E-01   3.1890152E+06   1.7017618E+06   4.8907770E+06   2.0196746E-04   5.2547838E-05   1.4018913E-04
   4.9275362E-01   3.1355813E+06   1.6758238E+06   4.8112268E+06   2.7293808E-04   9.7423135E-05   1.4859709E-04
   5.0724638E-01   3.0602603E+06   1.6367978E+06   4.6968633E+06   2.7897119E-04   8.4642050E-05   2.0054508E-04
   5.2173913E-01   3.0227379E+06   1.5961302E+06   4.6188471E+06   1.9472077E-04   1.0434973E-04   1.4848989E-04
   5.3623188E-01   2.9429469E+06   1.5560430E+06   4.4990104E+06   1.7971289E-04   1.1599087E-04   1.3354345E-04
   5.5072464E-01   2.8729188E+06   1.5247457E+06   4.3976445E+06   5.2824531E-05   5.1908523E-05   5.0404051E-05
   5.6521739E-01   2.8077059E+06   1.4766345E+06   4.2842432E+06   1.8793566E-04   8.6286866E-05   9.7203190E-05
   5.7971014E-01   2.7413587E+06   1.4453448E+06   4.1867604E+06   2.7544154E-04   2.2024165E-04   2.1095584E-04
   5.9420290E-01   2.6707816E+06   1.3977839E+06   4.0684916E+06   2.2459728E-04   1.3334715E-04   1.7317661E-04
   6.0869565E-01   2.5773872E+06   1.3524337E+06   3.9297127E+06   3.0907097E-04   2.3634656E-04   2.2619037E-04
   6.2318841E-01   2.5136064E+06   1.2984787E+06   3.8120323E+06   2.9992733E-04   8.4236849E-05   1.6912107E-04
   6.3768116E-01   2.4331786E+06   1.2603744E+06   3.6935014E+06   3.0674116E-04   6.4779114E-05   1.9537676E-04
   6.5217391E-01   2.3591037E+06   1.2192825E+06   3.5783526E+06   2.6590604E-04   1.2897985E-04   1.6477020E-04
   6.6666667E-01   2.2734571E+06   1.1617751E+06   3.4351993E+06   1.5851509E-04   1.2890844E-04   7.3037960E-05
   6.8115942E-01   2.1991131E+06   1.1172263E+06   3.3162749E+06   2.3758905E-04   7.0705331E-05   1.3368510E-04
   6.9565217E-01   2.1200999E+06   1.0808009E+06   3.2007429E+06   2.7803087E-04   1.7073812E-04   2.3988984E-04
   7.1014493E-01   2.0374766E+06   1.0273672E+06   3.0647511E+06   4.7912841E-04   2.3869223E-04   2.8316877E-04
   7.2463768E-01   1.9762076E+06   9.8092045E+05   2.9570523E+06   4.4504325E-04   1.5481159E-04   2.8455782E-04
   7.3913043E-01   1.8832580E+06   9.3957863E+05   2.8228217E+06   1.3276727E-04   1.4941109E-04   1.3814455E-04
   7.5362319E-01   1.7976866E+06   8.9854456E+05   2.6962166E+06   7.6897999E-05   2.4790156E-04   1.2278872E-04
   7.6811594E-01   1.7240797E+06   8.4765000E+05   2.5716296E+06   2.7398167E-04   1.7958528E-04   1.7903805E-04
   7.8260870E-01   1.6335680E+06   8.0088558E+05   2.4343835E+06   4.2204488E-04   8.3826308E-05   2.7502440E-04
   7.9710145E-01   1.5581959E+06   7.5631765E+05   2.3145136E+06   2.2084373E-04   1.8961880E-04   1.0282776E-04
   8.1159420E-01   1.4830260E+06   7.0924154E+05   2.1921864E+06   6.7409739E-04   9.6755878E-05   4.2333758E-04
   8.2608696E-01   1.3980242E+06   6.6791165E+05   2.0659491E+06   3.2488134E-04   1.8493379E-04   2.1435823E-04
   8.4057971E-01   1.3304027E+06   6.2927419E+05   1.9596377E+06   2.5708247E-04   1.9220293E-04   2.3529872E-04
   8.5507246E-01   1.2481978E+06   5.7521204E+05   1.8233713E+06   7.6357010E-05   3.0429721E-04   4.3906707E-05
   8.6956522E-01   1.1666998E+06   5.3873815E+05   1.7054380E+06   3.3479679E-04   1.1999923E-04   2.1219462E-04
   8.8405797E-01   1.0869298E+06   4.9389526E+05   1.5808126E+06   5.4162123E-04   1.5274071E-04   3.4558061E-04
   8.9855072E-01   1.0040011E+06   4.5076778E+05   1.4547444E+06   4.4770338E-04   5.5695174E-05   3.0798678E-04
   9.1304348E-01   9.2583395E+05   4.0146814E+05   1.3273141E+06   3.0223827E-04   2.5613333E-04   2.0634181E-04
   9.2753623E-01   8.3963144E+05   3.6225733E+05   1.2018769E+06   4.4952643E-04   4.0984270E-04   3.7590386E-04
   9.4202899E-01   7.4387593E+05   3.0878353E+05   1.0526478E+06   1.4381409E-03   5.1571806E-04   9.6262351E-04
   9.5652174E-01   6.4393841E+05   2.6187839E+05   9.0579384E+05   1.0429077E-04   6.2142351E-04   1.5947647E-04
   9.7101449E-01   5.2421807E+05   2.0508652E+05   7.2931590E+05   1.1095690E-03   3.0891064E-04   8.1808927E-04
   9.8550725E-01   3.5955720E+05   1.3928983E+05   4.9884703E+05   3.7174433E-04   3.9252766E-04   3.2573140E-04
   1.0000000E+00   1.8956000E+05   7.1123299E+04   2.6068330E+05   5.2822602E-03   9.4648815E-04   4.0481125E-03
