   0.0000000E+00   3.1461227E+06   1.5639685E+06   4.7100912E+06   2.0002762E-03   4.5479163E-03   2.8168908E-03
   1.4492754E-02   3.1665816E+06   1.4791020E+06   4.6456836E+06   6.7271882E-04   2.7911956E-03   1.2454896E-03
   2.8985507E-02   3.1336201E+06   1.5609376E+06   4.6945576E+06   1.6138033E-03   6.7252183E-04   1.1758595E-03
   4.3478261E-02   3.0988905E+06   1.5589169E+06   4.6578074E+06   8.4017240E-04   7.1616242E-04   4.8252689E-04
   5.7971014E-02   3.1108880E+06   1.5700304E+06   4.6809184E+06   1.1337063E-04   7.3985562E-04   1.7461699E-04
   7.2463768E-02   3.1462743E+06   1.5418426E+06   4.6881169E+06   2.4128799E-04   6.7340030E-04   3.8336704E-04
   8.6956522E-02   3.1640558E+06   1.5923836E+06   4.7564395E+06   2.2893406E-04   1.3704855E-03   5.3554014E-04
   1.0144928E-01   3.1564063E+06   1.5990409E+06   4.7554472E+06   2.0770473E-04   2.0262598E-04   1.8559530E-04
   1.1594203E-01   3.1837254E+06   1.6116112E+06   4.7952419E+06   4.5276814E-04   7.4404920E-04   2.1178923E-04
   1.3043478E-01   3.2702231E+06   1.6209672E+06   4.8909377E+06   4.0881733E-04   4.7627451E-04   4.3118477E-04
   1.4492754E-01   3.3082026E+06   1.6408788E+06   4.9490814E+06   5.4381445E-04   6.8640257E-04   5.8492432E-04
   1.5942029E-01   3.3498161E+06   1.6716360E+06   5.0214521E+06   3.3808150E-04   4.5558244E-04   1.3827940E-04
   1.7391304E-01   3.3922608E+06   1.6912683E+06   5.0834660E+06   3.0944005E-04   2.9971303E-04   2.5188657E-04
   1.8840580E-01   3.4299825E+06   1.7356250E+06   5.1653744E+06   1.4296320E-04   5.4470918E-04   2.0356990E-04
   2.0289855E-01   3.4888362E+06   1.7537816E+06   5.2424554E+06   1.4132421E-04   3.0173466E-04   1.8155957E-05
   2.1739130E-01   3.5413077E+06   1.7586058E+06   5.2997114E+06   2.1326827E-04   1.1162347E-04   1.6210361E-04
   2.3188406E-01   3.5662403E+06   1.8072020E+06   5.3732055E+06   3.6235355E-04   1.6095069E-04   2.7633053E-04
   2.4637681E-01   3.6385178E+06   1.8245854E+06   5.4628803E+06   5.0597382E-04   4.6837823E-04   1.7945792E-04
   2.6086957E-01   3.6784748E+06   1.8275767E+06   5.5058831E+06   2.8310208E-04   3.9235989E-04   3.1605203E-04
   2.7536232E-01   3.7138270E+06   1.8600442E+06   5.5736718E+06   1.8810116E-04   1.9361832E-04   1.6356398E-04
   2.8985507E-01   3.7044610E+06   1.8717612E+06   5.5760327E+06   2.6524720E-04   2.6932874E-04   2.0726415E-04
   3.0434783E-01   3.7412347E+06   1.8923932E+06   5.6335918E+06   1.1769596E-04   1.7917231E-04   8.0605265E-05
   3.1884058E-01   3.7600961E+06   1.8800825E+06   5.6400064E+06   3.3557843E-04   1.6772480E-04   2.0196430E-04
   3.3333333E-01   3.7740229E+06   1.8863690E+06   5.6600954E+06   1.4150441E-04   3.7955333E-04   2.0464754E-04
   3.4782609E-01   3.7560376E+06   1.8888481E+06   5.6446016E+06   3.2763798E-04   1.7394393E-04   2.7555607E-04
   3.6231884E-01   3.7661332E+06   1.8985850E+06   5.6645667E+06   1.6861784E-04   4.1952325E-04   3.3219913E-05
   3.7681159E-01   3.7492520E+06   1.8728045E+06   5.6217067E+06   1.3287502E-04   3.9479093E-04   8.3028247E-05
   3.9130435E-01   3.7227603E+06   1.8580826E+06   5.5806184E+06   1.4654677E-04   4.0642495E-05   8.5985997E-05
   4.0579710E-01   3.7018955E+06   1.8351029E+06   5.5367278E+06   1.2319389E-04   9.5623761E-05   8.2887618E-05
   4.2028986E-01   3.6450531E+06   1.8324947E+06   5.4771820E+06   2.5590364E-04   8.5336793E-05   1.5307434E-04
   4.3478261E-01   3.6104638E+06   1.7971746E+06   5.4075121E+06   7.9076434E-05   1.0009319E-04   8.0030702E-05
   4.4927536E-01   3.5358927E+06   1.7815367E+06   5.3172827E+06   2.4920506E-04   1.6526003E-04   1.3051622E-04
   4.6376812E-01   3.4930714E+06   1.7521950E+06   5.2451480E+06   1.5543409E-04   1.4626459E-04   9.4333866E-05
   4.7826087E-01   3.4198953E+06   1.7249761E+06   5.1446647E+06   4.2048171E-05   3.7539249E-04   1.5420376E-04
   4.9275362E-01   3.3683847E+06   1.6879922E+06   5.0561317E+06   1.9391232E-04   2.4326425E-04   1.4117244E-04
   5.0724638E-01   3.2770163E+06   1.6447432E+06   4.9214565E+06   7.3010635E-05   1.4931754E-04   9.8222662E-05
   5.2173913E-01   3.1909134E+06   1.6057914E+06   4.7964522E+06   5.8862858E-05   2.7171833E-04   1.2447075E-04
   5.3623188E-01   3.1243531E+06   1.5680439E+06   4.6921308E+06   9.0785108E-05   3.1147930E-04   1.6389977E-04
   5.5072464E-01   3.0495512E+06   1.5232302E+06   4.5725221E+06   9.1492439E-05   7.7927892E-05   8.7573629E-05
   5.6521739E-01   2.9714741E+06   1.4848725E+06   4.4561717E+06   2.8691937E-04   2.1615689E-04   2.5225519E-04
   5.7971014E-01   2.8732049E+06   1.4326149E+06   4.3055356E+06   8.7651493E-05   3.2801133E-04   1.5440479E-04
   5.9420290E-01   2.7869001E+06   1.3985971E+06   4.1853124E+06   1.8773326E-04   3.6359133E-04   2.1518440E-04
   6.0869565E-01   2.6933750E+06   1.3479053E+06   4.0411721E+06   1.8983865E-04   1.6262649E-04   1.7901018E-04
   6.2318841E-01   2.6001646E+06   1.3088051E+06   3.9086878E+06   3.0727028E-04   1.6495529E-04   2.5641083E-04
   6.3768116E-01   2.5184412E+06   1.2571196E+06   3.7754402E+06   3.1162041E-04   2.4765245E-04   2.8536125E-04
   6.5217391E-01   2.4095858E+06   1.2064683E+06   3.6158858E+06   2.2906432E-04   2.4038330E-04   2.3176793E-04
   6.6666667E-01   2.3269435E+06   1.1653825E+06   3.4921119E+06   1.3616924E-04   9.4672374E-05   1.1904380E-04
   6.8115942E-01   2.2344204E+06   1.1202895E+06   3.3545970E+06   3.1437334E-04   3.0700126E-04   2.9371767E-04
   6.9565217E-01   2.1304556E+06   1.0699242E+06   3.2003009E+06   1.5623847E-04   3.4410040E-04   1.8564955E-04
   7.1014493E-01   2.0382034E+06   1.0339704E+06   3.0719882E+06   3.4127253E-04   3.0212862E-04   3.2299929E-04
   7.2463768E-01   1.9542787E+06   9.7923827E+05   2.9333957E+06   5.9919951E-04   4.7990145E-04   4.9083355E-04
   7.3913043E-01   1.8647008E+06   9.3207555E+05   2.7966724E+06   5.7501658E-04   5.2033797E-04   5.3164556E-04
   7.5362319E-01   1.7731621E+06   8.8996174E+05   2.6630510E+06   5.7943587E-04   5.2744318E-04   5.6170531E-04
   7.6811594E-01   1.6897814E+06   8.4630609E+05   2.5359445E+06   3.6709528E-04   4.0531547E-04   3.2013441E-04
   7.8260870E-01   1.5989367E+06   8.0442168E+05   2.4032321E+06   7.7386669E-04   6.0328190E-04   7.1631327E-04
   7.9710145E-01   1.5046584E+06   7.5728204E+05   2.2618302E+06   8.6844840E-04   7.3643379E-04   8.1671968E-04
   8.1159420E-01   1.4181313E+06   7.1523577E+05   2.1333264E+06   9.0909563E-04   6.1436708E-04   8.0940006E-04
   8.2608696E-01   1.3355973E+06   6.6995887E+05   2.0054897E+06   9.7874534E-04   8.3781287E-04   9.2166481E-04
   8.4057971E-01   1.2509710E+06   6.2766726E+05   1.8785991E+06   1.4349652E-03   8.0307251E-04   1.2238705E-03
   8.5507246E-01   1.1640505E+06   5.8268667E+05   1.7467115E+06   9.4146732E-04   9.8235861E-04   9.5195935E-04
   8.6956522E-01   1.0872132E+06   5.4757841E+05   1.6346780E+06   9.5767985E-04   1.1897965E-03   1.0327953E-03
   8.8405797E-01   1.0019639E+06   4.9873980E+05   1.5006789E+06   1.3019346E-03   1.5209456E-03   1.3702620E-03
   8.9855072E-01   9.1032285E+05   4.5878512E+05   1.3691080E+06   1.1503880E-03   1.5251103E-03   1.2670131E-03
   9.1304348E-01   8.3070793E+05   4.1214862E+05   1.2428565E+06   1.1727259E-03   1.7594665E-03   1.3626001E-03
   9.2753623E-01   7.3422317E+05   3.6534748E+05   1.0995470E+06   1.5948419E-03   1.8897560E-03   1.6914639E-03
   9.4202899E-01   6.4319021E+05   3.2079074E+05   9.6396929E+05   1.7768808E-03   1.7184920E-03   1.7530316E-03
   9.5652174E-01   5.4307907E+05   2.7257855E+05   8.1565762E+05   2.3205541E-03   1.7711130E-03   2.1313332E-03
   9.7101449E-01   4.3187598E+05   2.1797936E+05   6.4984403E+05   2.1544442E-03   2.3065074E-03   2.1796395E-03
   9.8550725E-01   3.0642649E+05   1.5187049E+05   4.5829698E+05   2.6762700E-03   2.3369917E-03   2.5508566E-03
   1.0000000E+00   1.5342937E+05   7.4756058E+04   2.2818543E+05   6.4914968E-03   6.2062218E-03   6.3555115E-03
