   0.0000000E+00   3.3219176E+06   1.5336590E+06   4.8555767E+06   7.8319028E-04   7.7306034E-03   1.9400945E-03
   1.4492754E-02   3.1976488E+06   1.6003399E+06   4.7979887E+06   1.3948216E-03   2.4821187E-03   1.3613604E-03
   2.8985507E-02   3.1885560E+06   1.6590645E+06   4.8476204E+06   1.0959505E-03   4.9944537E-04   6.5294172E-04
   4.3478261E-02   3.1665816E+06   1.5692727E+06   4.7358543E+06   1.0238250E-03   1.6344524E-03   1.1178409E-03
   5.7971014E-02   3.1815469E+06   1.5957935E+06   4.7773404E+06   5.2527641E-04   1.6022646E-03   8.7650994E-04
   7.2463768E-02   3.1762806E+06   1.6535330E+06   4.8298136E+06   3.5620420E-04   5.8862944E-04   4.3279224E-04
   8.6956522E-02   3.2030793E+06   1.6324174E+06   4.8354966E+06   8.2547898E-04   4.2608858E-04   6.8989184E-04
   1.0144928E-01   3.2257933E+06   1.6342215E+06   4.8599066E+06   1.7988544E-04   8.1384005E-04   1.5461094E-04
   1.1594203E-01   3.2123300E+06   1.6606747E+06   4.8730046E+06   5.5085208E-04   1.3826531E-04   3.9560819E-04
   1.3043478E-01   3.2722438E+06   1.6571701E+06   4.9294139E+06   6.7868129E-04   7.4850610E-04   2.6593199E-04
   1.4492754E-01   3.2583435E+06   1.6570186E+06   4.9153621E+06   5.0583412E-04   2.6785796E-04   3.3228442E-04
   1.5942029E-01   3.2772112E+06   1.7044253E+06   4.9815676E+06   5.2646138E-04   6.0128424E-04   5.2106325E-04
   1.7391304E-01   3.2991855E+06   1.6966356E+06   4.9956317E+06   4.2525460E-04   5.3395841E-04   4.5199540E-04
   1.8840580E-01   3.3443000E+06   1.7188382E+06   5.0631382E+06   3.4791520E-04   2.5700744E-04   3.1517405E-04
   2.0289855E-01   3.3480595E+06   1.7307247E+06   5.0787842E+06   2.2042009E-04   3.9077811E-04   2.7544445E-04
   2.1739130E-01   3.3802633E+06   1.7655770E+06   5.1457898E+06   9.6354978E-04   4.4534433E-04   4.8823369E-04
   2.3188406E-01   3.3813052E+06   1.7563863E+06   5.1375021E+06   4.9956934E-04   1.0630942E-04   3.0290955E-04
   2.4637681E-01   3.3941255E+06   1.7743519E+06   5.1682545E+06   2.5011901E-04   2.7706081E-04   2.5445428E-04
   2.6086957E-01   3.4137721E+06   1.7944047E+06   5.2081347E+06   2.7124552E-04   4.6330065E-04   3.3058915E-04
   2.7536232E-01   3.4364156E+06   1.7894949E+06   5.2258307E+06   2.7718109E-04   1.4533780E-04   2.2885638E-04
   2.8985507E-01   3.4400109E+06   1.8018978E+06   5.2416056E+06   1.8678805E-04   4.1057264E-04   5.4706062E-05
   3.0434783E-01   3.4454648E+06   1.7973875E+06   5.2426719E+06   1.0161040E-04   2.2794326E-04   7.7039189E-05
   3.1884058E-01   3.4315483E+06   1.8049288E+06   5.2363394E+06   1.9557943E-04   3.9073033E-04   2.6173294E-04
   3.3333333E-01   3.4424636E+06   1.8076632E+06   5.2500280E+06   2.0276475E-04   2.3799316E-04   1.9400774E-04
   3.4782609E-01   3.4320736E+06   1.8121273E+06   5.2439167E+06   4.1078756E-04   3.0716243E-04   3.1817249E-04
   3.6231884E-01   3.4043291E+06   1.7882283E+06   5.1924058E+06   4.0359681E-04   1.8483168E-04   3.2826324E-04
   3.7681159E-01   3.3908717E+06   1.7912021E+06   5.1817532E+06   2.0783465E-04   5.7412715E-04   2.4622877E-04
   3.9130435E-01   3.3809088E+06   1.7779870E+06   5.1587836E+06   1.9600588E-04   4.8251334E-04   4.1414573E-05
   4.0579710E-01   3.3564217E+06   1.7578409E+06   5.1142084E+06   3.4640808E-04   1.1900646E-04   2.1299837E-04
   4.2028986E-01   3.2986107E+06   1.7383786E+06   5.0367280E+06   4.4914156E-04   2.9572357E-04   3.8470074E-04
   4.3478261E-01   3.2846622E+06   1.7233711E+06   5.0077302E+06   3.0341125E-04   2.0958114E-04   2.3488166E-04
   4.4927536E-01   3.2420864E+06   1.7054453E+06   4.9474095E+06   4.2043905E-04   5.2800779E-04   4.2294242E-04
   4.6376812E-01   3.2091806E+06   1.6661683E+06   4.8752541E+06   6.1039386E-05   1.6825192E-04   6.6363372E-05
   4.7826087E-01   3.1527816E+06   1.6504883E+06   4.8030173E+06   4.0039618E-04   1.7603698E-04   2.9855343E-04
   4.9275362E-01   3.1012825E+06   1.6131545E+06   4.7143034E+06   3.0946520E-05   2.5078505E-04   1.0525634E-04
   5.0724638E-01   3.0511242E+06   1.5759624E+06   4.6268917E+06   1.3884565E-04   4.6321582E-04   2.4823706E-04
   5.2173913E-01   2.9888503E+06   1.5448988E+06   4.5336228E+06   2.7124215E-04   2.3701830E-04   2.5684170E-04
   5.3623188E-01   2.9340179E+06   1.5086537E+06   4.4423235E+06   3.5127636E-04   5.2144047E-04   7.8582755E-05
   5.5072464E-01   2.8696884E+06   1.4848249E+06   4.3544136E+06   4.6205172E-04   4.7284306E-04   3.0212213E-04
   5.6521739E-01   2.8295442E+06   1.4482485E+06   4.2776762E+06   2.0350710E-04   3.5520711E-04   1.9049487E-04
   5.7971014E-01   2.7522701E+06   1.4074580E+06   4.1596334E+06   4.3550185E-04   3.6565088E-04   2.2508914E-04
   5.9420290E-01   2.6898359E+06   1.3710968E+06   4.0608033E+06   2.4335253E-04   2.9285927E-04   1.8475515E-04
   6.0869565E-01   2.6231401E+06   1.3315057E+06   3.9545195E+06   1.4573210E-04   6.3172562E-04   3.0479012E-04
   6.2318841E-01   2.5474755E+06   1.2904961E+06   3.8378658E+06   2.0318928E-04   3.5109513E-04   1.0465960E-04
   6.3768116E-01   2.4910077E+06   1.2466146E+06   3.7375362E+06   3.0544911E-04   2.8375952E-04   2.8980976E-04
   6.5217391E-01   2.4114044E+06   1.2003728E+06   3.6116425E+06   3.1337885E-04   1.1314728E-04   2.3936788E-04
   6.6666667E-01   2.3401050E+06   1.1720375E+06   3.5119613E+06   1.9632177E-04   3.8228776E-04   2.1129009E-04
   6.8115942E-01   2.2803682E+06   1.1287213E+06   3.4090412E+06   4.0262686E-04   2.5025905E-04   1.9171588E-04
   6.9565217E-01   2.1957630E+06   1.0856157E+06   3.2812366E+06   7.6512866E-04   9.5617656E-05   5.2698569E-04
   7.1014493E-01   2.1250029E+06   1.0424137E+06   3.1673084E+06   3.1920628E-04   3.0331417E-04   1.1272683E-04
   7.2463768E-01   2.0590585E+06   1.0055924E+06   3.0644993E+06   2.9297386E-04   5.4237954E-04   3.7349819E-04
   7.3913043E-01   1.9866222E+06   9.6101812E+05   2.9475214E+06   3.1083561E-04   3.7174396E-04   1.2626700E-04
   7.5362319E-01   1.8999810E+06   9.2302528E+05   2.8229480E+06   2.2266059E-04   6.5662538E-04   1.7362954E-04
   7.6811594E-01   1.8410714E+06   8.8679497E+05   2.7277663E+06   2.1855514E-04   1.9086651E-04   1.9888533E-04
   7.8260870E-01   1.7595488E+06   8.4880541E+05   2.6082981E+06   1.3970625E-04   6.1395488E-04   2.9434425E-04
   7.9710145E-01   1.6950570E+06   8.0375197E+05   2.4986849E+06   8.1157734E-04   3.5385764E-04   5.1645963E-04
   8.1159420E-01   1.6159005E+06   7.5927922E+05   2.3750850E+06   1.6421402E-04   6.0093834E-04   2.9012140E-04
   8.2608696E-01   1.5465539E+06   7.2245540E+05   2.2688763E+06   2.2546660E-04   2.5521517E-04   2.1929798E-04
   8.4057971E-01   1.4664034E+06   6.8490251E+05   2.1512144E+06   6.1571670E-04   9.5793155E-04   2.2505979E-04
   8.5507246E-01   1.3911660E+06   6.4389638E+05   2.0350110E+06   4.1699856E-04   1.8951860E-04   3.2360311E-04
   8.6956522E-01   1.3171232E+06   6.0205968E+05   1.9191197E+06   6.6351076E-04   4.2857885E-04   3.7668705E-04
   8.8405797E-01   1.2271359E+06   5.5981835E+05   1.7869046E+06   5.3818683E-04   6.4706006E-04   2.8186536E-04
   8.9855072E-01   1.1394649E+06   5.1376991E+05   1.6531615E+06   6.0482171E-04   5.5038638E-04   2.4828192E-04
   9.1304348E-01   1.0307384E+06   4.6843763E+05   1.4991399E+06   7.3185376E-04   3.1956388E-04   5.9451595E-04
   9.2753623E-01   9.2838135E+05   4.1326248E+05   1.3415965E+06   1.8379546E-04   7.0257251E-04   1.0740107E-04
   9.4202899E-01   8.0856333E+05   3.6106736E+05   1.1695957E+06   1.9691172E-04   1.0138459E-04   1.4059594E-04
   9.5652174E-01   6.6740529E+05   3.0333577E+05   9.7070662E+05   7.0720703E-04   3.1748483E-04   5.0069697E-04
   9.7101449E-01   5.1638059E+05   2.3749956E+05   7.5386883E+05   5.1928608E-04   7.4118765E-04   5.2462692E-04
   9.8550725E-01   3.4780114E+05   1.5782095E+05   5.0561095E+05   8.9701412E-04   7.2619415E-04   5.9061532E-04
   1.0000000E+00   1.6715069E+05   7.5872147E+04   2.4302284E+05   4.4172024E-03   1.9740736E-03   3.5722474E-03
