   0.0000000E+00   3.2249273E+06   1.5215353E+06   4.7464626E+06   4.3803784E-03   4.1253403E-03   3.7809746E-03
   1.4492754E-02   3.2074994E+06   1.5783655E+06   4.7858649E+06   1.0718053E-03   8.1340399E-04   4.5122770E-04
   2.8985507E-02   3.3143403E+06   1.5760923E+06   4.8904326E+06   1.3405458E-03   7.6709786E-04   7.0710619E-04
   4.3478261E-02   3.3277269E+06   1.5773552E+06   4.9050821E+06   9.6419506E-04   7.2758848E-04   5.7027317E-04
   5.7971014E-02   3.3588573E+06   1.5889738E+06   4.9478311E+06   1.4314924E-03   4.5420169E-04   1.0660883E-03
   7.2463768E-02   3.3225238E+06   1.5932172E+06   4.9155894E+06   4.8481543E-04   7.5335833E-04   4.1027380E-04
   8.6956522E-02   3.3656138E+06   1.6125900E+06   4.9782037E+06   6.1893596E-04   1.4953197E-04   3.7301163E-04
   1.0144928E-01   3.3709540E+06   1.5918965E+06   4.9628505E+06   6.8366565E-05   9.7325514E-05   5.8605861E-05
   1.1594203E-01   3.3981649E+06   1.6329226E+06   5.0310874E+06   2.2248123E-04   8.6697931E-04   1.5206354E-04
   1.3043478E-01   3.4158770E+06   1.6567492E+06   5.0726261E+06   2.2273141E-04   5.6238006E-04   9.1236989E-05
   1.4492754E-01   3.4660391E+06   1.6558820E+06   5.1219969E+06   5.8645825E-04   6.4820099E-04   5.9105420E-04
   1.5942029E-01   3.4844866E+06   1.7082140E+06   5.1926317E+06   1.0164337E-04   2.4632856E-04   2.4727878E-05
   1.7391304E-01   3.5452605E+06   1.7152001E+06   5.2604606E+06   7.0188355E-04   3.3048311E-04   5.7636581E-04
   1.8840580E-01   3.5906227E+06   1.7214612E+06   5.3120256E+06   3.3657251E-04   5.8862226E-04   2.9059994E-04
   2.0289855E-01   3.5881538E+06   1.7942122E+06   5.3823660E+06   4.0973689E-04   7.1319766E-04   5.0873735E-04
   2.1739130E-01   3.6465825E+06   1.7817420E+06   5.4282235E+06   1.0241521E-03   9.3660497E-05   6.8430036E-04
   2.3188406E-01   3.6873835E+06   1.8269505E+06   5.5142393E+06   4.8665548E-04   1.9444356E-04   2.9697490E-04
   2.4637681E-01   3.7022569E+06   1.8247637E+06   5.5269314E+06   6.6395855E-04   2.7836618E-04   4.4732573E-04
   2.6086957E-01   3.7345052E+06   1.8455519E+06   5.5799729E+06   9.8316976E-04   4.8508244E-04   8.1455986E-04
   2.7536232E-01   3.7401484E+06   1.8807024E+06   5.6207711E+06   7.7269138E-04   3.0722152E-04   4.9714609E-04
   2.8985507E-01   3.7516301E+06   1.8851731E+06   5.6366516E+06   3.1819256E-04   6.3066481E-04   2.8065145E-04
   3.0434783E-01   3.7759823E+06   1.8882437E+06   5.6640817E+06   7.6505378E-04   3.0960688E-04   4.4727505E-04
   3.1884058E-01   3.7551019E+06   1.8917930E+06   5.6468604E+06   4.8282854E-04   3.5722679E-04   3.8803254E-04
   3.3333333E-01   3.7641723E+06   1.8911131E+06   5.6551536E+06   4.1193369E-04   5.5470743E-04   3.5109901E-04
   3.4782609E-01   3.7401251E+06   1.8951942E+06   5.6350983E+06   4.5722095E-04   2.2194989E-04   2.4302609E-04
   3.6231884E-01   3.7398549E+06   1.8724583E+06   5.6122525E+06   2.6304943E-04   2.2866155E-04   2.0864566E-04
   3.7681159E-01   3.7044872E+06   1.8731834E+06   5.5775832E+06   1.4600350E-04   1.3488863E-04   8.2463682E-05
   3.9130435E-01   3.6651723E+06   1.8655477E+06   5.5304955E+06   6.4512320E-04   1.1096270E-04   4.4300019E-04
   4.0579710E-01   3.6624932E+06   1.8551018E+06   5.5175138E+06   3.0460507E-04   1.1976678E-04   2.0435585E-04
   4.2028986E-01   3.6167295E+06   1.8326515E+06   5.4492764E+06   5.4749331E-04   1.1762409E-04   3.6639091E-04
   4.3478261E-01   3.5580536E+06   1.8088185E+06   5.3666953E+06   4.9484515E-04   1.6871505E-04   3.0085162E-04
   4.4927536E-01   3.5116696E+06   1.7913384E+06   5.3027635E+06   3.1760449E-04   3.5811970E-04   1.9079571E-04
   4.6376812E-01   3.4584760E+06   1.7511058E+06   5.2094160E+06   2.4465908E-04   2.6550888E-04   1.0670461E-04
   4.7826087E-01   3.3942470E+06   1.7298669E+06   5.1239303E+06   8.5593842E-05   2.5635290E-04   8.5745733E-05
   4.9275362E-01   3.3246143E+06   1.6788325E+06   5.0032016E+06   3.4471190E-04   2.5862998E-04   2.3643137E-04
   5.0724638E-01   3.2595667E+06   1.6784950E+06   4.9379102E+06   3.8659514E-05   2.4284273E-04   1.0509396E-04
   5.2173913E-01   3.1978382E+06   1.6297022E+06   4.8274562E+06   2.1454149E-04   3.6811083E-04   1.2627205E-04
   5.3623188E-01   3.1120246E+06   1.5748226E+06   4.6867038E+06   1.4061617E-04   1.6395084E-04   4.6136554E-05
   5.5072464E-01   3.0409568E+06   1.5299102E+06   4.5705879E+06   3.6063223E-04   9.7631866E-05   2.2617982E-04
   5.6521739E-01   2.9615264E+06   1.4902932E+06   4.4516447E+06   2.1921833E-04   2.5414218E-04   2.0841576E-04
   5.7971014E-01   2.8567999E+06   1.4399270E+06   4.2966701E+06   1.4110259E-04   2.1348588E-04   4.7634989E-05
   5.9420290E-01   2.7908736E+06   1.4061375E+06   4.1969002E+06   1.5771885E-04   1.4439231E-04   1.1432995E-04
   6.0869565E-01   2.7057334E+06   1.3590188E+06   4.0646259E+06   3.0011590E-04   1.8696516E-04   2.0771629E-04
   6.2318841E-01   2.6004642E+06   1.3112369E+06   3.9116482E+06   2.9415035E-04   2.8494357E-04   2.2685242E-04
   6.3768116E-01   2.5217821E+06   1.2682962E+06   3.7899922E+06   2.5827782E-04   6.8232943E-05   1.8915524E-04
   6.5217391E-01   2.4344564E+06   1.2069398E+06   3.6412952E+06   2.5014391E-04   7.1639971E-05   1.8627623E-04
   6.6666667E-01   2.3371729E+06   1.1730917E+06   3.5100999E+06   1.1895141E-04   4.7893455E-04   8.5454415E-05
   6.8115942E-01   2.2491076E+06   1.1255292E+06   3.3745239E+06   2.5793068E-04   2.8032928E-04   1.9678862E-04
   6.9565217E-01   2.1572763E+06   1.0706504E+06   3.2278636E+06   1.4615354E-04   2.3789843E-04   1.5613745E-04
   7.1014493E-01   2.0605953E+06   1.0280013E+06   3.0885193E+06   1.7855867E-04   2.1734052E-04   1.8096132E-04
   7.2463768E-01   1.9785414E+06   9.7934435E+05   2.9577645E+06   3.0503711E-04   1.1821145E-04   1.8931657E-04
   7.3913043E-01   1.8761560E+06   9.4063352E+05   2.8168044E+06   2.7955791E-04   2.2332038E-04   2.4593698E-04
   7.5362319E-01   1.7803315E+06   8.9356098E+05   2.6738633E+06   3.4709645E-04   2.7080874E-05   2.1956091E-04
   7.6811594E-01   1.7021053E+06   8.4540539E+05   2.5474535E+06   3.2633721E-04   2.9751803E-04   3.1373375E-04
   7.8260870E-01   1.5937027E+06   7.9496401E+05   2.3886386E+06   2.4266749E-04   4.5042331E-04   8.6819587E-05
   7.9710145E-01   1.5122220E+06   7.4886428E+05   2.2610036E+06   4.5370848E-05   3.4573627E-04   1.1229061E-04
   8.1159420E-01   1.4183613E+06   7.0753663E+05   2.1258844E+06   1.4320099E-04   4.7467949E-04   2.2086968E-04
   8.2608696E-01   1.3301868E+06   6.6623666E+05   1.9963703E+06   2.2328964E-04   4.5105091E-05   1.5268192E-04
   8.4057971E-01   1.2434590E+06   6.1985474E+05   1.8632614E+06   1.5364324E-04   3.1612683E-04   1.4550121E-04
   8.5507246E-01   1.1486389E+06   5.7567439E+05   1.7243133E+06   6.1797980E-04   3.5609152E-04   2.9270827E-04
   8.6956522E-01   1.0558556E+06   5.3070614E+05   1.5865617E+06   6.8941121E-04   3.0909691E-04   5.5869568E-04
   8.8405797E-01   9.6777881E+05   4.8057896E+05   1.4483578E+06   3.2822130E-04   1.1695617E-04   1.9247137E-04
   8.9855072E-01   8.7565029E+05   4.4028168E+05   1.3159197E+06   7.6477676E-04   3.3469339E-05   5.1867199E-04
   9.1304348E-01   7.9108913E+05   3.9594749E+05   1.1869885E+06   7.9306160E-04   5.2456032E-04   4.4418528E-04
   9.2753623E-01   6.9474982E+05   3.5000331E+05   1.0447413E+06   7.9803706E-04   3.9866807E-04   6.3736072E-04
   9.4202899E-01   6.0998969E+05   3.0536788E+05   9.1535757E+05   6.6558435E-05   3.8504785E-04   1.7275839E-04
   9.5652174E-01   5.1669605E+05   2.5386475E+05   7.7056080E+05   2.8587864E-04   3.3662948E-04   8.9035053E-05
   9.7101449E-01   4.1889267E+05   1.9951094E+05   6.1839230E+05   1.0017128E-03   1.0223900E-03   7.3548887E-04
   9.8550725E-01   3.0629277E+05   1.3825352E+05   4.4453514E+05   1.1871093E-03   1.5342592E-04   8.5362323E-04
   1.0000000E+00   1.6034474E+05   6.9722717E+04   2.3006746E+05   1.3895010E-04   4.9125508E-04   1.3428438E-04
