   0.0000000E+00   3.8917356E+06   1.8610013E+06   5.7527369E+06   3.7074783E-03   3.8109702E-06   2.5092553E-03
   1.4492754E-02   3.7068479E+06   1.8162948E+06   5.5231427E+06   4.8394724E-03   2.1715453E-06   3.2476753E-03
   2.8985507E-02   3.8042170E+06   1.9314708E+06   5.7356878E+06   2.5865405E-03   3.2882952E-05   1.7169659E-03
   4.3478261E-02   3.7614049E+06   1.9004036E+06   5.6618085E+06   2.0464435E-03   1.8812546E-05   1.3549938E-03
   5.7971014E-02   3.7926615E+06   1.9138534E+06   5.7065150E+06   4.5935147E-03   1.6779099E-05   3.0571177E-03
   7.2463768E-02   3.7092726E+06   1.8899468E+06   5.5990679E+06   1.5583606E-03   1.3701115E-05   1.0365570E-03
   8.6956522E-02   3.8159619E+06   1.9038134E+06   5.7197754E+06   2.6040109E-03   5.2958282E-06   1.7388897E-03
   1.0144928E-01   3.8018897E+06   1.8857901E+06   5.6876798E+06   1.0358277E-03   1.8155253E-05   6.9805633E-04
   1.1594203E-01   3.7566690E+06   1.9227568E+06   5.6794259E+06   2.5915884E-03   3.2588633E-05   1.7178132E-03
   1.3043478E-01   3.8045959E+06   1.9329021E+06   5.7374980E+06   6.2819283E-04   2.2864289E-05   4.1752543E-04
   1.4492754E-01   3.7986098E+06   1.9020706E+06   5.7006804E+06   1.3629607E-03   3.2245942E-05   9.0306420E-04
   1.5942029E-01   3.8236771E+06   1.9181071E+06   5.7417842E+06   2.9905932E-04   1.0518191E-05   2.0067889E-04
   1.7391304E-01   3.8118575E+06   1.8983198E+06   5.7101774E+06   2.6522390E-04   2.4284483E-05   1.8180873E-04
   1.8840580E-01   3.8074520E+06   1.9119445E+06   5.7193965E+06   2.7586176E-03   6.6176376E-06   1.8362458E-03
   2.0289855E-01   3.8060572E+06   1.9076562E+06   5.7137135E+06   4.3448369E-04   2.0548882E-05   2.8427536E-04
   2.1739130E-01   3.7482203E+06   1.9059603E+06   5.6541301E+06   1.0175933E-03   1.1125344E-05   6.7432617E-04
   2.3188406E-01   3.8139255E+06   1.9149427E+06   5.7289629E+06   1.2957131E-03   1.8998249E-05   8.5392134E-04
   2.4637681E-01   3.7974643E+06   1.9047717E+06   5.7021023E+06   1.3472766E-03   1.8224665E-05   8.9397044E-04
   2.6086957E-01   3.7957977E+06   1.9083598E+06   5.7041576E+06   1.3075879E-03   5.6625874E-06   8.6785045E-04
   2.7536232E-01   3.8055929E+06   1.8919887E+06   5.6974620E+06   2.3223786E-03   7.6794123E-06   1.5505854E-03
   2.8985507E-01   3.7592075E+06   1.8864991E+06   5.6456687E+06   3.1460725E-03   1.3630825E-05   2.0945006E-03
   3.0434783E-01   3.7663843E+06   1.8839138E+06   5.6501177E+06   2.3130225E-03   8.9564168E-06   1.5461974E-03
   3.1884058E-01   3.7632304E+06   1.8759494E+06   5.6391453E+06   1.6884013E-03   9.7211639E-06   1.1265751E-03
   3.3333333E-01   3.7471397E+06   1.8726309E+06   5.6197047E+06   1.9099444E-03   7.8958803E-06   1.2721952E-03
   3.4782609E-01   3.7382624E+06   1.8706624E+06   5.6088932E+06   2.4707508E-03   5.9124199E-06   1.6462379E-03
   3.6231884E-01   3.7074540E+06   1.8293582E+06   5.5366910E+06   2.9538146E-03   1.7474699E-05   1.9861603E-03
   3.7681159E-01   3.6949864E+06   1.8433693E+06   5.5382391E+06   3.7041485E-03   1.9617600E-05   2.4714113E-03
   3.9130435E-01   3.6281274E+06   1.8072020E+06   5.4353014E+06   3.1204312E-03   8.1897607E-06   2.0772751E-03
   4.0579710E-01   3.6068537E+06   1.7961066E+06   5.4028791E+06   3.1010023E-03   1.6966562E-05   2.0750961E-03
   4.2028986E-01   3.5630608E+06   1.7733913E+06   5.3363998E+06   3.0271468E-03   4.9084929E-06   2.0206823E-03
   4.3478261E-01   3.5076389E+06   1.7604749E+06   5.2680885E+06   1.5700280E-03   1.3333165E-05   1.0439106E-03
   4.4927536E-01   3.4651299E+06   1.7107983E+06   5.1758060E+06   3.0111122E-03   1.5140347E-05   2.0228004E-03
   4.6376812E-01   3.4332102E+06   1.7027764E+06   5.1359629E+06   2.5432483E-03   1.6672503E-06   1.7036793E-03
   4.7826087E-01   3.3640983E+06   1.6648393E+06   5.0286851E+06   3.6864052E-03   1.2017195E-05   2.4694857E-03
   4.9275362E-01   3.3210485E+06   1.6430406E+06   4.9640222E+06   2.0810001E-03   2.7931982E-06   1.3907284E-03
   5.0724638E-01   3.2405367E+06   1.6055358E+06   4.8460075E+06   2.8223693E-03   5.3642374E-06   1.8885323E-03
   5.2173913E-01   3.1612564E+06   1.5793127E+06   4.7406112E+06   1.5224671E-03   1.3129582E-05   1.0171222E-03
   5.3623188E-01   3.1151784E+06   1.5376730E+06   4.6528309E+06   1.7647047E-03   8.0990152E-06   1.1785385E-03
   5.5072464E-01   3.0267991E+06   1.5023725E+06   4.5291517E+06   9.4387294E-04   2.0819065E-05   6.3584278E-04
   5.6521739E-01   2.9394160E+06   1.4673474E+06   4.4065885E+06   1.9118504E-03   1.0380778E-05   1.2807424E-03
   5.7971014E-01   2.8670483E+06   1.4195818E+06   4.2865164E+06   2.1890068E-03   7.0028316E-06   1.4579640E-03
   5.9420290E-01   2.7817068E+06   1.3728525E+06   4.1545963E+06   7.8306565E-04   1.1202588E-05   5.2662783E-04
   6.0869565E-01   2.7027746E+06   1.3420419E+06   4.0446902E+06   3.9730032E-04   1.4269391E-05   2.6029539E-04
   6.2318841E-01   2.6020854E+06   1.2952011E+06   3.8973041E+06   7.3722102E-04   6.9807870E-06   4.9088851E-04
   6.3768116E-01   2.5258119E+06   1.2573779E+06   3.7831382E+06   1.3288050E-03   1.3382897E-05   8.8935526E-04
   6.5217391E-01   2.4292533E+06   1.2096508E+06   3.6387357E+06   3.0701536E-04   1.8446470E-05   1.9595274E-04
   6.6666667E-01   2.3466281E+06   1.1628128E+06   3.5093421E+06   1.1670190E-03   2.1185964E-05   7.7559024E-04
   6.8115942E-01   2.2511551E+06   1.1169200E+06   3.3680428E+06   9.4467859E-04   1.8330434E-05   6.2225603E-04
   6.9565217E-01   2.1533456E+06   1.0742970E+06   3.2276110E+06   7.8506227E-04   1.0467022E-05   5.2918140E-04
   7.1014493E-01   2.0624046E+06   1.0276765E+06   3.0900966E+06   6.9199874E-04   8.7846357E-06   4.5968293E-04
   7.2463768E-01   1.9607498E+06   9.8646708E+05   2.9471714E+06   1.0395831E-03   1.5713725E-05   6.9139920E-04
   7.3913043E-01   1.8717879E+06   9.3457163E+05   2.8062555E+06   1.0342107E-03   2.1814102E-05   6.9877810E-04
   7.5362319E-01   1.7712532E+06   8.9359013E+05   2.6646831E+06   1.5663253E-03   9.4253557E-06   1.0375001E-03
   7.6811594E-01   1.6832191E+06   8.4064451E+05   2.5238064E+06   2.4751714E-03   1.3874581E-05   1.6544248E-03
   7.8260870E-01   1.5784076E+06   7.9907543E+05   2.3774550E+06   1.8923928E-03   5.9381459E-06   1.2532039E-03
   7.9710145E-01   1.4877402E+06   7.4652218E+05   2.2342624E+06   2.0780696E-03   1.0905916E-05   1.3906307E-03
   8.1159420E-01   1.3973747E+06   7.0171829E+05   2.0990659E+06   3.8279037E-03   1.8501886E-05   2.5442499E-03
   8.2608696E-01   1.2962748E+06   6.5566822E+05   1.9519696E+06   3.8325019E-03   9.3583555E-06   2.5492085E-03
   8.4057971E-01   1.2067479E+06   6.0711692E+05   1.8138648E+06   4.2127536E-03   1.0831267E-05   2.8081657E-03
   8.5507246E-01   1.1069377E+06   5.6059672E+05   1.6674959E+06   5.4575611E-03   6.2819810E-05   3.6350503E-03
   8.6956522E-01   1.0200146E+06   5.2456848E+05   1.5445831E+06   7.2171559E-03   2.9751626E-05   4.7776327E-03
   8.8405797E-01   9.2345742E+05   4.7655426E+05   1.4000117E+06   7.2894108E-03   9.2310586E-06   4.8050148E-03
   8.9855072E-01   8.3551469E+05   4.3095663E+05   1.2664591E+06   9.6429425E-03   2.9424228E-05   6.3685020E-03
   9.1304348E-01   7.3710941E+05   3.9023439E+05   1.1273318E+06   1.2486074E-02   1.0098135E-05   8.1672356E-03
   9.2753623E-01   6.5609341E+05   3.4517274E+05   1.0012543E+06   1.4238910E-02   4.4962534E-05   9.3456165E-03
   9.4202899E-01   5.6763804E+05   3.0277992E+05   8.7040630E+05   1.7721204E-02   1.2742512E-05   1.1560810E-02
   9.5652174E-01   4.8018692E+05   2.6031699E+05   7.4051540E+05   1.9878012E-02   1.1139287E-05   1.2890934E-02
   9.7101449E-01   3.9545938E+05   2.1438293E+05   6.0984232E+05   2.5187420E-02   4.1873675E-05   1.6347159E-02
   9.8550725E-01   3.0082146E+05   1.6511974E+05   4.6594120E+05   2.9230948E-02   4.5424744E-05   1.8882201E-02
   1.0000000E+00   1.9159523E+05   1.0935481E+05   3.0095003E+05   3.2217297E-02   7.3047405E-05   2.0536835E-02
