   0.0000000E+00   2.9763897E+06   1.4609163E+06   4.4373060E+06   3.7093532E-03   2.2215437E-03   3.2072571E-03
   1.4492754E-02   3.0582253E+06   1.5063805E+06   4.5646058E+06   7.6096190E-04   2.7969384E-03   1.0370157E-03
   2.8985507E-02   2.9737376E+06   1.4942567E+06   4.4679944E+06   2.6102025E-03   3.0040836E-03   1.5478941E-03
   4.3478261E-02   2.9736113E+06   1.4990557E+06   4.4726671E+06   9.3049186E-05   6.9082488E-04   1.7703962E-04
   5.7971014E-02   2.9557414E+06   1.5416153E+06   4.4973567E+06   4.4638876E-04   4.8847385E-04   4.5389504E-04
   7.2463768E-02   3.0035167E+06   1.5262332E+06   4.5299014E+06   1.0299946E-03   7.3997047E-04   9.3213969E-04
   8.6956522E-02   3.0093512E+06   1.5542442E+06   4.5635955E+06   3.5225812E-04   8.2500583E-04   5.1157000E-04
   1.0144928E-01   3.0209879E+06   1.5573654E+06   4.5783533E+06   7.4909720E-04   4.2676373E-04   6.3061750E-04
   1.1594203E-01   3.0835147E+06   1.5497610E+06   4.6332757E+06   4.4040181E-04   1.1494388E-03   1.6248532E-04
   1.3043478E-01   3.1006585E+06   1.6060650E+06   4.7066393E+06   1.9910518E-04   7.6928412E-04   2.6619336E-04
   1.4492754E-01   3.1501387E+06   1.5920048E+06   4.7420677E+06   5.2316844E-04   6.8083669E-04   4.5383890E-04
   1.5942029E-01   3.1889693E+06   1.6183878E+06   4.8072193E+06   2.2613383E-04   5.5901129E-05   1.6882845E-04
   1.7391304E-01   3.2215175E+06   1.6518660E+06   4.8734466E+06   2.3338815E-04   3.6945346E-04   2.2549692E-04
   1.8840580E-01   3.2609490E+06   1.6783285E+06   4.9392774E+06   4.0019844E-04   8.0016501E-04   3.9130048E-04
   2.0289855E-01   3.2998891E+06   1.6804976E+06   4.9803326E+06   5.2113234E-04   2.0770397E-04   3.6220251E-04
   2.1739130E-01   3.3459631E+06   1.7033415E+06   5.0493552E+06   4.8197878E-04   3.0344732E-04   2.6598852E-04
   2.3188406E-01   3.3707916E+06   1.7367325E+06   5.1074768E+06   2.5138864E-04   1.9130269E-05   1.7154527E-04
   2.4637681E-01   3.4297391E+06   1.7575925E+06   5.1873316E+06   1.7435074E-04   9.3759982E-04   2.3578420E-04
   2.6086957E-01   3.4778851E+06   1.7649792E+06   5.2429485E+06   2.6369812E-04   3.9679881E-04   2.4135505E-04
   2.7536232E-01   3.5140238E+06   1.7947592E+06   5.3086633E+06   1.5117639E-04   3.2700933E-04   1.8091148E-04
   2.8985507E-01   3.5384409E+06   1.7817420E+06   5.3201450E+06   6.7423392E-04   2.3963817E-04   5.0500653E-04
   3.0434783E-01   3.5493469E+06   1.7956555E+06   5.3450746E+06   1.6161728E-04   8.4712423E-04   2.5955604E-04
   3.1884058E-01   3.5832335E+06   1.8038611E+06   5.3871978E+06   2.8436523E-04   2.9022037E-04   1.5932618E-04
   3.3333333E-01   3.5601105E+06   1.8206765E+06   5.3808200E+06   1.2468852E-04   4.8543148E-04   2.1727070E-04
   3.4782609E-01   3.5731389E+06   1.8143689E+06   5.3874763E+06   4.8909768E-04   3.1455359E-04   2.2038058E-04
   3.6231884E-01   3.5714555E+06   1.8071414E+06   5.3786575E+06   3.1606948E-04   3.5998261E-04   1.9960591E-04
   3.7681159E-01   3.5548342E+06   1.8041128E+06   5.3588013E+06   2.0772541E-04   1.7135660E-04   1.4021043E-04
   3.9130435E-01   3.5292288E+06   1.7975479E+06   5.3268047E+06   5.1922721E-04   2.4070704E-04   2.6812011E-04
   4.0579710E-01   3.5250452E+06   1.7726979E+06   5.2977160E+06   8.5189974E-05   7.0365860E-04   2.2374604E-04
   4.2028986E-01   3.4832110E+06   1.7653436E+06   5.2484239E+06   1.4435151E-04   3.6381691E-04   1.9763860E-04
   4.3478261E-01   3.4417411E+06   1.7512810E+06   5.1930978E+06   4.9272915E-04   3.6186733E-04   4.4145878E-04
   4.4927536E-01   3.4089351E+06   1.7295951E+06   5.1388480E+06   5.2816949E-04   2.0840154E-04   2.9837480E-04
   4.6376812E-01   3.3529138E+06   1.6894213E+06   5.0424535E+06   1.8365697E-04   5.7503444E-04   2.8764779E-04
   4.7826087E-01   3.3066481E+06   1.6692710E+06   4.9758731E+06   5.5093224E-04   4.9828386E-04   5.2871615E-04
   4.9275362E-01   3.2508241E+06   1.6446229E+06   4.8954693E+06   3.2366042E-04   8.9088898E-05   1.9103244E-04
   5.0724638E-01   3.1959601E+06   1.6105152E+06   4.8064753E+06   1.4265398E-04   3.0147154E-04   1.7480015E-04
   5.2173913E-01   3.1432181E+06   1.5827435E+06   4.7260879E+06   1.6427516E-04   3.0418069E-04   1.2567842E-04
   5.3623188E-01   3.0597203E+06   1.5422604E+06   4.6019602E+06   1.5161001E-04   5.6755840E-04   2.0679023E-04
   5.5072464E-01   2.9821724E+06   1.5028910E+06   4.4850434E+06   3.4080869E-04   4.8562581E-04   3.5151670E-04
   5.6521739E-01   2.9241836E+06   1.4669782E+06   4.3910452E+06   1.5772177E-04   7.5473612E-05   1.1808220E-04
   5.7971014E-01   2.8485406E+06   1.4316677E+06   4.2803030E+06   3.9041870E-04   1.9112074E-04   3.2204751E-04
   5.9420290E-01   2.7804686E+06   1.3972110E+06   4.1777720E+06   5.7123616E-04   1.1521505E-04   3.4216266E-04
   6.0869565E-01   2.7081690E+06   1.3484285E+06   4.0565794E+06   2.4972396E-04   2.0414871E-04   1.8797255E-04
   6.2318841E-01   2.6215751E+06   1.3046464E+06   3.9262038E+06   1.8209842E-04   3.1328335E-04   1.4969473E-04
   6.3768116E-01   2.5406911E+06   1.2731698E+06   3.8139126E+06   1.9228492E-04   7.7162190E-05   1.0101448E-04
   6.5217391E-01   2.4488871E+06   1.2291836E+06   3.6782559E+06   1.9665575E-04   3.7310910E-04   1.4703242E-05
   6.6666667E-01   2.3770694E+06   1.1796478E+06   3.5566677E+06   9.0656681E-05   1.6355887E-04   6.4470572E-05
   6.8115942E-01   2.2898964E+06   1.1439889E+06   3.4339498E+06   5.8913695E-04   1.3637653E-04   4.0046664E-04
   6.9565217E-01   2.1968839E+06   1.0886940E+06   3.2856568E+06   6.3852148E-04   9.8587067E-05   4.0890251E-04
   7.1014493E-01   2.1126163E+06   1.0504395E+06   3.1629940E+06   2.0943507E-04   6.7036218E-04   2.6597887E-04
   7.2463768E-01   2.0335228E+06   1.0093659E+06   3.0427523E+06   5.3384628E-04   2.3177511E-04   2.8128509E-04
   7.3913043E-01   1.9422871E+06   9.6712459E+05   2.9094266E+06   1.8547595E-04   4.8767286E-04   1.8834826E-04
   7.5362319E-01   1.8531616E+06   9.1585593E+05   2.7690467E+06   2.3180232E-04   9.1099432E-05   1.5349691E-04
   7.6811594E-01   1.7847129E+06   8.8060440E+05   2.6652887E+06   3.4218372E-04   3.1501585E-04   3.2615623E-04
   7.8260870E-01   1.7006418E+06   8.4004934E+05   2.5406490E+06   3.6809743E-04   4.6887222E-04   9.5373744E-05
   7.9710145E-01   1.6148609E+06   7.9545819E+05   2.4103879E+06   1.9760187E-04   7.1292773E-05   1.1030328E-04
   8.1159420E-01   1.5234296E+06   7.5563938E+05   2.2790419E+06   1.6692602E-04   1.8324730E-04   5.5618401E-05
   8.2608696E-01   1.4440467E+06   7.1009233E+05   2.1541523E+06   2.5022599E-04   3.8349859E-05   1.7381463E-04
   8.4057971E-01   1.3641089E+06   6.6666457E+05   2.0308127E+06   2.4061519E-04   3.5237888E-04   2.7656252E-04
   8.5507246E-01   1.2754506E+06   6.2689225E+05   1.9022658E+06   1.6933695E-04   2.0306776E-04   1.7420450E-04
   8.6956522E-01   1.1923618E+06   5.8167657E+05   1.7740636E+06   4.5768278E-04   6.7826538E-04   1.9326397E-04
   8.8405797E-01   1.1024696E+06   5.4073829E+05   1.6431706E+06   1.4578892E-04   8.7215306E-04   3.5934947E-04
   8.9855072E-01   1.0188747E+06   4.9536425E+05   1.5142757E+06   6.6042714E-04   3.7914292E-04   3.3459993E-04
   9.1304348E-01   9.2821541E+05   4.5334303E+05   1.3815705E+06   3.7993212E-04   2.5595732E-04   2.1300497E-04
   9.2753623E-01   8.2587379E+05   3.9993105E+05   1.2257693E+06   6.2359957E-05   2.2522217E-04   9.8368550E-05
   9.4202899E-01   7.1967499E+05   3.5144993E+05   1.0711249E+06   3.5630236E-04   6.2605867E-04   5.3878671E-05
   9.5652174E-01   6.0671747E+05   2.9308336E+05   8.9981231E+05   6.2078954E-04   1.0144531E-04   3.9231633E-04
   9.7101449E-01   4.7558721E+05   2.3011445E+05   7.0569035E+05   5.1224305E-04   3.9130453E-04   4.6729666E-04
   9.8550725E-01   3.1473930E+05   1.5532488E+05   4.7006418E+05   8.6963273E-04   2.1466964E-04   5.6674628E-04
   1.0000000E+00   1.4467573E+05   6.9810253E+04   2.1448599E+05   2.5638653E-03   1.6621640E-03   2.2643113E-03
