   0.0000000E+00   2.8369661E+06   1.6064018E+06   4.4433679E+06   2.0914803E-03   5.3860352E-03   1.9042113E-03
   1.4492754E-02   2.8657601E+06   1.6404999E+06   4.5062601E+06   2.4204365E-03   2.5099673E-03   6.2772192E-04
   2.8985507E-02   2.8471956E+06   1.5931414E+06   4.4403370E+06   1.4320096E-03   6.2018812E-04   9.6675725E-04
   4.3478261E-02   2.8480796E+06   1.6303968E+06   4.4784764E+06   1.9022630E-03   6.0020842E-04   1.1771533E-03
   5.7971014E-02   2.8521209E+06   1.5704093E+06   4.4227196E+06   1.0430319E-03   4.2720432E-04   7.7943248E-04
   7.2463768E-02   2.9392606E+06   1.5830635E+06   4.5221725E+06   2.8700425E-03   3.5856045E-04   1.7956044E-03
   8.6956522E-02   2.9011212E+06   1.6286287E+06   4.5297499E+06   5.3559479E-04   3.5318040E-04   2.3157549E-04
   1.0144928E-01   2.9593947E+06   1.6387680E+06   4.5981627E+06   1.2325508E-03   7.1782652E-04   8.7662105E-04
   1.1594203E-01   2.9258108E+06   1.6299863E+06   4.5557024E+06   1.5306174E-03   3.7595908E-04   8.5013698E-04
   1.3043478E-01   2.9647711E+06   1.6422680E+06   4.6070390E+06   8.4218590E-04   5.9449437E-04   4.9801033E-04
   1.4492754E-01   2.9520663E+06   1.6561851E+06   4.6082514E+06   6.2193098E-04   3.0553480E-04   3.7076491E-04
   1.5942029E-01   2.9957464E+06   1.6688806E+06   4.6646959E+06   1.2545442E-03   7.0043970E-04   9.0086441E-04
   1.7391304E-01   3.0228011E+06   1.6968250E+06   4.7196892E+06   8.7152862E-04   2.2513567E-04   5.0863769E-04
   1.8840580E-01   3.0514639E+06   1.7291551E+06   4.7805607E+06   9.9152702E-04   3.8852535E-05   6.2371893E-04
   2.0289855E-01   3.0944884E+06   1.7073972E+06   4.8015609E+06   6.9158893E-04   2.1645208E-04   3.7785739E-04
   2.1739130E-01   3.1162679E+06   1.7575955E+06   4.8739139E+06   8.2340851E-04   2.4252373E-04   5.7710089E-04
   2.3188406E-01   3.1417657E+06   1.7462515E+06   4.8880173E+06   5.0927499E-04   4.1823015E-04   2.9286203E-04
   2.4637681E-01   3.1910966E+06   1.7774720E+06   4.9683903E+06   1.2256908E-03   3.9200684E-04   6.9468944E-04
   2.6086957E-01   3.2116248E+06   1.7792078E+06   4.9907064E+06   6.6660201E-04   3.0813832E-04   3.4605426E-04
   2.7536232E-01   3.2494541E+06   1.7848288E+06   5.0342829E+06   8.5881805E-04   3.8395564E-04   5.5291583E-04
   2.8985507E-01   3.2640644E+06   1.7995867E+06   5.0633860E+06   3.3951636E-04   8.6877977E-05   2.0483156E-04
   3.0434783E-01   3.2694895E+06   1.8245939E+06   5.0940833E+06   3.1364633E-04   8.6162613E-05   2.2711380E-04
   3.1884058E-01   3.2792088E+06   1.8131606E+06   5.0923349E+06   5.7411108E-04   4.9680503E-04   4.9325961E-04
   3.3333333E-01   3.3072241E+06   1.8179750E+06   5.1252321E+06   2.1171693E-04   1.1051860E-04   1.0577598E-04
   3.4782609E-01   3.3176554E+06   1.8065074E+06   5.1240680E+06   6.1317653E-04   1.9979352E-04   4.6475748E-04
   3.6231884E-01   3.2798178E+06   1.8200229E+06   5.0998104E+06   3.8646006E-04   8.1266596E-05   2.7801469E-04
   3.7681159E-01   3.2897430E+06   1.8103204E+06   5.0998885E+06   6.2285715E-04   1.1532171E-04   4.4549275E-04
   3.9130435E-01   3.2909907E+06   1.7963972E+06   5.0873038E+06   3.4901678E-04   3.2242151E-05   2.1491088E-04
   4.0579710E-01   3.2759663E+06   1.7846864E+06   5.0604903E+06   2.9780158E-04   1.0264860E-04   2.1907734E-04
   4.2028986E-01   3.2741280E+06   1.7686358E+06   5.0425286E+06   6.5742408E-04   2.3817041E-04   3.4393992E-04
   4.3478261E-01   3.2548832E+06   1.7458506E+06   5.0006580E+06   6.2200863E-04   3.1485380E-04   5.1357792E-04
   4.4927536E-01   3.2184499E+06   1.7318683E+06   4.9501715E+06   2.5141127E-04   2.8172640E-04   2.3572391E-04
   4.6376812E-01   3.1784212E+06   1.6943939E+06   4.8727205E+06   5.1015432E-04   2.4422276E-04   4.1797989E-04
   4.7826087E-01   3.1417141E+06   1.6703502E+06   4.8119494E+06   4.5243462E-04   1.4004922E-04   2.7342453E-04
   4.9275362E-01   3.1216968E+06   1.6445338E+06   4.7661637E+06   6.2084290E-04   2.6000076E-04   3.1309577E-04
   5.0724638E-01   3.0723408E+06   1.6037389E+06   4.6758632E+06   4.0281266E-04   5.1892020E-04   2.1806261E-04
   5.2173913E-01   3.0385872E+06   1.5759029E+06   4.6144691E+06   6.7425108E-05   6.3529419E-05   2.9451196E-05
   5.3623188E-01   2.9863017E+06   1.5533397E+06   4.5395595E+06   3.2647018E-04   2.3483013E-04   2.9565084E-04
   5.5072464E-01   2.9452228E+06   1.5003386E+06   4.4456012E+06   4.8387322E-04   3.8834576E-04   2.5095536E-04
   5.6521739E-01   2.8841013E+06   1.4714664E+06   4.3553733E+06   6.0412962E-04   1.4561358E-04   4.5288017E-04
   5.7971014E-01   2.8134005E+06   1.4244502E+06   4.2378129E+06   4.0146108E-04   1.7508506E-04   2.4767622E-04
   5.9420290E-01   2.7541511E+06   1.3856047E+06   4.1396634E+06   7.0341420E-04   4.4704176E-05   4.5479907E-04
   6.0869565E-01   2.7060040E+06   1.3500342E+06   4.0560201E+06   4.4695375E-04   2.1700161E-04   3.4998490E-04
   6.2318841E-01   2.6401484E+06   1.3028489E+06   3.9428564E+06   2.0270586E-04   4.0007911E-04   2.6560073E-04
   6.3768116E-01   2.5786124E+06   1.2540370E+06   3.8325288E+06   3.5379060E-04   1.2026019E-04   2.0340234E-04
   6.5217391E-01   2.5230443E+06   1.2155443E+06   3.7385381E+06   3.4216085E-04   2.1266245E-04   1.9708226E-04
   6.6666667E-01   2.4621830E+06   1.1761721E+06   3.6382233E+06   3.0684927E-04   2.6918799E-04   2.4123369E-04
   6.8115942E-01   2.3970758E+06   1.1340094E+06   3.5309240E+06   5.3751985E-04   2.2086853E-04   4.3748660E-04
   6.9565217E-01   2.3109706E+06   1.0870048E+06   3.3977544E+06   1.4888802E-04   4.8610456E-04   2.5943136E-04
   7.1014493E-01   2.2370088E+06   1.0528055E+06   3.2897525E+06   3.8757901E-04   4.3734953E-04   2.6501272E-04
   7.2463768E-01   2.1690516E+06   1.0024099E+06   3.1713250E+06   5.9746015E-04   1.8868002E-04   3.5356894E-04
   7.3913043E-01   2.0917247E+06   9.5965122E+05   3.0514056E+06   1.7966800E-04   1.4263860E-04   1.5934026E-04
   7.5362319E-01   2.0103920E+06   9.2302528E+05   2.9333881E+06   4.1182750E-04   1.4832436E-04   2.3685001E-04
   7.6811594E-01   1.9329434E+06   8.7610087E+05   2.8089871E+06   9.2276392E-04   3.7965727E-04   6.9799307E-04
   7.8260870E-01   1.8446117E+06   8.3647114E+05   2.6809566E+06   2.2235503E-04   9.3406929E-05   1.7619293E-04
   7.9710145E-01   1.7660500E+06   7.9099444E+05   2.5569756E+06   3.1062772E-04   1.9227061E-04   1.8317870E-04
   8.1159420E-01   1.6796181E+06   7.4665479E+05   2.4262052E+06   2.6651714E-04   4.1676659E-04   1.0253153E-04
   8.2608696E-01   1.5927359E+06   7.0621059E+05   2.2989465E+06   1.0467796E-03   2.1558748E-04   7.8275501E-04
   8.4057971E-01   1.5108486E+06   6.6190912E+05   2.1727054E+06   3.3694200E-04   3.4327393E-04   3.3327976E-04
   8.5507246E-01   1.4066932E+06   6.2208897E+05   2.0287693E+06   3.6141134E-04   1.3862996E-04   2.3742461E-04
   8.6956522E-01   1.3160497E+06   5.8100723E+05   1.8970317E+06   6.5193524E-04   5.6200437E-04   4.9972871E-04
   8.8405797E-01   1.2236578E+06   5.3139701E+05   1.7550424E+06   5.9346794E-04   3.0396363E-04   4.4038068E-04
   8.9855072E-01   1.1106587E+06   4.8324046E+05   1.5938991E+06   4.7501870E-05   2.0488381E-04   5.1066710E-05
   9.1304348E-01   1.0087761E+06   4.3976391E+05   1.4485159E+06   4.8114412E-04   1.6221588E-04   2.8908373E-04
   9.2753623E-01   8.9338339E+05   3.8704953E+05   1.2803856E+06   5.9333501E-04   1.9672351E-04   3.6433096E-04
   9.4202899E-01   7.7364915E+05   3.3452326E+05   1.1081957E+06   2.6571405E-04   1.5295709E-04   1.7482036E-04
   9.5652174E-01   6.4118301E+05   2.8224543E+05   9.2341696E+05   7.1961652E-04   2.4197285E-04   5.6036778E-04
   9.7101449E-01   5.0315978E+05   2.1787757E+05   7.2102604E+05   7.0061564E-04   1.0083747E-04   4.6636301E-04
   9.8550725E-01   3.4128237E+05   1.4843839E+05   4.8972076E+05   3.6156907E-03   3.4528300E-04   2.5216520E-03
   1.0000000E+00   1.7439433E+05   7.3727506E+04   2.4814372E+05   6.8867245E-03   4.4363832E-05   4.8531358E-03
