   0.0000000E+00   3.4977125E+06   1.6306493E+06   5.1283619E+06   3.7382344E-03   3.6729120E-03   1.3954446E-03
   1.4492754E-02   3.2362934E+06   1.5639685E+06   4.8002619E+06   2.0749096E-03   2.3629610E-03   2.0312732E-03
   2.8985507E-02   3.2215175E+06   1.6537603E+06   4.8752778E+06   1.0937466E-03   1.8274442E-03   3.9507145E-04
   4.3478261E-02   3.2193706E+06   1.6281236E+06   4.8474941E+06   1.0236672E-03   1.1240558E-03   1.0541621E-03
   5.7971014E-02   3.1989748E+06   1.6192833E+06   4.8182581E+06   1.6669186E-03   1.7474908E-03   8.9553678E-04
   7.2463768E-02   3.2761503E+06   1.6192833E+06   4.8954336E+06   9.8874010E-04   1.1673097E-03   7.7210161E-04
   8.6956522E-02   3.2606672E+06   1.6595696E+06   4.9202369E+06   3.2424704E-04   9.9126007E-04   5.4226516E-04
   1.0144928E-01   3.2679018E+06   1.6447216E+06   4.9125152E+06   8.2386491E-04   9.1655842E-04   8.5993172E-04
   1.1594203E-01   3.3093203E+06   1.6488350E+06   4.9581553E+06   2.6757312E-04   4.0502743E-04   4.3904312E-05
   1.3043478E-01   3.3619093E+06   1.6830174E+06   5.0448425E+06   2.2743555E-04   2.8355057E-04   2.4070039E-04
   1.4492754E-01   3.3298739E+06   1.6810388E+06   5.0107611E+06   7.1427869E-04   1.1284309E-04   5.1012358E-04
   1.5942029E-01   3.3514005E+06   1.7021521E+06   5.0535526E+06   6.2877427E-04   6.1023340E-04   5.6170968E-04
   1.7391304E-01   3.3840520E+06   1.7280817E+06   5.1120705E+06   2.7543217E-04   5.0380950E-04   3.5111607E-04
   1.8840580E-01   3.4050355E+06   1.7462916E+06   5.1513271E+06   4.3785874E-04   6.1449388E-04   8.5214876E-05
   2.0289855E-01   3.4183126E+06   1.7583821E+06   5.1766405E+06   2.6674995E-04   9.5392872E-04   4.5442357E-04
   2.1739130E-01   3.4505308E+06   1.7549182E+06   5.2052974E+06   2.5955112E-04   4.2123119E-04   3.0190262E-04
   2.3188406E-01   3.4737965E+06   1.7820546E+06   5.2557564E+06   6.1886171E-04   1.6883434E-04   4.6269947E-04
   2.4637681E-01   3.4926312E+06   1.7804138E+06   5.2730004E+06   5.2589312E-04   5.0625781E-04   3.9047968E-04
   2.6086957E-01   3.5025536E+06   1.7874166E+06   5.2899703E+06   3.0578233E-04   4.4409743E-04   2.5063019E-04
   2.7536232E-01   3.5316113E+06   1.8028550E+06   5.3343865E+06   3.2789378E-04   9.9956347E-04   3.6161789E-04
   2.8985507E-01   3.5233240E+06   1.8123546E+06   5.3354892E+06   5.0252429E-04   1.7485763E-04   3.7585338E-04
   3.0434783E-01   3.5193622E+06   1.8182072E+06   5.3372807E+06   6.1010889E-04   1.2500535E-04   4.3981412E-04
   3.1884058E-01   3.5164493E+06   1.8085797E+06   5.3248912E+06   1.7477671E-04   1.5883909E-04   1.6865287E-04
   3.3333333E-01   3.5257158E+06   1.8060489E+06   5.3315671E+06   1.1714209E-04   5.3386743E-04   2.4796029E-04
   3.4782609E-01   3.4956603E+06   1.8112117E+06   5.3067141E+06   2.2868219E-04   4.6983748E-04   2.3704510E-04
   3.6231884E-01   3.4959546E+06   1.8024434E+06   5.2983071E+06   3.0182493E-04   3.7273042E-04   3.2527495E-04
   3.7681159E-01   3.4774576E+06   1.7951948E+06   5.2720696E+06   4.2669894E-04   2.8764171E-04   2.4008911E-04
   3.9130435E-01   3.4507048E+06   1.7914860E+06   5.2418540E+06   3.9732758E-04   5.0104984E-04   3.8835173E-04
   4.0579710E-01   3.4094903E+06   1.7604929E+06   5.1698750E+06   1.9460547E-04   3.1805622E-04   1.5962627E-04
   4.2028986E-01   3.3693676E+06   1.7304877E+06   5.0995679E+06   3.2480970E-04   2.1653096E-04   1.5063616E-04
   4.3478261E-01   3.3425533E+06   1.7131669E+06   5.0553666E+06   2.6909476E-04   5.5998154E-04   3.6333231E-04
   4.4927536E-01   3.2934414E+06   1.7057386E+06   4.9990089E+06   1.0045114E-04   2.6822836E-04   3.0415703E-05
   4.6376812E-01   3.2403899E+06   1.6629242E+06   4.9030536E+06   2.3174468E-04   2.3695354E-04   1.7880222E-04
   4.7826087E-01   3.1831370E+06   1.6332440E+06   4.8161284E+06   2.4153352E-04   2.4611359E-04   2.3743621E-04
   4.9275362E-01   3.1339098E+06   1.6112379E+06   4.7449025E+06   1.8026481E-04   2.7256573E-04   2.0887120E-04
   5.0724638E-01   3.0878636E+06   1.5783222E+06   4.6660559E+06   3.7232100E-04   1.6343586E-04   2.6212110E-04
   5.2173913E-01   3.0298733E+06   1.5531076E+06   4.5827494E+06   2.9875694E-04   3.2390870E-04   3.0565174E-04
   5.3623188E-01   2.9613988E+06   1.5158010E+06   4.4768926E+06   3.7703966E-04   1.9215164E-04   3.0038020E-04
   5.5072464E-01   2.8885321E+06   1.4842666E+06   4.3725794E+06   1.8091555E-04   4.0652693E-04   2.3020002E-04
   5.6521739E-01   2.8182753E+06   1.4391557E+06   4.2572367E+06   4.2021057E-04   8.4732495E-05   2.5380301E-04
   5.7971014E-01   2.7608894E+06   1.4014340E+06   4.1621150E+06   8.6012968E-05   1.3091434E-04   9.6897784E-05
   5.9420290E-01   2.6778969E+06   1.3511924E+06   4.0289599E+06   2.7444516E-04   2.9335717E-04   1.8448852E-04
   6.0869565E-01   2.6121348E+06   1.3267248E+06   3.9386070E+06   2.7279273E-04   3.0011256E-04   1.7242469E-04
   6.2318841E-01   2.5416251E+06   1.2857558E+06   3.8272399E+06   1.7123433E-04   2.5943638E-04   2.6878011E-05
   6.3768116E-01   2.4782123E+06   1.2510749E+06   3.7291494E+06   2.6049665E-04   2.7481386E-04   2.5455233E-04
   6.5217391E-01   2.3968895E+06   1.2084553E+06   3.6050754E+06   3.0607043E-04   1.1315041E-04   2.4074004E-04
   6.6666667E-01   2.3310781E+06   1.1566192E+06   3.4875984E+06   3.0453787E-04   2.1095653E-04   1.3932640E-04
   6.8115942E-01   2.2340335E+06   1.1298821E+06   3.3638511E+06   1.0224901E-04   2.5427070E-04   1.4545054E-04
   6.9565217E-01   2.1800242E+06   1.0821427E+06   3.2620249E+06   9.1467134E-05   1.4024553E-04   4.8976040E-05
   7.1014493E-01   2.0925285E+06   1.0436663E+06   3.1359938E+06   4.5267817E-04   2.6358988E-04   3.8655559E-04
   7.2463768E-01   2.0285672E+06   1.0012581E+06   3.0297192E+06   5.7901350E-05   3.5265635E-04   1.0225661E-04
   7.3913043E-01   1.9409054E+06   9.5454022E+05   2.8954010E+06   1.5869132E-04   4.9635907E-04   6.4726980E-05
   7.5362319E-01   1.8760249E+06   9.1496705E+05   2.7909191E+06   2.2558046E-04   2.5442619E-04   8.2793962E-05
   7.6811594E-01   1.8032560E+06   8.8109050E+05   2.6841893E+06   2.0695632E-04   1.4272007E-04   1.1084785E-04
   7.8260870E-01   1.7228126E+06   8.3443648E+05   2.5571789E+06   3.4271546E-04   3.7510281E-04   1.3263587E-04
   7.9710145E-01   1.6442335E+06   7.9916422E+05   2.4433150E+06   1.8868587E-04   6.8481034E-04   2.6880915E-04
   8.1159420E-01   1.5722089E+06   7.5301436E+05   2.3251150E+06   5.8140155E-04   3.2309466E-04   3.1946963E-04
   8.2608696E-01   1.4947087E+06   7.1925164E+05   2.2138673E+06   7.9918060E-05   3.5229033E-04   1.0543055E-04
   8.4057971E-01   1.4202468E+06   6.7780853E+05   2.0980422E+06   1.1446388E-04   7.9108098E-04   2.1338176E-04
   8.5507246E-01   1.3416306E+06   6.3499618E+05   1.9764855E+06   1.5372642E-04   5.3038721E-04   1.9497506E-04
   8.6956522E-01   1.2644983E+06   5.9553052E+05   1.8599784E+06   2.6341709E-04   2.2221936E-04   2.3775558E-04
   8.8405797E-01   1.1824046E+06   5.5128449E+05   1.7336022E+06   2.0372358E-04   3.3585608E-04   1.6293900E-04
   8.9855072E-01   1.0974349E+06   5.1458876E+05   1.6119748E+06   1.6399360E-04   4.8474815E-04   2.4951099E-04
   9.1304348E-01   1.0061901E+06   4.7364557E+05   1.4797876E+06   4.3329213E-04   8.1388029E-04   3.6514462E-04
   9.2753623E-01   9.0472576E+05   4.2555203E+05   1.3302659E+06   4.8576576E-04   8.6640413E-04   2.3076680E-04
   9.4202899E-01   7.9575175E+05   3.7091794E+05   1.1666464E+06   4.5797217E-04   1.0966442E-04   2.8057308E-04
   9.5652174E-01   6.6499431E+05   3.0486273E+05   9.6983407E+05   1.1648914E-04   4.2919672E-04   2.1355027E-04
   9.7101449E-01   5.1573594E+05   2.4255491E+05   7.5829085E+05   4.0796849E-04   1.9754698E-04   3.3076862E-04
   9.8550725E-01   3.4241898E+05   1.6251223E+05   5.0492007E+05   7.3429497E-04   1.8504279E-04   5.5551131E-04
   1.0000000E+00   1.6316779E+05   7.7272729E+04   2.4044052E+05   3.5890234E-03   1.0014597E-03   2.7478154E-03
