   0.0000000E+00   3.0127611E+06   1.4427306E+06   4.4554917E+06   1.0716923E-03   1.7787247E-03   6.9689461E-04
   1.4492754E-02   2.9923022E+06   1.5359323E+06   4.5282344E+06   3.8838921E-04   1.5570172E-03   7.6569849E-04
   2.8985507E-02   2.9858614E+06   1.5215353E+06   4.5073967E+06   3.1643112E-04   1.0546456E-03   5.5901975E-04
   4.3478261E-02   3.0319571E+06   1.5185043E+06   4.5504614E+06   6.6830466E-04   2.8534766E-04   3.7257360E-04
   5.7971014E-02   3.0426917E+06   1.5279760E+06   4.5706677E+06   7.1316936E-04   2.8517562E-04   5.6270540E-04
   7.2463768E-02   3.0457984E+06   1.4860732E+06   4.5318716E+06   3.4994740E-04   3.9253955E-04   2.0763167E-04
   8.6956522E-02   3.0895450E+06   1.5493189E+06   4.6388640E+06   2.8229158E-04   2.3611226E-04   2.6579291E-04
   1.0144928E-01   3.1322670E+06   1.5754428E+06   4.7076015E+06   3.3990018E-04   4.3712933E-04   2.8206735E-04
   1.1594203E-01   3.1497220E+06   1.5517500E+06   4.7015667E+06   1.0864732E-04   2.8504631E-04   2.7949470E-05
   1.3043478E-01   3.2074152E+06   1.6005925E+06   4.8080076E+06   2.8704392E-04   3.8469484E-04   3.1303008E-04
   1.4492754E-01   3.2276552E+06   1.6164039E+06   4.8440591E+06   2.7230605E-04   5.2267024E-04   2.4552265E-04
   1.5942029E-01   3.2754890E+06   1.6483528E+06   4.9239107E+06   3.9393945E-04   3.7428513E-04   3.7632525E-04
   1.7391304E-01   3.3012693E+06   1.6552758E+06   4.9565451E+06   2.2597378E-04   3.6678448E-04   1.5578792E-04
   1.8840580E-01   3.3902305E+06   1.7170896E+06   5.1073784E+06   2.6849717E-04   1.5397598E-04   1.6915069E-04
   2.0289855E-01   3.4232378E+06   1.7224437E+06   5.1455192E+06   8.0669745E-05   2.8395151E-04   1.4149407E-04
   2.1739130E-01   3.4880135E+06   1.7371366E+06   5.2250996E+06   2.8151630E-04   3.0775719E-04   2.6897985E-04
   2.3188406E-01   3.5177452E+06   1.7732459E+06   5.2907543E+06   2.5553950E-04   2.4162705E-04   1.3461436E-04
   2.4637681E-01   3.5774086E+06   1.7878128E+06   5.3653106E+06   4.2283259E-05   3.1480248E-04   1.0256795E-04
   2.6086957E-01   3.6208447E+06   1.8048025E+06   5.4255630E+06   2.2932457E-04   2.7495136E-04   1.2891012E-04
   2.7536232E-01   3.6403664E+06   1.8344805E+06   5.4746475E+06   1.9232453E-04   1.9306445E-04   1.8307658E-04
   2.8985507E-01   3.6879044E+06   1.8554698E+06   5.5433364E+06   1.2759344E-04   2.2469007E-04   1.5420434E-04
   3.0434783E-01   3.7181417E+06   1.8600271E+06   5.5782771E+06   2.0880977E-04   3.3407839E-04   2.1883606E-04
   3.1884058E-01   3.7332998E+06   1.8633434E+06   5.5966087E+06   4.5990139E-05   3.1425882E-04   1.3374255E-04
   3.3333333E-01   3.7291187E+06   1.8697317E+06   5.5987516E+06   8.6123778E-05   3.1258281E-04   1.6287817E-04
   3.4782609E-01   3.7222552E+06   1.8842701E+06   5.6064937E+06   5.4188507E-05   4.7004692E-04   1.6037136E-04
   3.6231884E-01   3.7262762E+06   1.8608497E+06   5.5872169E+06   1.6095380E-04   3.3754350E-04   2.1296441E-04
   3.7681159E-01   3.7283268E+06   1.8532491E+06   5.5815176E+06   1.9143472E-04   9.6253161E-05   1.4009944E-04
   3.9130435E-01   3.6863048E+06   1.8539572E+06   5.5402058E+06   1.2278327E-04   8.9464779E-05   5.3609635E-05
   4.0579710E-01   3.6609236E+06   1.8281480E+06   5.4888551E+06   1.6211990E-04   2.5034199E-04   1.8992644E-04
   4.2028986E-01   3.6185062E+06   1.8077768E+06   5.4260218E+06   1.1975090E-04   1.1355990E-04   1.0720826E-04
   4.3478261E-01   3.5950059E+06   1.7899256E+06   5.3846537E+06   1.4616780E-04   2.5357846E-04   3.1307833E-05
   4.4927536E-01   3.5187825E+06   1.7685330E+06   5.2872666E+06   2.7119647E-04   1.2796838E-04   1.8760699E-04
   4.6376812E-01   3.4660770E+06   1.7411131E+06   5.2070244E+06   3.9510161E-05   1.0426703E-04   3.6658967E-05
   4.7826087E-01   3.4101825E+06   1.7164802E+06   5.1263642E+06   1.9631236E-04   2.8880811E-04   7.6625930E-05
   4.9275362E-01   3.3453852E+06   1.6819971E+06   5.0272040E+06   7.3685316E-05   1.9519343E-04   1.1427093E-04
   5.0724638E-01   3.2945309E+06   1.6461288E+06   4.9406597E+06   8.0879611E-05   2.6953448E-04   1.3280008E-04
   5.2173913E-01   3.2014796E+06   1.6053915E+06   4.8068289E+06   2.7700150E-04   1.9934446E-04   2.3340175E-04
   5.3623188E-01   3.1249266E+06   1.5727542E+06   4.6973940E+06   6.1687493E-05   4.0726712E-05   4.8510861E-05
   5.5072464E-01   3.0557526E+06   1.5236689E+06   4.5792620E+06   9.7228270E-05   2.1589479E-05   7.0918854E-05
   5.6521739E-01   2.9579514E+06   1.4870874E+06   4.4450000E+06   1.9654388E-04   3.2150022E-04   9.3606209E-05
   5.7971014E-01   2.8795131E+06   1.4488115E+06   4.3282109E+06   9.0412191E-05   1.0779424E-04   9.1389727E-05
   5.9420290E-01   2.7810600E+06   1.4030511E+06   4.1839447E+06   5.3760413E-05   1.1612221E-04   3.4263959E-05
   6.0869565E-01   2.7085659E+06   1.3557533E+06   4.0641207E+06   1.4410959E-04   9.1620690E-05   8.3483727E-05
   6.2318841E-01   2.6171520E+06   1.3150608E+06   3.9321600E+06   3.1265634E-05   1.3693484E-04   2.5256428E-05
   6.3768116E-01   2.5415349E+06   1.2671941E+06   3.8086429E+06   1.0681244E-04   1.9948076E-04   1.3864174E-04
   6.5217391E-01   2.4381441E+06   1.2260516E+06   3.6640778E+06   2.4893273E-04   1.6744388E-04   1.3210959E-04
   6.6666667E-01   2.3336972E+06   1.1744095E+06   3.5080738E+06   1.6058922E-04   1.2986068E-04   1.4389464E-04
   6.8115942E-01   2.2492366E+06   1.1233366E+06   3.3725409E+06   1.3779090E-04   1.2710821E-04   6.9685843E-05
   6.9565217E-01   2.1649642E+06   1.0699400E+06   3.2348410E+06   6.3827272E-05   2.3121769E-04   1.1876155E-04
   7.1014493E-01   2.0770954E+06   1.0399859E+06   3.1170504E+06   2.1514917E-04   5.8163190E-04   1.0325295E-04
   7.2463768E-01   1.9656599E+06   9.7828352E+05   2.9437919E+06   6.9907545E-05   6.6571523E-05   2.6772300E-05
   7.3913043E-01   1.8873438E+06   9.4243129E+05   2.8298494E+06   2.1347568E-04   2.2113529E-04   1.4396056E-04
   7.5362319E-01   1.7922513E+06   8.9646078E+05   2.6886538E+06   1.0578580E-04   1.5751080E-04   1.1018300E-04
   7.6811594E-01   1.7116557E+06   8.5675714E+05   2.5683699E+06   2.1267163E-04   3.8991911E-04   7.4601753E-05
   7.8260870E-01   1.6215425E+06   8.0906633E+05   2.4305527E+06   1.1577614E-04   1.0481293E-04   1.0963154E-04
   7.9710145E-01   1.5308485E+06   7.6477675E+05   2.2955151E+06   2.5874909E-04   1.8381107E-04   1.9067698E-04
   8.1159420E-01   1.4454774E+06   7.1879443E+05   2.1642042E+06   1.4874075E-04   1.5415041E-04   8.7287396E-05
   8.2608696E-01   1.3582364E+06   6.8083306E+05   2.0390428E+06   3.9263763E-04   1.6518350E-04   2.4066704E-04
   8.4057971E-01   1.2774787E+06   6.3766155E+05   1.9150750E+06   2.6215977E-04   2.0616473E-04   1.4429627E-04
   8.5507246E-01   1.1851002E+06   5.9401419E+05   1.7790758E+06   4.6062560E-04   2.6647309E-04   3.6139557E-04
   8.6956522E-01   1.1078237E+06   5.5254159E+05   1.6603400E+06   1.0155065E-04   1.8798793E-04   1.0795273E-04
   8.8405797E-01   1.0187708E+06   5.1104992E+05   1.5298083E+06   1.0562726E-04   2.3989298E-04   1.3875734E-04
   8.9855072E-01   9.2965736E+05   4.6435815E+05   1.3940400E+06   1.6828232E-04   4.1577973E-04   2.4341041E-04
   9.1304348E-01   8.4136435E+05   4.1914866E+05   1.2604408E+06   1.4565919E-04   4.5815504E-04   1.3806464E-04
   9.2753623E-01   7.4786243E+05   3.7371810E+05   1.1215924E+06   3.2736440E-04   4.2203998E-04   3.5358180E-04
   9.4202899E-01   6.5294753E+05   3.2362351E+05   9.7653607E+05   8.9408273E-05   4.5981190E-04   1.4076680E-04
   9.5652174E-01   5.4415827E+05   2.7316407E+05   8.1729938E+05   2.1122749E-04   2.0099036E-04   2.0705250E-04
   9.7101449E-01   4.2927480E+05   2.1493710E+05   6.4424582E+05   2.2290242E-04   2.9245159E-04   2.2520576E-04
   9.8550725E-01   2.8973399E+05   1.4502857E+05   4.3476257E+05   4.0182500E-04   6.3063231E-04   3.4942217E-04
   1.0000000E+00   1.3242064E+05   6.6987205E+04   1.9940785E+05   7.6078559E-04   8.5159722E-04   7.3639072E-04
