   0.0000000E+00   3.2794844E+06   1.6973302E+06   4.9768145E+06   4.6618220E-03   3.5046967E-03   4.1380147E-03
   1.4492754E-02   3.1931024E+06   1.6745981E+06   4.8677005E+06   1.4143142E-03   1.8123667E-03   1.4189334E-03
   2.8985507E-02   3.2162134E+06   1.6386056E+06   4.8548189E+06   7.4588309E-04   1.6864367E-03   2.9705183E-04
   4.3478261E-02   3.3014587E+06   1.6354483E+06   4.9369071E+06   3.9919431E-04   1.3613961E-03   5.9087296E-04
   5.7971014E-02   3.2506904E+06   1.6685362E+06   4.9192266E+06   8.5851846E-04   1.0706801E-03   2.0789594E-04
   7.2463768E-02   3.2329593E+06   1.6573217E+06   4.8902810E+06   4.5927417E-04   4.4113166E-04   4.1461298E-04
   8.6956522E-02   3.3159820E+06   1.6379741E+06   4.9539562E+06   9.8316624E-04   3.7242426E-04   6.9425430E-04
   1.0144928E-01   3.2959381E+06   1.6599846E+06   4.9558144E+06   6.8401807E-04   5.7821248E-04   3.4753292E-04
   1.1594203E-01   3.3245697E+06   1.6643686E+06   4.9889383E+06   4.6312640E-04   4.0286659E-04   3.2999167E-04
   1.3043478E-01   3.3390930E+06   1.6840277E+06   5.0229523E+06   2.3375801E-04   1.4171987E-04   1.9030585E-04
   1.4492754E-01   3.3672303E+06   1.6913441E+06   5.0584986E+06   1.1510679E-04   2.3822928E-04   1.5542085E-04
   1.5942029E-01   3.3628354E+06   1.7079385E+06   5.0707739E+06   1.8071241E-04   2.0297830E-04   1.0678095E-04
   1.7391304E-01   3.3722440E+06   1.7268188E+06   5.0989364E+06   3.5140059E-04   6.3398310E-05   2.4084400E-04
   1.8840580E-01   3.4020046E+06   1.7420949E+06   5.1439829E+06   4.0950288E-04   7.4290819E-04   5.0980489E-04
   2.0289855E-01   3.4255111E+06   1.7565960E+06   5.1820529E+06   8.4896321E-04   1.7041660E-04   5.2223129E-04
   2.1739130E-01   3.4417916E+06   1.7757812E+06   5.2176738E+06   1.0338557E-04   3.4840932E-04   7.8688355E-05
   2.3188406E-01   3.4606308E+06   1.7859854E+06   5.2464267E+06   8.2765154E-05   2.1387661E-04   4.7840136E-05
   2.4637681E-01   3.4694980E+06   1.8084946E+06   5.2780817E+06   5.2701162E-04   2.0754001E-04   3.4363658E-04
   2.6086957E-01   3.4943027E+06   1.8170526E+06   5.3113132E+06   3.6427072E-04   1.5722324E-04   2.8085857E-04
   2.7536232E-01   3.4923286E+06   1.8154573E+06   5.3077461E+06   2.9846250E-04   2.1643351E-04   2.0561471E-04
   2.8985507E-01   3.5055551E+06   1.8136806E+06   5.3190463E+06   2.8517142E-04   5.1334461E-04   3.6289087E-04
   3.0434783E-01   3.5249911E+06   1.8272640E+06   5.3521468E+06   2.2891094E-04   7.5323521E-04   1.5842248E-04
   3.1884058E-01   3.4942683E+06   1.8320351E+06   5.3260967E+06   1.6273130E-04   3.8552017E-04   2.2882395E-04
   3.3333333E-01   3.4816353E+06   1.8306589E+06   5.3122283E+06   5.3782047E-04   3.7311371E-04   2.7867726E-04
   3.4782609E-01   3.4774115E+06   1.8189785E+06   5.2962321E+06   3.8828687E-04   2.0803350E-04   3.1710804E-04
   3.6231884E-01   3.4510663E+06   1.8102026E+06   5.2612689E+06   3.4597077E-04   3.6567635E-04   2.0190866E-04
   3.7681159E-01   3.4144781E+06   1.7973514E+06   5.2115963E+06   1.7850899E-04   3.1396656E-04   1.8385255E-04
   3.9130435E-01   3.4046232E+06   1.7779028E+06   5.1824699E+06   2.0867288E-04   4.3142714E-04   1.9533740E-04
   4.0579710E-01   3.3711705E+06   1.7692069E+06   5.1403504E+06   9.7479262E-05   2.5841229E-04   1.5239896E-04
   4.2028986E-01   3.3433955E+06   1.7527756E+06   5.0960405E+06   3.2645393E-04   3.1915551E-04   2.7474756E-04
   4.3478261E-01   3.3014587E+06   1.7414052E+06   5.0427376E+06   2.0596586E-04   5.1279880E-04   2.2490763E-04
   4.4927536E-01   3.2650629E+06   1.6965724E+06   4.9615376E+06   2.2074812E-04   3.4536282E-04   1.7630184E-04
   4.6376812E-01   3.2110513E+06   1.6737219E+06   4.8846548E+06   2.4452842E-04   3.1576066E-04   2.5442244E-04
   4.7826087E-01   3.1732175E+06   1.6593285E+06   4.8325690E+06   2.2709436E-04   2.4936607E-04   8.5466268E-05
   4.9275362E-01   3.1000122E+06   1.5986015E+06   4.6983909E+06   1.8893069E-04   3.6187014E-04   2.3681236E-04
   5.0724638E-01   3.0695913E+06   1.5867656E+06   4.6562919E+06   3.2581146E-04   2.8956290E-04   1.8506754E-04
   5.2173913E-01   2.9966381E+06   1.5534233E+06   4.5499983E+06   2.8494387E-04   3.6301836E-04   1.1103103E-04
   5.3623188E-01   2.9355948E+06   1.5103126E+06   4.4458254E+06   2.7179314E-04   5.5842770E-04   3.4620249E-04
   5.5072464E-01   2.8831283E+06   1.4880154E+06   4.3710240E+06   4.4444999E-04   1.5007450E-04   3.2450058E-04
   5.6521739E-01   2.8093573E+06   1.4364745E+06   4.2458318E+06   1.8265220E-04   1.0407686E-04   8.7936596E-05
   5.7971014E-01   2.7447875E+06   1.4098449E+06   4.1546513E+06   3.2949786E-04   4.5265252E-04   1.1983867E-04
   5.9420290E-01   2.6900022E+06   1.3728156E+06   4.0626514E+06   1.3357900E-04   3.4188200E-04   1.5989252E-04
   6.0869565E-01   2.6236272E+06   1.3331294E+06   3.9565041E+06   7.4915361E-04   4.9011058E-04   6.5535904E-04
   6.2318841E-01   2.5534845E+06   1.2896502E+06   3.8430995E+06   1.4303147E-04   4.3756886E-04   2.3888544E-04
   6.3768116E-01   2.4770412E+06   1.2388134E+06   3.7157340E+06   4.0444207E-04   1.7544133E-04   3.2412867E-04
   6.5217391E-01   2.3998699E+06   1.2119409E+06   3.6115751E+06   3.8627424E-05   1.9522286E-04   7.0420605E-05
   6.6666667E-01   2.3368599E+06   1.1640977E+06   3.5008258E+06   4.2454497E-04   3.8206464E-04   2.9777110E-04
   6.8115942E-01   2.2604736E+06   1.1283505E+06   3.3888080E+06   3.7099271E-04   2.1756155E-04   2.0974694E-04
   6.9565217E-01   2.1970102E+06   1.0836897E+06   3.2805894E+06   2.6211925E-04   2.2515837E-04   1.9062538E-04
   7.1014493E-01   2.1177503E+06   1.0427230E+06   3.1604733E+06   4.2562447E-04   4.3444869E-04   2.3753360E-04
   7.2463768E-01   2.0316588E+06   9.9928798E+05   3.0307800E+06   5.0077192E-04   3.0004344E-04   3.3292795E-04
   7.3913043E-01   1.9626717E+06   9.6427193E+05   2.9268991E+06   3.1556521E-04   3.9698907E-04   3.2230294E-04
   7.5362319E-01   1.8918062E+06   9.1103264E+05   2.8027951E+06   2.4067634E-04   4.8747052E-04   1.1637841E-04
   7.6811594E-01   1.8208127E+06   8.7728752E+05   2.6980859E+06   5.1188112E-04   1.8837083E-04   4.0653766E-04
   7.8260870E-01   1.7442537E+06   8.4215416E+05   2.5863658E+06   3.0383690E-04   6.4362045E-04   2.0632105E-04
   7.9710145E-01   1.6738403E+06   7.9509999E+05   2.4688714E+06   5.0888038E-04   1.6033467E-04   2.9732860E-04
   8.1159420E-01   1.5969165E+06   7.5976634E+05   2.3566423E+06   3.1320564E-04   9.9398368E-05   1.8027489E-04
   8.2608696E-01   1.5216283E+06   7.1300363E+05   2.2345788E+06   4.7449956E-04   2.2304458E-04   3.8798161E-04
   8.4057971E-01   1.4402876E+06   6.7450323E+05   2.1147778E+06   6.0236037E-04   3.9889112E-04   5.3476190E-04
   8.5507246E-01   1.3671368E+06   6.3152858E+05   1.9986268E+06   1.7776104E-04   3.3347179E-04   1.8292774E-04
   8.6956522E-01   1.2793879E+06   5.9643980E+05   1.8758024E+06   5.7291783E-04   6.3973610E-04   4.9806252E-04
   8.8405797E-01   1.1931247E+06   5.4738401E+05   1.7404591E+06   1.9301489E-04   3.5242576E-04   1.9538449E-04
   8.9855072E-01   1.1090699E+06   5.0586257E+05   1.6149202E+06   2.5130912E-04   5.7188738E-04   1.7264689E-05
   9.1304348E-01   1.0025097E+06   4.5325884E+05   1.4557445E+06   4.6691057E-04   8.6297502E-05   2.9560298E-04
   9.2753623E-01   9.0182505E+05   4.0306856E+05   1.3048699E+06   5.8912310E-04   4.5729478E-04   3.4469621E-04
   9.4202899E-01   7.7539778E+05   3.4893191E+05   1.1243297E+06   2.2643735E-04   1.2064594E-03   2.4420523E-04
   9.5652174E-01   6.4383508E+05   2.9267005E+05   9.3648218E+05   4.9050830E-04   5.8340252E-04   3.7020782E-04
   9.7101449E-01   5.0699370E+05   2.2924362E+05   7.3622601E+05   1.0082935E-03   4.3237206E-04   8.2818043E-04
   9.8550725E-01   3.5063151E+05   1.5691835E+05   5.0752757E+05   3.1830941E-03   5.0888858E-04   2.3020048E-03
   1.0000000E+00   1.8308231E+05   7.9417370E+04   2.6249968E+05   7.1272094E-03   3.0118520E-03   5.8771377E-03
