   0.0000000E+00   3.0188229E+06   1.4306069E+06   4.4494298E+06   5.3851085E-03   3.2783902E-03   4.7042532E-03
   1.4492754E-02   2.9983641E+06   1.4647050E+06   4.4630691E+06   2.2226383E-03   1.5406252E-03   9.9899450E-04
   2.8985507E-02   2.9695701E+06   1.5238085E+06   4.4933785E+06   1.3440862E-03   1.0327556E-03   1.2280684E-03
   4.3478261E-02   2.9468380E+06   1.5174940E+06   4.4643320E+06   1.2388733E-03   2.9558022E-04   8.0922559E-04
   5.7971014E-02   2.9470274E+06   1.5258922E+06   4.4729196E+06   5.3050735E-04   1.2102891E-03   6.8612305E-04
   7.2463768E-02   3.0192776E+06   1.5448736E+06   4.5641511E+06   5.6964483E-04   1.3934214E-03   7.1884666E-04
   8.6956522E-02   3.0332199E+06   1.5646000E+06   4.5978199E+06   1.4321556E-03   1.0681705E-03   1.0142472E-03
   1.0144928E-01   3.0214209E+06   1.5318188E+06   4.5532397E+06   5.2413258E-04   1.0028970E-03   1.5124301E-05
   1.1594203E-01   3.0456279E+06   1.5640632E+06   4.6095964E+06   3.6751904E-04   1.7864253E-04   1.8613087E-04
   1.3043478E-01   3.0877770E+06   1.5743243E+06   4.6620170E+06   5.2616518E-04   8.0684197E-04   5.5640446E-04
   1.4492754E-01   3.1004312E+06   1.5784413E+06   4.6788725E+06   1.5895117E-03   5.7509475E-04   1.1411708E-03
   1.5942029E-01   3.1787054E+06   1.6069529E+06   4.7856582E+06   6.8641656E-04   1.1724377E-03   4.0123758E-04
   1.7391304E-01   3.2227173E+06   1.6327331E+06   4.8554504E+06   9.9277834E-04   5.2146621E-04   6.3353928E-04
   1.8840580E-01   3.2529636E+06   1.6750644E+06   4.9280280E+06   3.1221323E-04   3.4681510E-04   1.8987532E-04
   2.0289855E-01   3.2950180E+06   1.6790904E+06   4.9740542E+06   5.5863074E-04   8.4835786E-05   3.9607918E-04
   2.1739130E-01   3.3172702E+06   1.6951075E+06   5.0123271E+06   2.7550309E-04   3.6256723E-04   2.0803544E-04
   2.3188406E-01   3.3691341E+06   1.7426997E+06   5.1116917E+06   4.9920777E-04   4.3187100E-04   2.9052289E-04
   2.4637681E-01   3.4173479E+06   1.7543833E+06   5.1715974E+06   4.1977244E-04   9.7108934E-04   3.9090517E-04
   2.6086957E-01   3.4286743E+06   1.7654844E+06   5.1939482E+06   2.0834837E-04   8.5865304E-04   2.5265606E-04
   2.7536232E-01   3.4723084E+06   1.7829943E+06   5.2552230E+06   2.4435481E-04   3.3041772E-04   9.1895936E-05
   2.8985507E-01   3.5168833E+06   1.7905697E+06   5.3073772E+06   6.8148819E-05   1.9036062E-04   5.1094818E-05
   3.0434783E-01   3.5207333E+06   1.8015731E+06   5.3221981E+06   1.1618703E-04   4.7535810E-04   2.0680401E-04
   3.1884058E-01   3.5336017E+06   1.8076842E+06   5.3408726E+06   1.1469906E-04   5.1799161E-04   1.1467931E-04
   3.3333333E-01   3.5390257E+06   1.8123085E+06   5.3511694E+06   3.8476240E-04   4.1675815E-04   3.9230057E-04
   3.4782609E-01   3.5251805E+06   1.8047078E+06   5.3296673E+06   5.7230070E-04   3.4955651E-04   4.7792900E-04
   3.6231884E-01   3.5444497E+06   1.8117484E+06   5.3560466E+06   5.0148324E-04   5.2930077E-04   3.7829658E-04
   3.7681159E-01   3.5196578E+06   1.8040836E+06   5.3235082E+06   1.5882554E-04   1.9140210E-04   1.3377094E-04
   3.9130435E-01   3.5146353E+06   1.7973795E+06   5.3116780E+06   3.3399670E-04   2.1301281E-04   1.7404266E-04
   4.0579710E-01   3.5037744E+06   1.7732121E+06   5.2769324E+06   6.0222556E-04   3.1354934E-04   4.7642508E-04
   4.2028986E-01   3.4520393E+06   1.7638542E+06   5.2156845E+06   1.6675874E-04   1.2944059E-04   6.4310390E-05
   4.3478261E-01   3.4130228E+06   1.7305948E+06   5.1434156E+06   1.4799667E-04   1.0297065E-04   1.1738767E-04
   4.4927536E-01   3.3694839E+06   1.7156625E+06   5.0849753E+06   2.3514268E-04   6.0352363E-04   3.5369387E-04
   4.6376812E-01   3.3408610E+06   1.7001954E+06   5.0409380E+06   1.6632801E-04   5.5782716E-04   2.0145130E-04
   4.7826087E-01   3.2908963E+06   1.6590760E+06   4.9496968E+06   4.3796133E-04   1.2244162E-04   3.2183619E-04
   4.9275362E-01   3.2299195E+06   1.6377364E+06   4.8672993E+06   9.0984796E-05   3.5959971E-04   1.7996380E-04
   5.0724638E-01   3.1855250E+06   1.5960533E+06   4.7814051E+06   2.2622829E-04   1.7482572E-04   9.6334123E-05
   5.2173913E-01   3.1188021E+06   1.5684518E+06   4.6869803E+06   3.1208434E-04   2.8309966E-05   2.1557567E-04
   5.3623188E-01   3.0537812E+06   1.5485476E+06   4.6020421E+06   2.2255139E-04   6.8643540E-04   8.3373434E-05
   5.5072464E-01   2.9936581E+06   1.5056826E+06   4.4992211E+06   1.2520357E-04   2.7924043E-04   1.2654306E-05
   5.6521739E-01   2.9234453E+06   1.4767511E+06   4.3999632E+06   1.0726367E-04   1.6457193E-04   1.0826017E-04
   5.7971014E-01   2.8384248E+06   1.4304743E+06   4.2687096E+06   1.9046054E-04   4.7293272E-04   2.8083360E-04
   5.9420290E-01   2.7761809E+06   1.3909828E+06   4.1669049E+06   3.3589320E-04   2.7037835E-04   1.3328478E-04
   6.0869565E-01   2.6923286E+06   1.3497636E+06   4.0419118E+06   4.0054973E-04   1.6115532E-04   3.0117585E-04
   6.2318841E-01   2.6170639E+06   1.3097390E+06   3.9266444E+06   2.8686698E-04   1.1735588E-04   1.7924437E-04
   6.3768116E-01   2.5211966E+06   1.2681412E+06   3.7891828E+06   2.9260780E-04   1.2087561E-04   1.5703130E-04
   6.5217391E-01   2.4618865E+06   1.2227008E+06   3.6844020E+06   1.8588882E-04   1.2744172E-04   1.6090402E-04
   6.6666667E-01   2.3752080E+06   1.1772263E+06   3.5521543E+06   5.4886017E-04   9.3048517E-05   3.5051635E-04
   6.8115942E-01   2.2931208E+06   1.1432957E+06   3.4362553E+06   6.4651115E-05   7.9836121E-05   3.7482495E-05
   6.9565217E-01   2.2172796E+06   1.0981025E+06   3.3152559E+06   1.9936530E-04   1.6172039E-04   9.5207643E-05
   7.1014493E-01   2.1239978E+06   1.0550942E+06   3.1789373E+06   3.0431658E-04   3.9712041E-04   3.2558760E-04
   7.2463768E-01   2.0475106E+06   1.0092446E+06   3.0566037E+06   1.6179673E-04   3.5653053E-04   1.8540091E-04
   7.3913043E-01   1.9594031E+06   9.7152243E+05   2.9307621E+06   1.3238047E-04   3.8688315E-04   2.1670534E-04
   7.5362319E-01   1.8823054E+06   9.2385588E+05   2.8060301E+06   2.1142927E-04   5.1042976E-04   5.0144849E-05
   7.6811594E-01   1.7964507E+06   8.7990385E+05   2.6761687E+06   4.1831457E-04   4.0421372E-04   2.7784908E-04
   7.8260870E-01   1.7163157E+06   8.4562011E+05   2.5617955E+06   2.8460413E-04   5.3092203E-04   2.8156513E-04
   7.9710145E-01   1.6359122E+06   8.0201606E+05   2.4378042E+06   2.7642385E-04   1.8974539E-04   2.3738410E-04
   8.1159420E-01   1.5439426E+06   7.5382622E+05   2.2976741E+06   1.7733859E-04   5.1324783E-04   2.5431247E-04
   8.2608696E-01   1.4713784E+06   7.2337266E+05   2.1946314E+06   1.7146015E-04   5.4935344E-04   2.7234920E-04
   8.4057971E-01   1.3821248E+06   6.6983923E+05   2.0518595E+06   3.0235117E-04   3.7133276E-04   2.9316592E-04
   8.5507246E-01   1.2874974E+06   6.3508609E+05   1.9225449E+06   6.5982953E-04   2.6574747E-04   4.5304617E-04
   8.6956522E-01   1.2065189E+06   5.8738485E+05   1.7938027E+06   2.5404414E-04   4.3550813E-04   2.8303006E-04
   8.8405797E-01   1.1141338E+06   5.4057680E+05   1.6547106E+06   3.7963758E-04   2.9607436E-04   3.4926281E-04
   8.9855072E-01   1.0269165E+06   5.0135281E+05   1.5282082E+06   2.4414995E-04   4.5220384E-04   4.1266829E-05
   9.1304348E-01   9.3308657E+05   4.4897703E+05   1.3820395E+06   3.4670915E-04   4.7674188E-04   1.7389112E-04
   9.2753623E-01   8.3482455E+05   4.0431172E+05   1.2390771E+06   4.3319388E-04   5.0542299E-04   3.9582341E-04
   9.4202899E-01   7.3202027E+05   3.5105358E+05   1.0830505E+06   3.2968539E-04   3.3009468E-04   2.0043873E-04
   9.5652174E-01   6.1366339E+05   2.9733128E+05   9.1098319E+05   2.8963922E-04   7.7013812E-04   4.2604568E-04
   9.7101449E-01   4.7691042E+05   2.3267040E+05   7.0958082E+05   7.8433225E-04   1.9090672E-04   4.7483846E-04
   9.8550725E-01   3.1578676E+05   1.5450028E+05   4.7027590E+05   6.2107297E-04   9.3293391E-04   7.2336372E-04
   1.0000000E+00   1.4336269E+05   7.0751269E+04   2.1411396E+05   2.1993836E-03   8.3030047E-04   1.7061363E-03
