   0.0000000E+00   3.1885560E+06   1.4730401E+06   4.6615961E+06   2.3209334E-03   6.6796351E-04   1.7159774E-03
   1.4492754E-02   2.9619927E+06   1.4912258E+06   4.4532185E+06   6.2464654E-04   5.6118107E-04   2.4196240E-04
   2.8985507E-02   3.1188442E+06   1.5200198E+06   4.6388640E+06   7.3886698E-04   4.9834685E-04   6.5497971E-04
   4.3478261E-02   3.0359983E+06   1.5629582E+06   4.5989565E+06   4.4584117E-04   1.2500422E-04   3.3497499E-04
   5.7971014E-02   3.0945966E+06   1.5507081E+06   4.6453047E+06   2.5405085E-04   1.5604402E-04   1.6118752E-04
   7.2463768E-02   3.1027802E+06   1.5435096E+06   4.6462898E+06   5.4055043E-04   5.4698151E-04   2.8970524E-04
   8.6956522E-02   3.0895450E+06   1.5591695E+06   4.6487146E+06   3.3510946E-04   6.6521666E-04   2.0934698E-04
   1.0144928E-01   3.1347567E+06   1.5488138E+06   4.6835704E+06   7.5048349E-05   9.4707806E-05   5.9909560E-05
   1.1594203E-01   3.1927235E+06   1.5868901E+06   4.7795189E+06   2.0961168E-04   4.4934221E-04   2.4403415E-04
   1.3043478E-01   3.1947021E+06   1.5917522E+06   4.7864542E+06   1.3164045E-04   3.7616243E-04   1.0734987E-04
   1.4492754E-01   3.2451589E+06   1.6073111E+06   4.8523942E+06   3.2365053E-05   1.9628758E-04   4.8684356E-05
   1.5942029E-01   3.2980145E+06   1.6445641E+06   4.9425786E+06   1.8356332E-04   1.1451392E-04   1.0509629E-04
   1.7391304E-01   3.3426922E+06   1.6970776E+06   5.0396435E+06   1.7452515E-04   1.1454872E-04   8.2486204E-05
   1.8840580E-01   3.4208897E+06   1.7086379E+06   5.1291779E+06   2.0769183E-05   6.7559901E-05   1.3202174E-05
   2.0289855E-01   3.4599339E+06   1.7452841E+06   5.2051639E+06   1.9915838E-04   2.0599075E-04   1.1225503E-04
   2.1739130E-01   3.4950857E+06   1.7572924E+06   5.2523276E+06   5.1774974E-05   3.2994573E-04   7.9240689E-05
   2.3188406E-01   3.5672349E+06   1.7938942E+06   5.3609870E+06   9.0871360E-05   1.0242871E-04   7.2299316E-05
   2.4637681E-01   3.6174349E+06   1.8084500E+06   5.4257067E+06   4.2542996E-05   1.4853299E-04   6.7179586E-05
   2.6086957E-01   3.6693820E+06   1.8608750E+06   5.5299623E+06   3.2838623E-05   6.0225116E-05   3.6949972E-05
   2.7536232E-01   3.7117532E+06   1.8432144E+06   5.5547682E+06   6.6182565E-05   2.1096238E-04   7.0632206E-05
   2.8985507E-01   3.7385970E+06   1.8815738E+06   5.6199057E+06   3.4082169E-05   2.1364424E-04   9.2805625E-05
   3.0434783E-01   3.7653740E+06   1.8820375E+06   5.6471589E+06   1.6356602E-04   1.0911548E-04   1.0698613E-04
   3.1884058E-01   3.7663991E+06   1.8914141E+06   5.6575376E+06   1.5768259E-04   1.7592013E-04   1.6382357E-04
   3.3333333E-01   3.7758348E+06   1.8960219E+06   5.6714944E+06   7.7221044E-05   5.6318612E-05   7.0131876E-05
   3.4782609E-01   3.7717922E+06   1.9039397E+06   5.6754162E+06   1.8308380E-04   1.7894827E-04   1.5710123E-04
   3.6231884E-01   3.7817426E+06   1.8913411E+06   5.6728411E+06   8.7525549E-05   1.2886240E-04   4.2774860E-05
   3.7681159E-01   3.7695943E+06   1.8826259E+06   5.6520745E+06   1.6719066E-04   1.2529298E-04   1.0559976E-04
   3.9130435E-01   3.7584581E+06   1.8629939E+06   5.6212836E+06   5.2648829E-05   1.0996672E-04   6.2202368E-05
   4.0579710E-01   3.7051971E+06   1.8572667E+06   5.5621391E+06   1.1215269E-04   1.0476369E-04   1.0610682E-04
   4.2028986E-01   3.6730110E+06   1.8338534E+06   5.5063680E+06   6.9351317E-05   1.7516061E-04   3.1854372E-05
   4.3478261E-01   3.6261489E+06   1.8176082E+06   5.4435298E+06   9.1922824E-05   2.7496265E-04   1.5124389E-04
   4.4927536E-01   3.5863922E+06   1.7889674E+06   5.3751396E+06   1.1353592E-04   1.1716012E-04   3.7265256E-05
   4.6376812E-01   3.5055977E+06   1.7695993E+06   5.2749602E+06   8.7940759E-05   2.3439144E-04   3.9683382E-05
   4.7826087E-01   3.4526616E+06   1.7310609E+06   5.1833093E+06   2.2312468E-05   1.4279522E-04   3.4357547E-05
   4.9275362E-01   3.3712597E+06   1.6842258E+06   5.0551289E+06   7.0583857E-05   1.1730207E-04   7.4248860E-05
   5.0724638E-01   3.3171764E+06   1.6497227E+06   4.9667042E+06   8.9317640E-05   1.2935323E-05   6.0024087E-05
   5.2173913E-01   3.2328836E+06   1.6262292E+06   4.8589444E+06   1.0042125E-04   1.9491377E-05   6.3249603E-05
   5.3623188E-01   3.1431942E+06   1.5733685E+06   4.7161941E+06   7.5574832E-05   1.7392643E-04   3.0979969E-05
   5.5072464E-01   3.0704089E+06   1.5377668E+06   4.6078367E+06   1.1054104E-04   4.7680782E-05   5.9675672E-05
   5.6521739E-01   2.9778857E+06   1.4919058E+06   4.4695778E+06   8.7576504E-05   1.8051826E-04   5.7463572E-05
   5.7971014E-01   2.8967895E+06   1.4479022E+06   4.3444833E+06   1.2432475E-04   5.6107219E-05   1.0241012E-04
   5.9420290E-01   2.7925184E+06   1.3995027E+06   4.1916330E+06   5.9247856E-05   2.4652552E-04   1.2176645E-04
   6.0869565E-01   2.7053545E+06   1.3563487E+06   4.0614686E+06   9.0814802E-05   9.7227624E-05   9.0243762E-05
   6.2318841E-01   2.5944728E+06   1.3083998E+06   3.9027140E+06   1.3261573E-04   6.6191993E-05   8.2274307E-05
   6.3768116E-01   2.5186995E+06   1.2578601E+06   3.7762841E+06   1.4414014E-04   1.0913520E-04   1.3186903E-04
   6.5217391E-01   2.4141154E+06   1.2138100E+06   3.6274202E+06   1.1974094E-04   2.2776616E-04   1.4823544E-04
   6.6666667E-01   2.3335490E+06   1.1633235E+06   3.4966912E+06   7.7315183E-05   1.1329728E-04   7.4410728E-05
   6.8115942E-01   2.2424169E+06   1.1235623E+06   3.3658180E+06   7.4845792E-05   4.1862928E-05   5.4840091E-05
   6.9565217E-01   2.1466365E+06   1.0723711E+06   3.2187707E+06   1.8132435E-04   2.1879239E-04   1.7897531E-04
   7.1014493E-01   2.0483169E+06   1.0205631E+06   3.0687253E+06   3.4044934E-05   1.4836604E-04   6.8219173E-05
   7.2463768E-01   1.9505961E+06   9.7329762E+05   2.9237118E+06   1.6002538E-04   1.7381534E-04   1.5573528E-04
   7.3913043E-01   1.8608824E+06   9.3541851E+05   2.7961969E+06   4.3125682E-05   3.0740917E-05   2.7360509E-05
   7.5362319E-01   1.7786849E+06   8.9038432E+05   2.6689380E+06   1.4520803E-04   1.2703993E-04   7.0208879E-05
   7.6811594E-01   1.6890666E+06   8.3881451E+05   2.5277524E+06   1.7833629E-04   7.7544982E-05   1.2664544E-04
   7.8260870E-01   1.5972528E+06   8.0327105E+05   2.4004116E+06   9.6678025E-05   1.4361938E-04   7.4556845E-05
   7.9710145E-01   1.5154596E+06   7.5656564E+05   2.2719150E+06   1.8481119E-04   1.7312878E-04   1.2613432E-04
   8.1159420E-01   1.4209998E+06   7.0725248E+05   2.1281170E+06   7.6953295E-05   2.7105157E-04   1.1125911E-04
   8.2608696E-01   1.3270628E+06   6.6583785E+05   1.9928209E+06   1.8681877E-04   2.6822534E-04   2.1394118E-04
   8.4057971E-01   1.2584961E+06   6.2973144E+05   1.8881492E+06   7.9961124E-05   2.0738849E-04   7.3131237E-05
   8.5507246E-01   1.1629203E+06   5.8287931E+05   1.7457483E+06   2.1450048E-04   7.6795423E-05   1.3203631E-04
   8.6956522E-01   1.0806588E+06   5.4209745E+05   1.6227057E+06   1.1139411E-04   2.7203925E-04   1.5947720E-04
   8.8405797E-01   9.8560425E+05   4.9775847E+05   1.4833255E+06   6.5975484E-05   2.2406008E-05   4.6630317E-05
   8.9855072E-01   9.0426096E+05   4.5135441E+05   1.3555787E+06   1.2478230E-04   1.1658185E-04   4.5339769E-05
   9.1304348E-01   8.1348445E+05   4.0975513E+05   1.2232155E+06   1.3718163E-04   3.3033406E-04   6.0972224E-05
   9.2753623E-01   7.2027608E+05   3.6204422E+05   1.0822729E+06   2.2942776E-04   2.1754725E-04   2.1760905E-04
   9.4202899E-01   6.2658995E+05   3.1133652E+05   9.3791481E+05   2.7648645E-04   1.6604720E-04   2.2431861E-04
   9.5652174E-01   5.2523781E+05   2.6456491E+05   7.8977976E+05   1.8360158E-05   1.8743697E-04   5.0705102E-05
   9.7101449E-01   4.1370161E+05   2.0940675E+05   6.2310836E+05   1.9462250E-04   1.5981466E-04   8.9052243E-05
   9.8550725E-01   2.8431840E+05   1.4048215E+05   4.2480056E+05   3.9263118E-04   3.2934215E-04   3.6093298E-04
   1.0000000E+00   1.2907237E+05   6.6461987E+04   1.9551248E+05   1.0865164E-03   7.4588210E-04   9.5427367E-04
