   0.0000000E+00   3.1218751E+06   1.6670207E+06   4.7888958E+06   2.3927545E-03   5.6853073E-03   3.4809066E-03
   1.4492754E-02   3.4204234E+06   1.7230932E+06   5.1435166E+06   1.3951655E-03   5.4078547E-04   8.7104418E-04
   2.8985507E-02   3.4302740E+06   1.6886162E+06   5.1188902E+06   1.3152186E-03   8.8458036E-04   6.2885862E-04
   4.3478261E-02   3.4812949E+06   1.6465618E+06   5.1278567E+06   2.0948261E-03   7.1324995E-04   1.2083948E-03
   5.7971014E-02   3.4408823E+06   1.6836909E+06   5.1245732E+06   1.2730153E-03   1.6763609E-03   1.2124033E-03
   7.2463768E-02   3.4622505E+06   1.6562608E+06   5.1185113E+06   1.5232807E-03   1.6725274E-04   9.9426716E-04
   8.6956522E-02   3.4785165E+06   1.6985931E+06   5.1771096E+06   7.0292117E-04   5.1631735E-04   3.4579432E-04
   1.0144928E-01   3.4322224E+06   1.6895363E+06   5.1217587E+06   3.7655354E-04   4.7111937E-04   1.8432133E-04
   1.1594203E-01   3.4808529E+06   1.7390057E+06   5.2198586E+06   2.0851237E-04   7.7218659E-04   1.4285818E-04
   1.3043478E-01   3.4773378E+06   1.7310916E+06   5.2084294E+06   5.8793218E-04   4.5594058E-04   5.3358911E-04
   1.4492754E-01   3.4644479E+06   1.7258968E+06   5.1901932E+06   5.8810388E-04   7.4802982E-04   2.3069570E-04
   1.5942029E-01   3.5233378E+06   1.7615311E+06   5.2848689E+06   1.0870071E-04   6.9639161E-04   1.8461847E-04
   1.7391304E-01   3.4832524E+06   1.7605380E+06   5.2436641E+06   3.3966023E-04   8.2908687E-04   2.0441803E-04
   1.8840580E-01   3.5309947E+06   1.7708889E+06   5.3018253E+06   2.6960478E-04   6.4451946E-04   5.3795494E-05
   2.0289855E-01   3.5494010E+06   1.7899905E+06   5.3393374E+06   5.7007292E-04   1.8124327E-04   4.1863588E-04
   2.1739130E-01   3.5592408E+06   1.7932091E+06   5.3525004E+06   7.4792144E-05   4.9769655E-04   1.2976154E-04
   2.3188406E-01   3.5475811E+06   1.8139743E+06   5.3615553E+06   4.8468742E-04   7.6324554E-05   3.2467762E-04
   2.4637681E-01   3.5581086E+06   1.8259225E+06   5.3839420E+06   3.1977871E-04   4.9479497E-04   2.7019296E-04
   2.6086957E-01   3.5385882E+06   1.8266506E+06   5.3650283E+06   3.5908626E-04   3.7235028E-04   2.6699342E-04
   2.7536232E-01   3.5494380E+06   1.8339621E+06   5.3834001E+06   2.3133266E-04   3.0432279E-04   2.4053030E-04
   2.8985507E-01   3.5352205E+06   1.8271305E+06   5.3622752E+06   1.2461100E-04   8.9724934E-05   6.0360433E-05
   3.0434783E-01   3.5291766E+06   1.8417692E+06   5.3708737E+06   5.7311688E-04   6.8706030E-05   3.9403150E-04
   3.1884058E-01   3.5180681E+06   1.8282808E+06   5.3463489E+06   3.6648296E-04   1.5475908E-04   2.2948758E-04
   3.3333333E-01   3.5124390E+06   1.8467031E+06   5.3591421E+06   2.7701661E-04   4.3733922E-04   3.0814582E-04
   3.4782609E-01   3.4716653E+06   1.8402583E+06   5.3118289E+06   1.6649725E-04   3.9229526E-04   2.4419231E-04
   3.6231884E-01   3.4628870E+06   1.8207503E+06   5.2835160E+06   4.3731308E-04   1.2484857E-04   2.7010368E-04
   3.7681159E-01   3.4358113E+06   1.8060945E+06   5.2417892E+06   5.1278707E-04   1.1196449E-04   3.1234611E-04
   3.9130435E-01   3.4062228E+06   1.8093068E+06   5.2152210E+06   4.5805220E-04   2.2034367E-04   3.7108655E-04
   4.0579710E-01   3.3515235E+06   1.7649040E+06   5.1163463E+06   2.9631735E-04   1.4487600E-04   1.4653792E-04
   4.2028986E-01   3.3138961E+06   1.7520179E+06   5.0659662E+06   1.9797504E-04   8.0631320E-05   1.1516441E-04
   4.3478261E-01   3.2757967E+06   1.7287510E+06   5.0043204E+06   4.5619993E-04   3.3265457E-04   2.5501981E-04
   4.4927536E-01   3.2255384E+06   1.7036854E+06   4.9291505E+06   3.1631068E-04   1.1606920E-04   2.4672470E-04
   4.6376812E-01   3.1877982E+06   1.6856563E+06   4.8734072E+06   2.3735491E-04   2.7901601E-04   5.9702037E-05
   4.7826087E-01   3.1147570E+06   1.6461485E+06   4.7607907E+06   3.6070507E-04   3.1905930E-04   2.8794914E-04
   4.9275362E-01   3.0866850E+06   1.6144472E+06   4.7010652E+06   4.7493963E-04   9.4423374E-05   3.4019555E-04
   5.0724638E-01   3.0182817E+06   1.5907058E+06   4.6088576E+06   2.8374485E-04   4.4481125E-04   3.3444792E-04
   5.2173913E-01   2.9397868E+06   1.5536338E+06   4.4933575E+06   3.7790689E-04   1.7656236E-04   1.9085991E-04
   5.3623188E-01   2.8925062E+06   1.5002572E+06   4.3927224E+06   2.5464885E-04   1.1507520E-04   2.0423725E-04
   5.5072464E-01   2.8239450E+06   1.4683940E+06   4.2923789E+06   1.4882973E-04   8.9559710E-05   1.2014048E-04
   5.6521739E-01   2.7678178E+06   1.4347841E+06   4.2023882E+06   1.9595545E-04   3.5105649E-04   4.4165381E-05
   5.7971014E-01   2.6964249E+06   1.3946523E+06   4.0909446E+06   3.3238235E-04   2.8681485E-04   2.0126733E-04
   5.9420290E-01   2.6312684E+06   1.3609320E+06   3.9920341E+06   4.5926225E-04   2.9554597E-04   2.0210124E-04
   6.0869565E-01   2.5647222E+06   1.3200675E+06   3.8847536E+06   3.7878247E-04   3.1588381E-04   3.2000812E-04
   6.2318841E-01   2.4893060E+06   1.2795001E+06   3.7687003E+06   2.5462689E-04   1.2368527E-04   2.0216788E-04
   6.3768116E-01   2.4151996E+06   1.2400877E+06   3.6552184E+06   3.6684853E-04   7.2936438E-04   3.4049903E-04
   6.5217391E-01   2.3560223E+06   1.1976112E+06   3.5534314E+06   2.7256536E-04   2.7699572E-04   1.0057561E-04
   6.6666667E-01   2.2880848E+06   1.1556967E+06   3.4437156E+06   3.2484370E-04   3.1393572E-04   3.1373806E-04
   6.8115942E-01   2.2236508E+06   1.1187418E+06   3.3423604E+06   1.3794103E-04   1.7076378E-04   8.7287573E-05
   6.9565217E-01   2.1461155E+06   1.0749916E+06   3.2209966E+06   2.8038521E-04   5.5004044E-04   3.5976027E-04
   7.1014493E-01   2.0683892E+06   1.0321456E+06   3.1005348E+06   3.7776367E-04   1.8336558E-04   1.9166384E-04
   7.2463768E-01   1.9944387E+06   9.8552749E+05   2.9799359E+06   3.0515421E-05   2.3564189E-04   8.8887143E-05
   7.3913043E-01   1.9257804E+06   9.4795831E+05   2.8736941E+06   1.0157070E-04   2.2708781E-04   1.2313240E-04
   7.5362319E-01   1.8690741E+06   9.0358642E+05   2.7726314E+06   1.7903292E-04   5.3287252E-04   2.6434756E-04
   7.6811594E-01   1.7873293E+06   8.5667136E+05   2.6439006E+06   3.0042302E-04   1.5529974E-04   2.3536361E-04
   7.8260870E-01   1.7167226E+06   8.2555412E+05   2.5422346E+06   2.8001731E-04   9.6307864E-05   1.7147271E-04
   7.9710145E-01   1.6442611E+06   7.8462945E+05   2.4288492E+06   6.9306233E-04   3.4895346E-04   3.7054005E-04
   8.1159420E-01   1.5729666E+06   7.4511225E+05   2.3179977E+06   1.3572280E-04   3.6032561E-04   1.0939768E-04
   8.2608696E-01   1.5030172E+06   6.9763620E+05   2.2006269E+06   3.7189722E-04   2.0597346E-04   1.9641854E-04
   8.4057971E-01   1.4260604E+06   6.6687360E+05   2.0928949E+06   2.4561890E-04   2.2465535E-04   2.3776004E-04
   8.5507246E-01   1.3531251E+06   6.2456767E+05   1.9776285E+06   3.3323238E-04   4.8293480E-04   1.9307386E-04
   8.6956522E-01   1.2748415E+06   5.8189126E+05   1.8567075E+06   2.4066209E-04   3.0772809E-04   2.3539517E-04
   8.8405797E-01   1.1939322E+06   5.3726015E+05   1.7311054E+06   6.1732962E-04   1.3513526E-04   4.1720292E-04
   8.9855072E-01   1.1261311E+06   5.0024065E+05   1.6263962E+06   7.1710175E-04   6.7112708E-05   4.8214370E-04
   9.1304348E-01   1.0339618E+06   4.5923654E+05   1.4931743E+06   4.7693057E-04   3.5172348E-04   2.7292438E-04
   9.2753623E-01   9.4966902E+05   4.1346376E+05   1.3631328E+06   1.7023832E-04   7.9783187E-04   3.5677450E-04
   9.4202899E-01   8.5310659E+05   3.6500759E+05   1.2180675E+06   8.6356667E-04   4.4095813E-04   7.0401075E-04
   9.5652174E-01   7.5707079E+05   3.1537919E+05   1.0724500E+06   3.1658274E-04   8.3770313E-04   4.5416421E-04
   9.7101449E-01   6.0779530E+05   2.5439595E+05   8.6220256E+05   3.0481383E-04   1.0914801E-03   5.0727705E-04
   9.8550725E-01   4.0217989E+05   1.7065790E+05   5.7284893E+05   7.0081015E-04   8.6577487E-04   6.3086250E-04
   1.0000000E+00   1.7979970E+05   8.0686647E+04   2.6048635E+05   1.7503152E-03   9.1254298E-04   1.4850529E-03
