   0.0000000E+00   3.3340414E+06   1.7337015E+06   5.0677429E+06   2.7001726E-03   7.2227357E-03   2.1873193E-03
   1.4492754E-02   3.4333049E+06   1.6526237E+06   5.0859286E+06   1.4907090E-03   1.9766315E-03   1.6273656E-03
   2.8985507E-02   3.3590467E+06   1.6446675E+06   5.0037142E+06   1.2128611E-03   1.2411872E-03   1.0023173E-03
   4.3478261E-02   3.4080470E+06   1.7127375E+06   5.1207845E+06   3.6100566E-04   1.8497231E-03   7.0845053E-04
   5.7971014E-02   3.4113306E+06   1.6422048E+06   5.0533459E+06   1.1215434E-03   5.6599851E-04   8.7110741E-04
   7.2463768E-02   3.4129976E+06   1.6858126E+06   5.0988101E+06   3.6338724E-04   2.9896203E-04   3.3814493E-04
   8.6956522E-02   3.4254750E+06   1.7145055E+06   5.1399805E+06   7.7505042E-04   5.1294555E-04   6.2012107E-04
   1.0144928E-01   3.4080831E+06   1.6964642E+06   5.1045473E+06   1.7431458E-04   1.4517646E-04   6.9248618E-05
   1.1594203E-01   3.4478913E+06   1.7104011E+06   5.1581978E+06   6.9928364E-04   5.2921975E-04   4.7492450E-04
   1.3043478E-01   3.4615096E+06   1.7261242E+06   5.1876337E+06   3.7287552E-04   7.2726471E-04   4.1514368E-04
   1.4492754E-01   3.4802088E+06   1.7274123E+06   5.2075454E+06   2.9208411E-04   6.9134482E-04   4.1774379E-04
   1.5942029E-01   3.5178959E+06   1.7407278E+06   5.2586237E+06   1.1693053E-04   4.3588826E-04   1.6987230E-04
   1.7391304E-01   3.5297269E+06   1.7705149E+06   5.3002418E+06   2.8935709E-04   4.1478174E-04   2.0455061E-04
   1.8840580E-01   3.5356577E+06   1.7848196E+06   5.3203607E+06   2.2155000E-04   5.3667622E-04   3.1948764E-04
   2.0289855E-01   3.5526484E+06   1.7881503E+06   5.3405823E+06   7.9658702E-04   2.6050824E-04   4.6665379E-04
   2.1739130E-01   3.5728800E+06   1.8067979E+06   5.3794253E+06   2.2693578E-04   3.3367343E-04   2.5278146E-04
   2.3188406E-01   3.5947502E+06   1.8172894E+06   5.4117554E+06   3.6016861E-04   4.0137384E-04   1.5481000E-04
   2.4637681E-01   3.5897553E+06   1.8148685E+06   5.4045346E+06   1.9861722E-04   7.5269180E-04   3.8467730E-04
   2.6086957E-01   3.6125938E+06   1.8376798E+06   5.4500632E+06   5.6606265E-04   1.9641625E-04   3.1403067E-04
   2.7536232E-01   3.5899171E+06   1.8511507E+06   5.4410678E+06   4.3754238E-04   6.5497788E-05   2.7986247E-04
   2.8985507E-01   3.6168666E+06   1.8388375E+06   5.4555147E+06   3.7663807E-04   4.8425872E-04   2.1269507E-04
   3.0434783E-01   3.5880636E+06   1.8458466E+06   5.4336937E+06   5.1855448E-04   2.5246693E-04   2.5762601E-04
   3.1884058E-01   3.6145762E+06   1.8303130E+06   5.4447169E+06   1.6623022E-04   1.9140065E-04   6.9995696E-05
   3.3333333E-01   3.5924626E+06   1.8479880E+06   5.4401870E+06   2.1760670E-04   2.2543467E-04   1.5106868E-04
   3.4782609E-01   3.5565950E+06   1.8518137E+06   5.4082509E+06   3.2640330E-04   3.6210746E-04   2.6898393E-04
   3.6231884E-01   3.5336596E+06   1.8261757E+06   5.3595928E+06   2.7850079E-04   2.5986290E-04   1.1978910E-04
   3.7681159E-01   3.5256614E+06   1.8192675E+06   5.3446666E+06   2.2196591E-04   7.5866215E-05   1.3587785E-04
   3.9130435E-01   3.4891810E+06   1.8177261E+06   5.3067387E+06   2.8641314E-04   3.5408902E-05   1.9673035E-04
   4.0579710E-01   3.4524648E+06   1.7906130E+06   5.2428613E+06   1.8736845E-04   3.3404098E-04   1.5012459E-05
   4.2028986E-01   3.3974823E+06   1.7589420E+06   5.1560846E+06   8.5163526E-05   1.9630412E-04   1.1601382E-04
   4.3478261E-01   3.3784448E+06   1.7446382E+06   5.1228809E+06   2.2599564E-04   2.7139165E-04   5.6983920E-05
   4.4927536E-01   3.3213310E+06   1.7168602E+06   5.0379712E+06   1.5262868E-04   1.5844956E-04   1.2760357E-04
   4.6376812E-01   3.2853331E+06   1.6966198E+06   4.9817162E+06   2.4840500E-04   2.0740478E-04   1.2261584E-04
   4.7826087E-01   3.2148471E+06   1.6536570E+06   4.8682745E+06   2.4361429E-04   1.9021894E-04   1.5840815E-04
   4.9275362E-01   3.1686765E+06   1.6267492E+06   4.7952697E+06   2.2042394E-04   1.2833348E-04   1.3835118E-04
   5.0724638E-01   3.1134101E+06   1.5865274E+06   4.6997644E+06   5.9151761E-05   4.8578541E-05   4.9865348E-05
   5.2173913E-01   3.0491956E+06   1.5567490E+06   4.6057551E+06   1.1647662E-04   7.6112113E-05   6.5384060E-05
   5.3623188E-01   2.9760006E+06   1.5250372E+06   4.5008125E+06   1.6367014E-04   2.2862953E-04   1.3904540E-04
   5.5072464E-01   2.8965282E+06   1.4904282E+06   4.3867371E+06   1.7505389E-04   9.5968318E-05   1.4361713E-04
   5.6521739E-01   2.8486236E+06   1.4475879E+06   4.2960561E+06   1.4531786E-04   3.9028981E-04   2.2986910E-04
   5.7971014E-01   2.7688456E+06   1.4096176E+06   4.1782737E+06   6.2140034E-04   2.0475051E-04   4.6518426E-04
   5.9420290E-01   2.6919612E+06   1.3685279E+06   4.0602489E+06   3.1575810E-04   1.6196800E-04   2.3482999E-04
   6.0869565E-01   2.6186478E+06   1.3295031E+06   3.9478983E+06   4.6788124E-04   3.9053421E-04   1.9773804E-04
   6.2318841E-01   2.5490086E+06   1.2886634E+06   3.8375662E+06   3.6405283E-04   5.5143804E-05   2.5417682E-04
   6.3768116E-01   2.4688439E+06   1.2420854E+06   3.7107743E+06   4.1585444E-04   1.4371852E-04   2.4295536E-04
   6.5217391E-01   2.3905582E+06   1.1974934E+06   3.5878664E+06   2.6543559E-04   4.8023576E-04   3.3468514E-04
   6.6666667E-01   2.3028771E+06   1.1534070E+06   3.4560535E+06   3.0622105E-04   1.3545363E-04   2.2696670E-04
   6.8115942E-01   2.2283746E+06   1.1165814E+06   3.3448754E+06   4.4517027E-04   9.5466984E-05   3.2637535E-04
   6.9565217E-01   2.1490044E+06   1.0642570E+06   3.2131193E+06   2.5747338E-04   1.8513106E-04   2.3347679E-04
   7.1014493E-01   2.0763841E+06   1.0279085E+06   3.1041225E+06   1.8369662E-04   4.1460550E-04   1.0185039E-04
   7.2463768E-01   1.9992428E+06   9.8413325E+05   2.9831790E+06   1.8097500E-04   1.9772714E-04   8.9318147E-05
   7.3913043E-01   1.9152909E+06   9.4009865E+05   2.8552261E+06   3.6292389E-04   4.5779917E-04   3.8660615E-04
   7.5362319E-01   1.8402655E+06   9.0858457E+05   2.7487773E+06   3.2840414E-04   1.8587583E-04   2.5135535E-04
   7.6811594E-01   1.7520731E+06   8.5575636E+05   2.6077722E+06   2.8756122E-04   2.6763303E-04   2.4711626E-04
   7.8260870E-01   1.6791164E+06   8.1359872E+05   2.4926450E+06   9.8334118E-05   3.0285775E-04   4.3825380E-05
   7.9710145E-01   1.6000092E+06   7.7404869E+05   2.3739339E+06   2.0043846E-04   1.9418360E-04   7.2802923E-05
   8.1159420E-01   1.5119688E+06   7.3244722E+05   2.2443619E+06   6.2072758E-05   1.3298100E-04   6.3600860E-05
   8.2608696E-01   1.4455755E+06   6.9722410E+05   2.1427730E+06   2.4183559E-04   3.8221358E-04   2.0440808E-04
   8.4057971E-01   1.3671660E+06   6.5335192E+05   2.0203481E+06   4.4709746E-04   7.3058875E-04   3.3481122E-04
   8.5507246E-01   1.2840683E+06   6.1654080E+05   1.9005320E+06   3.4171692E-04   4.0366186E-04   1.5126387E-04
   8.6956522E-01   1.2075797E+06   5.6745637E+05   1.7750108E+06   6.9180174E-04   2.6866426E-04   4.8237636E-04
   8.8405797E-01   1.1245061E+06   5.2712387E+05   1.6515678E+06   5.3099096E-04   2.0271791E-04   2.9716879E-04
   8.9855072E-01   1.0454811E+06   4.8809242E+05   1.5335491E+06   5.2661997E-04   3.0645705E-04   3.6203947E-04
   9.1304348E-01   9.5985994E+05   4.4577769E+05   1.4055655E+06   5.1829664E-04   1.7546117E-04   4.0607341E-04
   9.2753623E-01   8.7046186E+05   4.0079535E+05   1.2712335E+06   4.3183186E-04   3.4393236E-04   3.0983949E-04
   9.4202899E-01   7.6209658E+05   3.5001606E+05   1.1120893E+06   1.4593545E-04   2.1307754E-04   3.3716829E-05
   9.5652174E-01   6.5688882E+05   2.9481697E+05   9.5165987E+05   1.3056464E-03   4.5921267E-04   9.6262523E-04
   9.7101449E-01   5.2565438E+05   2.3904896E+05   7.6470334E+05   5.9936830E-04   1.1780385E-04   4.4882737E-04
   9.8550725E-01   3.5186840E+05   1.6162078E+05   5.1348918E+05   9.4898771E-04   6.4126705E-04   7.6225229E-04
   1.0000000E+00   1.7614506E+05   7.6134756E+04   2.5227981E+05   3.1660185E-03   3.0037216E-03   3.0151779E-03
