   0.0000000E+00   3.1218751E+06   1.5579066E+06   4.6797818E+06   3.9981192E-03   1.8726254E-03   2.3055746E-03
   1.4492754E-02   3.0976276E+06   1.5253239E+06   4.6229515E+06   1.0789105E-03   3.7290043E-04   6.2210969E-04
   2.8985507E-02   3.0078358E+06   1.5734402E+06   4.5812760E+06   5.0619871E-04   3.6546372E-03   9.3508201E-04
   4.3478261E-02   3.0309467E+06   1.5771026E+06   4.6080494E+06   1.9474109E-03   1.1605205E-03   8.8544589E-04
   5.7971014E-02   3.0892925E+06   1.5957935E+06   4.6850859E+06   3.4284117E-04   5.0904613E-04   7.3288125E-05
   7.2463768E-02   3.0608016E+06   1.5898831E+06   4.6506847E+06   9.7807952E-04   6.6238555E-04   6.7990902E-04
   8.6956522E-02   3.0990167E+06   1.5768500E+06   4.6758668E+06   4.8732665E-04   7.4667848E-04   2.8658174E-04
   1.0144928E-01   3.0925399E+06   1.6164688E+06   4.7090087E+06   5.7005212E-04   5.7541994E-04   2.9555215E-04
   1.1594203E-01   3.1393031E+06   1.6120848E+06   4.7513879E+06   5.6789645E-04   4.8822745E-04   3.9751000E-04
   1.3043478E-01   3.1650661E+06   1.6122111E+06   4.7771088E+06   3.1294522E-04   6.8942215E-04   4.3030762E-04
   1.4492754E-01   3.1934055E+06   1.6538361E+06   4.8471658E+06   8.0302971E-04   5.4503211E-04   6.0339646E-04
   1.5942029E-01   3.1935846E+06   1.6389844E+06   4.8325690E+06   5.0220583E-04   5.0906324E-04   5.0119300E-04
   1.7391304E-01   3.2297895E+06   1.6697991E+06   4.8994623E+06   5.0226683E-04   6.8660764E-04   2.6479559E-04
   1.8840580E-01   3.2949305E+06   1.7020515E+06   4.9968654E+06   1.7558025E-04   5.3847714E-04   6.8517307E-05
   2.0289855E-01   3.3112011E+06   1.7084256E+06   5.0196267E+06   1.4730477E-04   3.1939347E-04   5.5160149E-05
   2.1739130E-01   3.3490951E+06   1.7368335E+06   5.0857266E+06   5.3202883E-04   2.3665456E-04   2.6803176E-04
   2.3188406E-01   3.3967441E+06   1.7423208E+06   5.1391123E+06   4.4954182E-04   5.0766581E-04   3.7212702E-04
   2.4637681E-01   3.4132472E+06   1.7501043E+06   5.1632623E+06   9.2396250E-05   3.6731841E-04   1.8534188E-04
   2.6086957E-01   3.4212653E+06   1.7586227E+06   5.1797617E+06   4.1251471E-04   2.4999853E-04   3.0050185E-04
   2.7536232E-01   3.4495763E+06   1.7822764E+06   5.2318926E+06   6.0819130E-04   4.0111552E-04   4.7186270E-04
   2.8985507E-01   3.4654708E+06   1.7939037E+06   5.2593367E+06   4.9651270E-04   4.1383484E-04   3.8165058E-04
   3.0434783E-01   3.4872486E+06   1.8011762E+06   5.2883886E+06   2.3027360E-04   5.5044458E-04   3.2293340E-04
   3.1884058E-01   3.5000891E+06   1.7864676E+06   5.2865222E+06   2.2620425E-04   6.5020717E-04   1.9133992E-04
   3.3333333E-01   3.4976466E+06   1.8150429E+06   5.3125907E+06   4.9252252E-05   2.1402296E-04   3.9739675E-05
   3.4782609E-01   3.4828104E+06   1.8062548E+06   5.2889073E+06   3.7865405E-04   3.6172300E-04   2.6299105E-04
   3.6231884E-01   3.4716767E+06   1.7982607E+06   5.2697555E+06   1.6095868E-04   1.6289173E-04   9.4586825E-05
   3.7681159E-01   3.4822955E+06   1.7841785E+06   5.2663865E+06   3.5417501E-04   3.8994078E-04   3.3616643E-04
   3.9130435E-01   3.4337259E+06   1.7727671E+06   5.2064649E+06   5.1759018E-05   7.6343241E-04   2.5329506E-04
   4.0579710E-01   3.4254299E+06   1.7741593E+06   5.1994538E+06   5.5039107E-04   3.3628935E-04   2.8770516E-04
   4.2028986E-01   3.3875010E+06   1.7507375E+06   5.1381602E+06   2.2813786E-04   1.2250423E-04   1.9126432E-04
   4.3478261E-01   3.3601076E+06   1.7225123E+06   5.0825946E+06   1.8148481E-04   4.7253905E-04   2.7792328E-04
   4.4927536E-01   3.3113582E+06   1.7011922E+06   5.0123548E+06   6.1353061E-04   3.1397719E-04   3.4907732E-04
   4.6376812E-01   3.2841255E+06   1.6842592E+06   4.9682663E+06   5.6401463E-04   1.0679439E-04   3.9253193E-04
   4.7826087E-01   3.2193247E+06   1.6422220E+06   4.8613860E+06   8.4996118E-05   3.3528045E-04   7.2016880E-05
   4.9275362E-01   3.1654673E+06   1.6244092E+06   4.7897427E+06   3.3879777E-04   2.6350316E-04   2.8363984E-04
   5.0724638E-01   3.1246463E+06   1.6044317E+06   4.7289913E+06   3.1820459E-04   2.1059459E-04   1.8913237E-04
   5.2173913E-01   3.0716540E+06   1.5678835E+06   4.6394954E+06   5.0092511E-04   1.5416436E-04   3.1148181E-04
   5.3623188E-01   3.0069040E+06   1.5315087E+06   4.5382284E+06   2.8311223E-04   3.2950778E-04   2.9485118E-04
   5.5072464E-01   2.9406365E+06   1.4923823E+06   4.4329989E+06   2.7668832E-04   3.0211191E-04   2.6010159E-04
   5.6521739E-01   2.8707340E+06   1.4649187E+06   4.3354584E+06   4.9532118E-04   3.2959641E-04   2.1711089E-04
   5.7971014E-01   2.8021481E+06   1.4097123E+06   4.2117657E+06   5.5009562E-04   3.6624365E-04   3.2406538E-04
   5.9420290E-01   2.7217717E+06   1.3693965E+06   4.0911312E+06   4.0254858E-04   1.5246846E-04   3.0857751E-04
   6.0869565E-01   2.6578697E+06   1.3415908E+06   3.9993883E+06   4.2018703E-04   3.0787665E-04   1.7846315E-04
   6.2318841E-01   2.5776616E+06   1.3089813E+06   3.8866429E+06   3.4552194E-04   5.9464342E-04   4.2511504E-04
   6.3768116E-01   2.5287912E+06   1.2588762E+06   3.7876501E+06   3.5390221E-04   2.2111965E-04   3.0672172E-04
   6.5217391E-01   2.4546459E+06   1.2186763E+06   3.6732043E+06   3.5456311E-04   7.0967169E-04   4.7166516E-04
   6.6666667E-01   2.3765917E+06   1.1849354E+06   3.5615271E+06   5.6631655E-04   4.7428037E-04   2.9718625E-04
   6.8115942E-01   2.2970223E+06   1.1292050E+06   3.4262273E+06   2.1325807E-04   2.9132895E-04   1.9129385E-04
   6.9565217E-01   2.2080131E+06   1.0902568E+06   3.2982068E+06   6.9673466E-04   3.5290469E-04   5.0820191E-04
   7.1014493E-01   2.1254514E+06   1.0537179E+06   3.1791229E+06   1.0257698E-04   2.5990855E-04   3.6046022E-05
   7.2463768E-01   2.0691364E+06   1.0163219E+06   3.0853371E+06   8.0432830E-04   3.8037697E-04   6.6190387E-04
   7.3913043E-01   1.9790596E+06   9.6904122E+05   2.9480860E+06   3.4260292E-04   4.7477948E-04   3.5577356E-04
   7.5362319E-01   1.9139409E+06   9.2362273E+05   2.8375199E+06   2.9565155E-04   2.8283898E-04   2.8827722E-04
   7.6811594E-01   1.8267030E+06   8.8942560E+05   2.7160428E+06   1.2250292E-04   4.0039254E-04   5.7283118E-05
   7.8260870E-01   1.7536974E+06   8.4469398E+05   2.5983633E+06   4.0682332E-05   3.3986736E-04   1.2774073E-04
   7.9710145E-01   1.6755900E+06   8.0734777E+05   2.4829378E+06   2.3881972E-04   2.7869676E-04   2.5072158E-04
   8.1159420E-01   1.5929655E+06   7.6166068E+05   2.3546262E+06   1.6560324E-04   7.6114699E-04   2.7680008E-04
   8.2608696E-01   1.5063008E+06   7.2475520E+05   2.2310028E+06   1.8972955E-04   2.4899669E-04   5.3577533E-05
   8.4057971E-01   1.4366296E+06   6.7967674E+05   2.1161626E+06   2.0574208E-04   1.0028669E-03   4.4148777E-04
   8.5507246E-01   1.3406032E+06   6.3759047E+05   1.9781679E+06   7.4983712E-04   3.7370112E-04   4.2583900E-04
   8.6956522E-01   1.2552287E+06   6.0049369E+05   1.8557098E+06   2.8865924E-04   1.1197766E-03   5.0296616E-04
   8.8405797E-01   1.1607408E+06   5.5241489E+05   1.7131184E+06   4.2714331E-04   3.1518757E-04   3.6501713E-04
   8.9855072E-01   1.0573238E+06   5.0136503E+05   1.5586644E+06   4.4567400E-04   9.4849510E-05   3.3175185E-04
   9.1304348E-01   9.6004035E+05   4.4934988E+05   1.4094263E+06   4.9781365E-04   2.5590753E-04   3.5207446E-04
   9.2753623E-01   8.5296287E+05   4.0229898E+05   1.2552382E+06   5.0570175E-04   1.0934877E-03   6.8178314E-04
   9.4202899E-01   7.3586724E+05   3.4573776E+05   1.0815700E+06   5.5262221E-04   9.9263154E-04   6.8188434E-04
   9.5652174E-01   6.1476555E+05   2.9058054E+05   9.0532312E+05   1.4070130E-03   2.8185790E-04   1.0431890E-03
   9.7101449E-01   4.8463481E+05   2.2814660E+05   7.1278141E+05   2.1477535E-03   1.2731038E-03   1.8676267E-03
   9.8550725E-01   3.3771655E+05   1.6103019E+05   4.9874674E+05   3.8392483E-03   2.5805694E-03   3.4308832E-03
   1.0000000E+00   1.7518216E+05   8.0248965E+04   2.5543112E+05   5.6085641E-03   6.1605656E-03   5.7163493E-03
