   0.0000000E+00   2.4126336E+06   1.6306493E+06   4.0432829E+06   2.0071083E-02   1.0062770E-03   1.1640530E-02
   1.4492754E-02   2.4065717E+06   1.6268607E+06   4.0334324E+06   4.3630897E-03   6.3257675E-06   2.6026767E-03
   2.8985507E-02   2.4531725E+06   1.6901317E+06   4.1433042E+06   3.2514639E-03   5.1866243E-05   1.9379989E-03
   4.3478261E-02   2.4712319E+06   1.6852064E+06   4.1564383E+06   2.7177591E-03   8.8430948E-06   1.6185372E-03
   5.7971014E-02   2.5122760E+06   1.6721354E+06   4.1844114E+06   1.4813762E-03   1.7188568E-05   8.8543472E-04
   7.2463768E-02   2.5005311E+06   1.6780837E+06   4.1786147E+06   1.0846058E-03   1.3986028E-05   6.5115626E-04
   8.6956522E-02   2.5302091E+06   1.6742192E+06   4.2044283E+06   3.1601149E-03   1.4757523E-05   1.8972560E-03
   1.0144928E-01   2.5450210E+06   1.6958147E+06   4.2408357E+06   1.8297904E-03   1.8248918E-05   1.0933456E-03
   1.1594203E-01   2.5831244E+06   1.6942045E+06   4.2773289E+06   1.1125827E-03   2.0040917E-05   6.6930175E-04
   1.3043478E-01   2.5820298E+06   1.7259558E+06   4.3079014E+06   1.1694771E-03   1.9332849E-06   7.0066560E-04
   1.4492754E-01   2.6313164E+06   1.7243814E+06   4.3556220E+06   2.7109094E-03   1.8868970E-05   1.6385273E-03
   1.5942029E-01   2.6987136E+06   1.7468586E+06   4.4455034E+06   2.6095010E-03   1.1533716E-05   1.5787824E-03
   1.7391304E-01   2.7200221E+06   1.7571914E+06   4.4772135E+06   9.1124759E-04   1.5960681E-05   5.5986190E-04
   1.8840580E-01   2.7555386E+06   1.7838870E+06   4.5393673E+06   1.2670323E-04   8.9502272E-06   7.8634629E-05
   2.0289855E-01   2.8122856E+06   1.7926426E+06   4.6048741E+06   2.2553073E-03   1.2069402E-05   1.3819914E-03
   2.1739130E-01   2.8703066E+06   1.8111927E+06   4.6814993E+06   1.3217067E-03   1.3138425E-05   8.1080097E-04
   2.3188406E-01   2.9234902E+06   1.8203677E+06   4.7438579E+06   1.0987003E-04   1.2175047E-05   6.3464067E-05
   2.4637681E-01   2.9741165E+06   1.8384475E+06   4.8125194E+06   3.5215234E-04   1.7286232E-05   2.1287386E-04
   2.6086957E-01   3.0074990E+06   1.8498457E+06   4.8573447E+06   4.6916873E-04   1.8927046E-05   2.8868198E-04
   2.7536232E-01   3.0583848E+06   1.8700543E+06   4.9283194E+06   1.3087852E-03   6.1919079E-06   8.1038161E-04
   2.8985507E-01   3.0970971E+06   1.8789597E+06   4.9759810E+06   9.0620550E-04   9.7250299E-06   5.5749079E-04
   3.0434783E-01   3.1386897E+06   1.8764808E+06   5.0149900E+06   9.6712091E-04   4.4554422E-06   6.0925637E-04
   3.1884058E-01   3.1661338E+06   1.9000592E+06   5.0661930E+06   3.0709141E-04   1.8829220E-05   1.9584833E-04
   3.3333333E-01   3.1972864E+06   1.8821191E+06   5.0792737E+06   2.7076592E-04   2.4828866E-05   1.7428622E-04
   3.4782609E-01   3.2513850E+06   1.8840175E+06   5.1352762E+06   8.1655284E-04   5.7015598E-06   5.1735716E-04
   3.6231884E-01   3.2704521E+06   1.8855823E+06   5.1559738E+06   8.6156346E-04   2.0237776E-05   5.4771384E-04
   3.7681159E-01   3.2526430E+06   1.8683164E+06   5.1207845E+06   8.8715629E-04   2.3711444E-05   5.6442300E-04
   3.9130435E-01   3.2865285E+06   1.8634429E+06   5.1498030E+06   9.4216253E-04   2.2945995E-05   6.0685576E-04
   4.0579710E-01   3.2811893E+06   1.8313954E+06   5.1124765E+06   2.4117365E-04   2.4692679E-05   1.5884366E-04
   4.2028986E-01   3.2748073E+06   1.8160335E+06   5.0906318E+06   1.3495137E-03   1.5213237E-05   8.6772782E-04
   4.3478261E-01   3.2683709E+06   1.7937143E+06   5.0619841E+06   4.5460403E-04   1.4109781E-05   2.9305993E-04
   4.4927536E-01   3.2626675E+06   1.7659420E+06   5.0284873E+06   4.3606829E-04   1.3689959E-05   2.8345149E-04
   4.6376812E-01   3.2186997E+06   1.7401897E+06   4.9587709E+06   9.7794463E-04   1.0001541E-05   6.3305296E-04
   4.7826087E-01   3.2007257E+06   1.7072267E+06   4.9077916E+06   2.4647347E-04   1.7914864E-05   1.5262536E-04
   4.9275362E-01   3.1698577E+06   1.6862984E+06   4.8559333E+06   7.7568793E-04   9.0727024E-06   5.1013460E-04
   5.0724638E-01   3.1389783E+06   1.6375339E+06   4.7763607E+06   3.5387674E-04   1.4906580E-05   2.2904617E-04
   5.2173913E-01   3.1041315E+06   1.6086750E+06   4.7126381E+06   3.3253698E-04   7.6432591E-06   2.1152414E-04
   5.3623188E-01   3.0589216E+06   1.5840178E+06   4.6428165E+06   5.6967767E-04   1.2314608E-05   3.7947805E-04
   5.5072464E-01   3.0188229E+06   1.5326620E+06   4.5513653E+06   6.3672663E-04   4.2683068E-06   4.2346953E-04
   5.6521739E-01   2.9690066E+06   1.4766928E+06   4.4453691E+06   4.5758007E-04   1.1313964E-05   3.0610918E-04
   5.7971014E-01   2.9015443E+06   1.4475612E+06   4.3489160E+06   4.6715936E-04   8.0424326E-06   3.1161423E-04
   5.9420290E-01   2.8567227E+06   1.4013508E+06   4.2580921E+06   7.6211668E-04   6.2978515E-06   5.1197365E-04
   6.0869565E-01   2.7931798E+06   1.3551579E+06   4.1481393E+06   2.1724050E-04   8.2752949E-06   1.4362899E-04
   6.2318841E-01   2.7365044E+06   1.3118360E+06   4.0481994E+06   3.6738117E-04   2.0447738E-05   2.4812128E-04
   6.3768116E-01   2.6784442E+06   1.2590484E+06   3.9373892E+06   7.9238287E-04   7.4813706E-06   5.3818647E-04
   6.5217391E-01   2.6157575E+06   1.2214884E+06   3.8370775E+06   1.8165677E-04   4.0605616E-06   1.2190137E-04
   6.6666667E-01   2.5530290E+06   1.1733553E+06   3.7262855E+06   5.0135451E-04   2.7866206E-06   3.4287667E-04
   6.8115942E-01   2.4879559E+06   1.1215793E+06   3.6094868E+06   2.2847953E-04   2.0947147E-05   1.5423251E-04
   6.9565217E-01   2.4002572E+06   1.0694664E+06   3.4696605E+06   7.1008088E-04   1.1768971E-05   4.9385758E-04
   7.1014493E-01   2.3262825E+06   1.0332590E+06   3.3594797E+06   5.7101388E-04   5.0465974E-06   3.9881642E-04
   7.2463768E-01   2.2586767E+06   9.8698234E+05   3.2455529E+06   3.6693278E-04   1.1807661E-05   2.5037241E-04
   7.3913043E-01   2.1682264E+06   9.3997979E+05   3.1081764E+06   1.0436330E-03   9.6133878E-06   7.2611409E-04
   7.5362319E-01   2.0792586E+06   8.9198722E+05   2.9711438E+06   3.2949366E-04   7.7597184E-06   2.3044907E-04
   7.6811594E-01   1.9844552E+06   8.4268897E+05   2.8270584E+06   3.1775580E-04   7.4088007E-06   2.3142130E-04
   7.8260870E-01   1.8960817E+06   8.0460410E+05   2.7006718E+06   3.3405029E-05   2.0556884E-05   2.9923809E-05
   7.9710145E-01   1.7990047E+06   7.5792956E+05   2.5568653E+06   3.9749089E-04   1.7306761E-05   2.7827631E-04
   8.1159420E-01   1.7085339E+06   7.1649416E+05   2.4250415E+06   3.8838427E-04   4.5018085E-05   2.8692235E-04
   8.2608696E-01   1.6038627E+06   6.7628664E+05   2.2800962E+06   4.4430153E-04   1.9152187E-05   3.0892835E-04
   8.4057971E-01   1.5097903E+06   6.2454487E+05   2.1342830E+06   5.3359489E-04   1.1128228E-05   3.7394202E-04
   8.5507246E-01   1.4202554E+06   5.7948876E+05   1.9996800E+06   5.8168577E-04   2.0645277E-06   4.1327045E-04
   8.6956522E-01   1.3125136E+06   5.3646494E+05   1.8489407E+06   7.2395851E-04   2.5097935E-05   5.1948105E-04
   8.8405797E-01   1.2054224E+06   4.8939852E+05   1.6947961E+06   4.4421134E-04   5.1919507E-06   3.1379685E-04
   8.9855072E-01   1.0961028E+06   4.4304375E+05   1.5391221E+06   1.8506896E-03   1.4874020E-06   1.3181202E-03
   9.1304348E-01   9.8516594E+05   3.9639251E+05   1.3815705E+06   1.5413564E-03   2.0193464E-05   1.0959438E-03
   9.2753623E-01   8.5530712E+05   3.4722100E+05   1.2025044E+06   1.9248258E-03   5.7953984E-05   1.3550143E-03
   9.4202899E-01   7.2587677E+05   2.9871146E+05   1.0245766E+06   1.5531489E-03   1.0958342E-05   1.1001249E-03
   9.5652174E-01   5.8926656E+05   2.4732066E+05   8.3658722E+05   1.5766321E-03   2.9616855E-05   1.1087263E-03
   9.7101449E-01   4.5150928E+05   1.9037286E+05   6.4188214E+05   2.6742386E-04   6.3908844E-06   1.8846177E-04
   9.8550725E-01   3.0134519E+05   1.3131131E+05   4.3264536E+05   3.1781332E-03   2.8489495E-05   2.2325967E-03
   1.0000000E+00   1.5784996E+05   6.8847353E+04   2.2667542E+05   7.8665824E-03   2.3553440E-04   5.4489321E-03
