   0.0000000E+00   2.9521421E+06   1.3457404E+06   4.2978825E+06   2.7515288E-03   3.4579378E-03   8.2508713E-04
   1.4492754E-02   2.8998583E+06   1.4737979E+06   4.3736561E+06   8.0318352E-04   2.6473282E-04   5.1990002E-04
   2.8985507E-02   3.0010161E+06   1.5139579E+06   4.5149740E+06   8.1639729E-04   1.1601588E-03   9.2119086E-04
   4.3478261E-02   3.0127611E+06   1.5013290E+06   4.5140900E+06   4.4630046E-04   2.4033396E-04   3.7706452E-04
   5.7971014E-02   3.0728117E+06   1.4982349E+06   4.5710465E+06   4.6570606E-04   9.7707665E-04   4.7804430E-04
   7.2463768E-02   3.0350385E+06   1.5297188E+06   4.5647573E+06   9.3047134E-05   7.4467548E-04   1.8769182E-04
   8.6956522E-02   3.0817151E+06   1.5364374E+06   4.6181525E+06   2.8101803E-04   2.2168981E-04   1.3307067E-04
   1.0144928E-01   3.0812821E+06   1.5373395E+06   4.6185133E+06   3.5474113E-04   6.2328360E-04   3.2408068E-04
   1.1594203E-01   3.1388295E+06   1.5798810E+06   4.7187105E+06   4.6421946E-04   6.0422954E-04   4.1676367E-04
   1.3043478E-01   3.1753377E+06   1.5659050E+06   4.7410742E+06   2.1331804E-04   5.6534139E-04   2.2059607E-04
   1.4492754E-01   3.2047715E+06   1.5911713E+06   4.7959428E+06   3.3224540E-04   2.3429003E-04   1.8846818E-04
   1.5942029E-01   3.2339513E+06   1.6456663E+06   4.8796176E+06   8.6135306E-06   9.9024778E-05   3.5233133E-05
   1.7391304E-01   3.2856094E+06   1.6638635E+06   4.9493466E+06   8.4408734E-05   6.4494186E-04   2.5218065E-04
   1.8840580E-01   3.3429011E+06   1.6787365E+06   5.0215210E+06   2.8076767E-04   2.3272297E-04   2.3210895E-04
   2.0289855E-01   3.3809128E+06   1.7032297E+06   5.0839802E+06   7.7589855E-05   2.8929694E-04   1.4592616E-04
   2.1739130E-01   3.4317894E+06   1.7473408E+06   5.1787766E+06   1.6293071E-04   5.9057442E-04   1.0700242E-04
   2.3188406E-01   3.4827946E+06   1.7331806E+06   5.2158331E+06   2.0529767E-04   2.3051320E-04   2.0525882E-04
   2.4637681E-01   3.5236539E+06   1.7618715E+06   5.2854362E+06   4.0652156E-04   2.9308275E-04   2.9638727E-04
   2.6086957E-01   3.5612782E+06   1.7955834E+06   5.3566932E+06   2.3199867E-04   3.9369862E-04   9.3654303E-05
   2.7536232E-01   3.6078236E+06   1.8159359E+06   5.4235601E+06   2.8079258E-04   2.7481519E-04   2.6953792E-04
   2.8985507E-01   3.6177380E+06   1.8119000E+06   5.4294107E+06   1.2139062E-04   2.2265376E-04   1.2659049E-04
   3.0434783E-01   3.6308216E+06   1.8319547E+06   5.4625238E+06   1.9819092E-04   4.0757734E-04   2.6831148E-04
   3.1884058E-01   3.6671700E+06   1.8523562E+06   5.5193884E+06   2.2180723E-04   8.8167303E-05   1.7685071E-04
   3.3333333E-01   3.6693234E+06   1.8475597E+06   5.5166525E+06   6.1982295E-05   1.2789520E-04   7.0443874E-05
   3.4782609E-01   3.6686453E+06   1.8370379E+06   5.5054622E+06   5.7373828E-05   8.2008208E-05   6.1819049E-05
   3.6231884E-01   3.6628385E+06   1.8440280E+06   5.5066543E+06   1.7067677E-04   1.4022159E-04   8.9662949E-05
   3.7681159E-01   3.6424694E+06   1.8260871E+06   5.4683234E+06   2.4767425E-04   3.6712591E-04   2.6415558E-04
   3.9130435E-01   3.6174349E+06   1.8212903E+06   5.4382481E+06   2.4718032E-04   1.4948545E-04   1.8338913E-04
   4.0579710E-01   3.6150264E+06   1.8086092E+06   5.4232568E+06   3.7210327E-04   3.4281885E-04   2.4030886E-04
   4.2028986E-01   3.5718662E+06   1.7910021E+06   5.3624503E+06   7.3768630E-05   2.5196316E-04   4.9857488E-05
   4.3478261E-01   3.5316844E+06   1.7752255E+06   5.3065815E+06   1.6484519E-04   3.5371391E-04   1.7582810E-04
   4.4927536E-01   3.5020145E+06   1.7496140E+06   5.2512863E+06   1.8250916E-04   2.0904976E-04   5.8743781E-05
   4.6376812E-01   3.4173924E+06   1.7187836E+06   5.1358445E+06   1.9175286E-04   3.6286129E-04   1.3825652E-05
   4.7826087E-01   3.3628354E+06   1.6872270E+06   5.0498328E+06   1.1682197E-04   1.9433511E-04   1.4177864E-04
   4.9275362E-01   3.3115545E+06   1.6677784E+06   4.9791992E+06   1.8298473E-04   1.2155050E-04   1.5819163E-04
   5.0724638E-01   3.2448450E+06   1.6240029E+06   4.8685664E+06   2.1222366E-04   2.1051707E-04   2.0972020E-04
   5.2173913E-01   3.1859249E+06   1.5942148E+06   4.7797399E+06   2.7467854E-04   3.6268980E-04   2.8557696E-04
   5.3623188E-01   3.0883914E+06   1.5505750E+06   4.6386182E+06   1.3396457E-04   8.6140496E-05   6.2648844E-05
   5.5072464E-01   3.0228908E+06   1.5114055E+06   4.5338776E+06   1.4461925E-04   3.2412643E-04   1.2512978E-04
   5.6521739E-01   2.9380171E+06   1.4730207E+06   4.4108435E+06   2.1431901E-04   3.9051320E-04   5.2411666E-05
   5.7971014E-01   2.8503402E+06   1.4366309E+06   4.2868006E+06   3.2433051E-04   2.5134620E-04   2.3425052E-04
   5.9420290E-01   2.7808936E+06   1.3985417E+06   4.1792690E+06   1.9121241E-04   1.7301604E-04   1.7641005E-04
   6.0869565E-01   2.7044163E+06   1.3559698E+06   4.0599712E+06   1.7365075E-04   3.3413042E-04   5.4815296E-05
   6.2318841E-01   2.6035128E+06   1.3141797E+06   3.9174282E+06   4.5115424E-04   5.8601351E-05   3.1926428E-04
   6.3768116E-01   2.5106744E+06   1.2646453E+06   3.7751475E+06   9.6013093E-05   3.3865778E-04   1.1309139E-04
   6.5217391E-01   2.4346585E+06   1.2204949E+06   3.6549345E+06   1.6161000E-04   2.4862048E-04   1.8375903E-04
   6.6666667E-01   2.3466117E+06   1.1738988E+06   3.5203787E+06   9.1200189E-05   2.2156667E-04   1.0596493E-04
   6.8115942E-01   2.2583616E+06   1.1299789E+06   3.3881470E+06   2.2745629E-04   1.6196523E-04   2.0118369E-04
   6.9565217E-01   2.1776721E+06   1.0856946E+06   3.2632877E+06   9.8469973E-05   1.5163149E-04   1.1492250E-04
   7.1014493E-01   2.0828326E+06   1.0423364E+06   3.1249989E+06   1.6698424E-04   1.2892379E-04   1.4745158E-04
   7.2463768E-01   1.9992882E+06   9.9528713E+05   2.9944390E+06   3.4934335E-04   3.5169724E-04   3.4874774E-04
   7.3913043E-01   1.9006859E+06   9.5363390E+05   2.8541415E+06   2.1381491E-04   7.4212861E-05   1.5538319E-04
   7.5362319E-01   1.8284332E+06   9.0957546E+05   2.7378921E+06   2.5474907E-04   4.8217209E-04   1.4051932E-04
   7.6811594E-01   1.7425084E+06   8.7058226E+05   2.6129620E+06   1.3544488E-04   7.2937800E-04   2.9020087E-04
   7.8260870E-01   1.6564826E+06   8.3228955E+05   2.4886739E+06   4.7824006E-04   5.3870654E-04   4.0662374E-04
   7.9710145E-01   1.5697273E+06   7.8460189E+05   2.3541501E+06   2.2406559E-04   4.2178615E-04   2.6019794E-04
   8.1159420E-01   1.4859081E+06   7.4374562E+05   2.2295184E+06   1.6578689E-04   2.2776560E-04   3.4634412E-05
   8.2608696E-01   1.4056547E+06   7.0179711E+05   2.1073721E+06   1.3388137E-04   3.2995101E-04   9.9025470E-05
   8.4057971E-01   1.3226294E+06   6.5893043E+05   1.9814422E+06   1.6456846E-04   2.0886483E-04   1.5388990E-04
   8.5507246E-01   1.2335953E+06   6.1088988E+05   1.8444852E+06   1.5153606E-04   3.7391962E-04   2.2118386E-04
   8.6956522E-01   1.1466324E+06   5.7330358E+05   1.7198602E+06   2.0054387E-04   4.0044296E-04   2.6489499E-04
   8.8405797E-01   1.0510553E+06   5.2287558E+05   1.5738936E+06   1.2977074E-04   1.7968600E-04   1.4056861E-04
   8.9855072E-01   9.5956352E+05   4.7825406E+05   1.4377565E+06   1.1082748E-04   4.3386650E-05   7.0474145E-05
   9.1304348E-01   8.8029759E+05   4.3599928E+05   1.3162367E+06   9.2100889E-05   6.1920895E-04   2.6403250E-04
   9.2753623E-01   7.6846339E+05   3.8841109E+05   1.1568271E+06   1.9485871E-04   3.8842488E-04   2.5455246E-04
   9.4202899E-01   6.6811392E+05   3.3806714E+05   1.0061694E+06   5.7608885E-04   6.1643379E-04   4.4940041E-04
   9.5652174E-01   5.6330834E+05   2.8284244E+05   8.4611634E+05   5.2456711E-04   3.6802353E-04   3.9827149E-04
   9.7101449E-01   4.4230334E+05   2.2032042E+05   6.6262377E+05   4.2792301E-04   3.9240788E-04   2.9472533E-04
   9.8550725E-01   3.0094404E+05   1.4749122E+05   4.4842411E+05   1.3568990E-03   1.0724720E-03   1.2469478E-03
   1.0000000E+00   1.4579182E+05   7.2042431E+04   2.1783425E+05   2.6954278E-03   2.9441394E-03   2.4012975E-03
