   0.0000000E+00   2.3883860E+06   1.7276396E+06   4.1160257E+06   1.3347106E-02   1.0845870E-06   7.7448508E-03
   1.4492754E-02   2.3982366E+06   1.5533602E+06   3.9515968E+06   4.3363397E-03   9.3036624E-07   2.6316046E-03
   2.8985507E-02   2.4334714E+06   1.5859429E+06   4.0194142E+06   3.0785702E-03   1.6511936E-04   1.8350907E-03
   4.3478261E-02   2.4815876E+06   1.5826594E+06   4.0642470E+06   1.1814208E-03   6.7267828E-06   7.2032153E-04
   5.7971014E-02   2.5694851E+06   1.5535496E+06   4.1230347E+06   1.7876061E-03   4.0521376E-05   1.1289659E-03
   7.2463768E-02   2.5425097E+06   1.5994306E+06   4.1419403E+06   4.6362029E-03   2.0376760E-06   2.8460916E-03
   8.6956522E-02   2.5717583E+06   1.5909945E+06   4.1627528E+06   2.9260382E-03   1.6331688E-05   1.8085261E-03
   1.0144928E-01   2.5939492E+06   1.6363865E+06   4.2303357E+06   1.7659347E-03   1.5379021E-05   1.0783813E-03
   1.1594203E-01   2.6250840E+06   1.6574543E+06   4.2825383E+06   2.0338557E-03   1.7648599E-05   1.2434090E-03
   1.3043478E-01   2.6907230E+06   1.6623059E+06   4.3529447E+06   9.2770465E-04   3.7760416E-05   5.6868319E-04
   1.4492754E-01   2.7199716E+06   1.6670207E+06   4.3869165E+06   7.8831267E-04   2.4866820E-05   4.7960459E-04
   1.5942029E-01   2.7737985E+06   1.7051142E+06   4.4789127E+06   1.0853842E-03   2.0660170E-05   6.7603783E-04
   1.7391304E-01   2.8160652E+06   1.7109694E+06   4.5270347E+06   7.6585135E-04   2.7603836E-05   4.8253329E-04
   1.8840580E-01   2.8936798E+06   1.7328855E+06   4.6266236E+06   2.1970471E-03   2.6306847E-05   1.3652164E-03
   2.0289855E-01   2.9413714E+06   1.7817637E+06   4.7231351E+06   1.5128764E-03   3.2418802E-05   9.3554132E-04
   2.1739130E-01   2.9997280E+06   1.7871977E+06   4.7869257E+06   1.4166086E-03   7.8867205E-06   8.9066085E-04
   2.3188406E-01   3.0852196E+06   1.7871220E+06   4.8723416E+06   1.2193154E-03   1.4086841E-05   7.7712674E-04
   2.4637681E-01   3.1478165E+06   1.8294884E+06   4.9772603E+06   9.4475782E-04   3.1304135E-05   6.0258868E-04
   2.6086957E-01   3.2040054E+06   1.8546026E+06   5.0586080E+06   4.9232207E-04   2.4344025E-06   3.1197254E-04
   2.7536232E-01   3.2397630E+06   1.8762757E+06   5.1159589E+06   5.1035501E-04   1.3256357E-05   3.2190966E-04
   2.8985507E-01   3.3008525E+06   1.8760045E+06   5.1766297E+06   6.0262780E-04   1.5295794E-05   3.7800004E-04
   3.0434783E-01   3.3450827E+06   1.8935479E+06   5.2384863E+06   6.7164265E-04   2.1886086E-05   4.3565984E-04
   3.1884058E-01   3.3908372E+06   1.8854900E+06   5.2762583E+06   2.1456975E-04   1.8786628E-05   1.4151844E-04
   3.3333333E-01   3.4152840E+06   1.8920356E+06   5.3072866E+06   4.6555438E-04   1.2301029E-05   2.9460786E-04
   3.4782609E-01   3.4310949E+06   1.9000879E+06   5.3310880E+06   6.8459330E-04   4.2644404E-06   4.4022888E-04
   3.6231884E-01   3.4414582E+06   1.8963118E+06   5.3376791E+06   3.7174277E-04   1.5908417E-05   2.3981240E-04
   3.7681159E-01   3.4313523E+06   1.8858609E+06   5.3169217E+06   7.6957054E-04   1.9338379E-05   4.9361245E-04
   3.9130435E-01   3.4581138E+06   1.8706835E+06   5.3287411E+06   3.1552511E-04   5.8485343E-06   2.0544873E-04
   4.0579710E-01   3.4472960E+06   1.8563466E+06   5.3035885E+06   3.6166000E-04   1.0431718E-05   2.3141326E-04
   4.2028986E-01   3.4268250E+06   1.8320244E+06   5.2584836E+06   1.1384330E-03   1.7408780E-05   7.4943100E-04
   4.3478261E-01   3.4191605E+06   1.8145268E+06   5.2336115E+06   4.0491963E-04   6.6339837E-06   2.6317790E-04
   4.4927536E-01   3.3946603E+06   1.7908740E+06   5.1854121E+06   6.1999405E-04   2.1698709E-05   4.0835713E-04
   4.6376812E-01   3.3621724E+06   1.7704044E+06   5.1324347E+06   8.1603369E-04   1.2227613E-05   5.3283601E-04
   4.7826087E-01   3.3251782E+06   1.7325534E+06   5.0575709E+06   7.0665354E-04   1.9080651E-05   4.6759646E-04
   4.9275362E-01   3.2813564E+06   1.6970850E+06   4.9781963E+06   4.0194786E-04   9.8211566E-06   2.6547442E-04
   5.0724638E-01   3.2415326E+06   1.6520825E+06   4.8935501E+06   1.7800165E-04   2.0862203E-05   1.2423480E-04
   5.2173913E-01   3.1970174E+06   1.6231562E+06   4.8201104E+06   3.6918010E-04   6.6877602E-06   2.5002949E-04
   5.3623188E-01   3.1539049E+06   1.5852466E+06   4.7389467E+06   4.8106228E-04   5.6267180E-06   3.2008695E-04
   5.5072464E-01   3.0776472E+06   1.5371287E+06   4.6144569E+06   4.6933711E-04   1.6750028E-05   3.1185605E-04
   5.6521739E-01   3.0019973E+06   1.4947230E+06   4.4966621E+06   2.7006815E-04   9.3671094E-06   1.8025033E-04
   5.7971014E-01   2.9584313E+06   1.4496261E+06   4.4078869E+06   6.4939891E-04   8.5964302E-06   4.3490069E-04
   5.9420290E-01   2.8909318E+06   1.4074866E+06   4.2984000E+06   2.4393763E-04   2.0733167E-06   1.6115711E-04
   6.0869565E-01   2.8016592E+06   1.3526321E+06   4.1541110E+06   4.8896157E-04   1.4005548E-05   3.2899564E-04
   6.2318841E-01   2.7512714E+06   1.3144793E+06   4.0657155E+06   3.4444852E-04   2.1587785E-05   2.3039502E-04
   6.3768116E-01   2.6701091E+06   1.2640253E+06   3.9341000E+06   8.1669355E-04   9.7163273E-06   5.5386782E-04
   6.5217391E-01   2.5778202E+06   1.2221114E+06   3.7997295E+06   2.0590519E-04   1.0239090E-05   1.3581472E-04
   6.6666667E-01   2.4917841E+06   1.1700937E+06   3.6616966E+06   1.9172404E-04   8.9221994E-06   1.3024714E-04
   6.8115942E-01   2.3960924E+06   1.1217082E+06   3.5175104E+06   5.5559384E-04   1.5605344E-05   3.7614836E-04
   6.9565217E-01   2.3222104E+06   1.0760650E+06   3.3981964E+06   6.7177221E-04   1.0400557E-05   4.6463417E-04
   7.1014493E-01   2.2411377E+06   1.0225115E+06   3.2635564E+06   3.7755449E-04   1.8983541E-05   2.6834795E-04
   7.2463768E-01   2.1340138E+06   9.8360283E+05   3.1175106E+06   8.9221590E-04   1.8526488E-05   6.1398518E-04
   7.3913043E-01   2.0516241E+06   9.3491335E+05   2.9865226E+06   6.9366253E-04   1.6279740E-05   4.7112026E-04
   7.5362319E-01   1.9572047E+06   8.9009288E+05   2.8472684E+06   8.1120365E-04   2.8724680E-05   5.4441801E-04
   7.6811594E-01   1.8696366E+06   8.4566273E+05   2.7152565E+06   4.1883127E-04   3.0239130E-06   2.9264556E-04
   7.8260870E-01   1.7782957E+06   8.0123638E+05   2.5795462E+06   9.8530985E-04   1.5982894E-05   6.8149152E-04
   7.9710145E-01   1.6909652E+06   7.4916737E+05   2.4400637E+06   1.7792313E-04   1.8451227E-05   1.2409216E-04
   8.1159420E-01   1.6003399E+06   7.1055404E+05   2.3109075E+06   3.5449843E-04   1.2364899E-05   2.4618497E-04
   8.2608696E-01   1.4979922E+06   6.6005512E+05   2.1580075E+06   8.3408669E-04   2.1719186E-05   5.8325779E-04
   8.4057971E-01   1.4042559E+06   6.2014215E+05   2.0244242E+06   5.8420833E-04   2.6547199E-05   4.0045321E-04
   8.5507246E-01   1.3069802E+06   5.8124825E+05   1.8882156E+06   5.0493511E-04   1.1854215E-05   3.4571302E-04
   8.6956522E-01   1.2140078E+06   5.3051671E+05   1.7444614E+06   6.0774522E-04   3.0468064E-05   4.3339266E-04
   8.8405797E-01   1.1247669E+06   4.9295119E+05   1.6176809E+06   6.1948513E-04   2.4491330E-05   4.3094183E-04
   8.9855072E-01   1.0212824E+06   4.4257933E+05   1.4638984E+06   4.0431274E-04   1.0613535E-05   2.7885970E-04
   9.1304348E-01   9.2346452E+05   3.9747499E+05   1.3209275E+06   7.9042583E-04   7.3265601E-06   5.5446264E-04
   9.2753623E-01   8.1955142E+05   3.4829840E+05   1.1678261E+06   4.7898010E-04   1.3286495E-05   3.3520639E-04
   9.4202899E-01   7.0551114E+05   3.0007538E+05   1.0055516E+06   5.4283666E-04   4.6793448E-05   3.9186687E-04
   9.5652174E-01   5.7945043E+05   2.4671218E+05   8.2615112E+05   2.0880922E-03   2.9314899E-05   1.4724615E-03
   9.7101449E-01   4.4064085E+05   1.8640322E+05   6.2704407E+05   1.1181790E-03   6.2620246E-05   7.9476110E-04
   9.8550725E-01   2.7601673E+05   1.2136044E+05   3.9738832E+05   1.2091580E-03   3.6864748E-05   8.5350942E-04
   1.0000000E+00   1.2375454E+05   5.8146032E+04   1.8190057E+05   5.5973894E-03   5.2125267E-05   3.8246504E-03
