   0.0000000E+00   3.7462502E+06   1.6791445E+06   5.4253947E+06   4.3630506E-03   6.4612705E-04   2.8299780E-03
   1.4492754E-02   3.5757594E+06   1.6882373E+06   5.2639967E+06   1.3056979E-03   1.0394152E-03   1.2169801E-03
   2.8985507E-02   3.5158982E+06   1.6511082E+06   5.1670064E+06   2.0906631E-03   1.1726038E-03   1.0549340E-03
   4.3478261E-02   3.5765171E+06   1.7235984E+06   5.3001155E+06   1.0267118E-03   3.9809767E-04   6.0187681E-04
   5.7971014E-02   3.5230967E+06   1.6687256E+06   5.1918223E+06   3.0489601E-03   3.1785282E-04   2.1307370E-03
   7.2463768E-02   3.5865193E+06   1.7050591E+06   5.2915784E+06   1.3145013E-03   4.6589806E-04   1.0468078E-03
   8.6956522E-02   3.5675506E+06   1.6637372E+06   5.2312878E+06   1.0154172E-03   3.6994673E-04   6.5041048E-04
   1.0144928E-01   3.5578985E+06   1.7031756E+06   5.2610740E+06   1.1582339E-03   8.0887028E-05   8.0102021E-04
   1.1594203E-01   3.5501858E+06   1.7138109E+06   5.2640915E+06   2.1019550E-04   3.5549962E-04   1.6694715E-04
   1.3043478E-01   3.5542060E+06   1.7220829E+06   5.2762889E+06   2.2242995E-04   2.9912767E-04   1.9714017E-04
   1.4492754E-01   3.5737135E+06   1.7385510E+06   5.3120372E+06   3.2243581E-04   3.1650829E-04   2.2293262E-04
   1.5942029E-01   3.5366326E+06   1.7520939E+06   5.2887954E+06   2.5120672E-04   1.1085817E-04   1.7003192E-04
   1.7391304E-01   3.5124884E+06   1.7550444E+06   5.2675328E+06   3.8991469E-04   1.2767604E-04   2.1760243E-04
   1.8840580E-01   3.5269145E+06   1.7796903E+06   5.3065466E+06   4.8067859E-04   1.0875971E-04   2.9562019E-04
   2.0289855E-01   3.5153028E+06   1.7795446E+06   5.2947392E+06   7.6184277E-04   2.3603069E-04   4.7037278E-04
   2.1739130E-01   3.5019559E+06   1.7998772E+06   5.3019341E+06   3.3296813E-04   9.3749551E-05   2.0109385E-04
   2.3188406E-01   3.5002225E+06   1.8305024E+06   5.3307249E+06   5.3564111E-04   6.5433660E-05   3.3801441E-04
   2.4637681E-01   3.5117975E+06   1.8309593E+06   5.3428905E+06   3.9204952E-04   7.1232401E-05   2.8179102E-04
   2.6086957E-01   3.4403350E+06   1.8468148E+06   5.2871498E+06   6.0783717E-04   2.6150970E-04   4.6915258E-04
   2.7536232E-01   3.4411614E+06   1.8330448E+06   5.2742062E+06   5.8447752E-04   8.0365227E-05   3.5472900E-04
   2.8985507E-01   3.4159149E+06   1.8674799E+06   5.2834327E+06   6.1889337E-04   3.5458349E-04   3.8180045E-04
   3.0434783E-01   3.3999284E+06   1.8582590E+06   5.2581153E+06   1.7158233E-04   2.2455674E-04   3.5318802E-05
   3.1884058E-01   3.3743737E+06   1.8517018E+06   5.2261099E+06   2.6556053E-05   1.9924343E-04   6.6774979E-05
   3.3333333E-01   3.3629013E+06   1.8484492E+06   5.2114494E+06   4.8249337E-04   2.9459864E-04   3.7839308E-04
   3.4782609E-01   3.3280427E+06   1.8494142E+06   5.1774253E+06   3.9772086E-04   1.6320475E-04   2.3937693E-04
   3.6231884E-01   3.2803330E+06   1.8376933E+06   5.1181476E+06   5.7653426E-04   1.3954175E-05   3.7239253E-04
   3.7681159E-01   3.2596084E+06   1.8258540E+06   5.0852000E+06   2.9069271E-04   1.3465782E-05   1.9116687E-04
   3.9130435E-01   3.2191461E+06   1.8161826E+06   5.0353848E+06   1.2805443E-04   1.8984957E-04   3.2947600E-05
   4.0579710E-01   3.1964310E+06   1.7916413E+06   4.9880182E+06   1.5643233E-04   1.7470882E-04   1.6213120E-04
   4.2028986E-01   3.1694035E+06   1.7752725E+06   4.9447544E+06   6.8770289E-04   1.6594974E-04   3.8193869E-04
   4.3478261E-01   3.1103828E+06   1.7519377E+06   4.8623205E+06   3.5621393E-04   1.6803709E-04   2.0362981E-04
   4.4927536E-01   3.0866282E+06   1.7271997E+06   4.8138523E+06   3.0023543E-04   7.2810572E-05   2.1397171E-04
   4.6376812E-01   3.0439230E+06   1.6882847E+06   4.7322550E+06   4.0612487E-04   1.2326172E-04   3.0266269E-04
   4.7826087E-01   3.0113604E+06   1.6689725E+06   4.6804477E+06   3.0910237E-04   2.4816399E-04   2.6474828E-04
   4.9275362E-01   2.9581372E+06   1.6341929E+06   4.5923077E+06   7.1762948E-04   2.1476891E-04   4.6646117E-04
   5.0724638E-01   2.8934284E+06   1.6000151E+06   4.4934218E+06   1.6212747E-04   1.0794723E-04   7.5073347E-05
   5.2173913E-01   2.8509632E+06   1.5653577E+06   4.4161736E+06   1.1660613E-04   1.2457714E-04   9.1295624E-05
   5.3623188E-01   2.8034824E+06   1.5408268E+06   4.3443706E+06   2.3597570E-04   1.8570510E-04   1.6354893E-04
   5.5072464E-01   2.7369250E+06   1.4878758E+06   4.2248008E+06   7.9885206E-04   1.1567276E-04   5.5063926E-04
   5.6521739E-01   2.6870703E+06   1.4530281E+06   4.1401761E+06   5.2361635E-04   1.0636674E-04   3.7349175E-04
   5.7971014E-01   2.6281529E+06   1.4164561E+06   4.0445522E+06   3.2518437E-04   3.9733459E-04   3.3426323E-04
   5.9420290E-01   2.5704092E+06   1.3675484E+06   3.9379391E+06   4.1267494E-04   1.1217367E-04   2.4754109E-04
   6.0869565E-01   2.5374256E+06   1.3251010E+06   3.8625086E+06   3.0992553E-04   2.9665254E-04   1.5738328E-04
   6.2318841E-01   2.4713141E+06   1.2909718E+06   3.7622860E+06   6.6942780E-04   1.8774617E-04   3.7366173E-04
   6.3768116E-01   2.4109115E+06   1.2381934E+06   3.6491565E+06   2.4961957E-04   2.4901703E-04   2.4199646E-04
   6.5217391E-01   2.3564432E+06   1.2013326E+06   3.5577253E+06   3.5256549E-04   9.0000329E-05   2.3298330E-04
   6.6666667E-01   2.2848726E+06   1.1572286E+06   3.4420683E+06   3.1069521E-04   8.7070255E-05   1.7838669E-04
   6.8115942E-01   2.2331467E+06   1.1117771E+06   3.3449077E+06   2.4724929E-04   8.4568021E-05   1.8326191E-04
   6.9565217E-01   2.1843496E+06   1.0687876E+06   3.2531214E+06   3.3021657E-04   1.4617929E-04   2.0425927E-04
   7.1014493E-01   2.1083018E+06   1.0350065E+06   3.1432928E+06   3.2638264E-04   1.7729406E-04   2.0508745E-04
   7.2463768E-01   2.0330075E+06   9.8402717E+05   3.0169438E+06   6.3521258E-04   1.5094986E-04   4.0569775E-04
   7.3913043E-01   1.9837101E+06   9.3788487E+05   2.9216544E+06   3.6620561E-04   2.3587875E-04   2.2328370E-04
   7.5362319E-01   1.9265164E+06   8.9660650E+05   2.8231666E+06   1.9956204E-04   9.0922598E-05   1.3760952E-04
   7.6811594E-01   1.8484772E+06   8.6198981E+05   2.7104670E+06   4.6909032E-04   2.6463239E-04   3.9525989E-04
   7.8260870E-01   1.7901389E+06   8.1605434E+05   2.6062353E+06   1.7232749E-04   9.6758759E-05   9.1521659E-05
   7.9710145E-01   1.7169211E+06   7.7645967E+05   2.4934083E+06   7.8926830E-04   2.4794775E-04   5.9656154E-04
   8.1159420E-01   1.6555058E+06   7.3431450E+05   2.3897662E+06   2.9691700E-04   4.3563737E-05   2.0027035E-04
   8.2608696E-01   1.5865677E+06   6.8819773E+05   2.2747920E+06   7.3109977E-04   1.1242942E-04   5.3015854E-04
   8.4057971E-01   1.5209212E+06   6.5229371E+05   2.1732280E+06   4.7885456E-04   7.9207013E-05   3.3517156E-04
   8.5507246E-01   1.4520803E+06   6.1041469E+05   2.0625593E+06   1.4582286E-04   1.8671431E-04   1.3101160E-04
   8.6956522E-01   1.3692428E+06   5.6687544E+05   1.9361435E+06   2.5627174E-04   1.4597719E-04   1.5708367E-04
   8.8405797E-01   1.3133813E+06   5.2557113E+05   1.8389400E+06   4.5498899E-04   1.9554563E-04   2.7644781E-04
   8.9855072E-01   1.2249425E+06   4.8025840E+05   1.7051642E+06   1.5135689E-04   3.7714103E-04   1.8471699E-04
   9.1304348E-01   1.1435329E+06   4.4254228E+05   1.5860632E+06   7.6217662E-04   1.2101215E-04   5.4645637E-04
   9.2753623E-01   1.0429890E+06   3.9369157E+05   1.4367043E+06   6.5490385E-04   1.4173390E-04   4.4809481E-04
   9.4202899E-01   9.3353159E+05   3.4576108E+05   1.2792694E+06   1.0806642E-04   4.2937524E-04   1.5984891E-04
   9.5652174E-01   7.9862002E+05   2.9207305E+05   1.0906701E+06   4.9457961E-04   3.1004109E-04   3.8966789E-04
   9.7101449E-01   6.3502858E+05   2.3302099E+05   8.6807219E+05   6.6931298E-04   3.9928865E-04   5.2813420E-04
   9.8550725E-01   4.1399167E+05   1.5813296E+05   5.7213577E+05   1.4579673E-03   4.9279507E-04   1.0646523E-03
   1.0000000E+00   1.8432971E+05   7.3421129E+04   2.5775084E+05   1.0080509E-03   5.3025008E-04   7.9236530E-04
