   0.0000000E+00   3.4613412E+06   1.7276396E+06   5.1889808E+06   4.3926178E-03   3.5968424E-06   2.9292628E-03
   1.4492754E-02   3.5810636E+06   1.8049288E+06   5.3859924E+06   3.4498423E-03   2.5516131E-05   2.2909562E-03
   2.8985507E-02   3.6481233E+06   1.7958359E+06   5.4439592E+06   9.1502736E-04   8.1239287E-06   6.1373905E-04
   4.3478261E-02   3.6606259E+06   1.7978566E+06   5.4584825E+06   8.2514068E-04   4.2899955E-05   5.5906339E-04
   5.7971014E-02   3.6522908E+06   1.8111801E+06   5.4634709E+06   2.3194160E-03   3.4750098E-05   1.5561770E-03
   7.2463768E-02   3.6792662E+06   1.8435734E+06   5.5228396E+06   9.5979096E-05   4.5857797E-05   4.8642926E-05
   8.6956522E-02   3.6428191E+06   1.8157897E+06   5.4587351E+06   1.9014120E-03   2.6754782E-05   1.2604918E-03
   1.0144928E-01   3.7019767E+06   1.8290681E+06   5.5310448E+06   5.7590938E-04   1.9644785E-05   3.8043782E-04
   1.1594203E-01   3.7167932E+06   1.8190416E+06   5.5357401E+06   2.2114362E-03   3.5679613E-05   1.4861794E-03
   1.3043478E-01   3.6869783E+06   1.8199993E+06   5.5068934E+06   1.6669485E-03   2.4623232E-06   1.1162319E-03
   1.4492754E-01   3.7026045E+06   1.8322831E+06   5.5348876E+06   1.8879297E-03   1.1758732E-05   1.2662690E-03
   1.5942029E-01   3.7027836E+06   1.8230456E+06   5.5258292E+06   1.3992383E-03   3.6919270E-05   9.3514219E-04
   1.7391304E-01   3.6947872E+06   1.8084649E+06   5.5033152E+06   1.7096471E-03   1.8735774E-05   1.1538885E-03
   1.8840580E-01   3.7161156E+06   1.8163531E+06   5.5325270E+06   1.1466717E-03   1.0919214E-05   7.6662627E-04
   2.0289855E-01   3.7103118E+06   1.8230603E+06   5.5333180E+06   8.2198533E-04   1.4735361E-05   5.5599158E-04
   2.1739130E-01   3.7435223E+06   1.8408455E+06   5.5842668E+06   1.2880780E-03   2.3378439E-05   8.6719796E-04
   2.3188406E-01   3.7152777E+06   1.8468885E+06   5.5621661E+06   1.0167188E-03   1.6314647E-05   6.8210814E-04
   2.4637681E-01   3.7240084E+06   1.8417904E+06   5.5657542E+06   6.4581495E-04   1.5520759E-05   4.4063178E-04
   2.6086957E-01   3.6993126E+06   1.8405845E+06   5.5398550E+06   1.6483495E-03   3.7652886E-05   1.1012977E-03
   2.7536232E-01   3.7029395E+06   1.8380698E+06   5.5409694E+06   1.1025631E-03   2.0626605E-05   7.2728313E-04
   2.8985507E-01   3.6882075E+06   1.8309949E+06   5.5192025E+06   1.7820337E-03   2.1936851E-05   1.1845951E-03
   3.0434783E-01   3.6848735E+06   1.8222846E+06   5.5071941E+06   1.3949500E-03   4.2497854E-05   9.3538555E-04
   3.1884058E-01   3.6668256E+06   1.8254566E+06   5.4921788E+06   1.3854595E-03   9.3273732E-06   9.2121874E-04
   3.3333333E-01   3.6301517E+06   1.8182056E+06   5.4483574E+06   3.9417875E-04   3.0551837E-06   2.6244245E-04
   3.4782609E-01   3.6051533E+06   1.8091595E+06   5.4142496E+06   1.2056271E-03   1.6288609E-05   8.0121713E-04
   3.6231884E-01   3.5892471E+06   1.7766804E+06   5.3658366E+06   2.2528789E-03   7.8832074E-06   1.5090962E-03
   3.7681159E-01   3.5576903E+06   1.7680037E+06   5.3256357E+06   2.0211514E-03   9.3498286E-06   1.3488601E-03
   3.9130435E-01   3.5407913E+06   1.7314283E+06   5.2721915E+06   3.9749887E-04   5.5621226E-06   2.6570464E-04
   4.0579710E-01   3.4737897E+06   1.7314283E+06   5.2051910E+06   6.2766359E-04   1.6603785E-05   4.1658213E-04
   4.2028986E-01   3.4399155E+06   1.7115704E+06   5.1513553E+06   8.3854300E-04   6.8022691E-06   5.5742553E-04
   4.3478261E-01   3.3794298E+06   1.6873028E+06   5.0666316E+06   2.3343342E-04   1.4260087E-05   1.5799467E-04
   4.4927536E-01   3.3265863E+06   1.6557524E+06   4.9823387E+06   9.6236628E-04   2.5235664E-06   6.4144356E-04
   4.6376812E-01   3.2832257E+06   1.6253215E+06   4.9087130E+06   5.0833164E-04   8.5087661E-06   3.4222185E-04
   4.7826087E-01   3.2252718E+06   1.5974467E+06   4.8226725E+06   7.7115442E-04   5.2267191E-06   5.1081111E-04
   4.9275362E-01   3.1630604E+06   1.5652388E+06   4.7282992E+06   2.6471280E-04   1.9415500E-05   1.8635998E-04
   5.0724638E-01   3.1201648E+06   1.5320353E+06   4.6520702E+06   3.9501095E-04   1.8199265E-05   2.5957624E-04
   5.2173913E-01   3.0449859E+06   1.5119373E+06   4.5567969E+06   8.3905692E-04   7.4681573E-06   5.6789179E-04
   5.3623188E-01   2.9751814E+06   1.4829112E+06   4.4580107E+06   1.3042721E-03   9.3781694E-06   8.7183864E-04
   5.5072464E-01   2.9066979E+06   1.4520827E+06   4.3586410E+06   5.1117650E-04   2.0097201E-05   3.4094600E-04
   5.6521739E-01   2.8389285E+06   1.4139949E+06   4.2528651E+06   4.8130463E-04   1.3893993E-05   3.1498056E-04
   5.7971014E-01   2.7463219E+06   1.3639260E+06   4.1101722E+06   1.4027745E-03   8.6923339E-06   9.3484905E-04
   5.9420290E-01   2.6827945E+06   1.3369432E+06   4.0197192E+06   1.6361796E-03   4.3022561E-06   1.0935264E-03
   6.0869565E-01   2.6061090E+06   1.3045159E+06   3.9105708E+06   2.1817522E-03   6.7523312E-06   1.4553205E-03
   6.2318841E-01   2.5276686E+06   1.2536313E+06   3.7812470E+06   2.3736760E-03   1.9696898E-05   1.5962114E-03
   6.3768116E-01   2.4477134E+06   1.2271373E+06   3.6748335E+06   3.2519480E-03   1.1979216E-05   2.1695065E-03
   6.5217391E-01   2.3685502E+06   1.1836015E+06   3.5520507E+06   3.2516154E-03   6.5216738E-06   2.1717748E-03
   6.6666667E-01   2.2833242E+06   1.1427987E+06   3.4261064E+06   4.3562203E-03   9.9101585E-06   2.9076822E-03
   6.8115942E-01   2.2018377E+06   1.1054733E+06   3.3073272E+06   3.6385551E-03   8.2095862E-06   2.4273706E-03
   6.9565217E-01   2.1355703E+06   1.0679983E+06   3.2035686E+06   4.8841535E-03   1.7665637E-05   3.2565806E-03
   7.1014493E-01   2.0487035E+06   1.0230837E+06   3.0718181E+06   5.1422681E-03   3.0266768E-06   3.4254380E-03
   7.2463768E-01   1.9694183E+06   9.8657316E+05   2.9560066E+06   5.4798015E-03   4.4317499E-05   3.6680435E-03
   7.3913043E-01   1.8782212E+06   9.4535823E+05   2.8234903E+06   7.0864742E-03   1.6608955E-05   4.7172934E-03
   7.5362319E-01   1.8006155E+06   9.0328041E+05   2.7038814E+06   7.7824582E-03   1.3561879E-05   5.1852754E-03
   7.6811594E-01   1.7111839E+06   8.6003114E+05   2.5711864E+06   7.4067547E-03   2.2172875E-05   4.9349051E-03
   7.8260870E-01   1.6369919E+06   8.2388429E+05   2.4608762E+06   9.6845592E-03   1.5786419E-05   6.4467674E-03
   7.9710145E-01   1.5448460E+06   7.9519643E+05   2.3400424E+06   9.2700228E-03   1.9196178E-05   6.1250059E-03
   8.1159420E-01   1.4688726E+06   7.4922568E+05   2.2180441E+06   1.0372263E-02   1.1702636E-05   6.8686712E-03
   8.2608696E-01   1.3876817E+06   7.0400385E+05   2.0916856E+06   1.2020962E-02   5.0184336E-06   7.9735068E-03
   8.4057971E-01   1.3078143E+06   6.6423459E+05   1.9720228E+06   1.2561521E-02   2.5286400E-05   8.3399373E-03
   8.5507246E-01   1.2212917E+06   6.2727754E+05   1.8485436E+06   1.3581211E-02   2.0673417E-05   8.9655742E-03
   8.6956522E-01   1.1441445E+06   5.8583149E+05   1.7299507E+06   1.6656599E-02   1.5920301E-05   1.1013498E-02
   8.8405797E-01   1.0642722E+06   5.4891191E+05   1.6131717E+06   1.6406122E-02   3.7326575E-06   1.0822600E-02
   8.9855072E-01   9.8134234E+05   5.1056787E+05   1.4919346E+06   1.7542034E-02   1.9938448E-05   1.1543622E-02
   9.1304348E-01   9.0229600E+05   4.7003730E+05   1.3723333E+06   1.8998906E-02   1.3957523E-05   1.2496106E-02
   9.2753623E-01   8.1616529E+05   4.2474693E+05   1.2409122E+06   2.1149225E-02   4.2682106E-05   1.3921211E-02
   9.4202899E-01   7.2866291E+05   3.8367123E+05   1.1123341E+06   2.5254916E-02   5.8831251E-06   1.6544705E-02
   9.5652174E-01   6.4133226E+05   3.4024673E+05   9.8156751E+05   2.6127478E-02   4.1993000E-05   1.7082093E-02
   9.7101449E-01   5.4093352E+05   2.8856196E+05   8.2949548E+05   2.7825610E-02   1.3041772E-05   1.8146462E-02
   9.8550725E-01   4.2288393E+05   2.2654098E+05   6.4943605E+05   3.3359123E-02   3.9204338E-05   2.1732606E-02
   1.0000000E+00   2.6547592E+05   1.4176515E+05   4.0724107E+05   3.7709887E-02   2.4398121E-05   2.4589701E-02
