   0.0000000E+00   3.1158132E+06   1.5518447E+06   4.6676580E+06   6.3244200E-03   2.7977090E-03   3.4169139E-03
   1.4492754E-02   3.1552156E+06   1.6268607E+06   4.7820762E+06   1.4564031E-03   1.7050779E-03   5.8322256E-04
   2.8985507E-02   3.0851249E+06   1.6234508E+06   4.7085758E+06   1.2138545E-03   1.8051702E-03   1.3456581E-03
   4.3478261E-02   3.1569836E+06   1.5662417E+06   4.7232253E+06   1.5357879E-03   1.8368741E-03   1.5768201E-03
   5.7971014E-02   3.1444178E+06   1.5582855E+06   4.7027033E+06   9.4265775E-04   7.2590396E-04   4.2165124E-04
   7.2463768E-02   3.2379604E+06   1.6079172E+06   4.8457261E+06   7.2231834E-04   1.4212391E-03   4.0342546E-04
   8.6956522E-02   3.1654450E+06   1.5992033E+06   4.7646483E+06   7.7986147E-04   1.5370355E-03   1.0165871E-03
   1.0144928E-01   3.2128035E+06   1.6028296E+06   4.8156331E+06   2.5661618E-04   3.9537611E-04   4.1051022E-05
   1.1594203E-01   3.2696338E+06   1.6056440E+06   4.8751831E+06   1.3330909E-03   9.8602096E-05   9.2215926E-04
   1.3043478E-01   3.3172870E+06   1.6667681E+06   4.9839709E+06   5.2817788E-04   8.0255368E-04   5.4996729E-04
   1.4492754E-01   3.3581374E+06   1.6575490E+06   5.0156864E+06   3.8086604E-04   3.9699590E-04   1.5974936E-04
   1.5942029E-01   3.3644198E+06   1.6724626E+06   5.0368135E+06   2.9555052E-04   2.3922537E-04   1.9678877E-04
   1.7391304E-01   3.4057738E+06   1.7218303E+06   5.1275410E+06   1.0864112E-04   1.0949638E-04   1.0713447E-04
   1.8840580E-01   3.4673448E+06   1.7357999E+06   5.2029698E+06   1.2554454E-04   5.0671731E-04   2.2869649E-04
   2.0289855E-01   3.5271560E+06   1.7637404E+06   5.2907340E+06   5.8869273E-04   4.8774271E-04   5.0116744E-04
   2.1739130E-01   3.5490366E+06   1.7719420E+06   5.3207765E+06   3.8388613E-04   6.1713239E-04   4.6498720E-04
   2.3188406E-01   3.5822002E+06   1.7992931E+06   5.3813039E+06   2.8714848E-04   9.8553519E-05   1.9829689E-04
   2.4637681E-01   3.6457386E+06   1.8245854E+06   5.4701903E+06   6.3328918E-04   4.4651817E-04   5.3562195E-04
   2.6086957E-01   3.6717815E+06   1.8382271E+06   5.5097560E+06   5.1655910E-04   4.7698913E-04   4.2354042E-04
   2.7536232E-01   3.6989514E+06   1.8558965E+06   5.5548081E+06   7.2865728E-04   2.2834042E-04   5.1409441E-04
   2.8985507E-01   3.7009754E+06   1.8531587E+06   5.5541341E+06   3.4616908E-04   2.7704101E-04   1.8116178E-04
   3.0434783E-01   3.7299047E+06   1.8624446E+06   5.5922050E+06   6.3115576E-04   1.0786899E-04   4.4575017E-04
   3.1884058E-01   3.7542753E+06   1.8916552E+06   5.6457927E+06   8.0172135E-05   3.2210159E-04   1.3191135E-04
   3.3333333E-01   3.7415720E+06   1.8815920E+06   5.6229992E+06   5.2429154E-04   4.2799791E-04   4.7294374E-04
   3.4782609E-01   3.7312533E+06   1.8781767E+06   5.6092089E+06   4.7980550E-04   2.6480515E-04   2.7982653E-04
   3.6231884E-01   3.7257913E+06   1.8734585E+06   5.5990073E+06   7.8488831E-05   3.3236350E-04   1.6265408E-04
   3.7681159E-01   3.7274233E+06   1.8612927E+06   5.5883372E+06   5.5197815E-04   1.5776572E-04   3.4099697E-04
   3.9130435E-01   3.6806358E+06   1.8531152E+06   5.5336668E+06   2.4277131E-04   2.8288864E-04   1.2421198E-04
   4.0579710E-01   3.6509918E+06   1.8328297E+06   5.4836051E+06   3.1096930E-04   3.3657816E-04   3.1607537E-04
   4.2028986E-01   3.6247510E+06   1.8161642E+06   5.4406539E+06   4.8537859E-04   2.4317688E-04   4.0208992E-04
   4.3478261E-01   3.5586598E+06   1.7891679E+06   5.3477519E+06   1.6995713E-04   3.0046531E-04   1.9188254E-04
   4.4927536E-01   3.5147983E+06   1.7705129E+06   5.2851156E+06   3.0682554E-04   2.7915384E-04   2.8511788E-04
   4.6376812E-01   3.4686581E+06   1.7368509E+06   5.2050354E+06   2.6717877E-04   4.4357237E-04   2.1718578E-04
   4.7826087E-01   3.4052457E+06   1.7098213E+06   5.1148145E+06   1.2092137E-04   5.8741419E-04   1.6478475E-04
   4.9275362E-01   3.3161900E+06   1.6749992E+06   4.9908104E+06   3.1876804E-04   1.9146497E-04   2.1153943E-04
   5.0724638E-01   3.2725565E+06   1.6432927E+06   4.9156544E+06   2.8465465E-04   2.3678208E-04   2.3454425E-04
   5.2173913E-01   3.1920921E+06   1.6050547E+06   4.7969152E+06   1.2005116E-04   3.4177451E-05   6.9053800E-05
   5.3623188E-01   3.1319305E+06   1.5726927E+06   4.7042751E+06   3.7859692E-04   3.6895366E-04   1.9758410E-04
   5.5072464E-01   3.0267592E+06   1.5251245E+06   4.5515647E+06   1.9722135E-04   4.4124773E-04   1.6865565E-04
   5.6521739E-01   2.9678603E+06   1.4829878E+06   4.4506733E+06   3.6017546E-04   4.1288758E-04   1.5338289E-04
   5.7971014E-01   2.8828092E+06   1.4303227E+06   4.3129993E+06   2.1237912E-04   1.6105522E-04   1.0125001E-04
   5.9420290E-01   2.7838322E+06   1.3932745E+06   4.1769033E+06   4.3821660E-04   1.0809667E-04   2.5522388E-04
   6.0869565E-01   2.6959008E+06   1.3474182E+06   4.0430123E+06   4.5080146E-04   1.4813066E-04   3.3481543E-04
   6.2318841E-01   2.6062970E+06   1.3114484E+06   3.9176044E+06   3.1534948E-04   1.9051506E-04   2.0438455E-04
   6.3768116E-01   2.5153414E+06   1.2571713E+06   3.7723232E+06   2.4562154E-04   4.7726985E-04   2.9462081E-04
   6.5217391E-01   2.4247911E+06   1.2093646E+06   3.6339368E+06   5.7587404E-04   2.7310923E-04   3.3931279E-04
   6.6666667E-01   2.3283436E+06   1.1634223E+06   3.4916671E+06   1.4323389E-04   4.2964072E-04   2.3482401E-04
   6.8115942E-01   2.2445612E+06   1.1164686E+06   3.3609491E+06   2.7664458E-04   1.4028287E-04   2.0527905E-04
   6.9565217E-01   2.1417901E+06   1.0737129E+06   3.2153767E+06   1.5249879E-04   2.9968503E-04   4.6637121E-05
   7.1014493E-01   2.0528015E+06   1.0228053E+06   3.0754367E+06   6.0706869E-04   1.0139941E-04   4.2150366E-04
   7.2463768E-01   1.9613863E+06   9.8487583E+05   2.9460954E+06   3.4686694E-04   4.0284873E-04   1.1042825E-04
   7.3913043E-01   1.8731399E+06   9.4084153E+05   2.8138032E+06   6.7170933E-04   5.5424875E-04   6.2007641E-04
   7.5362319E-01   1.7840182E+06   8.9108377E+05   2.6750436E+06   4.3961073E-04   2.6737778E-04   3.5704679E-04
   7.6811594E-01   1.6968870E+06   8.4972306E+05   2.5464814E+06   4.5486966E-04   5.4195080E-04   4.0776430E-04
   7.8260870E-01   1.6087872E+06   8.0226073E+05   2.4109076E+06   5.5153979E-04   6.7951282E-04   5.8386689E-04
   7.9710145E-01   1.5206122E+06   7.5819133E+05   2.2787209E+06   7.7657036E-04   4.9153079E-04   6.6916181E-04
   8.1159420E-01   1.4289155E+06   7.1872678E+05   2.1475881E+06   1.0166923E-03   7.1461673E-04   8.7229441E-04
   8.2608696E-01   1.3466310E+06   6.7564854E+05   2.0222264E+06   7.3366525E-04   9.8205420E-04   8.1161519E-04
   8.4057971E-01   1.2633300E+06   6.2903903E+05   1.8923690E+06   1.0208774E-03   6.3138140E-04   8.9126610E-04
   8.5507246E-01   1.1614947E+06   5.8173629E+05   1.7432310E+06   1.4679437E-03   5.2585108E-04   1.0963252E-03
   8.6956522E-01   1.0873521E+06   5.4332246E+05   1.6305988E+06   1.8657648E-03   1.1851465E-03   1.6367997E-03
   8.8405797E-01   1.0073923E+06   5.0006895E+05   1.5074115E+06   2.4379392E-03   8.6533761E-04   1.9021900E-03
   8.9855072E-01   9.1482039E+05   4.5620637E+05   1.3709779E+06   2.2580491E-03   1.4280443E-03   1.9765098E-03
   9.1304348E-01   8.3482136E+05   4.1347165E+05   1.2482810E+06   2.0461799E-03   1.1300522E-03   1.7185100E-03
   9.2753623E-01   7.3239986E+05   3.7000045E+05   1.1023648E+06   2.4679924E-03   1.5016219E-03   2.1420786E-03
   9.4202899E-01   6.4130170E+05   3.1877399E+05   9.6006404E+05   3.0203939E-03   1.8685739E-03   2.6249315E-03
   9.5652174E-01   5.4955427E+05   2.7206191E+05   8.2160470E+05   3.1013910E-03   2.3329513E-03   2.8425777E-03
   9.7101449E-01   4.3920454E+05   2.1952876E+05   6.5873330E+05   4.4810922E-03   2.2453868E-03   3.7102321E-03
   9.8550725E-01   3.1138520E+05   1.5390969E+05   4.6527261E+05   5.2830415E-03   2.9300963E-03   4.5044160E-03
   1.0000000E+00   1.5712778E+05   8.1386938E+04   2.3851472E+05   9.1980178E-03   5.9119288E-03   8.0723275E-03
