   0.0000000E+00   3.6310742E+06   1.6791445E+06   5.3102187E+06   3.6396739E-03   2.9785821E-03   3.0720059E-03
   1.4492754E-02   3.4704340E+06   1.7003611E+06   5.1707951E+06   2.1245255E-03   2.4739101E-03   1.4265748E-03
   2.8985507E-02   3.3980702E+06   1.6871007E+06   5.0851709E+06   8.6306733E-04   7.0675830E-04   3.4234729E-04
   4.3478261E-02   3.4754856E+06   1.6639898E+06   5.1394753E+06   5.0213299E-04   1.0702136E-03   5.4161533E-04
   5.7971014E-02   3.4755487E+06   1.7009294E+06   5.1764782E+06   6.4994110E-04   9.1315117E-04   3.3540224E-04
   7.2463768E-02   3.4977125E+06   1.7124849E+06   5.2100459E+06   1.0793513E-03   1.1881251E-03   1.0305079E-03
   8.6956522E-02   3.4446710E+06   1.6940466E+06   5.1387176E+06   5.5581757E-04   3.9341951E-04   4.9192114E-04
   1.0144928E-01   3.4832073E+06   1.7117272E+06   5.1949345E+06   1.1561536E-03   9.0144321E-04   1.0692609E-03
   1.1594203E-01   3.4805687E+06   1.7169366E+06   5.1975054E+06   1.8149794E-04   5.0638850E-04   2.4105468E-04
   1.3043478E-01   3.5405668E+06   1.7301654E+06   5.2707322E+06   2.9393968E-04   3.3315696E-04   2.1907717E-04
   1.4492754E-01   3.5283251E+06   1.7218808E+06   5.2499786E+06   5.8954333E-04   6.5145242E-04   5.9848041E-04
   1.5942029E-01   3.5413168E+06   1.7374213E+06   5.2786693E+06   2.9823858E-04   9.5993282E-04   5.0234896E-04
   1.7391304E-01   3.5378726E+06   1.7594646E+06   5.2972109E+06   4.1760184E-04   1.6211408E-04   3.3489073E-04
   1.8840580E-01   3.5624699E+06   1.7959525E+06   5.3583058E+06   3.0455512E-04   6.3963181E-05   1.9544829E-04
   2.0289855E-01   3.5947028E+06   1.7920473E+06   5.3868583E+06   4.5143699E-04   3.1282222E-04   2.6555702E-04
   2.1739130E-01   3.5766182E+06   1.7988164E+06   5.3754346E+06   3.8985001E-04   1.1898064E-04   2.2234666E-04
   2.3188406E-01   3.5986336E+06   1.8344805E+06   5.4331615E+06   2.8881130E-04   4.5386292E-04   3.1676219E-04
   2.4637681E-01   3.6170783E+06   1.8335445E+06   5.4505783E+06   3.1414042E-04   2.1666302E-04   1.5263145E-04
   2.6086957E-01   3.6249281E+06   1.8429840E+06   5.4678700E+06   2.7977870E-04   9.7867566E-05   1.6547523E-04
   2.7536232E-01   3.6085814E+06   1.8566942E+06   5.4652755E+06   3.2797964E-04   1.7732353E-04   2.6204271E-04
   2.8985507E-01   3.6283463E+06   1.8395573E+06   5.4678658E+06   3.8670756E-04   2.3646535E-04   3.3498706E-04
   3.0434783E-01   3.6093524E+06   1.8633828E+06   5.4727712E+06   1.5285964E-04   1.2964686E-04   9.2408262E-05
   3.1884058E-01   3.5706964E+06   1.8459154E+06   5.4165774E+06   2.5646865E-04   1.5828006E-04   2.2205960E-04
   3.3333333E-01   3.5796140E+06   1.8541158E+06   5.4336639E+06   3.1086824E-04   2.7028645E-04   2.8330119E-04
   3.4782609E-01   3.5590892E+06   1.8406371E+06   5.3996632E+06   2.2663677E-04   2.7368659E-04   1.6128062E-04
   3.6231884E-01   3.5301134E+06   1.8465134E+06   5.3764752E+06   3.2736960E-04   3.1556949E-04   2.1848422E-04
   3.7681159E-01   3.5074465E+06   1.8100581E+06   5.3173006E+06   1.3689948E-04   1.0452723E-04   1.2393964E-04
   3.9130435E-01   3.4699850E+06   1.7968463E+06   5.2668874E+06   1.0689209E-04   3.9101311E-04   8.3523343E-05
   4.0579710E-01   3.4197198E+06   1.7909377E+06   5.2104951E+06   1.2552695E-04   1.5713304E-04   2.9429557E-05
   4.2028986E-01   3.3932233E+06   1.7663365E+06   5.1592984E+06   6.9163200E-05   1.4528994E-04   9.7386413E-05
   4.3478261E-01   3.3407095E+06   1.7464568E+06   5.0870905E+06   1.1127372E-04   7.0322849E-05   5.5633020E-05
   4.4927536E-01   3.3128737E+06   1.7269552E+06   5.0397800E+06   2.5582211E-04   2.4742030E-04   1.0978677E-04
   4.6376812E-01   3.2537213E+06   1.6993429E+06   4.9529695E+06   2.9523422E-04   3.0698060E-04   2.8763388E-04
   4.7826087E-01   3.2109207E+06   1.6675488E+06   4.8783317E+06   2.0643881E-04   2.2517669E-04   1.3135990E-04
   4.9275362E-01   3.1417323E+06   1.6294459E+06   4.7711336E+06   1.2842959E-04   9.3185569E-05   8.7307684E-05
   5.0724638E-01   3.0906997E+06   1.5935635E+06   4.6841766E+06   4.3109747E-04   3.2079524E-04   3.5494769E-04
   5.2173913E-01   3.0408394E+06   1.5592748E+06   4.5998826E+06   1.1607137E-04   1.0084367E-04   6.7561969E-05
   5.3623188E-01   2.9652489E+06   1.5234808E+06   4.4887092E+06   3.8845998E-05   2.8931190E-04   1.1717888E-04
   5.5072464E-01   2.8986619E+06   1.4898898E+06   4.3884918E+06   2.0749386E-05   9.8859317E-05   4.0577438E-05
   5.6521739E-01   2.8193051E+06   1.4434301E+06   4.2626186E+06   3.0864010E-04   3.1048390E-04   1.2503159E-04
   5.7971014E-01   2.7544676E+06   1.4048438E+06   4.1591977E+06   1.8730518E-04   2.2688163E-04   1.6138679E-04
   5.9420290E-01   2.6728884E+06   1.3650349E+06   4.0378309E+06   7.1779593E-05   3.4024565E-04   6.9056344E-05
   6.0869565E-01   2.5935342E+06   1.3248846E+06   3.9183286E+06   2.3147822E-04   5.7795180E-05   1.3337911E-04
   6.2318841E-01   2.5133597E+06   1.2842932E+06   3.7975296E+06   1.9398310E-05   1.0974027E-04   4.9405984E-05
   6.3768116E-01   2.4502277E+06   1.2421026E+06   3.6923303E+06   7.3261803E-05   1.4728463E-04   7.3428443E-05
   6.5217391E-01   2.3693584E+06   1.1973250E+06   3.5666497E+06   3.9557632E-04   3.4857934E-04   3.6399860E-04
   6.6666667E-01   2.2863222E+06   1.1535058E+06   3.4397292E+06   9.7368970E-05   2.1577132E-04   5.7199830E-05
   6.8115942E-01   2.2164443E+06   1.1090202E+06   3.3254967E+06   3.1008189E-04   2.5323843E-04   2.5872004E-04
   6.9565217E-01   2.1370542E+06   1.0717554E+06   3.2087781E+06   1.2440977E-04   1.0630549E-04   1.1157100E-04
   7.1014493E-01   2.0649098E+06   1.0247229E+06   3.0896481E+06   2.9942650E-04   1.7545952E-04   1.6499143E-04
   7.2463768E-01   1.9855581E+06   9.8846750E+05   2.9739195E+06   5.5008962E-04   3.6972031E-04   2.5416444E-04
   7.3913043E-01   1.9091696E+06   9.2907432E+05   2.8382439E+06   3.6514221E-04   3.9017063E-04   3.7372210E-04
   7.5362319E-01   1.8318576E+06   8.9204551E+05   2.7237719E+06   9.3686371E-05   1.3190417E-05   5.6679491E-05
   7.6811594E-01   1.7540746E+06   8.5378338E+05   2.6078437E+06   1.7471512E-04   4.9709349E-04   2.8092561E-04
   7.8260870E-01   1.6720723E+06   8.1980093E+05   2.4917469E+06   2.3315218E-04   4.2171866E-04   5.4080418E-05
   7.9710145E-01   1.5961930E+06   7.7330473E+05   2.3694839E+06   1.0410203E-04   3.6429435E-04   1.3617368E-04
   8.1159420E-01   1.5267176E+06   7.3206835E+05   2.2587454E+06   3.4975296E-04   7.3581853E-05   2.4062434E-04
   8.2608696E-01   1.4440068E+06   6.9404692E+05   2.1379873E+06   7.9300413E-05   3.5398963E-04   1.1137000E-04
   8.4057971E-01   1.3687991E+06   6.5258112E+05   2.0214063E+06   3.0302626E-04   2.5873371E-04   2.8730430E-04
   8.5507246E-01   1.2938418E+06   6.1591149E+05   1.9097405E+06   2.4052499E-04   3.8231788E-04   2.3374289E-04
   8.6956522E-01   1.2239215E+06   5.7046206E+05   1.7943962E+06   1.3739339E-04   2.2002940E-04   8.6184334E-05
   8.8405797E-01   1.1364311E+06   5.2616738E+05   1.6625861E+06   2.5527571E-04   5.0363603E-05   1.5869140E-04
   8.9855072E-01   1.0594503E+06   4.8888682E+05   1.5483249E+06   1.5517450E-04   4.3973159E-04   5.8570921E-05
   9.1304348E-01   9.6938577E+05   4.4501996E+05   1.4143817E+06   1.5959065E-04   6.7755855E-04   1.5111139E-04
   9.2753623E-01   8.8775956E+05   3.9635548E+05   1.2840558E+06   3.7282426E-04   4.2074831E-04   2.6319348E-04
   9.4202899E-01   7.8327824E+05   3.5073882E+05   1.1339937E+06   4.1525570E-04   8.9447271E-04   1.8680745E-04
   9.5652174E-01   6.8266335E+05   3.0117737E+05   9.8382924E+05   8.3333071E-04   1.5706641E-04   5.6220597E-04
   9.7101449E-01   5.5884777E+05   2.4307514E+05   8.0193422E+05   5.3426197E-04   1.1348310E-03   7.1032917E-04
   9.8550725E-01   3.7070039E+05   1.6264595E+05   5.3333519E+05   4.2280191E-04   8.3566096E-04   5.2136375E-04
   1.0000000E+00   1.7327824E+05   7.5653306E+04   2.4893155E+05   1.5003292E-03   1.1366041E-03   1.2023064E-03
