   0.0000000E+00   3.5037744E+06   1.6852064E+06   5.1889808E+06   6.1183572E-03   2.5996868E-03   4.9415332E-03
   1.4492754E-02   3.3378301E+06   1.7268819E+06   5.0647120E+06   3.8478386E-03   1.6892046E-03   2.8928662E-03
   2.8985507E-02   3.4067841E+06   1.6590645E+06   5.0658486E+06   1.9931288E-03   8.0620412E-04   1.0774245E-03
   4.3478261E-02   3.4421452E+06   1.6319122E+06   5.0740574E+06   8.7489800E-04   1.5406191E-03   1.0550778E-03
   5.7971014E-02   3.4681608E+06   1.6537603E+06   5.1219211E+06   1.0131442E-03   6.3084031E-04   6.6878347E-04
   7.2463768E-02   3.4051171E+06   1.7093024E+06   5.1144195E+06   3.8199055E-04   1.1927096E-03   5.8361542E-04
   8.6956522E-02   3.3829154E+06   1.7172839E+06   5.1001993E+06   1.3548754E-03   1.2245997E-03   7.1104149E-04
   1.0144928E-01   3.4379596E+06   1.6987374E+06   5.1366970E+06   6.0389591E-04   3.4606958E-04   3.4767095E-04
   1.1594203E-01   3.4099098E+06   1.7141898E+06   5.1238155E+06   1.9115464E-04   4.8273515E-04   2.2264097E-04
   1.3043478E-01   3.5113518E+06   1.7067598E+06   5.2181116E+06   2.6966135E-04   3.9046275E-04   9.8334959E-05
   1.4492754E-01   3.4524757E+06   1.7562063E+06   5.2086062E+06   7.7088211E-04   3.2245586E-04   4.0594805E-04
   1.5942029E-01   3.4563126E+06   1.7250220E+06   5.1813346E+06   4.4424164E-04   4.9045394E-04   4.2121516E-04
   1.7391304E-01   3.4545847E+06   1.7516978E+06   5.2062193E+06   5.2183590E-04   2.5357763E-04   3.9603388E-04
   1.8840580E-01   3.5004520E+06   1.7536358E+06   5.2540879E+06   4.0611715E-04   4.9378548E-04   3.9964596E-04
   2.0289855E-01   3.4724907E+06   1.7762972E+06   5.2487338E+06   5.8550973E-04   1.7714859E-04   3.5862818E-04
   2.1739130E-01   3.4997332E+06   1.8175072E+06   5.3171393E+06   6.8546780E-04   4.8664168E-04   3.3582646E-04
   2.3188406E-01   3.5102152E+06   1.8182365E+06   5.3283570E+06   1.2986608E-04   5.0495717E-04   9.4379006E-05
   2.4637681E-01   3.4793486E+06   1.8400967E+06   5.3191778E+06   2.5396801E-04   1.4200020E-04   1.2724003E-04
   2.6086957E-01   3.5060897E+06   1.8289238E+06   5.3348451E+06   2.9640291E-04   2.4816487E-04   2.7210813E-04
   2.7536232E-01   3.4863864E+06   1.8322073E+06   5.3185538E+06   6.0568274E-04   3.3659960E-04   4.3409753E-04
   2.8985507E-01   3.4482702E+06   1.8505824E+06   5.2988147E+06   6.2399322E-04   5.6640522E-04   2.5403428E-04
   3.0434783E-01   3.4606917E+06   1.8632745E+06   5.3238579E+06   3.9705405E-04   1.4493279E-04   2.1511765E-04
   3.1884058E-01   3.4425011E+06   1.8564204E+06   5.2988526E+06   3.6591699E-04   5.6770810E-05   2.4527131E-04
   3.3333333E-01   3.4271442E+06   1.8493717E+06   5.2763841E+06   3.3010776E-04   1.7191694E-04   1.5839986E-04
   3.4782609E-01   3.4341258E+06   1.8283239E+06   5.2624181E+06   3.2708033E-04   2.8476253E-04   1.1716604E-04
   3.6231884E-01   3.3930236E+06   1.8426338E+06   5.2355362E+06   2.4584438E-04   1.8781167E-04   1.7093994E-04
   3.7681159E-01   3.3519939E+06   1.8131182E+06   5.1648790E+06   1.6432901E-04   1.3856720E-04   5.9321426E-05
   3.9130435E-01   3.3022726E+06   1.8084930E+06   5.1106814E+06   9.3567585E-04   1.7710301E-04   5.9332460E-04
   4.0579710E-01   3.2846532E+06   1.7852006E+06   5.0699350E+06   2.5510628E-04   3.7361654E-04   2.8338043E-04
   4.2028986E-01   3.2489659E+06   1.7832680E+06   5.0318942E+06   2.5530519E-04   4.3747313E-04   2.7300997E-05
   4.3478261E-01   3.2112123E+06   1.7288268E+06   4.9399885E+06   1.6394266E-04   1.3275043E-04   1.2563394E-04
   4.4927536E-01   3.1772388E+06   1.7083051E+06   4.8854462E+06   3.6469332E-04   4.9620258E-05   2.2754090E-04
   4.6376812E-01   3.1319151E+06   1.6830989E+06   4.8147773E+06   2.3950904E-04   5.7955163E-05   1.6988195E-04
   4.7826087E-01   3.0745281E+06   1.6574227E+06   4.7317901E+06   2.0874567E-04   1.9728742E-04   1.3097202E-04
   4.9275362E-01   3.0428031E+06   1.6253452E+06   4.6679700E+06   4.8611923E-04   4.6758295E-04   4.8015675E-04
   5.0724638E-01   3.0021527E+06   1.6049729E+06   4.6071040E+06   6.2207446E-04   3.1207995E-04   4.9716066E-04
   5.2173913E-01   2.9324410E+06   1.5689359E+06   4.5012506E+06   4.0627708E-04   2.8671042E-04   3.4105051E-04
   5.3623188E-01   2.8825123E+06   1.5291331E+06   4.4115635E+06   3.0068584E-04   2.1459644E-04   2.6677406E-04
   5.5072464E-01   2.8193787E+06   1.5017743E+06   4.3210333E+06   1.0926425E-04   3.0371888E-04   1.7462797E-04
   5.6521739E-01   2.7540426E+06   1.4436827E+06   4.1976087E+06   1.9347878E-04   2.4656172E-04   7.3342334E-05
   5.7971014E-01   2.7009335E+06   1.4113414E+06   4.1122559E+06   3.9219422E-04   5.8320435E-04   4.0971962E-04
   5.9420290E-01   2.6251510E+06   1.3724829E+06   3.9975046E+06   2.5112354E-04   3.8856801E-04   2.3092132E-04
   6.0869565E-01   2.5768820E+06   1.3255701E+06   3.9023078E+06   4.3184307E-04   4.2476314E-04   2.6062416E-04
   6.2318841E-01   2.5195802E+06   1.2833416E+06   3.8028513E+06   1.2736190E-04   2.5611585E-04   5.4809715E-05
   6.3768116E-01   2.4572540E+06   1.2505066E+06   3.7076400E+06   2.9345408E-04   1.4452462E-04   2.4334471E-04
   6.5217391E-01   2.3764138E+06   1.2134564E+06   3.5898196E+06   2.6591620E-04   3.7640378E-04   1.7817337E-04
   6.6666667E-01   2.3193496E+06   1.1596501E+06   3.4790327E+06   4.5487889E-05   8.3372700E-05   2.9423571E-06
   6.8115942E-01   2.2465280E+06   1.1094394E+06   3.3559190E+06   5.5672308E-04   2.8498351E-04   2.7960826E-04
   6.9565217E-01   2.2034667E+06   1.0765386E+06   3.2799737E+06   2.0137223E-04   5.5291458E-04   3.1623083E-04
   7.1014493E-01   2.1196060E+06   1.0297796E+06   3.1493702E+06   4.3045632E-04   2.4691318E-04   3.4905321E-04
   7.2463768E-01   2.0581341E+06   9.9787859E+05   3.0559672E+06   6.2449615E-04   3.3131029E-05   4.2779542E-04
   7.3913043E-01   1.9937835E+06   9.5404992E+05   2.9477888E+06   2.1496270E-04   3.1131661E-04   1.2750964E-04
   7.5362319E-01   1.9179044E+06   9.0651537E+05   2.8243469E+06   3.5943287E-04   1.4630129E-04   2.4380110E-04
   7.6811594E-01   1.8431301E+06   8.6709381E+05   2.7103097E+06   8.5995780E-04   1.1581836E-04   6.2057074E-04
   7.8260870E-01   1.7787167E+06   8.2506299E+05   2.6037657E+06   2.0374835E-04   2.1360006E-04   1.3334470E-04
   7.9710145E-01   1.7058306E+06   7.9175217E+05   2.4975552E+06   1.8389312E-04   4.6427115E-04   2.4934617E-04
   8.1159420E-01   1.6310823E+06   7.4293376E+05   2.3739078E+06   3.5191099E-04   3.6466699E-04   3.4916676E-04
   8.2608696E-01   1.5509806E+06   7.0162429E+05   2.2525518E+06   2.6960195E-04   4.3801502E-04   3.1583885E-04
   8.4057971E-01   1.4794939E+06   6.5728432E+05   2.1367260E+06   1.6919993E-04   3.2218190E-04   1.5745136E-04
   8.5507246E-01   1.4087224E+06   6.1751687E+05   2.0261879E+06   2.8037232E-04   1.0086057E-04   2.1498864E-04
   8.6956522E-01   1.3234629E+06   5.7516003E+05   1.8985471E+06   2.4664703E-04   1.7676455E-04   1.9252084E-04
   8.8405797E-01   1.2449241E+06   5.3091256E+05   1.7757994E+06   3.1094131E-04   3.3609443E-04   1.6824052E-04
   8.9855072E-01   1.1522731E+06   4.8431596E+05   1.6365646E+06   1.2494146E-04   4.1851958E-04   1.2833816E-04
   9.1304348E-01   1.0572953E+06   4.3921064E+05   1.4964818E+06   3.3895695E-04   7.5863771E-04   1.0788530E-04
   9.2753623E-01   9.4113264E+05   3.8996208E+05   1.3311184E+06   6.8266596E-04   6.4729732E-04   6.4708215E-04
   9.4202899E-01   8.1169919E+05   3.3592216E+05   1.1476330E+06   4.8087917E-04   1.1050481E-03   6.6336073E-04
   9.5652174E-01   6.7460379E+05   2.8195841E+05   9.5655072E+05   3.8498542E-04   5.9837620E-04   1.3017120E-04
   9.7101449E-01   5.2745259E+05   2.2592994E+05   7.5337122E+05   2.0467615E-03   5.0966902E-04   1.4989083E-03
   9.8550725E-01   3.6360218E+05   1.5361997E+05   5.1723329E+05   4.8146220E-03   1.2989629E-03   3.4046406E-03
   1.0000000E+00   1.9382740E+05   7.8323165E+04   2.7215057E+05   7.1258315E-03   2.0829076E-03   5.6460248E-03
