   0.0000000E+00   3.0673181E+06   1.4427306E+06   4.5100487E+06   1.1833595E-03   2.0799690E-03   9.9320190E-04
   1.4492754E-02   3.0938389E+06   1.5980667E+06   4.6919055E+06   1.3179777E-03   1.6014992E-03   3.8802479E-04
   2.8985507E-02   3.0794419E+06   1.5404787E+06   4.6199206E+06   1.1828828E-03   1.2508152E-03   9.9980608E-04
   4.3478261E-02   3.0774213E+06   1.5200198E+06   4.5974410E+06   9.9126633E-04   1.4954356E-03   1.0909722E-03
   5.7971014E-02   3.0610668E+06   1.5510870E+06   4.6121538E+06   6.2427213E-04   1.3973597E-03   8.4195833E-04
   7.2463768E-02   3.1027802E+06   1.5907924E+06   4.6934210E+06   3.0606149E-04   7.6802092E-04   1.8785097E-04
   8.6956522E-02   3.1348830E+06   1.5875846E+06   4.7224676E+06   5.2266138E-04   9.5732382E-04   4.2634376E-04
   1.0144928E-01   3.1465557E+06   1.6117059E+06   4.7581534E+06   7.7758837E-04   2.4564700E-04   5.8772743E-04
   1.1594203E-01   3.2009639E+06   1.5894474E+06   4.7902219E+06   1.7400794E-04   4.9870738E-04   2.0545132E-04
   1.3043478E-01   3.2223173E+06   1.6126320E+06   4.8349494E+06   9.8254545E-05   6.4339350E-04   2.5955943E-04
   1.4492754E-01   3.2768323E+06   1.6411061E+06   4.9178626E+06   2.1756581E-04   6.2174840E-04   3.2974419E-04
   1.5942029E-01   3.3209532E+06   1.6679162E+06   4.9888006E+06   2.5733145E-04   4.1702228E-04   1.6286414E-04
   1.7391304E-01   3.3618251E+06   1.6958778E+06   5.0577029E+06   4.8647397E-04   1.7838018E-04   2.7076120E-04
   1.8840580E-01   3.4438549E+06   1.7056653E+06   5.1494036E+06   3.7560776E-04   4.5015623E-04   3.7109178E-04
   2.0289855E-01   3.4741144E+06   1.7377608E+06   5.2117670E+06   5.2558877E-04   2.8829990E-04   4.3635240E-04
   2.1739130E-01   3.5032188E+06   1.7702750E+06   5.2733927E+06   1.1291799E-04   6.0071710E-04   1.4316947E-04
   2.3188406E-01   3.5713551E+06   1.7980618E+06   5.3691801E+06   3.2807912E-04   2.2029370E-04   1.6637964E-04
   2.4637681E-01   3.6220705E+06   1.8065780E+06   5.4284256E+06   9.4336615E-05   3.7249954E-04   1.2986242E-04
   2.6086957E-01   3.6321266E+06   1.8196626E+06   5.4515366E+06   2.7577065E-04   3.7036967E-04   3.0684029E-04
   2.7536232E-01   3.6970372E+06   1.8324067E+06   5.5292046E+06   2.5103404E-04   3.4226858E-04   2.7499932E-04
   2.8985507E-01   3.7235560E+06   1.8543332E+06   5.5776997E+06   3.3249040E-04   4.3936414E-04   3.4107282E-04
   3.0434783E-01   3.7229407E+06   1.8683982E+06   5.5911225E+06   1.5621549E-04   1.8298476E-04   1.0203323E-04
   3.1884058E-01   3.7453202E+06   1.8735384E+06   5.6185142E+06   2.1467288E-04   3.1831429E-04   4.3441776E-05
   3.3333333E-01   3.7533992E+06   1.8802083E+06   5.6332781E+06   3.0522934E-05   2.7134126E-04   8.7402199E-05
   3.4782609E-01   3.7472605E+06   1.8809550E+06   5.6278051E+06   1.1573402E-04   2.1268664E-04   2.9147153E-05
   3.6231884E-01   3.7509784E+06   1.8783989E+06   5.6291652E+06   5.7627159E-04   2.7366042E-04   4.1768279E-04
   3.7681159E-01   3.7350298E+06   1.8678501E+06   5.6025885E+06   8.1005224E-05   2.3698714E-04   7.2476273E-05
   3.9130435E-01   3.6949767E+06   1.8611416E+06   5.5558376E+06   5.5366012E-05   1.8993920E-04   9.8080625E-05
   4.0579710E-01   3.6853335E+06   1.8417873E+06   5.5267690E+06   1.9877154E-04   4.5052361E-04   1.6809284E-04
   4.2028986E-01   3.6438251E+06   1.8269815E+06   5.4704408E+06   9.5893249E-05   3.1024811E-04   1.5281283E-04
   4.3478261E-01   3.5917729E+06   1.7991447E+06   5.3905640E+06   4.2659315E-04   2.8534789E-04   3.2826586E-04
   4.4927536E-01   3.5364060E+06   1.7785791E+06   5.3147895E+06   1.5871372E-04   1.7610161E-04   1.6477605E-04
   4.6376812E-01   3.4793611E+06   1.7435995E+06   5.2226291E+06   7.6551019E-05   2.3736463E-04   1.2622259E-04
   4.7826087E-01   3.4262097E+06   1.7137248E+06   5.1394065E+06   5.9657066E-05   2.3036384E-04   1.0384717E-04
   4.9275362E-01   3.3575535E+06   1.6811057E+06   5.0383695E+06   7.6404056E-05   1.7394522E-04   1.1135097E-04
   5.0724638E-01   3.2856112E+06   1.6539876E+06   4.9394473E+06   2.3802201E-04   3.3457055E-04   8.0812946E-05
   5.2173913E-01   3.2109302E+06   1.6174521E+06   4.8280035E+06   3.5802934E-05   1.2238442E-04   2.2057102E-05
   5.3623188E-01   3.1326473E+06   1.5707062E+06   4.7029234E+06   1.8528860E-04   9.0728257E-05   9.6679605E-05
   5.5072464E-01   3.0501095E+06   1.5266998E+06   4.5764703E+06   1.5017955E-04   1.6603822E-04   1.5532567E-04
   5.6521739E-01   2.9583206E+06   1.4881560E+06   4.4463406E+06   2.1488783E-04   7.6523086E-05   1.2650678E-04
   5.7971014E-01   2.8933986E+06   1.4454964E+06   4.3386298E+06   2.7404762E-04   2.4642015E-04   1.4868399E-04
   5.9420290E-01   2.7862717E+06   1.3930342E+06   4.1790841E+06   1.9915921E-04   2.6916098E-04   1.9911448E-04
   6.0869565E-01   2.7188855E+06   1.3501064E+06   4.0687212E+06   2.1778213E-04   1.3001110E-04   1.1093791E-04
   6.2318841E-01   2.6003232E+06   1.3081178E+06   3.9082296E+06   2.0152198E-04   1.2670682E-04   1.5894063E-04
   6.3768116E-01   2.5270691E+06   1.2630265E+06   3.7898372E+06   1.7678954E-04   1.6565107E-04   1.7253679E-04
   6.5217391E-01   2.4250605E+06   1.2144162E+06   3.6392577E+06   4.9923763E-04   1.7694420E-04   3.2298238E-04
   6.6666667E-01   2.3413734E+06   1.1808832E+06   3.5220754E+06   2.9642024E-04   3.5943432E-04   9.4072984E-05
   6.8115942E-01   2.2583455E+06   1.1199832E+06   3.3781836E+06   3.3792625E-04   2.5363837E-04   2.9365198E-04
   6.9565217E-01   2.1486887E+06   1.0787013E+06   3.2272163E+06   2.0512043E-04   2.6915024E-04   4.7511982E-05
   7.1014493E-01   2.0526159E+06   1.0369395E+06   3.0893698E+06   4.7451546E-04   2.6648423E-04   3.6278789E-04
   7.2463768E-01   1.9648264E+06   9.8810379E+05   2.9527483E+06   2.4044937E-04   2.3972082E-04   1.0213323E-04
   7.3913043E-01   1.8816088E+06   9.4454106E+05   2.8260458E+06   1.3655011E-04   1.5488507E-04   8.4410054E-05
   7.5362319E-01   1.7921347E+06   8.9528046E+05   2.6873277E+06   1.2290653E-04   5.2113266E-04   1.0736712E-04
   7.6811594E-01   1.7052078E+06   8.4536250E+05   2.5504273E+06   7.9734909E-05   1.3149204E-04   9.5517714E-05
   7.8260870E-01   1.6105693E+06   8.0551619E+05   2.4159733E+06   1.2098840E-04   2.0027362E-04   5.2129837E-05
   7.9710145E-01   1.5191656E+06   7.6316483E+05   2.2822202E+06   3.3392857E-04   5.6065155E-05   2.2447001E-04
   8.1159420E-01   1.4321359E+06   7.1736014E+05   2.1493607E+06   1.9163731E-04   5.2860449E-04   2.0845473E-04
   8.2608696E-01   1.3486384E+06   6.7461164E+05   2.0231569E+06   2.1025490E-04   5.1145159E-04   2.7144058E-04
   8.4057971E-01   1.2562621E+06   6.2250681E+05   1.8786252E+06   1.1800273E-04   4.5705519E-04   1.8047381E-04
   8.5507246E-01   1.1707931E+06   5.8237844E+05   1.7531587E+06   2.1603440E-04   4.4956514E-04   2.2800891E-04
   8.6956522E-01   1.0788655E+06   5.4293096E+05   1.6217333E+06   6.1297784E-05   4.2542466E-04   1.7323150E-04
   8.8405797E-01   9.9870937E+05   5.0198192E+05   1.5006416E+06   3.7608107E-04   5.2970923E-04   3.5130601E-04
   8.9855072E-01   9.1390377E+05   4.5889511E+05   1.3727622E+06   3.2916667E-04   8.3216432E-05   1.9476767E-04
   9.1304348E-01   8.1902916E+05   4.0846818E+05   1.2274733E+06   9.0516952E-04   3.5981944E-04   6.9737419E-04
   9.2753623E-01   7.3215123E+05   3.6591578E+05   1.0980433E+06   8.6203202E-04   9.5490688E-04   8.6931047E-04
   9.4202899E-01   6.3105477E+05   3.1446072E+05   9.4549218E+05   9.8951429E-04   1.0552449E-03   9.8148043E-04
   9.5652174E-01   5.3714346E+05   2.6574744E+05   8.0286794E+05   1.1295381E-03   1.0033193E-03   1.0652601E-03
   9.7101449E-01   4.2403850E+05   2.1121627E+05   6.3523215E+05   1.9265788E-03   1.1495785E-03   1.6646027E-03
   9.8550725E-01   2.9374554E+05   1.4626547E+05   4.3998872E+05   2.5284563E-03   2.0745488E-03   2.3587861E-03
   1.0000000E+00   1.4410675E+05   6.9503876E+04   2.1361062E+05   4.9810416E-03   3.5894508E-03   4.5266508E-03
