   0.0000000E+00   2.8612137E+06   1.4245450E+06   4.2857587E+06   4.5974960E-03   3.0483470E-06   3.0684169E-03
   1.4492754E-02   2.8506054E+06   1.5435096E+06   4.3941150E+06   2.8278272E-03   2.6753337E-05   1.8256432E-03
   2.8985507E-02   2.9385029E+06   1.5522236E+06   4.4907265E+06   2.4700597E-03   1.1928628E-05   1.6122728E-03
   4.3478261E-02   2.9218327E+06   1.5531076E+06   4.4749403E+06   1.3375766E-03   2.1973779E-05   8.7455418E-04
   5.7971014E-02   2.9527104E+06   1.5766606E+06   4.5293710E+06   1.0178173E-03   8.7376929E-06   6.6517606E-04
   7.2463768E-02   2.9269853E+06   1.6047347E+06   4.5317200E+06   1.1219294E-03   1.7950923E-05   7.2981689E-04
   8.6956522E-02   2.9693175E+06   1.5800073E+06   4.5491985E+06   1.4402225E-03   7.5850829E-05   9.4069317E-04
   1.0144928E-01   2.9536576E+06   1.6047780E+06   4.5583274E+06   1.5043411E-03   2.9746843E-05   9.8385354E-04
   1.1594203E-01   2.9551731E+06   1.6262924E+06   4.5811813E+06   3.2491744E-04   1.8991209E-05   2.1261169E-04
   1.3043478E-01   3.0138556E+06   1.6398264E+06   4.6536819E+06   2.0895046E-04   3.6549029E-06   1.3489429E-04
   1.4492754E-01   2.9966213E+06   1.6435309E+06   4.6401521E+06   6.5547117E-04   2.5325356E-05   4.1452434E-04
   1.5942029E-01   3.0202695E+06   1.6704650E+06   4.6907345E+06   7.6146419E-04   3.2189505E-05   4.9905106E-04
   1.7391304E-01   3.0245060E+06   1.7073702E+06   4.7317499E+06   7.6991723E-04   2.1322108E-05   4.9964918E-04
   1.8840580E-01   3.0373001E+06   1.7312535E+06   4.7684370E+06   6.7284339E-04   1.1465711E-05   4.2775452E-04
   2.0289855E-01   3.0579005E+06   1.7402505E+06   4.7981511E+06   7.6684602E-04   3.4313783E-05   4.7628211E-04
   2.1739130E-01   3.0852512E+06   1.7851771E+06   4.8702262E+06   4.1195618E-04   1.7155369E-05   2.5806782E-04
   2.3188406E-01   3.1165710E+06   1.8133112E+06   4.9298349E+06   3.7925044E-04   2.1423437E-05   2.3212418E-04
   2.4637681E-01   3.1047146E+06   1.8175429E+06   4.9221684E+06   2.4111378E-04   2.4420314E-05   1.5979323E-04
   2.6086957E-01   3.1281475E+06   1.8471095E+06   4.9748360E+06   2.1071443E-04   1.3688801E-05   1.4330796E-04
   2.7536232E-01   3.1316460E+06   1.8654680E+06   4.9969943E+06   3.8798341E-04   9.3373880E-06   2.4686008E-04
   2.8985507E-01   3.1394546E+06   1.8717233E+06   5.0109127E+06   7.4175799E-04   1.1471526E-05   4.6779200E-04
   3.0434783E-01   3.1368495E+06   1.8886767E+06   5.0253819E+06   3.3319648E-04   8.9064096E-06   2.0776776E-04
   3.1884058E-01   3.1713347E+06   1.9050878E+06   5.0762847E+06   5.0452833E-04   1.8887478E-05   3.1109037E-04
   3.3333333E-01   3.1557756E+06   1.8957913E+06   5.0513034E+06   7.3647166E-04   9.1689430E-06   4.6286026E-04
   3.4782609E-01   3.1470383E+06   1.9040344E+06   5.0509464E+06   2.7047915E-04   5.0276426E-06   1.7096982E-04
   3.6231884E-01   3.1434252E+06   1.8954025E+06   5.0387065E+06   6.0505509E-04   1.6212035E-05   3.7185117E-04
   3.7681159E-01   3.1524178E+06   1.8808190E+06   5.0330328E+06   4.2515235E-04   8.1738614E-06   2.7085553E-04
   3.9130435E-01   3.1437934E+06   1.8737425E+06   5.0173394E+06   8.7976055E-04   5.0358232E-06   5.5352063E-04
   4.0579710E-01   3.1162733E+06   1.8602436E+06   4.9763004E+06   3.5772367E-04   5.7179125E-06   2.2595162E-04
   4.2028986E-01   3.0979934E+06   1.8443050E+06   4.9419848E+06   8.1780368E-04   1.3780679E-05   5.0622944E-04
   4.3478261E-01   3.0923234E+06   1.8215990E+06   4.9136446E+06   8.8160683E-04   8.9298230E-06   5.5739746E-04
   4.4927536E-01   3.0669759E+06   1.7966181E+06   4.8633740E+06   4.9739908E-04   1.0366511E-06   3.1134970E-04
   4.6376812E-01   3.0179468E+06   1.7787632E+06   4.7964732E+06   4.0750173E-04   1.1612925E-05   2.5397700E-04
   4.7826087E-01   2.9883068E+06   1.7405212E+06   4.7285065E+06   7.3695383E-04   1.2686326E-05   4.6367188E-04
   4.9275362E-01   2.9558639E+06   1.7013863E+06   4.6569605E+06   6.5074315E-05   1.1286290E-05   4.7093158E-05
   5.0724638E-01   2.9300595E+06   1.6757888E+06   4.6056751E+06   7.2892212E-04   1.3378474E-05   4.5927688E-04
   5.2173913E-01   2.8975009E+06   1.6137266E+06   4.5111222E+06   7.8904148E-04   7.6941504E-06   5.0975455E-04
   5.3623188E-01   2.8533496E+06   1.5832396E+06   4.4364868E+06   3.5577068E-04   6.7709790E-06   2.3023539E-04
   5.5072464E-01   2.8159090E+06   1.5430510E+06   4.3587407E+06   2.2423177E-04   1.1053759E-05   1.4503019E-04
   5.6521739E-01   2.7640486E+06   1.4938682E+06   4.2575864E+06   6.1976523E-04   3.6132580E-06   4.0462911E-04
   5.7971014E-01   2.7230025E+06   1.4486789E+06   4.1716057E+06   2.2281862E-04   7.8424056E-06   1.3693302E-04
   5.9420290E-01   2.6672886E+06   1.4066550E+06   4.0737957E+06   2.6539151E-04   1.7431352E-06   1.7046511E-04
   6.0869565E-01   2.6310422E+06   1.3615085E+06   3.9922259E+06   6.5366495E-04   1.5922293E-05   4.3185433E-04
   6.2318841E-01   2.5785956E+06   1.3205588E+06   3.8990310E+06   2.4181161E-04   1.5249703E-05   1.6229537E-04
   6.3768116E-01   2.5125171E+06   1.2641976E+06   3.7766457E+06   4.9051117E-04   8.7824398E-06   3.2397103E-04
   6.5217391E-01   2.4594112E+06   1.2207138E+06   3.6798724E+06   2.5733169E-04   8.1713980E-06   1.7088529E-04
   6.6666667E-01   2.4033760E+06   1.1736847E+06   3.5767972E+06   9.4943667E-04   6.6062260E-06   6.3898040E-04
   6.8115942E-01   2.3431637E+06   1.1221919E+06   3.4651782E+06   7.9681312E-05   1.3093691E-05   5.3767836E-05
   6.9565217E-01   2.2800613E+06   1.0749600E+06   3.3549107E+06   7.3052667E-04   1.9714398E-05   5.0641327E-04
   7.1014493E-01   2.2285654E+06   1.0256971E+06   3.2540925E+06   5.0865572E-04   2.2504068E-05   3.5498766E-04
   7.2463768E-01   2.1516994E+06   9.8096591E+05   3.1325289E+06   4.2859405E-04   1.6113018E-05   2.9994254E-04
   7.3913043E-01   2.0950379E+06   9.3433390E+05   3.0292678E+06   2.9832393E-04   3.1365776E-05   2.1535913E-04
   7.5362319E-01   2.0383700E+06   8.8628963E+05   2.9245576E+06   8.5120243E-04   4.7346366E-06   5.9669655E-04
   7.6811594E-01   1.9791081E+06   8.4571992E+05   2.8247280E+06   6.0996981E-04   2.4877838E-05   4.1490204E-04
   7.8260870E-01   1.9144358E+06   8.0073122E+05   2.7150547E+06   5.4596680E-04   1.1110767E-05   3.8378516E-04
   7.9710145E-01   1.8432978E+06   7.6021655E+05   2.6033904E+06   3.2893281E-04   1.4028002E-05   2.3336828E-04
   8.1159420E-01   1.7755800E+06   7.0710364E+05   2.4826160E+06   3.3045802E-04   1.4087018E-05   2.3527746E-04
   8.2608696E-01   1.7055722E+06   6.6776542E+05   2.3732978E+06   7.1540930E-04   2.5450104E-05   5.0512878E-04
   8.4057971E-01   1.6399904E+06   6.2332987E+05   2.2632419E+06   9.1156189E-04   1.4857037E-05   6.6580463E-04
   8.5507246E-01   1.5753603E+06   5.7722839E+05   2.1524987E+06   3.8712240E-04   2.2985943E-05   2.8802682E-04
   8.6956522E-01   1.4972245E+06   5.3141337E+05   2.0286127E+06   3.2478800E-04   3.9128464E-05   2.3191579E-04
   8.8405797E-01   1.4102225E+06   4.9182080E+05   1.9019439E+06   7.6724586E-04   1.7664815E-05   5.7076695E-04
   8.9855072E-01   1.2956931E+06   4.4598915E+05   1.7416700E+06   5.3216774E-05   3.5953074E-05   4.6136181E-05
   9.1304348E-01   1.1738544E+06   3.9592343E+05   1.5697417E+06   9.3643464E-04   1.1177096E-05   6.9862484E-04
   9.2753623E-01   1.0418879E+06   3.4939949E+05   1.3912519E+06   8.0295018E-04   2.2291471E-05   5.9407697E-04
   9.4202899E-01   8.9915366E+05   2.9631002E+05   1.1954287E+06   1.4696648E-03   5.9358451E-05   1.1100121E-03
   9.5652174E-01   7.5530274E+05   2.4532299E+05   1.0006257E+06   6.3171023E-04   1.4224829E-05   4.7913720E-04
   9.7101449E-01   5.6844954E+05   1.9047465E+05   7.5892418E+05   1.2197282E-03   5.2840350E-05   9.0042162E-04
   9.8550725E-01   3.4702111E+05   1.1945496E+05   4.6647607E+05   1.0956494E-03   1.8628629E-04   7.8413727E-04
   1.0000000E+00   1.4386602E+05   5.4119359E+04   1.9798538E+05   1.8303885E-03   8.2141207E-05   1.3281402E-03
