   0.0000000E+00   3.9705402E+06   1.5821542E+06   5.5526944E+06   7.2323588E-03   2.0232908E-05   5.1658737E-03
   1.4492754E-02   3.7401883E+06   1.6033708E+06   5.3435591E+06   1.7024184E-03   1.4944938E-05   1.1887915E-03
   2.8985507E-02   3.8053536E+06   1.6067806E+06   5.4121343E+06   6.0847068E-04   2.6363533E-05   4.2107265E-04
   4.3478261E-02   3.8376837E+06   1.5962986E+06   5.4339823E+06   1.4189970E-03   3.9201831E-06   1.0027350E-03
   5.7971014E-02   3.7591317E+06   1.5831014E+06   5.3422331E+06   9.0041762E-05   4.6591601E-06   6.2589243E-05
   7.2463768E-02   3.7830762E+06   1.6148884E+06   5.3979646E+06   1.8801652E-03   1.3131588E-06   1.3177430E-03
   8.6956522E-02   3.8062377E+06   1.6432783E+06   5.4495159E+06   2.0888702E-04   1.6454093E-05   1.4994374E-04
   1.0144928E-01   3.7481986E+06   1.6237215E+06   5.3718118E+06   1.0795149E-03   4.2022503E-05   7.6001149E-04
   1.1594203E-01   3.7824321E+06   1.6289444E+06   5.4113765E+06   8.6122895E-04   4.8607347E-05   5.9794631E-04
   1.3043478E-01   3.7497863E+06   1.6609588E+06   5.4106609E+06   6.7454517E-04   3.9311284E-05   4.7616298E-04
   1.4492754E-01   3.7216995E+06   1.6883131E+06   5.4100126E+06   1.0057368E-03   2.2625751E-05   6.9601766E-04
   1.5942029E-01   3.7278578E+06   1.7043565E+06   5.4320765E+06   1.1992524E-03   1.0780292E-05   8.2636867E-04
   1.7391304E-01   3.7378519E+06   1.7330701E+06   5.4708589E+06   7.1487384E-04   1.0004208E-05   4.9128913E-04
   1.8840580E-01   3.7301045E+06   1.7275231E+06   5.4575693E+06   1.9084197E-04   5.5152612E-06   1.2995638E-04
   2.0289855E-01   3.6709636E+06   1.7720214E+06   5.4429308E+06   1.3121228E-04   2.1289302E-05   9.4238518E-05
   2.1739130E-01   3.6738105E+06   1.7810853E+06   5.4548454E+06   1.7863229E-04   1.3865014E-06   1.1991221E-04
   2.3188406E-01   3.6442399E+06   1.8264296E+06   5.4704800E+06   6.2189067E-04   1.1803687E-05   4.1525053E-04
   2.4637681E-01   3.6176132E+06   1.8413001E+06   5.4588242E+06   5.6356794E-04   1.8400100E-05   3.7823651E-04
   2.6086957E-01   3.5928927E+06   1.8410055E+06   5.4336456E+06   9.2043512E-04   3.8260118E-05   6.0045893E-04
   2.7536232E-01   3.5530672E+06   1.8609215E+06   5.4138691E+06   3.4095492E-04   2.4381742E-05   2.1680995E-04
   2.8985507E-01   3.5290828E+06   1.8819527E+06   5.4108840E+06   5.4278718E-04   6.2638140E-06   3.5565614E-04
   3.0434783E-01   3.4880063E+06   1.9015582E+06   5.3893120E+06   1.0019082E-04   7.2823171E-06   6.4484966E-05
   3.1884058E-01   3.4535572E+06   1.8813224E+06   5.3347418E+06   3.7221236E-04   3.1125730E-05   2.5221625E-04
   3.3333333E-01   3.4202587E+06   1.8944735E+06   5.3145345E+06   4.9692088E-04   6.2453279E-06   3.2041909E-04
   3.4782609E-01   3.3796635E+06   1.8937103E+06   5.2732790E+06   4.0578057E-04   8.9479491E-06   2.5696241E-04
   3.6231884E-01   3.3211599E+06   1.8939174E+06   5.2150470E+06   4.6356887E-04   2.6512356E-05   2.9941496E-04
   3.7681159E-01   3.2708578E+06   1.8890958E+06   5.1597788E+06   6.1565423E-04   2.4344229E-05   3.8278617E-04
   3.9130435E-01   3.2375563E+06   1.8777276E+06   5.1150875E+06   7.2028270E-04   1.0919746E-05   4.5919746E-04
   4.0579710E-01   3.1929671E+06   1.8643029E+06   5.0570805E+06   4.1650119E-05   7.3810219E-06   2.4711085E-05
   4.2028986E-01   3.1401653E+06   1.8520914E+06   4.9919954E+06   3.7313517E-04   1.1602081E-05   2.3159771E-04
   4.3478261E-01   3.1044977E+06   1.8036911E+06   4.9081383E+06   1.7789066E-04   2.2051994E-05   1.1728782E-04
   4.4927536E-01   3.0475192E+06   1.7966426E+06   4.8440640E+06   2.2111489E-04   1.2550090E-05   1.3463076E-04
   4.6376812E-01   3.0043076E+06   1.7516031E+06   4.7558159E+06   7.0329237E-05   1.3221225E-05   4.0084467E-05
   4.7826087E-01   2.9580203E+06   1.7430699E+06   4.7008606E+06   4.3907515E-04   2.6320325E-05   2.8385083E-04
   4.9275362E-01   2.8913672E+06   1.6942992E+06   4.5855327E+06   9.4738402E-05   1.2360752E-05   5.4234558E-05
   5.0724638E-01   2.8380703E+06   1.6579495E+06   4.4958249E+06   5.5498678E-04   2.6507521E-05   3.4205055E-04
   5.2173913E-01   2.8054990E+06   1.6129688E+06   4.4182574E+06   1.1800540E-03   9.2283407E-06   7.5237380E-04
   5.3623188E-01   2.7406926E+06   1.5877655E+06   4.3282329E+06   6.9219343E-04   1.3184262E-05   4.3985005E-04
   5.5072464E-01   2.6856980E+06   1.5360320E+06   4.2215505E+06   2.1902642E-04   2.0412314E-05   1.3354240E-04
   5.6521739E-01   2.6296377E+06   1.4945482E+06   4.1240499E+06   1.8636565E-04   5.8610711E-06   1.2006582E-04
   5.7971014E-01   2.5673255E+06   1.4548544E+06   4.0219905E+06   5.4725417E-04   1.3340597E-05   3.5273413E-04
   5.9420290E-01   2.5197147E+06   1.4065071E+06   3.9260555E+06   5.6458091E-04   2.0896950E-05   3.5577984E-04
   6.0869565E-01   2.4747500E+06   1.3538590E+06   3.8284105E+06   3.0164897E-04   9.2415948E-06   1.9703317E-04
   6.2318841E-01   2.4201229E+06   1.3123471E+06   3.7323994E+06   5.6265785E-04   1.1310052E-05   3.6745793E-04
   6.3768116E-01   2.3609009E+06   1.2619243E+06   3.6227735E+06   5.9644129E-04   7.1176941E-06   3.9062923E-04
   6.5217391E-01   2.3260664E+06   1.2267252E+06   3.5525558E+06   2.2406462E-04   1.2788872E-05   1.4884627E-04
   6.6666667E-01   2.2551726E+06   1.1721857E+06   3.4273089E+06   6.5540383E-04   1.3320845E-05   4.3118754E-04
   6.8115942E-01   2.1970333E+06   1.1194512E+06   3.3164522E+06   5.9751849E-04   1.2626627E-05   3.9357902E-04
   6.9565217E-01   2.1370858E+06   1.0786066E+06   3.2155819E+06   2.9120532E-04   2.2784560E-05   1.8727342E-04
   7.1014493E-01   2.0691160E+06   1.0251713E+06   3.0942100E+06   1.8140742E-04   2.6443121E-05   1.2480159E-04
   7.2463768E-01   2.0217021E+06   9.7922312E+05   3.0008191E+06   4.3756788E-04   3.3258777E-05   2.8348466E-04
   7.3913043E-01   1.9678125E+06   9.3717170E+05   2.9048950E+06   9.1924962E-04   6.0078148E-06   6.2331711E-04
   7.5362319E-01   1.9131977E+06   8.9554276E+05   2.8086822E+06   7.7958422E-04   1.1188120E-05   5.3462164E-04
   7.6811594E-01   1.8448887E+06   8.4936564E+05   2.6941971E+06   3.6359058E-04   3.6876111E-06   2.5035996E-04
   7.8260870E-01   1.7804146E+06   8.0026816E+05   2.5806126E+06   4.2760753E-04   9.7580526E-06   2.9682851E-04
   7.9710145E-01   1.7256282E+06   7.5301116E+05   2.4785429E+06   2.0275310E-04   2.1437417E-05   1.4940162E-04
   8.1159420E-01   1.6643416E+06   7.1016165E+05   2.3743950E+06   9.1845579E-04   6.3128335E-05   6.2295609E-04
   8.2608696E-01   1.5982661E+06   6.6348488E+05   2.2616712E+06   8.4909106E-04   2.8823623E-05   6.0330268E-04
   8.4057971E-01   1.5355403E+06   6.1857442E+05   2.1540756E+06   3.3847652E-04   1.8442896E-05   2.4640100E-04
   8.5507246E-01   1.4721283E+06   5.7794760E+05   2.0500373E+06   3.2830505E-04   4.3734224E-05   2.3575735E-04
   8.6956522E-01   1.3990976E+06   5.3215847E+05   1.9312309E+06   4.5753425E-04   2.0335618E-05   3.2853455E-04
   8.8405797E-01   1.3238902E+06   4.8866563E+05   1.8124937E+06   7.8198163E-04   3.1431000E-05   5.7016979E-04
   8.9855072E-01   1.2459880E+06   4.4336151E+05   1.6893251E+06   2.9135167E-04   2.6149979E-05   2.1159799E-04
   9.1304348E-01   1.1623200E+06   3.9598357E+05   1.5582554E+06   2.2861072E-04   1.2732923E-05   1.7738653E-04
   9.2753623E-01   1.0499981E+06   3.4578840E+05   1.3957747E+06   1.2925105E-03   6.2049600E-05   9.5913127E-04
   9.4202899E-01   9.2179250E+05   2.9817521E+05   1.2199561E+06   1.0933305E-03   3.4061270E-05   8.1971510E-04
   9.5652174E-01   7.5888477E+05   2.4226908E+05   1.0011424E+06   9.0072484E-04   1.7704684E-04   6.6793257E-04
   9.7101449E-01   5.7255489E+05   1.8537406E+05   7.5792895E+05   1.3240525E-03   8.1623298E-05   9.8029830E-04
   9.8550725E-01   3.5316101E+05   1.2247476E+05   4.7563577E+05   1.1251595E-03   7.2015776E-05   8.2953312E-04
   1.0000000E+00   1.7667027E+05   6.1078501E+04   2.3774878E+05   2.2667936E-03   2.8925371E-04   1.6198384E-03
