   0.0000000E+00   3.2916082E+06   1.6852064E+06   4.9768145E+06   2.6336908E-03   2.1443396E-03   1.0380223E-03
   1.4492754E-02   3.3635931E+06   1.6329226E+06   4.9965157E+06   1.3655020E-03   1.4171896E-03   1.1722292E-03
   2.8985507E-02   3.3518482E+06   1.6647475E+06   5.0165957E+06   1.8191214E-03   9.7716779E-04   1.5255891E-03
   4.3478261E-02   3.3385878E+06   1.6639898E+06   5.0025776E+06   1.2355549E-03   2.4358515E-03   1.3439308E-03
   5.7971014E-02   3.3421871E+06   1.6685362E+06   5.0107233E+06   4.5674873E-04   9.4224860E-04   4.9892890E-04
   7.2463768E-02   3.3651086E+06   1.6846002E+06   5.0495573E+06   8.5139895E-04   4.4001004E-04   4.6584002E-04
   8.6956522E-02   3.3322734E+06   1.6874796E+06   5.0197530E+06   5.2720480E-04   2.5997053E-04   4.3736650E-04
   1.0144928E-01   3.3783149E+06   1.6837992E+06   5.0622223E+06   5.9290434E-04   4.5490282E-04   4.9376100E-04
   1.1594203E-01   3.3979754E+06   1.6833120E+06   5.0810981E+06   9.1964426E-04   4.0857628E-04   7.0325987E-04
   1.3043478E-01   3.4039216E+06   1.7106327E+06   5.1144700E+06   1.4874747E-04   3.2102100E-04   1.9558902E-04
   1.4492754E-01   3.4175440E+06   1.7234721E+06   5.1410161E+06   7.5186319E-04   1.0111339E-03   5.3732753E-04
   1.5942029E-01   3.4399868E+06   1.7194423E+06   5.1592224E+06   4.9243894E-04   9.0023559E-04   5.0861225E-04
   1.7391304E-01   3.4211180E+06   1.7325018E+06   5.1535566E+06   2.6108903E-04   1.4057727E-04   2.0844139E-04
   1.8840580E-01   3.4776617E+06   1.7576577E+06   5.2353193E+06   2.3151835E-04   4.2609092E-04   2.9681114E-04
   2.0289855E-01   3.4936532E+06   1.7820343E+06   5.2756334E+06   4.6925067E-04   4.7147678E-04   4.6588525E-04
   2.1739130E-01   3.4837702E+06   1.7847730E+06   5.2683916E+06   3.9699245E-04   6.5023692E-05   2.8154965E-04
   2.3188406E-01   3.5383462E+06   1.8092858E+06   5.3476319E+06   2.8970302E-04   2.9703478E-04   2.2638821E-04
   2.4637681E-01   3.5178148E+06   1.8031904E+06   5.3209607E+06   3.2115613E-04   3.9476882E-04   3.0913249E-04
   2.6086957E-01   3.5517644E+06   1.8297236E+06   5.3812354E+06   3.2839777E-04   7.2138546E-04   4.3204860E-04
   2.7536232E-01   3.5462476E+06   1.8277805E+06   5.3739882E+06   2.0141330E-04   9.6810582E-05   1.5788723E-04
   2.8985507E-01   3.5441239E+06   1.8144005E+06   5.3584865E+06   1.0407513E-04   1.5867011E-04   1.1970248E-04
   3.0434783E-01   3.5681460E+06   1.8425991E+06   5.4106008E+06   1.7826707E-04   3.4148027E-04   6.8451875E-05
   3.1884058E-01   3.5255766E+06   1.8226323E+06   5.3481055E+06   2.1953186E-04   4.4635899E-04   2.9551744E-04
   3.3333333E-01   3.5329967E+06   1.8321744E+06   5.3649734E+06   2.5189020E-04   6.3556805E-04   2.2720330E-04
   3.4782609E-01   3.5253699E+06   1.8282292E+06   5.3534097E+06   6.8546035E-04   8.5265880E-05   4.3462429E-04
   3.6231884E-01   3.5255366E+06   1.8120212E+06   5.3374669E+06   4.9655561E-04   1.0723862E-04   3.4639225E-04
   3.7681159E-01   3.4841024E+06   1.8138759E+06   5.2978617E+06   1.2926146E-04   8.3146687E-05   1.0094384E-04
   3.9130435E-01   3.4422013E+06   1.7879218E+06   5.2299267E+06   1.3873070E-04   1.6581376E-04   3.6533135E-05
   4.0579710E-01   3.4093009E+06   1.7742946E+06   5.1834331E+06   1.1539486E-04   1.9426480E-04   5.0928372E-05
   4.2028986E-01   3.3547616E+06   1.7473408E+06   5.1019456E+06   1.3706346E-04   4.4675226E-04   6.8863763E-05
   4.3478261E-01   3.3206547E+06   1.7330953E+06   5.0536490E+06   2.0012545E-05   8.7006789E-05   3.2414958E-05
   4.4927536E-01   3.2919259E+06   1.7144892E+06   5.0062685E+06   3.8995476E-04   3.3789272E-04   3.7111505E-04
   4.6376812E-01   3.2200257E+06   1.6736272E+06   4.8933925E+06   2.3401085E-04   1.7837441E-04   2.1362428E-04
   4.7826087E-01   3.2005879E+06   1.6460567E+06   4.8463001E+06   1.1879640E-04   1.5801864E-04   1.0824087E-04
   4.9275362E-01   3.1294748E+06   1.6116836E+06   4.7408464E+06   1.1789933E-04   1.4444555E-04   1.1370605E-04
   5.0724638E-01   3.0671233E+06   1.6005997E+06   4.6675064E+06   3.7597007E-04   1.8715948E-04   2.8994954E-04
   5.2173913E-01   3.0191597E+06   1.5589169E+06   4.5778030E+06   2.6107576E-04   2.4287135E-05   1.6810923E-04
   5.3623188E-01   2.9363320E+06   1.5156167E+06   4.4517030E+06   3.2375967E-04   3.5495581E-04   3.3336608E-04
   5.5072464E-01   2.8725997E+06   1.4814749E+06   4.3538952E+06   2.0062899E-04   3.2482634E-04   2.1961783E-04
   5.6521739E-01   2.8092019E+06   1.4394860E+06   4.2485130E+06   3.3569277E-04   4.0122149E-04   2.0609653E-04
   5.7971014E-01   2.7387824E+06   1.4008468E+06   4.1394397E+06   3.3109967E-04   3.5209542E-04   2.3284512E-04
   5.9420290E-01   2.6735722E+06   1.3583447E+06   4.0318245E+06   3.9950169E-05   4.7770657E-04   1.6970959E-04
   6.0869565E-01   2.6018332E+06   1.3203381E+06   3.9219007E+06   2.2977298E-04   5.2336041E-04   6.1892729E-05
   6.2318841E-01   2.5198269E+06   1.2757995E+06   3.7955735E+06   2.8480503E-04   2.0629620E-04   1.2813121E-04
   6.3768116E-01   2.4566340E+06   1.2371257E+06   3.6935702E+06   3.4859750E-04   3.2858040E-04   1.4227097E-04
   6.5217391E-01   2.3925957E+06   1.2074281E+06   3.5999228E+06   1.1104522E-04   1.1165467E-04   1.1339342E-04
   6.6666667E-01   2.3241267E+06   1.1607208E+06   3.4847486E+06   5.2445402E-05   3.2482034E-04   7.7125897E-05
   6.8115942E-01   2.2285842E+06   1.1199993E+06   3.3484384E+06   3.3844906E-04   4.0892045E-04   2.5820916E-04
   6.9565217E-01   2.1743728E+06   1.0827899E+06   3.2570364E+06   9.8904544E-05   1.1778214E-04   2.8417777E-05
   7.1014493E-01   2.0920801E+06   1.0353467E+06   3.1273494E+06   2.8369055E-04   7.1237855E-05   2.1186768E-04
   7.2463768E-01   2.0234904E+06   9.9925767E+05   3.0226571E+06   1.3620287E-04   3.9439158E-04   2.0831607E-04
   7.3913043E-01   1.9465810E+06   9.5043952E+05   2.8969165E+06   7.1094118E-04   6.7440456E-04   5.9403367E-04
   7.5362319E-01   1.8764912E+06   9.1589964E+05   2.7923180E+06   1.9751755E-04   4.0763343E-04   2.6318524E-04
   7.6811594E-01   1.7992672E+06   8.7718744E+05   2.6763403E+06   2.9744978E-04   5.5563228E-04   2.9946970E-04
   7.8260870E-01   1.7132286E+06   8.3463293E+05   2.5477352E+06   1.9988943E-04   3.1429106E-04   2.1266578E-04
   7.9710145E-01   1.6479671E+06   7.8812881E+05   2.4359994E+06   5.8790049E-04   5.8490496E-05   3.7727710E-04
   8.1159420E-01   1.5740085E+06   7.4919862E+05   2.3231665E+06   3.4227051E-04   4.8374141E-04   3.2077813E-04
   8.2608696E-01   1.4914651E+06   7.1494450E+05   2.2063697E+06   5.7136443E-04   3.6229815E-04   4.0370452E-04
   8.4057971E-01   1.4088154E+06   6.7135470E+05   2.0800917E+06   5.0125128E-04   5.1685432E-04   4.7178697E-04
   8.5507246E-01   1.3332698E+06   6.3043692E+05   1.9636682E+06   2.4551413E-04   1.9837362E-04   1.3297010E-04
   8.6956522E-01   1.2438879E+06   5.8657660E+05   1.8304266E+06   1.6432740E-04   2.7169853E-04   1.1713372E-04
   8.8405797E-01   1.1736223E+06   5.4292455E+05   1.7164972E+06   1.3393555E-04   2.2121800E-04   1.6158823E-04
   8.9855072E-01   1.0893198E+06   5.0072951E+05   1.5900127E+06   2.0011459E-04   5.5270963E-04   2.9791240E-04
   9.1304348E-01   9.9139622E+05   4.5493067E+05   1.4462908E+06   7.1548757E-04   5.2587445E-04   3.2765793E-04
   9.2753623E-01   8.9347811E+05   4.0859767E+05   1.3020876E+06   9.5229251E-04   2.9124012E-04   7.3497700E-04
   9.4202899E-01   7.7761270E+05   3.5351331E+05   1.1310910E+06   4.0256216E-04   2.5075345E-04   2.6362580E-04
   9.5652174E-01   6.5695771E+05   2.9559767E+05   9.5256686E+05   2.1015822E-04   5.8327717E-04   8.2401143E-05
   9.7101449E-01   5.1175500E+05   2.3431028E+05   7.4604266E+05   1.0442745E-03   8.6129395E-04   8.6972748E-04
   9.8550725E-01   3.4750027E+05   1.5733065E+05   5.0481978E+05   2.3563320E-03   6.8508016E-04   1.7500135E-03
   1.0000000E+00   1.7866173E+05   7.9898820E+04   2.5856055E+05   7.1886547E-03   3.1341060E-03   5.8806814E-03
