   0.0000000E+00   3.1764322E+06   1.7155159E+06   4.8919480E+06   6.3643641E-03   7.5352352E-03   4.1650132E-03
   1.4492754E-02   3.2931236E+06   1.6662630E+06   4.9593866E+06   2.5517910E-03   1.8539780E-03   1.7063759E-03
   2.8985507E-02   3.3052474E+06   1.6556547E+06   4.9609021E+06   2.2394939E-04   1.1124179E-03   5.1784224E-04
   4.3478261E-02   3.2845359E+06   1.6447938E+06   4.9293297E+06   4.1610925E-04   1.7074357E-03   7.3061078E-04
   5.7971014E-02   3.2883878E+06   1.6393633E+06   4.9275617E+06   1.1117597E-03   1.7736717E-03   1.6943720E-04
   7.2463768E-02   3.2949422E+06   1.6547454E+06   4.9496876E+06   1.3634880E-03   1.4232825E-03   7.7635791E-04
   8.6956522E-02   3.3230542E+06   1.6777553E+06   5.0008095E+06   1.7051126E-04   1.0362578E-03   3.3997845E-04
   1.0144928E-01   3.3174795E+06   1.6681032E+06   4.9855826E+06   5.3819367E-04   3.6510106E-04   4.7679539E-04
   1.1594203E-01   3.3363146E+06   1.6904158E+06   5.0266357E+06   2.2755312E-04   3.8020924E-04   9.1545516E-05
   1.3043478E-01   3.3156032E+06   1.6633162E+06   4.9788352E+06   4.8648017E-04   6.6207905E-04   2.1079249E-04
   1.4492754E-01   3.3502570E+06   1.7090751E+06   5.0594078E+06   2.9893919E-04   3.4653238E-04   3.1369100E-04
   1.5942029E-01   3.4038910E+06   1.7053897E+06   5.1092807E+06   5.6853478E-04   1.1036562E-03   4.7393250E-04
   1.7391304E-01   3.3933343E+06   1.7333858E+06   5.1267201E+06   1.9181559E-04   4.6572905E-04   3.2046830E-05
   1.8840580E-01   3.4191411E+06   1.7327689E+06   5.1516769E+06   1.4908571E-04   5.7805762E-04   2.4215861E-04
   2.0289855E-01   3.4498669E+06   1.7669337E+06   5.2169088E+06   4.8423683E-04   2.4467692E-04   2.4018302E-04
   2.1739130E-01   3.4651299E+06   1.7784080E+06   5.2434368E+06   3.2014561E-04   3.0861539E-04   2.0845272E-04
   2.3188406E-01   3.4877199E+06   1.8000035E+06   5.2876287E+06   5.2705735E-04   5.9743094E-04   5.5301013E-04
   2.4637681E-01   3.4851876E+06   1.7785417E+06   5.2637293E+06   6.0322397E-04   3.4806050E-04   4.8502694E-04
   2.6086957E-01   3.4940080E+06   1.8112012E+06   5.3051671E+06   9.1449624E-05   3.2403139E-04   1.6350284E-04
   2.7536232E-01   3.5221196E+06   1.8141413E+06   5.3360216E+06   2.6945976E-04   3.6247183E-04   2.0583699E-04
   2.8985507E-01   3.5218464E+06   1.8162948E+06   5.3379518E+06   7.3477291E-05   5.4027445E-04   1.5069173E-04
   3.0434783E-01   3.4983620E+06   1.8347331E+06   5.3329147E+06   1.5009861E-05   6.3196409E-05   1.8926210E-05
   3.1884058E-01   3.5054966E+06   1.8252843E+06   5.3307465E+06   5.1088690E-04   3.5238034E-04   3.1429807E-04
   3.3333333E-01   3.5044663E+06   1.8248606E+06   5.3291950E+06   8.9887015E-05   2.5632456E-04   1.3611448E-04
   3.4782609E-01   3.4797794E+06   1.8250088E+06   5.3047882E+06   4.7227992E-04   6.1144587E-04   2.0037296E-04
   3.6231884E-01   3.4696157E+06   1.7857126E+06   5.2551161E+06   2.6252055E-04   2.8456755E-04   1.2786235E-04
   3.7681159E-01   3.4535015E+06   1.7962440E+06   5.2495415E+06   2.9665089E-04   4.1816046E-04   2.7013192E-04
   3.9130435E-01   3.3999084E+06   1.7752367E+06   5.1750890E+06   1.8558821E-04   1.7020199E-04   7.9758105E-05
   4.0579710E-01   3.3887879E+06   1.7630638E+06   5.1516893E+06   3.4801628E-04   3.3418141E-04   1.6953586E-04
   4.2028986E-01   3.3403385E+06   1.7371505E+06   5.0773584E+06   1.4080952E-04   2.7192204E-04   1.4894809E-04
   4.3478261E-01   3.2982510E+06   1.7193045E+06   5.0174040E+06   5.2666649E-04   1.2893536E-04   3.8644593E-04
   4.4927536E-01   3.2469506E+06   1.6897284E+06   4.9366789E+06   5.1648823E-05   1.5080769E-04   4.3203555E-05
   4.6376812E-01   3.2190312E+06   1.6651264E+06   4.8840155E+06   2.2313098E-04   1.2660053E-04   1.1102779E-04
   4.7826087E-01   3.1551007E+06   1.6364127E+06   4.7913068E+06   4.0122042E-04   1.2811246E-04   2.3064821E-04
   4.9275362E-01   3.1016614E+06   1.5984678E+06   4.6999509E+06   2.1750433E-04   1.2405118E-04   1.8335195E-04
   5.0724638E-01   3.0650665E+06   1.5868738E+06   4.6518538E+06   2.0656510E-04   2.7617008E-04   2.1254047E-04
   5.2173913E-01   2.9906604E+06   1.5482034E+06   4.5388217E+06   1.8138581E-04   3.1048892E-04   2.0749339E-04
   5.3623188E-01   2.9347347E+06   1.5060119E+06   4.4404598E+06   3.3549867E-04   1.0738622E-04   2.5861234E-04
   5.5072464E-01   2.8722807E+06   1.4756124E+06   4.3477136E+06   1.7682268E-04   2.9501286E-04   1.3652112E-04
   5.6521739E-01   2.8203542E+06   1.4369019E+06   4.2571590E+06   1.4548916E-04   3.7894902E-04   1.9428403E-04
   5.7971014E-01   2.7498833E+06   1.4090871E+06   4.1589515E+06   2.7056687E-05   2.1440971E-04   5.6133812E-05
   5.9420290E-01   2.6703195E+06   1.3569401E+06   4.0270748E+06   3.6654066E-04   2.3237521E-04   1.7251691E-04
   6.0869565E-01   2.6070652E+06   1.3124721E+06   3.9193028E+06   2.1398156E-04   1.0285815E-04   1.5983812E-04
   6.2318841E-01   2.5374663E+06   1.2854386E+06   3.8227816E+06   1.0661873E-04   1.8406830E-04   2.7396418E-05
   6.3768116E-01   2.4508649E+06   1.2343186E+06   3.6851146E+06   1.2153916E-04   1.8314516E-04   8.3619024E-05
   6.5217391E-01   2.3909960E+06   1.1958095E+06   3.5867719E+06   1.5745405E-04   1.5565032E-04   1.1653359E-04
   6.6666667E-01   2.3268940E+06   1.1627469E+06   3.4895422E+06   3.4642547E-04   6.6225222E-04   3.7842109E-04
   6.8115942E-01   2.2455124E+06   1.1218695E+06   3.3673657E+06   4.1807528E-04   2.6824680E-04   3.6778653E-04
   6.9565217E-01   2.1728573E+06   1.0813692E+06   3.2541318E+06   7.9830422E-05   2.0650761E-04   2.2354971E-05
   7.1014493E-01   2.0923739E+06   1.0374188E+06   3.1297154E+06   3.2426882E-04   2.6636747E-04   3.0350919E-04
   7.2463768E-01   2.0218991E+06   9.9583270E+05   3.0176863E+06   2.8759206E-04   6.6783246E-05   1.8041515E-04
   7.3913043E-01   1.9506519E+06   9.5462936E+05   2.9051624E+06   2.4756439E-04   5.1170981E-04   2.9380289E-04
   7.5362319E-01   1.8836168E+06   9.1299984E+05   2.7965584E+06   1.4831529E-04   5.3943190E-05   8.2429060E-05
   7.6811594E-01   1.7992243E+06   8.7269821E+05   2.6717938E+06   3.1764730E-04   1.9491736E-04   2.5499151E-04
   7.8260870E-01   1.7310775E+06   8.3938983E+05   2.5703832E+06   6.3914375E-05   5.0753832E-04   1.6634681E-04
   7.9710145E-01   1.6579416E+06   8.0346265E+05   2.4613079E+06   2.3487609E-04   3.1158617E-04   2.0782551E-04
   8.1159420E-01   1.5872554E+06   7.5899507E+05   2.3461422E+06   4.5798861E-04   4.0125286E-04   2.3991068E-04
   8.2608696E-01   1.5121101E+06   7.1446593E+05   2.2265228E+06   1.9963986E-04   4.1515650E-04   6.4723795E-05
   8.4057971E-01   1.4368255E+06   6.8124447E+05   2.1179785E+06   1.6296658E-04   7.9053832E-05   1.3559547E-04
   8.5507246E-01   1.3555652E+06   6.3852801E+05   1.9940676E+06   5.6861160E-04   5.8014613E-04   5.7037714E-04
   8.6956522E-01   1.2847425E+06   5.9410345E+05   1.8788081E+06   6.0473502E-04   3.4986141E-04   5.2360283E-04
   8.8405797E-01   1.1982550E+06   5.5272543E+05   1.7509431E+06   5.4826515E-04   2.7047441E-04   2.9340314E-04
   8.9855072E-01   1.1145573E+06   5.1457654E+05   1.6291461E+06   7.5957614E-04   9.5127981E-04   2.3710012E-04
   9.1304348E-01   1.0310631E+06   4.6780017E+05   1.4988633E+06   2.8779786E-04   9.3046597E-05   1.7848197E-04
   9.2753623E-01   9.2737498E+05   4.1937174E+05   1.3467704E+06   7.9462383E-04   6.5321178E-04   5.9656966E-04
   9.4202899E-01   8.1628059E+05   3.6623163E+05   1.1825006E+06   6.8372320E-04   9.6097206E-04   7.5446748E-04
   9.5652174E-01   6.7692292E+05   3.1053427E+05   9.8745719E+05   7.5923956E-04   1.5268824E-03   9.9912121E-04
   9.7101449E-01   5.2793890E+05   2.3844956E+05   7.6639976E+05   4.3952250E-04   1.0627886E-03   4.8443316E-04
   9.8550725E-01   3.4865916E+05   1.6119734E+05   5.0985650E+05   1.3974614E-03   8.4021518E-04   1.0913846E-03
   1.0000000E+00   1.6942664E+05   7.8892152E+04   2.4831879E+05   4.7384494E-03   1.4675216E-03   3.6977058E-03
