   0.0000000E+00   3.1339989E+06   1.4972877E+06   4.6312866E+06   4.6640783E-03   4.8440205E-03   4.7078125E-03
   1.4492754E-02   3.1976488E+06   1.6109482E+06   4.8085970E+06   1.1843620E-03   1.7452379E-03   2.4439836E-04
   2.8985507E-02   3.1165710E+06   1.5666206E+06   4.6831916E+06   1.7861271E-03   8.7549117E-04   1.4648769E-03
   4.3478261E-02   3.0938389E+06   1.5831645E+06   4.6770034E+06   3.5901111E-04   1.5031650E-03   7.4240665E-04
   5.7971014E-02   3.1150555E+06   1.5992033E+06   4.7142588E+06   6.6685513E-04   1.5101055E-03   9.3570034E-04
   7.2463768E-02   3.0744408E+06   1.5953388E+06   4.6697796E+06   1.1557797E-03   6.3227762E-04   9.3527849E-04
   8.6956522E-02   3.0899239E+06   1.6218091E+06   4.7117330E+06   1.2886064E-03   6.6049325E-04   8.0316811E-04
   1.0144928E-01   3.0942719E+06   1.6292421E+06   4.7234057E+06   1.0078177E-03   7.0380093E-04   4.3832921E-04
   1.1594203E-01   3.1472593E+06   1.6408788E+06   4.7879487E+06   3.3884166E-04   2.6507858E-04   1.8238126E-04
   1.3043478E-01   3.1497430E+06   1.6420154E+06   4.7915900E+06   3.5716425E-04   5.0481768E-04   6.9880145E-05
   1.4492754E-01   3.1803724E+06   1.6557304E+06   4.8358755E+06   5.5423915E-04   5.6189491E-04   5.4427064E-04
   1.5942029E-01   3.2426997E+06   1.6604766E+06   4.9031763E+06   5.5613983E-04   4.5224632E-04   2.9977798E-04
   1.7391304E-01   3.2681815E+06   1.6786393E+06   4.9468208E+06   3.5278489E-04   6.5903113E-04   4.4581355E-04
   1.8840580E-01   3.2755208E+06   1.6911517E+06   4.9666142E+06   4.7509821E-04   7.7432358E-04   5.3790206E-04
   2.0289855E-01   3.3126624E+06   1.7229308E+06   5.0355391E+06   2.6154303E-04   5.1885121E-04   1.5093394E-04
   2.1739130E-01   3.3460136E+06   1.7340046E+06   5.0797657E+06   3.1609199E-04   2.9992856E-04   1.0584656E-04
   2.3188406E-01   3.3374039E+06   1.7529291E+06   5.0903330E+06   6.3565333E-04   4.8689919E-04   5.3078271E-04
   2.4637681E-01   3.4025497E+06   1.7665516E+06   5.1689676E+06   4.4424376E-04   7.7169715E-04   5.3662479E-04
   2.6086957E-01   3.3979860E+06   1.7808075E+06   5.1785830E+06   4.9532196E-04   3.1860178E-04   4.0630614E-04
   2.7536232E-01   3.4301144E+06   1.7823562E+06   5.2123909E+06   1.1139103E-04   2.5385606E-04   3.3538446E-05
   2.8985507E-01   3.4647889E+06   1.7982607E+06   5.2630496E+06   3.6273795E-04   4.0213626E-04   2.0374370E-04
   3.0434783E-01   3.4465473E+06   1.8004184E+06   5.2467853E+06   1.0750670E-04   2.2644068E-04   1.4539888E-04
   3.1884058E-01   3.4408478E+06   1.7934938E+06   5.2341350E+06   3.5096559E-04   4.0775966E-04   3.6957988E-04
   3.3333333E-01   3.4504364E+06   1.8161301E+06   5.2665006E+06   5.7853049E-04   2.9122355E-04   3.3295609E-04
   3.4782609E-01   3.4326735E+06   1.7866800E+06   5.2191956E+06   2.0248771E-04   1.6192903E-04   1.6639355E-04
   3.6231884E-01   3.4506116E+06   1.7997459E+06   5.2502666E+06   3.1950206E-04   1.4159387E-04   2.5092366E-04
   3.7681159E-01   3.4222594E+06   1.8031802E+06   5.2253230E+06   6.5107727E-04   9.8640119E-04   6.7176940E-04
   3.9130435E-01   3.4073735E+06   1.7812706E+06   5.1885879E+06   5.0674823E-04   4.9572266E-05   3.3336130E-04
   4.0579710E-01   3.3772595E+06   1.7564066E+06   5.1335578E+06   6.5628730E-04   2.5241759E-04   3.4872947E-04
   4.2028986E-01   3.3642986E+06   1.7406779E+06   5.1048982E+06   7.0943842E-04   4.0407009E-04   5.2546434E-04
   4.3478261E-01   3.3207052E+06   1.7165514E+06   5.0371556E+06   3.8949559E-04   2.0457559E-04   2.8602776E-04
   4.4927536E-01   3.2768201E+06   1.7060564E+06   4.9828520E+06   2.8917763E-04   5.4120976E-04   3.1759023E-04
   4.6376812E-01   3.2318180E+06   1.6774396E+06   4.9091865E+06   3.5795669E-04   3.5040979E-04   2.9591307E-04
   4.7826087E-01   3.1850428E+06   1.6517512E+06   4.8366562E+06   4.2188881E-04   7.6017275E-05   2.6036185E-04
   4.9275362E-01   3.1485296E+06   1.6201079E+06   4.7685930E+06   3.9288765E-04   5.4319563E-04   1.2361986E-04
   5.0724638E-01   3.1064173E+06   1.5958368E+06   4.7021458E+06   3.4629794E-04   4.3080277E-04   3.4880228E-04
   5.2173913E-01   3.0246533E+06   1.5500135E+06   4.5744985E+06   3.2126199E-04   2.2012017E-04   1.4959416E-04
   5.3623188E-01   2.9831684E+06   1.5204908E+06   4.5035773E+06   7.6781092E-05   4.0296270E-04   1.7950492E-04
   5.5072464E-01   2.9238267E+06   1.4867392E+06   4.4104263E+06   3.9712139E-04   3.6152755E-04   1.8214574E-04
   5.6521739E-01   2.8530923E+06   1.4578854E+06   4.3108611E+06   3.0461954E-04   3.2418879E-04   2.9018846E-04
   5.7971014E-01   2.7990225E+06   1.4071739E+06   4.2060258E+06   1.9576409E-04   6.7346772E-04   2.3531046E-04
   5.9420290E-01   2.7226958E+06   1.3805408E+06   4.1031072E+06   4.0482572E-04   1.9503682E-04   3.0370132E-04
   6.0869565E-01   2.6554882E+06   1.3339593E+06   3.9892671E+06   1.6609664E-04   4.0426144E-04   1.4209100E-04
   6.2318841E-01   2.5759875E+06   1.2959059E+06   3.8718759E+06   3.2975695E-04   2.0164107E-04   1.6073028E-04
   6.3768116E-01   2.5161680E+06   1.2575674E+06   3.7735631E+06   2.2227943E-04   2.3721581E-04   7.6735916E-05
   6.5217391E-01   2.4371169E+06   1.2094656E+06   3.6466330E+06   3.2384505E-04   2.5568970E-04   1.2647037E-04
   6.6666667E-01   2.3788814E+06   1.1744589E+06   3.5534227E+06   2.1458679E-04   2.1050262E-04   1.6837974E-04
   6.8115942E-01   2.2926855E+06   1.1317845E+06   3.4244217E+06   1.8570012E-04   3.3367046E-04   2.2848791E-04
   6.9565217E-01   2.2259936E+06   1.0993654E+06   3.3252959E+06   1.6955826E-04   4.0683213E-04   2.4237827E-04
   7.1014493E-01   2.1442402E+06   1.0563777E+06   3.2005406E+06   3.9254587E-04   9.4518848E-05   2.4133060E-04
   7.2463768E-01   2.0839274E+06   1.0073351E+06   3.0910504E+06   2.6800146E-04   3.8326290E-04   3.0510653E-04
   7.3913043E-01   2.0017917E+06   9.7296362E+05   2.9746811E+06   2.1292619E-04   4.4932318E-04   2.4780230E-05
   7.5362319E-01   1.9262832E+06   9.2601252E+05   2.8522666E+06   1.4683068E-04   1.3463097E-04   1.2342638E-04
   7.6811594E-01   1.8586852E+06   8.8846771E+05   2.7471100E+06   3.5226368E-04   8.4178546E-05   2.5989641E-04
   7.8260870E-01   1.7855925E+06   8.4894573E+05   2.6345242E+06   3.6957988E-04   5.6296673E-04   4.3164642E-04
   7.9710145E-01   1.6944370E+06   8.0442704E+05   2.4988365E+06   4.6990729E-04   2.5287789E-04   3.1176986E-04
   8.1159420E-01   1.6222466E+06   7.6344677E+05   2.3856122E+06   2.9634345E-04   2.6364063E-04   2.3414967E-04
   8.2608696E-01   1.5403590E+06   7.2050124E+05   2.2608603E+06   5.0671405E-04   5.4918969E-04   2.1725686E-04
   8.4057971E-01   1.4493674E+06   6.8217205E+05   2.1315394E+06   3.3404618E-04   5.0069330E-05   2.3413099E-04
   8.5507246E-01   1.3631811E+06   6.3829683E+05   2.0014266E+06   4.9094319E-04   1.0393289E-03   6.4406508E-04
   8.6956522E-01   1.2801835E+06   5.9507588E+05   1.8752720E+06   3.9575570E-04   5.5801900E-04   2.4193035E-04
   8.8405797E-01   1.1857088E+06   5.4774425E+05   1.7333786E+06   1.0213102E-04   5.5624640E-04   2.1861629E-04
   8.9855072E-01   1.0860078E+06   4.9988622E+05   1.5858818E+06   3.0151071E-04   7.1210582E-04   4.2416951E-04
   9.1304348E-01   9.7903188E+05   4.5075711E+05   1.4298130E+06   5.7561272E-04   1.0908997E-03   3.0804817E-04
   9.2753623E-01   8.6425789E+05   3.9887733E+05   1.2631234E+06   1.0936350E-04   8.9171577E-04   2.2138665E-04
   9.4202899E-01   7.4776953E+05   3.4703174E+05   1.0947430E+06   7.9811768E-04   5.7626025E-04   4.9335988E-04
   9.5652174E-01   6.2577569E+05   2.9022463E+05   9.1596588E+05   1.5314709E-03   2.6511781E-04   1.1027572E-03
   9.7101449E-01   4.9229135E+05   2.2732101E+05   7.1958973E+05   2.4201669E-03   1.2022482E-03   2.0154862E-03
   9.8550725E-01   3.4091465E+05   1.5987130E+05   5.0079709E+05   3.6505568E-03   1.1979590E-03   2.8404206E-03
   1.0000000E+00   1.7914318E+05   8.0292733E+04   2.5943591E+05   6.7848109E-03   6.2865852E-03   6.6303203E-03
