   0.0000000E+00   3.0309467E+06   1.4972877E+06   4.5282344E+06   1.9383087E-03   1.7766490E-03   1.7193756E-03
   1.4492754E-02   2.9869980E+06   1.5867006E+06   4.5736986E+06   4.2407203E-04   2.5265676E-03   1.0532049E-03
   2.8985507E-02   3.0138977E+06   1.5211564E+06   4.5354329E+06   7.2983486E-04   1.8383937E-04   4.3093601E-04
   4.3478261E-02   3.0812099E+06   1.5114321E+06   4.5926420E+06   2.7931842E-04   4.5361085E-04   4.9794659E-05
   5.7971014E-02   3.0783053E+06   1.5656734E+06   4.6439787E+06   5.1360606E-04   1.6030607E-03   8.0925634E-04
   7.2463768E-02   3.0941420E+06   1.5185043E+06   4.6126463E+06   4.4616417E-04   2.4197233E-04   3.6568127E-04
   8.6956522E-02   3.0980064E+06   1.5495715E+06   4.6475780E+06   9.2476648E-05   4.7401587E-04   9.6565165E-05
   1.0144928E-01   3.1341072E+06   1.5790150E+06   4.7131222E+06   3.4511880E-04   5.1946184E-04   3.6726059E-04
   1.1594203E-01   3.1475435E+06   1.5934255E+06   4.7409690E+06   2.3588385E-04   2.7071293E-04   1.5569000E-04
   1.3043478E-01   3.1708754E+06   1.6243349E+06   4.7951261E+06   3.5095434E-04   8.1796258E-05   2.5780852E-04
   1.4492754E-01   3.2084087E+06   1.6114786E+06   4.8198873E+06   2.0112718E-04   4.0089360E-04   2.0702500E-04
   1.5942029E-01   3.2853396E+06   1.6415332E+06   4.9268728E+06   1.3579332E-04   3.1735710E-04   4.7203346E-05
   1.7391304E-01   3.3164240E+06   1.6658210E+06   4.9821818E+06   3.5318854E-05   2.2192979E-04   9.7458012E-05
   1.8840580E-01   3.4025291E+06   1.6858475E+06   5.0881435E+06   2.0628041E-04   1.6970829E-04   1.9410139E-04
   2.0289855E-01   3.4547922E+06   1.6952735E+06   5.1500115E+06   1.6800423E-04   3.0468818E-04   1.5624410E-04
   2.1739130E-01   3.4670495E+06   1.7412789E+06   5.2082778E+06   6.2333647E-05   2.3050482E-04   8.7480789E-05
   2.3188406E-01   3.5431294E+06   1.7723935E+06   5.3153808E+06   1.6727214E-04   2.0294589E-04   1.7146064E-04
   2.4637681E-01   3.5834705E+06   1.7835784E+06   5.3670489E+06   2.2707000E-04   5.2747542E-05   1.6280334E-04
   2.6086957E-01   3.6070371E+06   1.8318284E+06   5.4387813E+06   2.6754834E-05   3.1144384E-04   1.2164252E-04
   2.7536232E-01   3.6160790E+06   1.8322871E+06   5.4482065E+06   1.8768399E-04   1.8555978E-04   1.1392912E-04
   2.8985507E-01   3.6586179E+06   1.8455435E+06   5.5039720E+06   1.4031754E-04   2.0211053E-04   1.5289154E-04
   3.0434783E-01   3.6973942E+06   1.8537126E+06   5.5508181E+06   1.5441106E-04   2.7708746E-04   1.6519142E-04
   3.1884058E-01   3.6995805E+06   1.8511507E+06   5.5504901E+06   2.7000368E-04   1.9147328E-04   2.2737915E-04
   3.3333333E-01   3.7228592E+06   1.8672279E+06   5.5897576E+06   6.6836441E-05   2.3368440E-04   1.2235239E-04
   3.4782609E-01   3.7069426E+06   1.8570863E+06   5.5639342E+06   3.3533943E-04   2.0181189E-04   2.8002562E-04
   3.6231884E-01   3.7066357E+06   1.8544241E+06   5.5607870E+06   1.7840007E-04   1.3926193E-04   1.5393082E-04
   3.7681159E-01   3.6877004E+06   1.8517044E+06   5.5393175E+06   1.1051597E-04   8.1452886E-05   1.0014228E-04
   3.9130435E-01   3.6679788E+06   1.8432646E+06   5.5110189E+06   1.9820831E-04   3.8435107E-04   2.6019997E-04
   4.0579710E-01   3.6412224E+06   1.8211389E+06   5.4621990E+06   1.1938686E-04   7.5229728E-05   7.3304707E-05
   4.2028986E-01   3.5979689E+06   1.8055036E+06   5.4032374E+06   1.7667256E-04   1.5373986E-04   6.6696867E-05
   4.3478261E-01   3.5550985E+06   1.7705528E+06   5.3254492E+06   2.2079928E-04   3.7841694E-04   2.7242348E-04
   4.4927536E-01   3.4948527E+06   1.7529383E+06   5.2473510E+06   1.7660032E-04   3.4415724E-04   3.5788979E-05
   4.6376812E-01   3.4491700E+06   1.7289420E+06   5.1778752E+06   2.2917538E-04   4.3469938E-05   1.6249815E-04
   4.7826087E-01   3.3945915E+06   1.6985931E+06   5.0930697E+06   1.0866883E-04   6.1661788E-05   8.4457138E-05
   4.9275362E-01   3.3259292E+06   1.6623851E+06   4.9880469E+06   6.5194598E-05   2.5808041E-04   1.2368182E-04
   5.0724638E-01   3.2549553E+06   1.6296102E+06   4.8842624E+06   1.0847054E-04   2.9807864E-04   1.7179662E-04
   5.2173913E-01   3.1807892E+06   1.5941096E+06   4.7746672E+06   1.0481405E-04   1.0491106E-04   1.0364549E-04
   5.3623188E-01   3.0902140E+06   1.5558382E+06   4.6457041E+06   2.4397793E-04   1.3123454E-04   1.1839434E-04
   5.5072464E-01   3.0386437E+06   1.5182850E+06   4.5566894E+06   1.2834014E-04   2.2639157E-04   5.6698002E-05
   5.6521739E-01   2.9341702E+06   1.4759545E+06   4.4098721E+06   8.0045823E-05   8.3253461E-05   3.5866153E-05
   5.7971014E-01   2.8632596E+06   1.4350964E+06   4.2981287E+06   1.9412509E-04   3.3894141E-04   1.6952466E-05
   5.9420290E-01   2.7838876E+06   1.3900957E+06   4.1737061E+06   2.1973521E-04   2.3229865E-04   2.2584408E-04
   6.0869565E-01   2.6991663E+06   1.3551579E+06   4.0541078E+06   4.7168777E-05   1.3181995E-04   4.5361361E-05
   6.2318841E-01   2.5954596E+06   1.3061266E+06   3.9013747E+06   6.1717600E-05   8.8649637E-05   6.8640468E-05
   6.3768116E-01   2.5221266E+06   1.2527110E+06   3.7746481E+06   1.2903720E-04   2.6090008E-04   1.5778541E-04
   6.5217391E-01   2.4176683E+06   1.2103917E+06   3.6278412E+06   1.0689688E-04   1.6940008E-04   1.0654176E-04
   6.6666667E-01   2.3143749E+06   1.1663544E+06   3.4804823E+06   1.0014551E-04   2.6780971E-04   1.5237445E-04
   6.8115942E-01   2.2406435E+06   1.1274961E+06   3.3679139E+06   1.0476323E-04   1.0251499E-04   9.2538332E-05
   6.9565217E-01   2.1501252E+06   1.0905252E+06   3.2404767E+06   1.0837062E-04   2.9959396E-04   9.8134931E-05
   7.1014493E-01   2.0638118E+06   1.0378982E+06   3.1015864E+06   1.0485362E-04   2.9520180E-04   1.5828740E-04
   7.2463768E-01   1.9826029E+06   9.8680048E+05   2.9691912E+06   1.0227922E-04   4.2149296E-04   1.5805364E-04
   7.3913043E-01   1.8925885E+06   9.5323275E+05   2.8457173E+06   1.3180034E-04   2.7376292E-05   9.5418985E-05
   7.5362319E-01   1.7922950E+06   9.0534962E+05   2.6974843E+06   1.1031552E-04   6.5140775E-05   9.2060064E-05
   7.6811594E-01   1.7200051E+06   8.6403427E+05   2.5839536E+06   1.7784049E-04   5.2020713E-05   1.0523551E-04
   7.8260870E-01   1.6421838E+06   8.1368291E+05   2.4557965E+06   1.3986044E-04   9.3008504E-05   7.7172420E-05
   7.9710145E-01   1.5411400E+06   7.7461355E+05   2.3156295E+06   8.8823764E-05   3.1622132E-04   1.1736100E-04
   8.1159420E-01   1.4623777E+06   7.3014695E+05   2.1924299E+06   2.5861698E-04   1.2586131E-04   1.3137623E-04
   8.2608696E-01   1.3804367E+06   6.8624356E+05   2.0666404E+06   2.8532764E-04   1.9473091E-04   2.3518826E-04
   8.4057971E-01   1.2964744E+06   6.4721164E+05   1.9435554E+06   2.1122088E-04   1.7932604E-04   9.0075679E-05
   8.5507246E-01   1.2132263E+06   6.0965696E+05   1.8228319E+06   6.1774081E-05   5.7877216E-04   2.3391096E-04
   8.6956522E-01   1.1241908E+06   5.6557466E+05   1.6897149E+06   1.5754679E-04   3.8605785E-04   2.1807914E-04
   8.8405797E-01   1.0428941E+06   5.2214268E+05   1.5649747E+06   1.1581110E-04   2.3365635E-04   8.5360959E-05
   8.9855072E-01   9.5361162E+05   4.7206995E+05   1.4256816E+06   1.4720474E-04   2.4630617E-04   1.5751211E-04
   9.1304348E-01   8.5904488E+05   4.3160922E+05   1.2906180E+06   1.8644140E-04   4.8987665E-04   2.7034736E-04
   9.2753623E-01   7.6758726E+05   3.8320165E+05   1.1507534E+06   2.2058544E-04   3.7159225E-04   2.0793177E-04
   9.4202899E-01   6.6491977E+05   3.3406862E+05   9.9897673E+05   1.9689985E-04   1.7579219E-04   7.3064169E-05
   9.5652174E-01   5.6163213E+05   2.8056923E+05   8.4218988E+05   4.9060400E-04   4.3885749E-04   2.1775518E-04
   9.7101449E-01   4.4672536E+05   2.1912162E+05   6.6583566E+05   2.0069858E-04   2.2535056E-04   1.7498108E-04
   9.8550725E-01   2.9901627E+05   1.4633233E+05   4.4534859E+05   5.6466809E-04   7.1933259E-04   5.9351044E-04
   1.0000000E+00   1.3830746E+05   6.9810253E+04   2.0811771E+05   1.3923451E-03   1.8607862E-03   1.5491128E-03
