   0.0000000E+00   3.2431130E+06   1.6306493E+06   4.8737624E+06   1.1186735E-03   1.5202131E-03   2.7422687E-04
   1.4492754E-02   3.4469442E+06   1.7026343E+06   5.1495785E+06   1.4478821E-03   3.0353219E-03   3.0028942E-04
   2.8985507E-02   3.3560158E+06   1.6378478E+06   4.9938636E+06   2.0957497E-03   6.1401383E-04   1.4426252E-03
   4.3478261E-02   3.4648773E+06   1.6786393E+06   5.1435166E+06   1.4317568E-03   3.7286413E-04   9.8924470E-04
   5.7971014E-02   3.3846203E+06   1.6950570E+06   5.0798667E+06   9.9753568E-04   1.1335739E-03   9.2102358E-04
   7.2463768E-02   3.4164832E+06   1.6815692E+06   5.0979009E+06   9.6924160E-04   1.8200887E-03   3.5987742E-04
   8.6956522E-02   3.4166347E+06   1.7220829E+06   5.1388439E+06   1.1816219E-03   4.6921161E-04   6.2864909E-04
   1.0144928E-01   3.4275678E+06   1.7151911E+06   5.1427589E+06   5.5232529E-04   5.4718249E-04   5.0336944E-04
   1.1594203E-01   3.4424925E+06   1.7247034E+06   5.1671959E+06   9.0635139E-04   3.8762326E-04   7.3136827E-04
   1.3043478E-01   3.4313685E+06   1.7390057E+06   5.1702900E+06   5.2591243E-04   4.6673163E-04   3.6215723E-04
   1.4492754E-01   3.4703582E+06   1.7270335E+06   5.1973917E+06   2.9929545E-04   1.3781227E-04   2.0383197E-04
   1.5942029E-01   3.4472197E+06   1.7508539E+06   5.1980048E+06   4.8802235E-04   5.7945734E-04   5.1753748E-04
   1.7391304E-01   3.4814843E+06   1.7651476E+06   5.2465688E+06   4.1062093E-04   3.3657264E-04   1.9719464E-04
   1.8840580E-01   3.4871625E+06   1.7721130E+06   5.2592172E+06   3.3730940E-04   5.1913301E-04   9.0341022E-05
   2.0289855E-01   3.5043698E+06   1.7759724E+06   5.2802881E+06   3.3472473E-04   3.4015774E-04   3.0688063E-04
   2.1739130E-01   3.5253447E+06   1.8045247E+06   5.3298188E+06   1.9638230E-04   4.0364655E-04   7.1192982E-05
   2.3188406E-01   3.5596101E+06   1.8173367E+06   5.3769469E+06   5.1222979E-04   2.3859660E-04   3.4431999E-04
   2.4637681E-01   3.5218710E+06   1.8227579E+06   5.3445397E+06   5.6714136E-04   3.2788732E-04   4.3338928E-04
   2.6086957E-01   3.5504173E+06   1.8134323E+06   5.3637233E+06   3.4404912E-04   5.2332487E-04   2.3292062E-04
   2.7536232E-01   3.5682219E+06   1.8477210E+06   5.4159429E+06   3.6244515E-04   4.7313678E-04   3.9846067E-04
   2.8985507E-01   3.5180578E+06   1.8302751E+06   5.3483707E+06   4.6743384E-04   4.9453516E-04   4.1542015E-04
   3.0434783E-01   3.5475427E+06   1.8440785E+06   5.3913687E+06   1.1643675E-04   2.7948570E-04   3.3099775E-05
   3.1884058E-01   3.5250599E+06   1.8532862E+06   5.3782772E+06   3.7425848E-05   3.4079207E-04   1.4451138E-04
   3.3333333E-01   3.5078267E+06   1.8375444E+06   5.3453381E+06   3.5906807E-04   3.1604933E-04   1.8606953E-04
   3.4782609E-01   3.5150773E+06   1.8345752E+06   5.3496526E+06   2.3851622E-04   4.5350425E-04   3.6797253E-06
   3.6231884E-01   3.4668575E+06   1.8236600E+06   5.2903963E+06   5.3675369E-05   1.2073449E-04   2.2342592E-05
   3.7681159E-01   3.4485762E+06   1.8020436E+06   5.2502992E+06   4.5480940E-04   3.1996382E-04   2.4032221E-04
   3.9130435E-01   3.4201708E+06   1.7939837E+06   5.2141826E+06   4.9640305E-04   1.2795840E-04   3.1060496E-04
   4.0579710E-01   3.3869747E+06   1.7739157E+06   5.1608904E+06   3.3758358E-04   2.4038574E-04   2.4244857E-04
   4.2028986E-01   3.3328134E+06   1.7648210E+06   5.0974776E+06   2.9437135E-04   2.5785199E-04   2.6104172E-04
   4.3478261E-01   3.2867081E+06   1.7319335E+06   5.0184648E+06   1.3001339E-04   4.5574345E-04   1.1123760E-04
   4.4927536E-01   3.2502748E+06   1.7019255E+06   4.9520292E+06   2.9300903E-05   2.0132976E-04   6.4385940E-05
   4.6376812E-01   3.1985486E+06   1.6749059E+06   4.8732414E+06   4.1954783E-04   3.8876748E-04   4.0654938E-04
   4.7826087E-01   3.1683267E+06   1.6542310E+06   4.8224659E+06   1.9505910E-04   2.2578445E-04   1.7960446E-04
   4.9275362E-01   3.1047369E+06   1.6230943E+06   4.7276752E+06   2.5115630E-04   2.0173467E-04   1.5932164E-04
   5.0724638E-01   3.0421612E+06   1.5808552E+06   4.6230381E+06   2.1303568E-04   1.4890187E-04   1.7573129E-04
   5.2173913E-01   2.9756109E+06   1.5601377E+06   4.5357907E+06   1.4560967E-04   2.0938463E-04   1.4607506E-04
   5.3623188E-01   2.9200714E+06   1.5087971E+06   4.4287661E+06   1.0914596E-04   2.2701901E-04   5.5507562E-06
   5.5072464E-01   2.8582625E+06   1.4833693E+06   4.3415122E+06   1.8557392E-04   2.3944253E-04   4.3949092E-05
   5.6521739E-01   2.7902390E+06   1.4484817E+06   4.2385847E+06   1.3172811E-04   2.7457126E-04   8.4658663E-05
   5.7971014E-01   2.7338761E+06   1.4020212E+06   4.1359352E+06   4.2222241E-04   3.3564634E-04   3.7759661E-04
   5.9420290E-01   2.6587317E+06   1.3582522E+06   4.0169470E+06   2.1642509E-04   2.6508046E-04   7.6121310E-05
   6.0869565E-01   2.6086168E+06   1.3252634E+06   3.9336998E+06   1.4688608E-04   1.2478832E-04   1.3771710E-04
   6.2318841E-01   2.5166197E+06   1.2783194E+06   3.7948687E+06   3.2317065E-04   1.6803116E-04   1.9405207E-04
   6.3768116E-01   2.4637292E+06   1.2445825E+06   3.7081739E+06   1.6641483E-04   1.9284044E-04   1.2745458E-04
   6.5217391E-01   2.3911139E+06   1.2012989E+06   3.5922781E+06   4.3276312E-04   2.8312255E-04   3.1038192E-04
   6.6666667E-01   2.3001756E+06   1.1629611E+06   3.4629884E+06   3.4664986E-04   3.0730235E-04   2.6809757E-04
   6.8115942E-01   2.2404500E+06   1.1173069E+06   3.3576763E+06   2.2078572E-04   1.3627961E-04   1.0137138E-04
   6.9565217E-01   2.1730625E+06   1.0776279E+06   3.2506588E+06   3.1695590E-04   2.7953995E-04   1.2602806E-04
   7.1014493E-01   2.0913996E+06   1.0315425E+06   3.1228648E+06   4.1462994E-04   2.5131367E-04   3.5031601E-04
   7.2463768E-01   2.0129427E+06   9.8546687E+05   2.9983489E+06   1.1726596E-04   5.0302396E-04   9.8373513E-05
   7.3913043E-01   1.9398208E+06   9.5390134E+05   2.8936181E+06   3.0386644E-04   1.2748254E-04   2.4234243E-04
   7.5362319E-01   1.8732854E+06   9.0492703E+05   2.7781541E+06   4.6980875E-04   3.4644701E-04   2.0785236E-04
   7.6811594E-01   1.7985952E+06   8.6926695E+05   2.6678336E+06   5.5893051E-04   1.5520264E-04   4.2287138E-04
   7.8260870E-01   1.7236124E+06   8.2615750E+05   2.5496997E+06   1.8995905E-04   9.0839894E-05   1.5882408E-04
   7.9710145E-01   1.6595536E+06   7.8429880E+05   2.4438110E+06   4.0674601E-04   3.0011236E-04   3.6652990E-04
   8.1159420E-01   1.5773913E+06   7.4857619E+05   2.3259269E+06   4.9320808E-04   2.0618915E-04   3.5908604E-04
   8.2608696E-01   1.5030837E+06   7.0937447E+05   2.2124316E+06   2.8825757E-04   1.1356876E-04   1.6330797E-04
   8.4057971E-01   1.4236958E+06   6.6244476E+05   2.0861405E+06   5.1330450E-04   8.1782465E-04   1.0040077E-04
   8.5507246E-01   1.3476796E+06   6.2535110E+05   1.9730307E+06   1.3668203E-04   5.5402202E-04   2.6669889E-04
   8.6956522E-01   1.2664937E+06   5.8650082E+05   1.8529819E+06   2.0431200E-04   3.8039518E-05   1.2761673E-04
   8.8405797E-01   1.1857461E+06   5.4134696E+05   1.7270682E+06   3.2947757E-04   6.6620686E-04   1.2441271E-04
   8.9855072E-01   1.1007347E+06   4.9684306E+05   1.5975900E+06   1.0365774E-03   7.8644767E-05   6.9609439E-04
   9.1304348E-01   1.0058774E+06   4.5798567E+05   1.4638511E+06   1.2455189E-04   6.6837298E-04   2.3613801E-04
   9.2753623E-01   9.0897619E+05   4.0426436E+05   1.3131814E+06   2.0119685E-04   6.5383770E-04   2.2750444E-04
   9.4202899E-01   7.9192809E+05   3.5411950E+05   1.1460243E+06   1.6912849E-04   7.7115620E-04   2.3974192E-04
   9.5652174E-01   6.6637201E+05   2.9526473E+05   9.6161378E+05   3.9546374E-04   3.9572288E-04   3.0471742E-04
   9.7101449E-01   5.1791868E+05   2.3211623E+05   7.5003491E+05   8.2932512E-04   1.0467476E-03   8.9392505E-04
   9.8550725E-01   3.5672683E+05   1.5932528E+05   5.1605211E+05   2.7367450E-03   1.1052035E-03   2.2311604E-03
   1.0000000E+00   1.8139724E+05   8.1299402E+04   2.6269664E+05   5.1912979E-03   3.5926907E-03   4.6947791E-03
