   0.0000000E+00   3.2976700E+06   1.6185256E+06   4.9161956E+06   5.8183878E-03   1.5524538E-03   3.7603608E-03
   1.4492754E-02   3.4272430E+06   1.6950570E+06   5.1223000E+06   1.5283177E-03   2.0605917E-03   1.3467140E-03
   2.8985507E-02   3.4912718E+06   1.6412577E+06   5.1325294E+06   1.5502257E-03   1.1240873E-03   1.1930273E-03
   4.3478261E-02   3.5027641E+06   1.6761135E+06   5.1786251E+06   7.7229899E-04   7.3833591E-04   3.6301602E-04
   5.7971014E-02   3.4581208E+06   1.7191151E+06   5.1772359E+06   2.5999107E-04   1.1153790E-03   2.7369552E-04
   7.2463768E-02   3.5154436E+06   1.7194561E+06   5.2348997E+06   6.0557223E-04   7.9416183E-04   2.5511970E-04
   8.6956522E-02   3.4867254E+06   1.7044024E+06   5.1910014E+06   1.1387529E-03   1.4325934E-04   7.1784975E-04
   1.0144928E-01   3.4847228E+06   1.7142169E+06   5.1989396E+06   4.4254390E-04   7.6400298E-04   3.5399406E-04
   1.1594203E-01   3.4941133E+06   1.7230932E+06   5.2169224E+06   1.2700471E-03   9.9772785E-04   5.7774562E-04
   1.3043478E-01   3.5225495E+06   1.7367325E+06   5.2591136E+06   2.1811836E-04   5.4481772E-04   5.0539093E-05
   1.4492754E-01   3.5324926E+06   1.7432490E+06   5.2757417E+06   1.0686859E-04   4.0282135E-04   1.1161823E-04
   1.5942029E-01   3.5271265E+06   1.7458942E+06   5.2728829E+06   5.7929121E-04   3.9504883E-04   4.9673512E-04
   1.7391304E-01   3.5329473E+06   1.7700729E+06   5.3028939E+06   9.8983755E-04   2.8967360E-04   5.8697703E-04
   1.8840580E-01   3.5529690E+06   1.7828378E+06   5.3355154E+06   3.3591180E-04   2.4990226E-04   1.8503468E-04
   2.0289855E-01   3.5675326E+06   1.7948617E+06   5.3622860E+06   4.4154468E-04   3.4848561E-04   3.0545740E-04
   2.1739130E-01   3.5843471E+06   1.7929060E+06   5.3772026E+06   8.4155140E-05   1.5686309E-04   7.2178049E-05
   2.3188406E-01   3.5834789E+06   1.8251982E+06   5.4083456E+06   1.3608493E-04   4.0908473E-04   1.4693252E-04
   2.4637681E-01   3.5705444E+06   1.8296221E+06   5.3999882E+06   2.2925096E-04   5.9357366E-05   1.6843461E-04
   2.6086957E-01   3.5836736E+06   1.8292185E+06   5.4127236E+06   2.7042358E-04   4.1458613E-04   2.3216910E-04
   2.7536232E-01   3.5874046E+06   1.8365942E+06   5.4238393E+06   5.2566365E-04   3.2526874E-04   4.5781369E-04
   2.8985507E-01   3.5842461E+06   1.8513780E+06   5.4356241E+06   3.3532335E-04   4.8114183E-04   2.9449933E-04
   3.0434783E-01   3.5851409E+06   1.8490940E+06   5.4339102E+06   3.5111721E-04   3.7162215E-04   1.1301026E-04
   3.1884058E-01   3.5454155E+06   1.8502552E+06   5.3954985E+06   6.3426762E-04   3.3486968E-04   3.9476619E-04
   3.3333333E-01   3.5375102E+06   1.8283857E+06   5.3657970E+06   3.4371640E-04   6.5225219E-04   4.2375898E-04
   3.4782609E-01   3.5331052E+06   1.8424367E+06   5.3753209E+06   3.7422850E-05   5.4513554E-04   1.9059121E-04
   3.6231884E-01   3.5072903E+06   1.8371477E+06   5.3441350E+06   2.5067827E-04   2.0588190E-04   2.1520561E-04
   3.7681159E-01   3.4511409E+06   1.8321199E+06   5.2830567E+06   9.3310002E-05   3.6415198E-04   1.3432473E-04
   3.9130435E-01   3.4354939E+06   1.8155652E+06   5.2508065E+06   3.3977925E-04   1.7058059E-04   2.2470989E-04
   4.0579710E-01   3.3929825E+06   1.7956465E+06   5.1884666E+06   3.1528313E-04   1.4993114E-04   2.1781920E-04
   4.2028986E-01   3.3711705E+06   1.7644029E+06   5.1352599E+06   1.7200415E-04   1.5889467E-04   6.2382952E-05
   4.3478261E-01   3.2899411E+06   1.7331964E+06   5.0229607E+06   3.9424157E-04   2.7678761E-04   3.0989979E-04
   4.4927536E-01   3.2711248E+06   1.7047364E+06   4.9757635E+06   4.5525078E-04   3.6471783E-04   1.9256322E-04
   4.6376812E-01   3.2107434E+06   1.6821991E+06   4.8926347E+06   4.0137113E-04   1.8378794E-04   2.1850732E-04
   4.7826087E-01   3.1754907E+06   1.6554250E+06   4.8306632E+06   3.2134081E-04   2.3109977E-04   2.3295985E-04
   4.9275362E-01   3.1036672E+06   1.6292453E+06   4.7326450E+06   2.5337838E-04   4.1409126E-04   3.1313450E-05
   5.0724638E-01   3.0472056E+06   1.5878047E+06   4.6348155E+06   1.0780288E-04   2.4813136E-04   1.5267309E-04
   5.2173913E-01   2.9941544E+06   1.5422678E+06   4.5362538E+06   4.0090185E-04   1.9385523E-04   2.2007151E-04
   5.3623188E-01   2.9333011E+06   1.5244638E+06   4.4575601E+06   3.7658167E-04   4.1345016E-04   1.2544459E-04
   5.5072464E-01   2.8595587E+06   1.4829106E+06   4.3423497E+06   3.6013900E-04   1.6488923E-04   2.2617146E-04
   5.6521739E-01   2.8062292E+06   1.4400494E+06   4.2460455E+06   1.3494542E-04   6.6285256E-05   1.0074593E-04
   5.7971014E-01   2.7305420E+06   1.4072117E+06   4.1375833E+06   2.0091244E-04   3.9490212E-04   1.1538614E-04
   5.9420290E-01   2.6474765E+06   1.3667167E+06   4.0140824E+06   3.0903655E-04   1.2961096E-04   2.2921030E-04
   6.0869565E-01   2.5893486E+06   1.3195443E+06   3.9085501E+06   3.3728520E-04   5.7387743E-04   2.6181922E-04
   6.2318841E-01   2.5144699E+06   1.2830244E+06   3.7973357E+06   1.4485018E-04   3.3636771E-04   1.4816754E-04
   6.3768116E-01   2.4445102E+06   1.2387445E+06   3.6831858E+06   3.7045972E-04   2.8210834E-04   3.0826690E-04
   6.5217391E-01   2.3680282E+06   1.2056769E+06   3.5735030E+06   4.4068114E-04   2.1322505E-04   2.2185710E-04
   6.6666667E-01   2.3018558E+06   1.1581840E+06   3.4598257E+06   3.2579135E-04   1.9445645E-04   1.8404339E-04
   6.8115942E-01   2.2308252E+06   1.1172102E+06   3.3479386E+06   3.6984481E-04   2.3865406E-04   2.9866595E-04
   6.9565217E-01   2.1621385E+06   1.0656461E+06   3.2276426E+06   2.7531848E-04   2.7928136E-04   2.3477915E-04
   7.1014493E-01   2.0806831E+06   1.0263466E+06   3.1068596E+06   2.2526474E-04   2.5457175E-04   1.0331100E-04
   7.2463768E-01   1.9958178E+06   9.9043762E+05   2.9860736E+06   4.6966610E-04   2.1266796E-04   2.4440296E-04
   7.3913043E-01   1.9229277E+06   9.4471935E+05   2.8675430E+06   1.8165634E-04   5.5058334E-04   2.8967258E-04
   7.5362319E-01   1.8632308E+06   9.1090150E+05   2.7740449E+06   3.1972864E-04   2.2779191E-04   2.6931439E-04
   7.6811594E-01   1.7872006E+06   8.6590717E+05   2.6529076E+06   4.7554333E-04   6.0685439E-04   2.8122249E-04
   7.8260870E-01   1.7084015E+06   8.2179350E+05   2.5300688E+06   2.7571737E-04   8.5815170E-05   1.8980740E-04
   7.9710145E-01   1.6272189E+06   7.8294865E+05   2.4100573E+06   3.5313725E-04   2.6364466E-04   3.1493297E-04
   8.1159420E-01   1.5571759E+06   7.4300141E+05   2.3000691E+06   5.4052753E-04   1.0199173E-04   3.5787863E-04
   8.2608696E-01   1.4687197E+06   6.9566874E+05   2.1642821E+06   3.0331496E-04   2.9182362E-04   1.1653318E-04
   8.4057971E-01   1.4098475E+06   6.5408353E+05   2.0638526E+06   2.3725281E-04   4.4185779E-04   2.7487887E-04
   8.5507246E-01   1.3286463E+06   6.1282918E+05   1.9413599E+06   9.1544950E-04   1.6686250E-04   5.8507791E-04
   8.6956522E-01   1.2507075E+06   5.7670076E+05   1.8273452E+06   5.5247752E-04   5.4840468E-04   2.8186345E-04
   8.8405797E-01   1.1716348E+06   5.3600554E+05   1.7076279E+06   5.4842243E-04   5.5838456E-04   4.2479041E-04
   8.9855072E-01   1.0836001E+06   4.8711469E+05   1.5706782E+06   6.1789275E-04   1.5296943E-04   4.7286484E-04
   9.1304348E-01   1.0021248E+06   4.4497185E+05   1.4470485E+06   4.6785307E-04   5.0241623E-04   4.0218700E-04
   9.2753623E-01   8.9810740E+05   3.9899572E+05   1.2970794E+06   6.3668865E-04   9.1031144E-04   7.1907949E-04
   9.4202899E-01   8.0036812E+05   3.5214938E+05   1.1524942E+06   8.2213735E-04   9.0177826E-04   8.4501055E-04
   9.5652174E-01   6.7104472E+05   2.9467920E+05   9.6568948E+05   7.0603711E-04   6.4263025E-04   5.1389118E-04
   9.7101449E-01   5.2906985E+05   2.2965076E+05   7.5869799E+05   3.6009904E-04   8.6638192E-04   4.4039996E-04
   9.8550725E-01   3.5459848E+05   1.5747551E+05   5.1206285E+05   3.1577813E-03   1.6702803E-03   2.7002843E-03
   1.0000000E+00   1.8559898E+05   8.0620995E+04   2.6619809E+05   4.6304051E-03   4.6132025E-03   4.6132104E-03
