   0.0000000E+00   3.9947878E+06   1.6427731E+06   5.6375609E+06   1.3211750E-03   3.6228602E-06   9.3715963E-04
   1.4492754E-02   4.1160257E+06   1.5018341E+06   5.6178598E+06   3.1103081E-05   1.0560655E-05   2.4990371E-05
   2.8985507E-02   4.0716981E+06   1.5313858E+06   5.6030839E+06   5.8502752E-04   1.1079361E-05   4.2276675E-04
   4.3478261E-02   4.0930410E+06   1.5356797E+06   5.6287207E+06   7.8748945E-04   1.9672883E-05   5.6737096E-04
   5.7971014E-02   4.0531335E+06   1.5258922E+06   5.5790258E+06   4.9397336E-04   5.1013712E-06   3.6025469E-04
   7.2463768E-02   4.0479809E+06   1.5451766E+06   5.5931576E+06   7.7563855E-04   5.3009266E-05   5.6280597E-04
   8.6956522E-02   4.0445458E+06   1.5587906E+06   5.6032102E+06   8.2301738E-04   1.6352783E-05   5.8954790E-04
   1.0144928E-01   4.0276952E+06   1.5828037E+06   5.6104989E+06   5.7825700E-04   5.5106552E-05   4.1803718E-04
   1.1594203E-01   4.0480188E+06   1.5978772E+06   5.6457066E+06   1.5808694E-03   6.5114678E-05   1.1121361E-03
   1.3043478E-01   4.0411781E+06   1.6143159E+06   5.6554098E+06   1.2299314E-03   4.6853850E-05   8.6565120E-04
   1.4492754E-01   4.0267643E+06   1.6398180E+06   5.6665822E+06   6.8539731E-04   2.8365964E-05   4.8313334E-04
   1.5942029E-01   3.9950633E+06   1.6745292E+06   5.6695925E+06   2.1207518E-04   1.9107611E-05   1.4485071E-04
   1.7391304E-01   3.9676987E+06   1.6883005E+06   5.6559360E+06   5.2190221E-04   3.2291659E-05   3.7517952E-04
   1.8840580E-01   3.9569010E+06   1.7283974E+06   5.6852401E+06   5.8463304E-04   1.1527783E-05   4.0348188E-04
   2.0289855E-01   3.8988259E+06   1.7517790E+06   5.6504425E+06   3.8803606E-04   1.3838946E-05   2.6585429E-04
   2.1739130E-01   3.9024450E+06   1.7749729E+06   5.6773168E+06   6.1970422E-04   1.1533918E-05   4.2362048E-04
   2.3188406E-01   3.8554116E+06   1.7904371E+06   5.6458013E+06   7.8783147E-04   1.4301615E-05   5.4253071E-04
   2.4637681E-01   3.8259462E+06   1.8280620E+06   5.6539637E+06   5.8697727E-04   1.2277106E-05   4.0062852E-04
   2.6086957E-01   3.7785803E+06   1.8512770E+06   5.6296889E+06   2.2465239E-04   2.3491608E-05   1.4563088E-04
   2.7536232E-01   3.7310954E+06   1.8658668E+06   5.5966033E+06   3.8864066E-04   9.2844553E-06   2.5843952E-04
   2.8985507E-01   3.6827897E+06   1.8879388E+06   5.5705770E+06   5.5761469E-04   1.7482399E-05   3.7283292E-04
   3.0434783E-01   3.6337082E+06   1.8966510E+06   5.5302871E+06   1.7841876E-04   1.1580749E-05   1.1354435E-04
   3.1884058E-01   3.6181238E+06   1.9039167E+06   5.5220061E+06   4.7268590E-04   1.9499768E-05   3.0704572E-04
   3.3333333E-01   3.5517095E+06   1.9213237E+06   5.4728356E+06   4.5192844E-04   1.6696827E-05   2.8815672E-04
   3.4782609E-01   3.5051005E+06   1.9041291E+06   5.4089770E+06   4.9283101E-04   3.8525863E-06   3.2067969E-04
   3.6231884E-01   3.4593407E+06   1.9034649E+06   5.3626238E+06   5.9806206E-04   1.8159603E-05   3.8076819E-04
   3.7681159E-01   3.4320809E+06   1.8948954E+06   5.3268597E+06   5.9385550E-04   7.4493362E-06   3.8195671E-04
   3.9130435E-01   3.3815824E+06   1.8872695E+06   5.2687116E+06   3.4633209E-04   1.3899491E-05   2.2454921E-04
   4.0579710E-01   3.3204021E+06   1.8500412E+06   5.1702810E+06   2.5928759E-04   1.9430980E-05   1.7328258E-04
   4.2028986E-01   3.2766625E+06   1.8435995E+06   5.1200529E+06   4.0444857E-04   2.3654778E-05   2.6587914E-04
   4.3478261E-01   3.2368491E+06   1.8243016E+06   5.0610496E+06   4.5058502E-04   7.9671521E-06   2.8584529E-04
   4.4927536E-01   3.1744767E+06   1.7958604E+06   4.9700927E+06   2.4006008E-04   9.7011341E-06   1.5274783E-04
   4.6376812E-01   3.1427366E+06   1.7731275E+06   4.9155563E+06   3.2793868E-04   1.9408599E-05   2.0847381E-04
   4.7826087E-01   3.0711068E+06   1.7434373E+06   4.8143833E+06   1.7371245E-04   6.2951135E-06   1.1513075E-04
   4.9275362E-01   3.0187338E+06   1.7009629E+06   4.7194961E+06   4.7950519E-04   3.9340921E-06   3.0774261E-04
   5.0724638E-01   2.9552380E+06   1.6609155E+06   4.6160236E+06   1.2956340E-04   1.7843789E-05   8.0981257E-05
   5.2173913E-01   2.8969326E+06   1.6229457E+06   4.5197520E+06   2.2019442E-04   1.7284582E-05   1.4702576E-04
   5.3623188E-01   2.8467758E+06   1.5858405E+06   4.4324319E+06   3.6218867E-04   2.4342366E-05   2.2322669E-04
   5.5072464E-01   2.7702454E+06   1.5372882E+06   4.3074738E+06   4.7149722E-04   2.0291893E-05   3.0398674E-04
   5.6521739E-01   2.7087144E+06   1.4976180E+06   4.2061186E+06   3.9779257E-04   9.2351688E-06   2.5719643E-04
   5.7971014E-01   2.6429856E+06   1.4539262E+06   4.0968170E+06   3.3830899E-04   1.9297283E-05   2.2510076E-04
   5.9420290E-01   2.5865249E+06   1.3957695E+06   3.9821281E+06   6.5567240E-04   1.3067920E-05   4.2285881E-04
   6.0869565E-01   2.5128533E+06   1.3604441E+06   3.8730809E+06   3.6242384E-04   1.4710992E-05   2.3908248E-04
   6.2318841E-01   2.4417977E+06   1.3172988E+06   3.7589731E+06   1.0383104E-04   3.5184351E-06   6.6039686E-05
   6.3768116E-01   2.3621408E+06   1.2616660E+06   3.6236346E+06   1.2150188E-04   1.4274634E-05   7.8722429E-05
   6.5217391E-01   2.3119220E+06   1.2200739E+06   3.5318612E+06   5.1253232E-04   1.8584837E-05   3.3949723E-04
   6.6666667E-01   2.2360810E+06   1.1728446E+06   3.4087608E+06   3.3930447E-04   1.7093066E-05   2.2845752E-04
   6.8115942E-01   2.1691099E+06   1.1277863E+06   3.2968478E+06   1.5718137E-04   9.7527617E-06   1.0582976E-04
   6.9565217E-01   2.0936107E+06   1.0718817E+06   3.1653187E+06   3.0606864E-04   1.5557859E-05   1.9927991E-04
   7.1014493E-01   2.0254765E+06   1.0286507E+06   3.0539263E+06   3.6690558E-04   2.7211824E-05   2.4361910E-04
   7.2463768E-01   1.9463224E+06   9.7892002E+05   2.9251667E+06   2.0966957E-04   7.3391968E-06   1.3717398E-04
   7.3913043E-01   1.8908056E+06   9.3953406E+05   2.8302654E+06   5.2723490E-04   2.3594840E-05   3.4483397E-04
   7.5362319E-01   1.8111364E+06   8.8302553E+05   2.6941328E+06   2.1033185E-04   2.7638664E-05   1.5003473E-04
   7.6811594E-01   1.7370899E+06   8.4147374E+05   2.5784636E+06   6.2022119E-04   1.6996819E-05   4.1995915E-04
   7.8260870E-01   1.6757206E+06   7.9792479E+05   2.4735051E+06   2.1042148E-04   3.4494289E-05   1.5496205E-04
   7.9710145E-01   1.5953801E+06   7.5571146E+05   2.3510227E+06   3.0059153E-04   2.6340463E-05   2.1014886E-04
   8.1159420E-01   1.5274618E+06   7.1174477E+05   2.2391390E+06   4.4267262E-04   4.2821906E-05   3.0830327E-04
   8.2608696E-01   1.4570346E+06   6.6672852E+05   2.1237498E+06   2.3762290E-04   4.1628794E-05   1.5283775E-04
   8.4057971E-01   1.3832744E+06   6.2355197E+05   2.0066696E+06   2.7046715E-04   3.3774129E-05   2.0067849E-04
   8.5507246E-01   1.3092534E+06   5.7504509E+05   1.8842343E+06   6.4460027E-04   2.8575675E-05   4.5484324E-04
   8.6956522E-01   1.2313726E+06   5.3537885E+05   1.7666631E+06   5.9223323E-04   4.2944323E-05   4.0578844E-04
   8.8405797E-01   1.1672375E+06   4.9143572E+05   1.6586111E+06   2.4246492E-04   3.3429557E-05   1.8067398E-04
   8.9855072E-01   1.0781860E+06   4.4441257E+05   1.5225497E+06   7.5472503E-04   5.1633646E-05   5.4006397E-04
   9.1304348E-01   1.0021489E+06   4.0019322E+05   1.4023301E+06   4.9670434E-04   3.4287471E-05   3.4822661E-04
   9.2753623E-01   9.2449795E+05   3.4712628E+05   1.2715887E+06   5.2912346E-04   3.2177294E-05   3.8652990E-04
   9.4202899E-01   8.3897771E+05   3.0219705E+05   1.1411514E+06   1.2810855E-03   5.9924232E-05   9.5239574E-04
   9.5652174E-01   7.3554418E+05   2.4906575E+05   9.8460994E+05   4.0566117E-04   3.8249937E-05   2.9468355E-04
   9.7101449E-01   6.0206138E+05   1.8762465E+05   7.8967472E+05   2.6103762E-03   1.0811908E-04   2.0053288E-03
   9.8550725E-01   3.7621626E+05   1.1789491E+05   4.9410003E+05   4.2786547E-03   1.2033216E-04   3.2647958E-03
   1.0000000E+00   1.6476533E+05   5.2981387E+04   2.1774671E+05   2.3082119E-03   3.1858574E-04   1.8183241E-03
