   0.0000000E+00   3.5462077E+06   1.5942780E+06   5.1404857E+06   1.0877015E-02   3.5688339E-06   7.5031048E-03
   1.4492754E-02   3.5371148E+06   1.5154734E+06   5.0525882E+06   1.4335393E-03   1.1433729E-05   1.0003773E-03
   2.8985507E-02   3.5784115E+06   1.4889526E+06   5.0673641E+06   1.8062380E-03   1.1860288E-04   1.2697222E-03
   4.3478261E-02   3.6351155E+06   1.5238085E+06   5.1589239E+06   1.3719284E-03   9.2148943E-05   9.9346846E-04
   5.7971014E-02   3.5780326E+06   1.5702198E+06   5.1482525E+06   1.4653567E-03   2.0713230E-05   1.0149332E-03
   7.2463768E-02   3.6224360E+06   1.5439643E+06   5.1664003E+06   6.5168950E-04   1.8957362E-05   4.6179340E-04
   8.6956522E-02   3.5890198E+06   1.5729351E+06   5.1618286E+06   1.3450994E-03   1.2333123E-05   9.3771823E-04
   1.0144928E-01   3.6030379E+06   1.5885408E+06   5.1915788E+06   1.3863863E-04   3.6566327E-05   1.0016912E-04
   1.1594203E-01   3.5763277E+06   1.5941833E+06   5.1705110E+06   6.0100953E-04   4.4969635E-05   4.2545148E-04
   1.3043478E-01   3.5756752E+06   1.6364587E+06   5.2120497E+06   8.2909236E-04   1.6628968E-05   5.6365295E-04
   1.4492754E-01   3.5543912E+06   1.6685362E+06   5.2228516E+06   1.9401271E-03   2.6887270E-05   1.3269065E-03
   1.5942029E-01   3.5469654E+06   1.6662630E+06   5.2132284E+06   8.4863813E-05   1.5484320E-05   5.4604892E-05
   1.7391304E-01   3.5287797E+06   1.7167156E+06   5.2454953E+06   2.5237081E-04   9.7594733E-06   1.7064461E-04
   1.8840580E-01   3.5270311E+06   1.7309620E+06   5.2580514E+06   8.4710539E-04   2.3285075E-06   5.6759460E-04
   2.0289855E-01   3.5234756E+06   1.7558383E+06   5.2790974E+06   3.7996323E-04   3.9704591E-05   2.5717203E-04
   2.1739130E-01   3.5227684E+06   1.7781554E+06   5.3007722E+06   6.3109458E-04   2.2122997E-05   4.1098954E-04
   2.3188406E-01   3.4915559E+06   1.8118905E+06   5.3033043E+06   7.2715976E-04   5.1798865E-06   4.8121209E-04
   2.4637681E-01   3.4806857E+06   1.8372440E+06   5.3178406E+06   6.0177682E-04   1.2744377E-05   3.9036867E-04
   2.6086957E-01   3.4414716E+06   1.8448783E+06   5.2862237E+06   1.4419090E-04   1.5883474E-05   9.7671002E-05
   2.7536232E-01   3.4280008E+06   1.8635138E+06   5.2914747E+06   5.2801105E-04   2.1255101E-05   3.5010494E-04
   2.8985507E-01   3.4061779E+06   1.8920685E+06   5.2982086E+06   6.5746827E-04   2.2175631E-05   4.3059304E-04
   3.0434783E-01   3.3582529E+06   1.8845272E+06   5.2426358E+06   1.9776785E-04   1.2538171E-05   1.2150550E-04
   3.1884058E-01   3.3572557E+06   1.8977515E+06   5.2549383E+06   3.4956200E-04   1.1866967E-05   2.2525052E-04
   3.3333333E-01   3.3214234E+06   1.9169750E+06   5.2382337E+06   5.0050915E-04   9.5100232E-06   3.2146301E-04
   3.4782609E-01   3.2867144E+06   1.9122748E+06   5.1990208E+06   5.8278085E-04   2.0943279E-05   3.6395537E-04
   3.6231884E-01   3.2252001E+06   1.8986760E+06   5.1237851E+06   4.6173934E-04   1.4690149E-05   2.9275960E-04
   3.7681159E-01   3.1960459E+06   1.8889210E+06   5.0848212E+06   4.4438296E-04   7.3393513E-06   2.7717992E-04
   3.9130435E-01   3.1792386E+06   1.8750896E+06   5.0543001E+06   7.8247331E-04   1.3359982E-05   4.9584206E-04
   4.0579710E-01   3.1557027E+06   1.8590528E+06   5.0147014E+06   7.8974959E-04   5.9978273E-06   4.9525957E-04
   4.2028986E-01   3.1164142E+06   1.8449582E+06   4.9612679E+06   4.5078126E-04   9.8851272E-06   2.9068484E-04
   4.3478261E-01   3.0619382E+06   1.8250341E+06   4.8869722E+06   3.6477534E-04   1.2412353E-05   2.3345186E-04
   4.4927536E-01   3.0135677E+06   1.8066642E+06   4.8201097E+06   9.1916697E-04   6.2222044E-06   5.7480677E-04
   4.6376812E-01   2.9806046E+06   1.7578070E+06   4.7383169E+06   1.8949084E-04   1.7791124E-05   1.2503644E-04
   4.7826087E-01   2.9382044E+06   1.7310150E+06   4.6690586E+06   1.5486699E-04   1.7874790E-05   9.4715748E-05
   4.9275362E-01   2.8991228E+06   1.7025675E+06   4.6017349E+06   2.6025797E-04   9.9628369E-06   1.6808344E-04
   5.0724638E-01   2.8385899E+06   1.6648990E+06   4.5033590E+06   1.3456205E-04   1.6810428E-05   7.9712913E-05
   5.2173913E-01   2.7944697E+06   1.6167996E+06   4.4112693E+06   2.8585150E-04   9.5681474E-06   1.8506858E-04
   5.3623188E-01   2.7554378E+06   1.5807616E+06   4.3360765E+06   3.5927212E-04   1.7931900E-05   2.2591361E-04
   5.5072464E-01   2.6752691E+06   1.5397409E+06   4.2149701E+06   7.0468131E-04   1.0728061E-05   4.4584414E-04
   5.6521739E-01   2.6479206E+06   1.4937516E+06   4.1415750E+06   1.3396983E-04   9.5277141E-06   8.8519738E-05
   5.7971014E-01   2.5904365E+06   1.4617877E+06   4.0521295E+06   5.2769895E-04   1.0768582E-05   3.3455561E-04
   5.9420290E-01   2.5428349E+06   1.4148422E+06   3.9574739E+06   4.2065122E-04   2.6408155E-05   2.6099397E-04
   6.0869565E-01   2.4933326E+06   1.3604441E+06   3.8537766E+06   5.9579140E-04   2.0513247E-05   3.7707893E-04
   6.2318841E-01   2.4380442E+06   1.3224267E+06   3.7603476E+06   6.0777181E-04   2.5997195E-06   3.9348076E-04
   6.3768116E-01   2.3922436E+06   1.2765797E+06   3.6687371E+06   4.2416581E-04   9.4257000E-06   2.7348399E-04
   6.5217391E-01   2.3286427E+06   1.2177165E+06   3.5462414E+06   8.5957709E-04   1.4132133E-06   5.6580645E-04
   6.6666667E-01   2.2773611E+06   1.1701925E+06   3.4475207E+06   3.1920564E-04   1.0714758E-05   2.1511151E-04
   6.8115942E-01   2.2181532E+06   1.1135021E+06   3.3316715E+06   2.7027728E-04   2.2156331E-05   1.6973109E-04
   6.9565217E-01   2.1693843E+06   1.0727341E+06   3.2421185E+06   6.6972704E-04   2.0654418E-05   4.4880013E-04
   7.1014493E-01   2.1132967E+06   1.0309240E+06   3.1442052E+06   2.5645781E-04   2.5909189E-05   1.6700266E-04
   7.2463768E-01   2.0444190E+06   9.8149633E+05   3.0257941E+06   5.0238216E-04   2.2990719E-05   3.4452096E-04
   7.3913043E-01   1.9917480E+06   9.2905946E+05   2.9208075E+06   3.0261117E-04   1.2197525E-05   2.0523630E-04
   7.5362319E-01   1.9438715E+06   8.8156834E+05   2.8253669E+06   2.0302660E-04   3.2631968E-05   1.4913662E-04
   7.6811594E-01   1.8749408E+06   8.4043006E+05   2.7153137E+06   6.7169942E-04   2.8153635E-05   4.7252784E-04
   7.8260870E-01   1.8258227E+06   7.9499207E+05   2.6208007E+06   1.7491917E-04   7.7340018E-06   1.1948108E-04
   7.9710145E-01   1.7551661E+06   7.5922460E+05   2.5143356E+06   7.2785680E-04   5.6933945E-06   5.1045485E-04
   8.1159420E-01   1.6983721E+06   7.0618353E+05   2.4045015E+06   2.7004007E-04   1.2820235E-05   1.9698356E-04
   8.2608696E-01   1.6397954E+06   6.6372416E+05   2.3034796E+06   8.4136373E-04   1.1283224E-05   6.0051371E-04
   8.4057971E-01   1.5696385E+06   6.1519074E+05   2.1848945E+06   9.2346653E-04   2.5133940E-05   6.5928843E-04
   8.5507246E-01   1.5089363E+06   5.8001532E+05   2.0889773E+06   3.8301303E-04   4.5963389E-05   2.9112462E-04
   8.6956522E-01   1.4495376E+06   5.3722268E+05   1.9867224E+06   4.4506644E-04   4.9918938E-05   3.1766192E-04
   8.8405797E-01   1.3741617E+06   4.8907555E+05   1.8632248E+06   7.3576648E-04   2.5532627E-05   5.4818707E-04
   8.9855072E-01   1.2993106E+06   4.4475477E+05   1.7440532E+06   3.2846337E-04   2.9610908E-05   2.3944641E-04
   9.1304348E-01   1.2136175E+06   4.0028944E+05   1.6139190E+06   5.4720614E-04   1.8477994E-05   4.1147855E-04
   9.2753623E-01   1.1005889E+06   3.5079657E+05   1.4513617E+06   6.5623302E-04   5.7435560E-05   4.9419856E-04
   9.4202899E-01   9.6106658E+05   3.0018030E+05   1.2612236E+06   2.6140544E-04   1.6803802E-05   2.0021983E-04
   9.5652174E-01   8.0250055E+05   2.4961683E+05   1.0520829E+06   2.2763380E-04   5.3146657E-05   1.6427977E-04
   9.7101449E-01   6.1905956E+05   1.9093833E+05   8.0997528E+05   1.8499260E-03   1.2484164E-04   1.4425462E-03
   9.8550725E-01   3.7727487E+05   1.2165017E+05   4.9892503E+05   1.8734629E-03   9.0003793E-05   1.4013957E-03
   1.0000000E+00   1.5644937E+05   5.2106023E+04   2.0855540E+05   2.0840993E-03   4.3772406E-04   1.5680269E-03
