   0.0000000E+00   3.2128035E+06   1.4669782E+06   4.6797818E+06   3.0355541E-03   6.5586934E-03   3.7674303E-03
   1.4492754E-02   3.0718645E+06   1.5465406E+06   4.6184051E+06   1.7354687E-03   1.6069626E-03   7.2977560E-04
   2.8985507E-02   3.0953544E+06   1.5408575E+06   4.6362119E+06   8.1696451E-04   6.1615192E-04   5.7432433E-04
   4.3478261E-02   3.0155394E+06   1.5513396E+06   4.5668790E+06   1.0266010E-03   1.0626920E-04   6.7906663E-04
   5.7971014E-02   3.1125929E+06   1.5749557E+06   4.6875486E+06   3.3220552E-04   7.1234562E-04   4.5586481E-04
   7.2463768E-02   3.0835337E+06   1.5674541E+06   4.6508362E+06   7.5779145E-04   5.3407886E-04   6.0548134E-04
   8.6956522E-02   3.1476382E+06   1.5726825E+06   4.7203207E+06   1.2702637E-03   2.3002125E-04   8.9562766E-04
   1.0144928E-01   3.1583547E+06   1.5843192E+06   4.7427822E+06   6.6670414E-04   9.2492517E-04   1.9555229E-04
   1.1594203E-01   3.1807892E+06   1.5928572E+06   4.7735517E+06   4.9970498E-04   4.3466326E-04   2.8485684E-04
   1.3043478E-01   3.2199599E+06   1.5946989E+06   4.8147431E+06   6.5023905E-05   6.9100956E-04   2.7220720E-04
   1.4492754E-01   3.2502357E+06   1.6478500E+06   4.8980099E+06   4.7258573E-05   2.8295200E-04   1.1426170E-04
   1.5942029E-01   3.3057985E+06   1.6707405E+06   4.9765390E+06   3.0405524E-04   2.0372357E-04   2.6471219E-04
   1.7391304E-01   3.3678238E+06   1.6949307E+06   5.0626282E+06   1.6712145E-04   2.1157115E-04   1.0573039E-04
   1.8840580E-01   3.4026457E+06   1.7110277E+06   5.1136734E+06   4.5790680E-04   1.0599892E-04   3.2412606E-04
   2.0289855E-01   3.4718412E+06   1.7347299E+06   5.2065711E+06   1.3566201E-04   3.4567095E-04   2.0301584E-04
   2.1739130E-01   3.4996321E+06   1.7442593E+06   5.2438915E+06   5.0917424E-04   3.2419394E-04   4.4511422E-04
   2.3188406E-01   3.5651985E+06   1.7838069E+06   5.3489580E+06   2.5003113E-04   3.0085634E-04   2.2640058E-04
   2.4637681E-01   3.6082084E+06   1.8013630E+06   5.4094822E+06   4.8033253E-04   2.2894693E-04   3.9616875E-04
   2.6086957E-01   3.6285063E+06   1.8365011E+06   5.4649233E+06   2.3649992E-04   1.8531864E-04   2.1622559E-04
   2.7536232E-01   3.7149437E+06   1.8475216E+06   5.5623855E+06   1.1122507E-04   5.7092195E-05   9.2574955E-05
   2.8985507E-01   3.6928297E+06   1.8576294E+06   5.5502697E+06   5.5301686E-05   2.1200468E-04   3.4855830E-05
   3.0434783E-01   3.7249614E+06   1.8563105E+06   5.5810915E+06   2.2110093E-04   2.8537739E-04   1.2999127E-04
   3.1884058E-01   3.7445625E+06   1.8721607E+06   5.6165165E+06   4.9957483E-04   3.1166249E-04   4.2759371E-04
   3.3333333E-01   3.7336651E+06   1.8832722E+06   5.6167726E+06   2.5476962E-04   4.4086296E-05   1.7231089E-04
   3.4782609E-01   3.7442611E+06   1.8894164E+06   5.6334881E+06   1.3700887E-04   2.9763169E-04   1.8990427E-04
   3.6231884E-01   3.7350054E+06   1.8845518E+06   5.6193449E+06   1.6594396E-04   8.0840922E-05   1.3232967E-04
   3.7681159E-01   3.7289388E+06   1.8717553E+06   5.6007816E+06   2.2360217E-04   5.1293293E-04   3.1357999E-04
   3.9130435E-01   3.6859680E+06   1.8512349E+06   5.5368942E+06   4.3817895E-04   1.6705789E-04   2.6298953E-04
   4.0579710E-01   3.6678515E+06   1.8530180E+06   5.5206530E+06   8.6421891E-05   2.8258837E-04   4.6170293E-05
   4.2028986E-01   3.6231049E+06   1.8111736E+06   5.4340956E+06   6.0593421E-04   1.6362725E-04   4.4208742E-04
   4.3478261E-01   3.5808362E+06   1.8009128E+06   5.3816733E+06   2.8320412E-04   2.1914712E-04   1.2285760E-04
   4.4927536E-01   3.5414413E+06   1.7683374E+06   5.3096809E+06   3.9560400E-04   2.4945054E-04   3.4294106E-04
   4.6376812E-01   3.4705524E+06   1.7393372E+06   5.2097239E+06   1.2795278E-04   2.8988722E-04   1.5025709E-04
   4.7826087E-01   3.4130986E+06   1.7123471E+06   5.1254687E+06   2.0364169E-04   8.5207941E-05   1.1688418E-04
   4.9275362E-01   3.3547677E+06   1.6676002E+06   5.0222787E+06   3.1733733E-04   2.2125232E-04   2.1008860E-04
   5.0724638E-01   3.2979515E+06   1.6479907E+06   4.9458556E+06   3.4971567E-04   1.5337469E-04   2.2702200E-04
   5.2173913E-01   3.2183813E+06   1.6176626E+06   4.8359808E+06   2.4896973E-04   4.9470972E-05   1.8183662E-04
   5.3623188E-01   3.1310089E+06   1.5641528E+06   4.6950594E+06   3.8649730E-05   1.1580338E-04   4.8636595E-05
   5.5072464E-01   3.0624327E+06   1.5400001E+06   4.6023331E+06   1.4955809E-04   2.0963149E-04   5.2082998E-05
   5.6521739E-01   2.9762148E+06   1.4866988E+06   4.4627582E+06   3.4417027E-04   1.4375287E-04   1.7972157E-04
   5.7971014E-01   2.8915421E+06   1.4536799E+06   4.3449569E+06   5.5139480E-04   1.9899193E-04   3.0520890E-04
   5.9420290E-01   2.7869001E+06   1.4022564E+06   4.1889717E+06   3.3033882E-04   2.5135280E-04   3.0315076E-04
   6.0869565E-01   2.7133649E+06   1.3478512E+06   4.0611619E+06   1.6169951E-04   7.8128059E-05   1.2906112E-04
   6.2318841E-01   2.6155132E+06   1.3048226E+06   3.9203358E+06   1.2795861E-04   2.0158714E-04   1.2885210E-04
   6.3768116E-01   2.5144114E+06   1.2685201E+06   3.7827937E+06   1.5774752E-04   2.6542960E-04   2.9473420E-05
   6.5217391E-01   2.4275526E+06   1.2240142E+06   3.6514489E+06   3.2221600E-04   2.5154027E-04   1.4270087E-04
   6.6666667E-01   2.3416864E+06   1.1693689E+06   3.5109565E+06   4.5662275E-04   2.2654593E-04   3.6228149E-04
   6.8115942E-01   2.2587969E+06   1.1198865E+06   3.3786028E+06   1.5057783E-04   2.6643316E-05   1.0875766E-04
   6.9565217E-01   2.1688792E+06   1.0800589E+06   3.2488118E+06   1.7952311E-04   2.8114172E-04   1.4671868E-04
   7.1014493E-01   2.0649252E+06   1.0358570E+06   3.1007358E+06   1.9794551E-04   1.5606684E-04   1.6815213E-04
   7.2463768E-01   1.9703579E+06   9.8381500E+05   2.9539910E+06   2.5171275E-04   1.1493737E-04   1.9023239E-04
   7.3913043E-01   1.8797813E+06   9.3568594E+05   2.8153781E+06   7.5657613E-05   2.2529593E-04   1.0540338E-04
   7.5362319E-01   1.8037922E+06   8.9651907E+05   2.7003258E+06   4.7866208E-05   2.1050050E-04   4.8420296E-05
   7.6811594E-01   1.7083388E+06   8.5395495E+05   2.5621937E+06   3.9062127E-04   3.1042503E-05   2.6318525E-04
   7.8260870E-01   1.6118322E+06   8.1319178E+05   2.4249819E+06   3.6166677E-04   1.3004563E-04   1.9745184E-04
   7.9710145E-01   1.5261781E+06   7.5737848E+05   2.2833913E+06   2.4820559E-04   8.2808695E-05   1.7205989E-04
   8.1159420E-01   1.4299168E+06   7.1611529E+05   2.1459779E+06   2.8317350E-04   2.4047642E-04   2.2723098E-04
   8.2608696E-01   1.3555643E+06   6.7385390E+05   2.0293917E+06   3.1692555E-04   1.4598061E-04   1.7071289E-04
   8.4057971E-01   1.2582348E+06   6.3089418E+05   1.8891029E+06   1.3044572E-04   2.4431089E-04   1.6576549E-04
   8.5507246E-01   1.1812087E+06   5.8515252E+05   1.7663870E+06   8.0412618E-05   5.8809568E-05   5.2067147E-05
   8.6956522E-01   1.0911282E+06   5.3943275E+05   1.6305231E+06   1.9429798E-04   4.3700780E-04   2.3765089E-04
   8.8405797E-01   1.0047216E+06   5.0214341E+05   1.5068774E+06   4.8003481E-04   3.9121692E-04   4.4331975E-04
   8.9855072E-01   9.1376933E+05   4.5616971E+05   1.3699024E+06   4.6614160E-04   2.8916015E-04   2.8663901E-04
   9.1304348E-01   8.2322678E+05   4.1030840E+05   1.2335472E+06   2.5663088E-04   2.5225952E-04   1.8384982E-04
   9.2753623E-01   7.3417581E+05   3.6215078E+05   1.0963266E+06   5.6280433E-04   1.5330161E-04   4.0341065E-04
   9.4202899E-01   6.3279173E+05   3.1889057E+05   9.5167065E+05   9.1550505E-04   3.2673360E-04   6.5664507E-04
   9.5652174E-01   5.3019754E+05   2.6518488E+05   7.9539390E+05   1.5714555E-03   5.9012669E-04   1.2441510E-03
   9.7101449E-01   4.2115457E+05   2.0824187E+05   6.2939645E+05   1.9790940E-03   4.5313980E-04   1.2406663E-03
   9.8550725E-01   2.8463041E+05   1.4553002E+05   4.3016043E+05   2.4950518E-03   6.3620993E-04   1.8533443E-03
   1.0000000E+00   1.4080225E+05   7.0226051E+04   2.1102830E+05   5.8101312E-03   7.6099402E-04   4.1232659E-03
