   0.0000000E+00   3.1036895E+06   1.5760923E+06   4.6797818E+06   7.6354857E-03   3.4538746E-03   6.2211312E-03
   1.4492754E-02   3.0309467E+06   1.4684937E+06   4.4994404E+06   1.3552782E-03   2.9059718E-03   5.4308571E-04
   2.8985507E-02   3.0775475E+06   1.5651051E+06   4.6426527E+06   9.7184164E-04   6.6616210E-04   4.6818583E-04
   4.3478261E-02   3.1097514E+06   1.5323962E+06   4.6421475E+06   1.5647836E-03   1.2254683E-03   7.3592133E-04
   5.7971014E-02   3.0640977E+06   1.5365006E+06   4.6005983E+06   1.4410425E-04   6.9466741E-04   3.1412601E-04
   7.2463768E-02   3.1029317E+06   1.5498746E+06   4.6526548E+06   7.2349339E-05   6.4930573E-04   1.9851797E-04
   8.6956522E-02   3.1043209E+06   1.5503293E+06   4.6546502E+06   9.9916601E-04   1.7424248E-03   1.2430127E-03
   1.0144928E-01   3.1230659E+06   1.5830202E+06   4.7060860E+06   7.8871324E-04   7.0705797E-04   4.2877690E-04
   1.1594203E-01   3.1481118E+06   1.6141686E+06   4.7622803E+06   1.6316147E-03   1.9376254E-04   1.0214547E-03
   1.3043478E-01   3.1897347E+06   1.6262713E+06   4.8159218E+06   1.7844061E-04   9.5066377E-04   4.3959945E-04
   1.4492754E-01   3.2394759E+06   1.6137518E+06   4.8531519E+06   2.1493464E-04   8.7522131E-04   1.4861143E-04
   1.5942029E-01   3.2900927E+06   1.6490417E+06   4.9389966E+06   8.2036014E-04   4.3790451E-04   4.1211323E-04
   1.7391304E-01   3.3586679E+06   1.6876690E+06   5.0463369E+06   2.3206318E-04   5.4675524E-04   3.3657513E-04
   1.8840580E-01   3.3616114E+06   1.7056653E+06   5.0672184E+06   4.9701044E-04   4.3451041E-04   4.6278469E-04
   2.0289855E-01   3.4061346E+06   1.7033921E+06   5.1093102E+06   4.3260723E-04   2.0796049E-04   3.0638490E-04
   2.1739130E-01   3.4486112E+06   1.7606770E+06   5.2092376E+06   5.1372935E-04   8.5228848E-04   2.3494172E-04
   2.3188406E-01   3.4926925E+06   1.7609327E+06   5.2533884E+06   3.7138202E-04   9.9068371E-04   8.0301778E-05
   2.4637681E-01   3.5433550E+06   1.7736833E+06   5.3168600E+06   4.0027546E-04   3.2763606E-04   2.2091317E-04
   2.6086957E-01   3.5864098E+06   1.8011822E+06   5.3875920E+06   1.7421342E-04   4.0221605E-04   1.6553587E-04
   2.7536232E-01   3.6395688E+06   1.8119877E+06   5.4513571E+06   2.0540922E-04   6.8224255E-04   2.1558771E-04
   2.8985507E-01   3.6352796E+06   1.8256908E+06   5.4608946E+06   1.5622584E-04   6.0485874E-04   2.2018046E-04
   3.0434783E-01   3.6640899E+06   1.8390630E+06   5.5030446E+06   1.2151566E-04   5.3595864E-04   1.9682399E-04
   3.1884058E-01   3.6654479E+06   1.8626545E+06   5.5278958E+06   3.5311894E-04   2.5922886E-04   2.4055507E-04
   3.3333333E-01   3.6915613E+06   1.8362925E+06   5.5274585E+06   2.3906267E-04   6.2522115E-04   3.2122874E-04
   3.4782609E-01   3.6885359E+06   1.8559813E+06   5.5442015E+06   2.4508705E-04   2.8014332E-04   7.6945355E-05
   3.6231884E-01   3.6934208E+06   1.8647900E+06   5.5579076E+06   1.7129536E-04   5.5188968E-04   7.1967125E-05
   3.7681159E-01   3.6500468E+06   1.8527245E+06   5.5024215E+06   2.4918420E-04   3.6436757E-04   2.7446007E-04
   3.9130435E-01   3.6612433E+06   1.8381008E+06   5.4992038E+06   1.6201854E-04   1.2802282E-04   1.2701557E-04
   4.0579710E-01   3.6219543E+06   1.8189740E+06   5.4406035E+06   2.5875020E-04   2.3653023E-04   1.8223978E-04
   4.2028986E-01   3.5870209E+06   1.8070975E+06   5.3938049E+06   5.1482252E-04   1.4601986E-04   3.1626475E-04
   4.3478261E-01   3.5436819E+06   1.7689363E+06   5.3124414E+06   2.4724596E-04   8.5429370E-04   3.6877717E-04
   4.4927536E-01   3.4918217E+06   1.7489540E+06   5.2405802E+06   1.0550228E-04   4.5774627E-04   2.2551617E-04
   4.6376812E-01   3.4367621E+06   1.7331569E+06   5.1696585E+06   4.5632956E-05   2.1454566E-04   4.1375615E-05
   4.7826087E-01   3.3828810E+06   1.6982027E+06   5.0808311E+06   1.6479315E-04   4.9553622E-04   2.7582489E-04
   4.9275362E-01   3.3220068E+06   1.6729712E+06   4.9946659E+06   4.6148472E-05   2.4558986E-04   9.4479433E-05
   5.0724638E-01   3.2497594E+06   1.6385515E+06   4.8881377E+06   1.9287922E-04   2.7121649E-04   9.0006083E-05
   5.2173913E-01   3.1921342E+06   1.5954988E+06   4.7873593E+06   2.4495967E-04   2.5251759E-04   1.7793363E-04
   5.3623188E-01   3.1198682E+06   1.5646443E+06   4.6842872E+06   1.2581620E-04   4.0866512E-04   2.0943864E-04
   5.5072464E-01   3.0363905E+06   1.5238085E+06   4.5599796E+06   1.8497254E-04   1.2265460E-04   1.2306312E-04
   5.6521739E-01   2.9517730E+06   1.4854165E+06   4.4368786E+06   1.9811451E-04   2.2914733E-04   1.1537535E-04
   5.7971014E-01   2.8688290E+06   1.4434505E+06   4.3121469E+06   2.8428588E-04   2.0633522E-04   1.2285567E-04
   5.9420290E-01   2.7815405E+06   1.4022564E+06   4.1835566E+06   1.0682228E-04   2.0592243E-04   7.7218593E-05
   6.0869565E-01   2.7005194E+06   1.3448202E+06   4.0451773E+06   3.3618296E-04   1.4212953E-04   2.0871391E-04
   6.2318841E-01   2.6264739E+06   1.3102148E+06   3.9364068E+06   1.9175532E-04   1.1403399E-04   1.0831312E-04
   6.3768116E-01   2.5294973E+06   1.2716199E+06   3.8009450E+06   1.2767609E-04   5.6487075E-04   2.2142452E-04
   6.5217391E-01   2.4423874E+06   1.2331575E+06   3.6753092E+06   3.2455011E-04   1.7778541E-04   1.8916901E-04
   6.6666667E-01   2.3474518E+06   1.1733058E+06   3.5205929E+06   3.7148352E-04   5.6184615E-04   2.7338199E-04
   6.8115942E-01   2.2577490E+06   1.1388621E+06   3.3962887E+06   4.7020790E-04   4.6620909E-04   4.6956230E-04
   6.9565217E-01   2.1670164E+06   1.0930036E+06   3.2598464E+06   1.1209075E-04   2.9679790E-04   1.6569851E-04
   7.1014493E-01   2.0818738E+06   1.0355632E+06   3.1171895E+06   2.3558198E-04   2.2675689E-04   8.6008631E-05
   7.2463768E-01   1.9944236E+06   9.9452940E+05   2.9887105E+06   1.6434417E-04   2.3458459E-04   5.5308264E-05
   7.3913043E-01   1.9110268E+06   9.5005323E+05   2.8610206E+06   1.3453637E-04   3.1278478E-04   1.9035493E-04
   7.5362319E-01   1.8206081E+06   9.0335327E+05   2.7238739E+06   2.9078658E-04   3.5704226E-04   2.9548353E-04
   7.6811594E-01   1.7374616E+06   8.5925910E+05   2.5966492E+06   4.5247280E-04   4.6720781E-04   3.8066515E-04
   7.8260870E-01   1.6507574E+06   8.2298623E+05   2.4737296E+06   2.6593784E-04   3.5674668E-04   2.9327769E-04
   7.9710145E-01   1.5544761E+06   7.7165148E+05   2.3260450E+06   5.4041533E-04   2.1050315E-04   3.5931552E-04
   8.1159420E-01   1.4716600E+06   7.3538345E+05   2.2069216E+06   5.0341856E-04   1.9598627E-04   2.7244238E-04
   8.2608696E-01   1.3838133E+06   6.9120209E+05   2.0748957E+06   4.9788178E-04   6.9018774E-04   5.4238196E-04
   8.4057971E-01   1.2897201E+06   6.4783874E+05   1.9374543E+06   1.1265086E-04   7.0932433E-04   2.7642383E-04
   8.5507246E-01   1.2074984E+06   5.9971648E+05   1.8071378E+06   2.1658548E-04   6.8717296E-05   1.6832729E-04
   8.6956522E-01   1.1214250E+06   5.5713853E+05   1.6785004E+06   1.4000510E-04   4.2982325E-04   7.0524346E-05
   8.8405797E-01   1.0295778E+06   5.1562118E+05   1.5451369E+06   3.6369558E-04   8.4306526E-04   9.3554396E-05
   8.9855072E-01   9.3922684E+05   4.7075003E+05   1.4099035E+06   4.8720503E-04   4.7875572E-04   4.4344520E-04
   9.1304348E-01   8.4877333E+05   4.2317790E+05   1.2719272E+06   5.4659747E-04   2.0191175E-04   3.3665100E-04
   9.2753623E-01   7.5053819E+05   3.7433376E+05   1.1248246E+06   3.3765617E-04   4.5664269E-04   2.3552213E-04
   9.4202899E-01   6.5440472E+05   3.2222461E+05   9.7664098E+05   5.2202007E-04   1.1330404E-03   6.3452777E-04
   9.5652174E-01   5.4907207E+05   2.7225709E+05   8.2132916E+05   1.1902063E-03   8.9926044E-04   1.0673292E-03
   9.7101449E-01   4.3228312E+05   2.1500496E+05   6.4727677E+05   1.4460433E-03   1.1404641E-03   1.3443849E-03
   9.8550725E-01   2.9361182E+05   1.4768065E+05   4.4129247E+05   2.2062555E-03   2.6335291E-03   2.3455189E-03
   1.0000000E+00   1.4075848E+05   7.2961563E+04   2.1372004E+05   3.9189628E-03   1.7783775E-03   3.0596003E-03
