   0.0000000E+00   3.3037319E+06   1.6791445E+06   4.9828764E+06   9.3517575E-04   4.9030451E-03   2.2720919E-03
   1.4492754E-02   3.2575100E+06   1.5844274E+06   4.8419374E+06   2.1720979E-03   8.4968274E-04   1.1891238E-03
   2.8985507E-02   3.2109092E+06   1.6245875E+06   4.8354966E+06   1.4403352E-04   3.5358123E-03   1.1036608E-03
   4.3478261E-02   3.2294737E+06   1.6003399E+06   4.8298136E+06   7.1279357E-04   7.4785651E-04   6.8490833E-04
   5.7971014E-02   3.2635719E+06   1.6408788E+06   4.9044507E+06   3.7792701E-04   6.5862796E-04   3.5313526E-05
   7.2463768E-02   3.2641781E+06   1.6271638E+06   4.8913418E+06   1.2952141E-03   1.3536458E-04   8.9137194E-04
   8.6956522E-02   3.2730436E+06   1.6362061E+06   4.9092497E+06   1.0540989E-03   4.7728721E-04   5.7311072E-04
   1.0144928E-01   3.2884690E+06   1.6634485E+06   4.9518092E+06   1.8059945E-04   9.0730225E-04   4.2462990E-04
   1.1594203E-01   3.3514694E+06   1.6667366E+06   5.0181112E+06   9.1846632E-04   1.0728838E-03   8.3858267E-04
   1.3043478E-01   3.3588783E+06   1.6731668E+06   5.0320451E+06   5.7772280E-04   5.5968935E-04   5.7074746E-04
   1.4492754E-01   3.3509389E+06   1.6795991E+06   5.0305381E+06   5.0983010E-04   5.3331159E-04   4.6626712E-04
   1.5942029E-01   3.4103662E+06   1.7066297E+06   5.1168581E+06   6.8129798E-04   7.9150006E-04   3.0346316E-04
   1.7391304E-01   3.4538901E+06   1.7178522E+06   5.1717423E+06   2.0433331E-04   6.4447075E-04   1.4589863E-04
   1.8840580E-01   3.5234756E+06   1.7443098E+06   5.2679020E+06   2.2370432E-04   2.7768109E-04   2.1078529E-04
   2.0289855E-01   3.5481020E+06   1.7577326E+06   5.3058888E+06   1.7340271E-04   3.7384063E-04   1.2517616E-04
   2.1739130E-01   3.5564119E+06   1.7865916E+06   5.3428519E+06   5.2303582E-04   2.0361273E-04   3.4884877E-04
   2.3188406E-01   3.5702185E+06   1.8018505E+06   5.3720689E+06   4.1590188E-04   1.1083464E-04   3.0691007E-04
   2.4637681E-01   3.6501959E+06   1.8102329E+06   5.4602951E+06   4.7141557E-04   7.2997902E-04   3.0498564E-04
   2.6086957E-01   3.6561637E+06   1.8379324E+06   5.4940961E+06   2.1606340E-04   4.1017687E-04   2.7764894E-04
   2.7536232E-01   3.6844348E+06   1.8326859E+06   5.5171606E+06   3.5737448E-04   3.1820225E-04   2.8103111E-04
   2.8985507E-01   3.6930949E+06   1.8594479E+06   5.5525429E+06   6.0622318E-04   3.7343505E-04   4.7518256E-04
   3.0434783E-01   3.6977550E+06   1.8490940E+06   5.5468490E+06   4.0023615E-04   2.7083124E-04   3.5400554E-04
   3.1884058E-01   3.6965151E+06   1.8659955E+06   5.5624417E+06   2.6032830E-04   3.0812065E-04   2.5064338E-04
   3.3333333E-01   3.7257583E+06   1.8638346E+06   5.5893623E+06   5.9167636E-04   5.2172124E-04   5.3067498E-04
   3.4782609E-01   3.6877782E+06   1.8535502E+06   5.5413284E+06   6.1346041E-04   7.5698348E-04   4.9636173E-04
   3.6231884E-01   3.6815698E+06   1.8487866E+06   5.5303563E+06   1.3968024E-04   3.3168551E-04   1.9658825E-05
   3.7681159E-01   3.6475404E+06   1.8328193E+06   5.4802723E+06   2.4236274E-04   5.0055618E-04   1.7025199E-04
   3.9130435E-01   3.6335439E+06   1.8343963E+06   5.4679402E+06   4.4258899E-04   2.0927716E-04   2.7878617E-04
   4.0579710E-01   3.6004129E+06   1.7987316E+06   5.3990362E+06   3.3686008E-04   4.7244760E-04   3.7631886E-04
   4.2028986E-01   3.5558231E+06   1.7890686E+06   5.3448655E+06   3.6212082E-04   8.6434844E-05   2.6984293E-04
   4.3478261E-01   3.5161255E+06   1.7630259E+06   5.2790504E+06   4.6412600E-04   3.2706491E-04   4.0704371E-04
   4.4927536E-01   3.4504395E+06   1.7315505E+06   5.1820145E+06   2.9906724E-04   1.0048581E-04   1.9967114E-04
   4.6376812E-01   3.4038953E+06   1.7091461E+06   5.1130887E+06   1.2753229E-04   5.1690439E-04   2.4422414E-04
   4.7826087E-01   3.3385189E+06   1.6751262E+06   5.0134155E+06   1.8984109E-04   3.2002899E-04   2.0806387E-04
   4.9275362E-01   3.2851674E+06   1.6553204E+06   4.9404432E+06   3.9991871E-04   4.1643791E-04   3.8940612E-04
   5.0724638E-01   3.2176531E+06   1.6081121E+06   4.8256352E+06   4.2832832E-04   7.3523320E-05   3.0582542E-04
   5.2173913E-01   3.1467542E+06   1.5856903E+06   4.7323392E+06   3.2091481E-04   1.5641809E-04   2.0499947E-04
   5.3623188E-01   3.0624440E+06   1.5446565E+06   4.6069571E+06   2.9309257E-04   3.8764672E-04   2.9107186E-04
   5.5072464E-01   2.9912852E+06   1.5028311E+06   4.4939967E+06   4.5620394E-04   2.1948107E-04   3.3373566E-04
   5.6521739E-01   2.9124289E+06   1.4700869E+06   4.3824770E+06   5.8056188E-04   7.5309776E-04   6.1842214E-04
   5.7971014E-01   2.8400350E+06   1.4104132E+06   4.2504103E+06   2.4949504E-04   2.5553362E-04   2.0081202E-04
   5.9420290E-01   2.7435243E+06   1.3813909E+06   4.1248598E+06   2.3833856E-04   2.5529257E-04   1.2582601E-04
   6.0869565E-01   2.6717435E+06   1.3379826E+06   4.0095276E+06   1.5638073E-04   3.5917404E-04   2.2214040E-04
   6.2318841E-01   2.5771153E+06   1.2870422E+06   3.8641928E+06   5.1301047E-04   8.7456762E-04   6.3141541E-04
   6.3768116E-01   2.4780056E+06   1.2438937E+06   3.7218304E+06   1.0729596E-03   8.5899984E-04   9.8328204E-04
   6.5217391E-01   2.4000047E+06   1.1912463E+06   3.5913183E+06   1.2575017E-03   7.2371626E-04   1.0275042E-03
   6.6666667E-01   2.3084778E+06   1.1571298E+06   3.4655911E+06   1.0331785E-03   6.0466541E-04   8.8988329E-04
   6.8115942E-01   2.2273589E+06   1.1133570E+06   3.3407966E+06   9.3780472E-04   3.7357416E-04   7.4927783E-04
   6.9565217E-01   2.1414902E+06   1.0728920E+06   3.2143032E+06   1.1074741E-03   6.0834681E-04   9.4002007E-04
   7.1014493E-01   2.0380179E+06   1.0285889E+06   3.0665294E+06   1.4175809E-03   6.4635510E-04   1.1418098E-03
   7.2463768E-01   1.9680089E+06   9.7919281E+05   2.9471714E+06   1.3251301E-03   8.3844320E-04   1.1581052E-03
   7.3913043E-01   1.8754429E+06   9.3769172E+05   2.8129563E+06   1.3923058E-03   1.3250231E-03   1.3407747E-03
   7.5362319E-01   1.7960837E+06   8.9818026E+05   2.6941911E+06   2.1995308E-03   1.5879721E-03   1.9923620E-03
   7.6811594E-01   1.7065946E+06   8.5488425E+05   2.5614931E+06   2.1209194E-03   1.2961847E-03   1.8428195E-03
   7.8260870E-01   1.6262853E+06   8.1112906E+05   2.4373583E+06   2.7913622E-03   1.0020711E-03   2.1843154E-03
   7.9710145E-01   1.5344306E+06   7.6994313E+05   2.3043461E+06   2.8538641E-03   2.0331857E-03   2.5563967E-03
   8.1159420E-01   1.4456669E+06   7.2308376E+05   2.1686830E+06   3.1210685E-03   1.4442142E-03   2.5585033E-03
   8.2608696E-01   1.3701873E+06   6.8395706E+05   2.0541311E+06   3.4325411E-03   1.7604548E-03   2.8738357E-03
   8.4057971E-01   1.2901251E+06   6.4378876E+05   1.9338747E+06   3.1785036E-03   2.1179076E-03   2.8159290E-03
   8.5507246E-01   1.2031703E+06   5.9934403E+05   1.8024758E+06   3.7664077E-03   2.2201834E-03   3.2362215E-03
   8.6956522E-01   1.1222712E+06   5.6226588E+05   1.6845497E+06   3.6894133E-03   2.3531643E-03   3.2458048E-03
   8.8405797E-01   1.0368571E+06   5.1786955E+05   1.5546893E+06   4.2280593E-03   2.1241886E-03   3.5267880E-03
   8.9855072E-01   9.5802360E+05   4.7863293E+05   1.4366199E+06   4.6012476E-03   2.5482576E-03   3.9157791E-03
   9.1304348E-01   8.7202262E+05   4.3540993E+05   1.3073965E+06   6.5688209E-03   3.3901461E-03   5.4932005E-03
   9.2753623E-01   7.8295511E+05   3.8616156E+05   1.1691048E+06   5.8720528E-03   4.0236250E-03   5.2369143E-03
   9.4202899E-01   6.9601029E+05   3.4464196E+05   1.0406173E+06   6.5946655E-03   3.7213273E-03   5.6443041E-03
   9.5652174E-01   5.9545474E+05   2.9661947E+05   8.9205125E+05   7.8479768E-03   4.7751404E-03   6.7905837E-03
   9.7101449E-01   4.8515505E+05   2.3929777E+05   7.2445282E+05   8.9040687E-03   5.4955427E-03   7.7629872E-03
   9.8550725E-01   3.5425304E+05   1.7395628E+05   5.2820933E+05   1.0606807E-02   6.4801696E-03   9.2237290E-03
   1.0000000E+00   1.9255813E+05   9.5020727E+04   2.8757885E+05   1.2301408E-02   6.2872850E-03   1.0289529E-02
