   0.0000000E+00   3.4552793E+06   1.6852064E+06   5.1404857E+06   6.9650788E-03   8.8770416E-03   4.9966317E-03
   1.4492754E-02   3.4211811E+06   1.6677784E+06   5.0889596E+06   1.7199613E-03   2.7425261E-04   1.2418353E-03
   2.8985507E-02   3.3897351E+06   1.6257241E+06   5.0154591E+06   1.6352679E-03   9.4717402E-04   1.3167748E-03
   4.3478261E-02   3.3461652E+06   1.6038760E+06   4.9500412E+06   1.2842611E-03   2.3775475E-03   8.7378376E-04
   5.7971014E-02   3.3726860E+06   1.6431520E+06   5.0158380E+06   8.0186239E-04   2.9044666E-04   5.2715021E-04
   7.2463768E-02   3.3593498E+06   1.6306493E+06   4.9899992E+06   1.8474362E-04   4.2262094E-04   1.9286788E-04
   8.6956522E-02   3.4335575E+06   1.6512345E+06   5.0847920E+06   2.7000528E-04   1.0462998E-03   5.1323791E-04
   1.0144928E-01   3.4488926E+06   1.6609588E+06   5.1097432E+06   7.3763984E-04   7.4829051E-04   2.7417119E-04
   1.1594203E-01   3.4523430E+06   1.6713777E+06   5.1236260E+06   2.6315558E-04   5.5490924E-04   1.0613196E-04
   1.3043478E-01   3.4359991E+06   1.6740929E+06   5.1100078E+06   4.1853443E-04   3.7409796E-04   2.8558477E-04
   1.4492754E-01   3.5050626E+06   1.7228659E+06   5.2280043E+06   1.8184772E-04   8.7662612E-05   1.2547576E-04
   1.5942029E-01   3.5270576E+06   1.7226799E+06   5.2497375E+06   4.6211728E-04   3.1774208E-04   2.4789943E-04
   1.7391304E-01   3.5649617E+06   1.7499297E+06   5.3147651E+06   7.2063415E-04   6.3154089E-04   2.9879999E-04
   1.8840580E-01   3.6035042E+06   1.7589400E+06   5.3624442E+06   2.7958868E-04   2.3599939E-04   2.4149306E-04
   2.0289855E-01   3.6052570E+06   1.7811142E+06   5.3861006E+06   3.5114174E-04   3.6570009E-04   3.4859109E-04
   2.1739130E-01   3.6493104E+06   1.7929565E+06   5.4421154E+06   4.6715052E-04   6.0038161E-04   5.0489602E-04
   2.3188406E-01   3.6625203E+06   1.8231618E+06   5.4855400E+06   6.1695805E-04   5.8197044E-04   3.1611703E-04
   2.4637681E-01   3.6864335E+06   1.8347034E+06   5.5208695E+06   3.2512862E-04   5.5696394E-04   3.8254600E-04
   2.6086957E-01   3.7081528E+06   1.8589386E+06   5.5669230E+06   3.2508548E-04   7.1508669E-04   4.3510661E-04
   2.7536232E-01   3.7362002E+06   1.8688977E+06   5.6047390E+06   4.0306311E-04   1.4716709E-04   2.3059569E-04
   2.8985507E-01   3.7203735E+06   1.8881662E+06   5.6082744E+06   1.7905322E-04   4.1696979E-04   1.6364533E-04
   3.0434783E-01   3.7289305E+06   1.8814963E+06   5.6100659E+06   5.0546474E-04   1.9532622E-04   2.8893385E-04
   3.1884058E-01   3.7209349E+06   1.8907597E+06   5.6115223E+06   1.4348194E-04   7.6231404E-04   3.4548503E-04
   3.3333333E-01   3.7275703E+06   1.8903883E+06   5.6177939E+06   3.3037574E-04   3.4212099E-04   1.2950556E-04
   3.4782609E-01   3.7035959E+06   1.8944996E+06   5.5978113E+06   1.5004552E-04   1.0891898E-04   1.2272864E-04
   3.6231884E-01   3.6823275E+06   1.8853095E+06   5.5674551E+06   4.4332004E-04   2.3035764E-05   2.9042419E-04
   3.7681159E-01   3.6434603E+06   1.8800613E+06   5.5231135E+06   5.4021712E-04   1.5712362E-04   3.9727873E-04
   3.9130435E-01   3.6470709E+06   1.8547991E+06   5.5017015E+06   3.6157918E-04   3.7281457E-04   2.8547700E-04
   4.0579710E-01   3.6198164E+06   1.8250900E+06   5.4446358E+06   3.3116000E-04   4.7016127E-04   1.7939641E-04
   4.2028986E-01   3.5647330E+06   1.8116962E+06   5.3761679E+06   1.7788480E-04   1.5888343E-04   1.7147234E-04
   4.3478261E-01   3.5254204E+06   1.8011401E+06   5.3264090E+06   2.5804976E-04   3.2204030E-04   1.1456151E-04
   4.4927536E-01   3.4720717E+06   1.7651354E+06   5.2368893E+06   5.0136724E-04   3.6546159E-04   4.1142695E-04
   4.6376812E-01   3.4252540E+06   1.7436468E+06   5.1684272E+06   1.8254645E-04   4.0239944E-04   2.3956957E-04
   4.7826087E-01   3.3471296E+06   1.7119568E+06   5.0587649E+06   2.0901060E-04   2.3617255E-04   9.3417312E-05
   4.9275362E-01   3.2987398E+06   1.6717008E+06   4.9700841E+06   1.5668676E-04   2.4420057E-04   1.8424440E-04
   5.0724638E-01   3.2214417E+06   1.6434659E+06   4.8646046E+06   1.2787012E-04   2.3073571E-05   8.9351336E-05
   5.2173913E-01   3.1625614E+06   1.6093696E+06   4.7716573E+06   2.1237983E-04   2.6771596E-04   1.8405848E-04
   5.3623188E-01   3.0875927E+06   1.5682897E+06   4.6555137E+06   1.5741288E-04   1.3373602E-04   1.2201184E-04
   5.5072464E-01   3.0001786E+06   1.5210368E+06   4.5209761E+06   1.5159386E-04   8.7911503E-05   8.9318282E-05
   5.6521739E-01   2.9157125E+06   1.4899046E+06   4.4052479E+06   1.9882253E-04   2.8428021E-04   7.2632955E-05
   5.7971014E-01   2.8471766E+06   1.4442461E+06   4.2911007E+06   9.1251211E-05   6.2493073E-05   5.1520490E-05
   5.9420290E-01   2.7650551E+06   1.3968599E+06   4.1615823E+06   1.4310164E-04   1.1888143E-04   1.3427538E-04
   6.0869565E-01   2.6773002E+06   1.3574131E+06   4.0344066E+06   2.8191688E-04   1.8319009E-04   2.0546686E-04
   6.2318841E-01   2.5963407E+06   1.2994479E+06   3.8956476E+06   1.8310543E-04   1.0800006E-04   9.5089533E-05
   6.3768116E-01   2.5075573E+06   1.2587212E+06   3.7660030E+06   1.7593225E-04   1.6426436E-04   1.7177769E-04
   6.5217391E-01   2.4041638E+06   1.2170261E+06   3.6209879E+06   1.9347348E-04   3.2914793E-04   1.0397190E-04
   6.6666667E-01   2.3235831E+06   1.1677546E+06   3.4911565E+06   1.7187177E-04   1.3492890E-04   1.5549234E-04
   6.8115942E-01   2.2347912E+06   1.1245135E+06   3.3590628E+06   2.7554647E-04   1.3268306E-04   1.4087651E-04
   6.9565217E-01   2.1471416E+06   1.0820953E+06   3.2291265E+06   1.5168409E-04   3.8803439E-04   1.1126882E-04
   7.1014493E-01   2.0588479E+06   1.0256043E+06   3.0843285E+06   4.2756376E-04   1.5307303E-04   3.2820911E-04
   7.2463768E-01   1.9767835E+06   9.8904338E+05   2.9655541E+06   4.4558447E-04   5.3941980E-04   4.7318926E-04
   7.3913043E-01   1.8699753E+06   9.3853860E+05   2.8084247E+06   2.3926799E-04   2.3736597E-04   8.2085936E-05
   7.5362319E-01   1.7872094E+06   8.9303640E+05   2.6801584E+06   7.8534560E-05   4.3411766E-04   1.4517388E-04
   7.6811594E-01   1.6962436E+06   8.5122423E+05   2.5473535E+06   2.1905197E-04   2.6192956E-04   6.5757673E-05
   7.8260870E-01   1.6189746E+06   8.0463217E+05   2.4234664E+06   1.1868495E-04   6.0279496E-04   2.7816286E-04
   7.9710145E-01   1.5285478E+06   7.5886640E+05   2.2872902E+06   3.1728685E-04   3.3468726E-04   1.8542975E-04
   8.1159420E-01   1.4408498E+06   7.1052698E+05   2.1512821E+06   9.0352909E-05   6.7962073E-05   7.4948658E-05
   8.2608696E-01   1.3484124E+06   6.6815094E+05   2.0164968E+06   3.7148076E-04   2.5375457E-04   2.4283893E-04
   8.4057971E-01   1.2592539E+06   6.2063860E+05   1.8797879E+06   5.9755268E-04   1.6681959E-04   4.5335352E-04
   8.5507246E-01   1.1776512E+06   5.8355999E+05   1.7611984E+06   4.7022247E-04   2.1811676E-04   3.8665869E-04
   8.6956522E-01   1.0846622E+06   5.3885181E+05   1.6234761E+06   4.4353939E-04   4.6130851E-04   3.5498240E-04
   8.8405797E-01   9.9530577E+05   4.8721227E+05   1.4824559E+06   7.8459729E-04   5.3261109E-04   5.7852513E-04
   8.9855072E-01   9.0929624E+05   4.4871455E+05   1.3579741E+06   9.6517431E-04   3.7200622E-04   7.5094454E-04
   9.1304348E-01   8.1546900E+05   4.0105920E+05   1.2165162E+06   6.0712492E-04   3.4630994E-04   4.9149881E-04
   9.2753623E-01   7.3061208E+05   3.5746228E+05   1.0880744E+06   5.5746777E-04   1.0755659E-03   6.9336444E-04
   9.4202899E-01   6.3656876E+05   3.1208260E+05   9.4863970E+05   8.6441589E-04   4.1040471E-04   6.2840348E-04
   9.5652174E-01   5.4407790E+05   2.6307240E+05   8.0712734E+05   6.8359025E-04   3.0543611E-04   4.6821906E-04
   9.7101449E-01   4.4718905E+05   2.1072996E+05   6.5790770E+05   9.0272334E-04   8.4689973E-04   8.2719029E-04
   9.8550725E-01   3.1539675E+05   1.4829353E+05   4.6367913E+05   1.3002887E-03   9.8707729E-04   6.3237186E-04
   1.0000000E+00   1.6192040E+05   7.7250845E+04   2.3917124E+05   2.6695147E-03   1.7861412E-03   2.3834115E-03
