   0.0000000E+00   5.1671580E+07   3.5389334E+07   8.7060914E+07   8.2219258E-04   2.3305453E-04   5.8059658E-04
   1.4492754E-02   5.1779936E+07   3.5354478E+07   8.7132141E+07   3.3078457E-04   2.0592523E-05   1.8967711E-04
   2.8985507E-02   5.3013532E+07   3.6770688E+07   8.9780810E+07   4.1109772E-04   1.9810583E-05   2.5161595E-04
   4.3478261E-02   5.3786676E+07   3.8640782E+07   9.2421649E+07   3.6320207E-04   1.5661371E-05   2.1215324E-04
   5.7971014E-02   5.2718772E+07   3.9724346E+07   9.2438950E+07   6.1475145E-05   1.6381941E-05   4.0878398E-05
   7.2463768E-02   5.0567558E+07   3.9692369E+07   9.0248409E+07   9.8241833E-05   3.6697557E-05   5.9351220E-05
   8.6956522E-02   4.7564268E+07   3.8558189E+07   8.6112733E+07   1.7593640E-04   2.4304503E-05   1.0826127E-04
   1.0144928E-01   4.4146389E+07   3.6767224E+07   8.0906035E+07   3.4032366E-04   3.2032491E-05   2.0146927E-04
   1.1594203E-01   4.0322295E+07   3.4303971E+07   7.4618404E+07   2.8486195E-04   8.6424985E-06   1.5679669E-04
   1.3043478E-01   3.6257869E+07   3.2395095E+07   6.8646902E+07   1.0927933E-04   4.0587851E-05   7.6107332E-05
   1.4492754E-01   3.2565098E+07   3.0866101E+07   6.3420893E+07   1.4099265E-04   3.6067457E-05   8.6793894E-05
   1.5942029E-01   2.9170727E+07   2.5531249E+07   5.4697154E+07   1.2038196E-04   9.4258514E-05   1.0771451E-04
   1.7391304E-01   2.5981781E+07   9.4353372E+06   3.5414845E+07   9.1200348E-05   4.2381651E-04   1.6029096E-04
   1.8840580E-01   2.3223930E+07   2.6721876E+06   2.5894427E+07   9.2255733E-05   1.7717262E-03   2.6469323E-04
   2.0289855E-01   2.0725884E+07   1.4126918E+06   2.2137818E+07   1.2305777E-04   3.3712710E-03   3.3028382E-04
   2.1739130E-01   1.8275952E+07   1.0419890E+06   1.9317891E+07   1.2652922E-04   3.3111338E-03   2.9645737E-04
   2.3188406E-01   1.5973089E+07   8.9356098E+05   1.6865940E+07   1.8225548E-04   3.1031606E-03   3.2778124E-04
   2.4637681E-01   1.3675899E+07   8.7260065E+05   1.4548009E+07   4.4286935E-05   2.3579247E-03   1.6899985E-04
   2.6086957E-01   1.1401285E+07   8.9387671E+05   1.2294951E+07   3.0004261E-04   1.4849436E-03   3.8352210E-04
   2.7536232E-01   9.2342578E+06   9.6344225E+05   1.0197461E+07   3.7949041E-05   1.1663312E-03   8.2976764E-05
   2.8985507E-01   7.1857306E+06   9.6698567E+05   8.1529057E+06   3.3999729E-04   7.0532136E-04   3.6544418E-04
   3.0434783E-01   5.1897746E+06   8.7139719E+05   6.0609192E+06   1.0699749E-04   3.7718824E-04   1.0232524E-04
   3.1884058E-01   2.6584158E+06   4.8223051E+05   3.1406119E+06   5.3319064E-04   2.1757088E-04   4.2273678E-04
   3.3333333E-01   4.1780942E+05   5.4589986E+04   4.7239940E+05   3.3546016E-03   3.2938271E-04   2.9727079E-03
   3.4782609E-01   4.0507340E+04   1.0734603E+03   4.1580801E+04   7.9886753E-03   6.9160757E-05   7.7810491E-03
   3.6231884E-01   3.1036895E+04   4.5464201E+02   3.1491537E+04   9.9712878E-03   6.5540601E-06   9.8273698E-03
   3.7681159E-01   1.7661093E+04   8.7431156E+01   1.7748525E+04   1.0138745E-02   6.8117163E-06   1.0088803E-02
   3.9130435E-01   6.6512442E+03   8.4192965E+01   6.7354372E+03   1.4448747E-02   6.7061668E-06   1.4268217E-02
   4.0579710E-01   3.5451252E+03   2.7062024E+01   3.5721872E+03   5.0151009E-03   2.8487022E-05   4.9769889E-03
   4.2028986E-01   2.6128851E+03   0.0000000E+00   2.6128851E+03   3.7688342E-03   0.0000000E+00   3.7688342E-03
   4.3478261E-01   1.9448575E+03   0.0000000E+00   1.9448575E+03   4.5486725E-03   0.0000000E+00   4.5486725E-03
   4.4927536E-01   1.1243835E+03   0.0000000E+00   1.1243835E+03   8.4199425E-03   0.0000000E+00   8.4199425E-03
   4.6376812E-01   1.1129258E+03   0.0000000E+00   1.1129258E+03   1.0264368E-05   0.0000000E+00   1.0264368E-05
   4.7826087E-01   8.2662184E+02   0.0000000E+00   8.2662184E+02   6.2769714E-06   0.0000000E+00   6.2769714E-06
   4.9275362E-01   4.0115472E+02   0.0000000E+00   4.0115472E+02   1.4808817E-05   0.0000000E+00   1.4808817E-05
   5.0724638E-01   3.2474429E+02   0.0000000E+00   3.2474429E+02   4.4899638E-06   0.0000000E+00   4.4899638E-06
   5.2173913E-01   2.7362714E+02   0.0000000E+00   2.7362714E+02   9.1265325E-06   0.0000000E+00   9.1265325E-06
   5.3623188E-01   2.6623181E+02   0.0000000E+00   2.6623181E+02   1.1661883E-05   0.0000000E+00   1.1661883E-05
   5.5072464E-01   1.3958307E+02   0.0000000E+00   1.3958307E+02   6.1269432E-06   0.0000000E+00   6.1269432E-06
   5.6521739E-01   3.8858291E+01   0.0000000E+00   3.8858291E+01   1.0014549E-04   0.0000000E+00   1.0014549E-04
   5.7971014E-01   3.7886834E+01   0.0000000E+00   3.7886834E+01   3.3162091E-06   0.0000000E+00   3.3162091E-06
   5.9420290E-01   1.8481383E+01   0.0000000E+00   1.8481383E+01   5.2408647E-06   0.0000000E+00   5.2408647E-06
   6.0869565E-01   1.8041350E+01   0.0000000E+00   1.8041350E+01   4.9576333E-06   0.0000000E+00   4.9576333E-06
   6.2318841E-01   0.0000000E+00   0.0000000E+00   0.0000000E+00   0.0000000E+00   0.0000000E+00   0.0000000E+00
   6.3768116E-01   1.7221288E+01   0.0000000E+00   1.7221288E+01   2.9625488E-05   0.0000000E+00   2.9625488E-05
   6.5217391E-01   0.0000000E+00   0.0000000E+00   0.0000000E+00   0.0000000E+00   0.0000000E+00   0.0000000E+00
   6.6666667E-01   0.0000000E+00   0.0000000E+00   0.0000000E+00   0.0000000E+00   0.0000000E+00   0.0000000E+00
   6.8115942E-01   0.0000000E+00   0.0000000E+00   0.0000000E+00   0.0000000E+00   0.0000000E+00   0.0000000E+00
   6.9565217E-01   0.0000000E+00   0.0000000E+00   0.0000000E+00   0.0000000E+00   0.0000000E+00   0.0000000E+00
   7.1014493E-01   0.0000000E+00   0.0000000E+00   0.0000000E+00   0.0000000E+00   0.0000000E+00   0.0000000E+00
   7.2463768E-01   0.0000000E+00   0.0000000E+00   0.0000000E+00   0.0000000E+00   0.0000000E+00   0.0000000E+00
   7.3913043E-01   0.0000000E+00   0.0000000E+00   0.0000000E+00   0.0000000E+00   0.0000000E+00   0.0000000E+00
   7.5362319E-01   0.0000000E+00   0.0000000E+00   0.0000000E+00   0.0000000E+00   0.0000000E+00   0.0000000E+00
   7.6811594E-01   0.0000000E+00   0.0000000E+00   0.0000000E+00   0.0000000E+00   0.0000000E+00   0.0000000E+00
   7.8260870E-01   0.0000000E+00   0.0000000E+00   0.0000000E+00   0.0000000E+00   0.0000000E+00   0.0000000E+00
   7.9710145E-01   0.0000000E+00   0.0000000E+00   0.0000000E+00   0.0000000E+00   0.0000000E+00   0.0000000E+00
   8.1159420E-01   0.0000000E+00   0.0000000E+00   0.0000000E+00   0.0000000E+00   0.0000000E+00   0.0000000E+00
   8.2608696E-01   0.0000000E+00   0.0000000E+00   0.0000000E+00   0.0000000E+00   0.0000000E+00   0.0000000E+00
   8.4057971E-01   0.0000000E+00   0.0000000E+00   0.0000000E+00   0.0000000E+00   0.0000000E+00   0.0000000E+00
   8.5507246E-01   0.0000000E+00   0.0000000E+00   0.0000000E+00   0.0000000E+00   0.0000000E+00   0.0000000E+00
   8.6956522E-01   0.0000000E+00   0.0000000E+00   0.0000000E+00   0.0000000E+00   0.0000000E+00   0.0000000E+00
   8.8405797E-01   0.0000000E+00   0.0000000E+00   0.0000000E+00   0.0000000E+00   0.0000000E+00   0.0000000E+00
   8.9855072E-01   0.0000000E+00   0.0000000E+00   0.0000000E+00   0.0000000E+00   0.0000000E+00   0.0000000E+00
   9.1304348E-01   0.0000000E+00   0.0000000E+00   0.0000000E+00   0.0000000E+00   0.0000000E+00   0.0000000E+00
   9.2753623E-01   0.0000000E+00   0.0000000E+00   0.0000000E+00   0.0000000E+00   0.0000000E+00   0.0000000E+00
   9.4202899E-01   0.0000000E+00   0.0000000E+00   0.0000000E+00   0.0000000E+00   0.0000000E+00   0.0000000E+00
   9.5652174E-01   0.0000000E+00   0.0000000E+00   0.0000000E+00   0.0000000E+00   0.0000000E+00   0.0000000E+00
   9.7101449E-01   0.0000000E+00   0.0000000E+00   0.0000000E+00   0.0000000E+00   0.0000000E+00   0.0000000E+00
   9.8550725E-01   0.0000000E+00   0.0000000E+00   0.0000000E+00   0.0000000E+00   0.0000000E+00   0.0000000E+00
   1.0000000E+00   0.0000000E+00   0.0000000E+00   0.0000000E+00   0.0000000E+00   0.0000000E+00   0.0000000E+00
