   0.0000000E+00   3.8862411E+10   1.9481659E+10   5.8296678E+10   6.8516137E-07   2.0270267E-06   1.1001840E-06
   1.4492754E-02   3.8773386E+06   2.0057290E+06   5.8830676E+06   2.2456165E-03   2.7649999E-03   2.3731042E-03
   2.8985507E-02   3.7110154E+06   1.8791870E+06   5.5902024E+06   8.3581971E-03   4.4210965E-03   6.8978985E-03
   4.3478261E-02   3.5169085E+06   1.7352170E+06   5.2521255E+06   9.0205006E-03   1.1076977E-02   9.6897569E-03
   5.7971014E-02   3.1815469E+06   1.5846168E+06   4.7661637E+06   1.4807128E-02   1.5642819E-02   1.5074494E-02
   7.2463768E-02   2.7564945E+06   1.3934778E+06   4.1499723E+06   1.7493327E-02   1.9233664E-02   1.8077182E-02
   8.6956522E-02   2.3833345E+06   1.2017704E+06   3.5851048E+06   2.4140508E-02   2.2300493E-02   2.3499334E-02
   1.0144928E-01   1.9510637E+06   9.6427405E+05   2.9153378E+06   2.8679603E-02   2.9501623E-02   2.8935971E-02
   1.1594203E-01   1.5644421E+06   7.6929217E+05   2.3337343E+06   3.8963324E-02   3.5073013E-02   3.7647468E-02
   1.3043478E-01   1.2562432E+06   6.2546954E+05   1.8817128E+06   4.4096069E-02   4.1384891E-02   4.3186112E-02
   1.4492754E-01   9.9596910E+05   4.9896961E+05   1.4949387E+06   4.8791582E-02   4.7923751E-02   4.8476050E-02
   1.5942029E-01   7.9920555E+05   4.0132490E+05   1.2005304E+06   5.5919722E-02   5.6246856E-02   5.6023452E-02
   1.7391304E-01   6.5039065E+05   3.2929973E+05   9.7969039E+05   6.3942887E-02   6.3362853E-02   6.3744854E-02
   1.8840580E-01   5.3385464E+05   2.6829707E+05   8.0215171E+05   6.8874325E-02   6.5049779E-02   6.7594936E-02
   2.0289855E-01   4.4879661E+05   2.2071787E+05   6.6951448E+05   7.2479688E-02   7.5796848E-02   7.3572736E-02
   2.1739130E-01   3.6992705E+05   1.8852489E+05   5.5845194E+05   7.6361368E-02   7.6569739E-02   7.6430664E-02
   2.3188406E-01   3.0873034E+05   1.5088432E+05   4.5961466E+05   8.2833688E-02   7.6651604E-02   8.0801561E-02
   2.4637681E-01   2.5816535E+05   1.2970669E+05   3.8782746E+05   8.6756218E-02   8.5778199E-02   8.6439074E-02
   2.6086957E-01   2.1940687E+05   1.1231342E+05   3.3172028E+05   8.7274207E-02   9.1286610E-02   8.8631704E-02
   2.7536232E-01   1.9398059E+05   9.1965305E+04   2.8594590E+05   8.9114617E-02   8.4415449E-02   8.7598589E-02
   2.8985507E-01   1.6162523E+05   8.1305146E+04   2.4293038E+05   9.3651124E-02   8.5804381E-02   9.1024926E-02
   3.0434783E-01   1.3816066E+05   6.8990121E+04   2.0715078E+05   9.8397333E-02   8.8533235E-02   9.5112133E-02
   3.1884058E-01   1.2017015E+05   6.0481164E+04   1.8065131E+05   9.6126021E-02   9.6917111E-02   9.6377098E-02
   3.3333333E-01   1.0489711E+05   5.1328424E+04   1.5622554E+05   1.0023328E-01   1.0079638E-01   1.0038797E-01
   3.4782609E-01   9.2128152E+04   4.7263826E+04   1.3939198E+05   9.8733510E-02   9.6685757E-02   9.8039176E-02
   3.6231884E-01   7.9744209E+04   4.1342113E+04   1.2108632E+05   1.0248781E-01   9.0482569E-02   9.8363845E-02
   3.7681159E-01   6.6739116E+04   3.1387785E+04   9.8126901E+04   9.7531026E-02   1.0448828E-01   9.9756051E-02
   3.9130435E-01   5.9103461E+04   2.9327216E+04   8.8430677E+04   9.9855702E-02   9.6347889E-02   9.8647542E-02
   4.0579710E-01   4.8035093E+04   2.4004016E+04   7.2039109E+04   1.0801052E-01   1.1318516E-01   1.0973468E-01
   4.2028986E-01   4.1649389E+04   1.7924392E+04   5.9573781E+04   1.0470733E-01   1.0194085E-01   1.0387352E-01
   4.3478261E-01   2.9400183E+04   1.5179992E+04   4.4580175E+04   1.1804144E-01   1.0203492E-01   1.1250277E-01
   4.4927536E-01   2.2243238E+04   1.1194948E+04   3.3438187E+04   1.1752364E-01   9.5435525E-02   1.1011230E-01
   4.6376812E-01   1.6907000E+04   8.7850097E+03   2.5692009E+04   1.2341146E-01   1.3010483E-01   1.2569730E-01
   4.7826087E-01   8.9321082E+03   4.2708795E+03   1.3202988E+04   9.7679984E-02   1.0817995E-01   1.0103164E-01
   4.9275362E-01   3.3652423E+03   1.6046189E+03   4.9698612E+03   8.8822346E-02   9.5400349E-02   8.9823772E-02
   5.0724638E-01   4.9794125E+02   1.7319696E+02   6.7113821E+02   9.0997116E-02   4.8118578E-02   7.3612907E-02
   5.2173913E-01   1.4733769E+02   2.1048241E+02   3.5782010E+02   5.7374935E-02   8.2115169E-02   3.1213466E-02
   5.3623188E-01   1.8431433E+02   2.0479370E+02   3.8910803E+02   1.0268878E-01   7.0275506E-02   7.0443317E-02
   5.5072464E-01   4.1874922E+02   9.9702195E+01   5.1845142E+02   4.6747425E-02   7.7731221E-02   5.2700260E-02
   5.6521739E-01   1.9429146E+02   1.7486231E+02   3.6915377E+02   1.2062683E-01   6.2426284E-02   7.6678535E-02
   5.7971014E-01   2.2732101E+02   2.4626442E+02   4.7358543E+02   5.3331975E-02   1.6909111E-01   1.0619134E-01
   5.9420290E-01   4.4355318E+02   1.6633244E+02   6.0988562E+02   5.9274818E-02   8.4660072E-02   6.4781607E-02
   6.0869565E-01   1.8041350E+02   9.0206748E+01   2.7062024E+02   1.3626973E-01   2.1145990E-01   1.5195363E-01
   6.2318841E-01   2.1146140E+02   7.0487133E+01   2.8194853E+02   1.1618923E-01   1.8002284E-01   1.3102952E-01
   6.3768116E-01   2.0665546E+02   1.0332773E+02   3.0998319E+02   9.8743962E-02   1.2005199E-01   1.0471754E-01
   6.5217391E-01   4.3780342E+02   1.5154734E+02   5.8935075E+02   1.3597037E-01   9.8844760E-02   1.2636582E-01
   6.6666667E-01   3.2945073E+02   6.5890146E+01   3.9534088E+02   6.8790981E-02   8.1596222E-06   5.7326268E-02
   6.8115942E-01   3.0631909E+02   1.4509851E+02   4.5141760E+02   1.0535653E-01   2.2090259E-01   1.4249038E-01
   6.9565217E-01   3.1572362E+02   1.1050327E+02   4.2622688E+02   1.7826676E-01   1.4085605E-01   1.6856486E-01
   7.1014493E-01   1.8556817E+02   7.7320070E+01   2.6288824E+02   1.9237071E-01   1.3998000E-01   1.6437333E-01
   7.2463768E-01   2.7278521E+02   1.2123787E+02   3.9402308E+02   1.6060436E-01   1.0931569E-01   1.4390622E-01
   7.3913043E-01   3.1200922E+02   1.4857582E+02   4.6058504E+02   1.6060230E-01   1.4014153E-01   1.5336927E-01
   7.5362319E-01   2.3314975E+02   1.6029045E+02   3.9344020E+02   1.4686209E-01   1.4690434E-01   1.4640747E-01
   7.6811594E-01   2.2875070E+02   1.2867227E+02   3.5742296E+02   2.1294941E-01   1.0943086E-01   1.7240654E-01
   7.8260870E-01   9.8225126E+01   9.8225126E+01   1.9645025E+02   2.5302546E-01   1.6499805E-01   2.0900141E-01
   7.9710145E-01   2.6176358E+02   1.6532437E+02   4.2708795E+02   1.6400452E-01   1.1723914E-01   1.4513926E-01
   8.1159420E-01   1.3531012E+02   8.1186073E+01   2.1649620E+02   1.5532880E-01   1.8365764E-01   1.6493997E-01
   8.2608696E-01   2.7916615E+02   6.6468130E+01   3.4563428E+02   1.4691887E-01   2.2375853E-01   1.6077815E-01
   8.4057971E-01   1.9596638E+02   1.0451540E+02   3.0048179E+02   1.4834310E-01   1.2253952E-01   1.3919195E-01
   8.5507246E-01   2.0548791E+02   6.4214973E+01   2.6970289E+02   1.7435360E-01   3.4297942E-01   2.1427620E-01
   8.6956522E-01   1.7680523E+02   6.3144724E+01   2.3994995E+02   2.4691631E-01   2.2265323E-01   2.4037689E-01
   8.8405797E-01   2.2359443E+02   1.3664104E+02   3.6023547E+02   2.0118390E-01   1.0117745E-01   1.6321375E-01
   8.9855072E-01   1.3443715E+02   9.7772475E+01   2.3220963E+02   1.3948360E-01   2.3781030E-01   1.7886724E-01
   9.1304348E-01   1.2027566E+02   4.8110266E+01   1.6838593E+02   1.5387407E-01   1.8016853E-01   1.5926884E-01
   9.2753623E-01   1.5391526E+02   3.5518907E+01   1.8943417E+02   1.7256823E-01   5.4260473E-06   1.4021270E-01
   9.4202899E-01   1.5154734E+02   5.8287437E+01   2.0983477E+02   1.8055981E-01   1.0648628E-01   1.5966554E-01
   9.5652174E-01   1.4925117E+02   2.2961718E+01   1.7221288E+02   2.5335917E-01   1.9747827E-01   2.4574366E-01
   9.7101449E-01   9.0476022E+01   1.1309503E+01   1.0178552E+02   1.9108548E-01   1.6579118E-01   1.8548868E-01
   9.8550725E-01   7.8002306E+01   1.1143187E+01   8.9145492E+01   3.5622646E-01   4.2598737E-01   3.6491898E-01
   1.0000000E+00   0.0000000E+00   0.0000000E+00   0.0000000E+00   0.0000000E+00   0.0000000E+00   0.0000000E+00
