   0.0000000E+00   3.4504480E+10   1.7373344E+10   5.1857365E+10   1.5015033E-06   2.4058503E-06   1.4218129E-06
   1.4492754E-02   2.3461801E+07   1.1561546E+07   3.5023347E+07   2.8703724E-02   2.6511771E-02   2.7977336E-02
   2.8985507E-02   2.2651023E+07   1.1164871E+07   3.3815136E+07   3.1812888E-02   2.8584231E-02   3.0753104E-02
   4.3478261E-02   1.4779654E+07   7.4331443E+06   2.2211788E+07   1.1385452E-02   1.2234302E-02   1.1661483E-02
   5.7971014E-02   8.9043532E+06   4.4463989E+06   1.3350563E+07   4.4151014E-03   5.1113908E-03   4.6438832E-03
   7.2463768E-02   6.2927001E+06   3.1353629E+06   9.4280629E+06   2.4513219E-03   2.3664910E-03   2.3795041E-03
   8.6956522E-02   4.9076079E+06   2.4234945E+06   7.3312287E+06   2.4789502E-03   2.3424487E-03   1.7627819E-03
   1.0144928E-01   4.0700202E+06   1.9705484E+06   6.0405686E+06   1.1421860E-03   1.3298140E-03   1.0287167E-03
   1.1594203E-01   3.3599939E+06   1.6777237E+06   5.0377176E+06   1.7592509E-03   1.1873737E-03   1.5262193E-03
   1.3043478E-01   2.9278104E+06   1.4482032E+06   4.3760135E+06   3.4615244E-03   2.3810459E-03   2.8601666E-03
   1.4492754E-01   2.5792599E+06   1.2635259E+06   3.8427858E+06   2.2898209E-03   2.0960251E-03   2.2203612E-03
   1.5942029E-01   2.2742433E+06   1.1042290E+06   3.3783346E+06   1.3059645E-03   3.4068266E-03   1.9430819E-03
   1.7391304E-01   1.9993514E+06   9.9111958E+05   2.9904078E+06   2.2690718E-03   3.3226666E-03   2.4288439E-03
   1.8840580E-01   1.8445642E+06   8.8602733E+05   2.7305333E+06   3.5740885E-03   1.4593447E-03   2.8329296E-03
   2.0289855E-01   1.6491598E+06   8.0606946E+05   2.4552292E+06   1.6156898E-03   1.9236849E-03   1.4710672E-03
   2.1739130E-01   1.4912763E+06   7.3343859E+05   2.2247654E+06   1.6915953E-03   4.1704050E-03   2.4779660E-03
   2.3188406E-01   1.3506183E+06   6.5548959E+05   2.0061079E+06   4.2982233E-03   4.1881034E-03   4.2606812E-03
   2.4637681E-01   1.2452734E+06   6.0253438E+05   1.8478078E+06   3.3136571E-03   2.0912186E-03   2.8952505E-03
   2.6086957E-01   1.1399306E+06   5.6228272E+05   1.7022134E+06   4.7028083E-03   3.5996525E-03   4.1343309E-03
   2.7536232E-01   1.0615492E+06   5.1183119E+05   1.5733804E+06   3.3866084E-03   4.2536448E-03   3.6690692E-03
   2.8985507E-01   9.7448726E+05   4.7422950E+05   1.4487168E+06   3.3822841E-03   3.0509243E-03   3.2708918E-03
   3.0434783E-01   9.0210356E+05   4.3822438E+05   1.3403279E+06   2.1478646E-03   3.6555545E-03   2.4946780E-03
   3.1884058E-01   8.2779288E+05   4.0735235E+05   1.2351452E+06   1.6300172E-03   3.8662531E-03   2.3669559E-03
   3.3333333E-01   7.8093002E+05   3.7610096E+05   1.1569980E+06   4.4188736E-03   5.6759085E-03   4.8038380E-03
   3.4782609E-01   7.1031500E+05   3.5108466E+05   1.0613681E+06   2.7052761E-03   2.3362490E-03   2.5545702E-03
   3.6231884E-01   6.6602024E+05   3.2225026E+05   9.8827049E+05   2.9378136E-03   3.2788349E-03   2.7422618E-03
   3.7681159E-01   6.1834228E+05   2.9394355E+05   9.1228582E+05   1.3092973E-03   1.3033463E-03   1.2575444E-03
   3.9130435E-01   5.5746968E+05   2.6823879E+05   8.2570847E+05   4.6178855E-03   1.3170478E-03   3.2809974E-03
   4.0579710E-01   5.0086395E+05   2.4052727E+05   7.4139122E+05   4.9725801E-03   5.0587330E-03   5.0004053E-03
   4.2028986E-01   4.3820696E+05   2.1305465E+05   6.5126162E+05   2.9486589E-03   4.2411134E-03   3.2580096E-03
   4.3478261E-01   3.8301064E+05   1.8564549E+05   5.6865612E+05   2.9165562E-03   4.0174770E-03   3.2577642E-03
   4.4927536E-01   3.2511792E+05   1.5455384E+05   4.7967176E+05   7.2928079E-03   6.7124784E-03   7.1017034E-03
   4.6376812E-01   2.5038462E+05   1.1882258E+05   3.6920720E+05   5.7457175E-03   7.6075906E-03   6.3442406E-03
   4.7826087E-01   1.6454367E+05   7.7358027E+04   2.4190170E+05   1.2194779E-02   9.8324798E-03   1.1356538E-02
   4.9275362E-01   6.5254500E+04   3.1356927E+04   9.6611427E+04   3.2926749E-02   3.4258599E-02   3.3334658E-02
   5.0724638E-01   2.0653737E+04   9.2876868E+03   2.9941424E+04   1.0860950E-01   9.8994291E-02   1.0560045E-01
   5.2173913E-01   1.7869957E+04   7.8299457E+03   2.5699903E+04   1.4718768E-01   1.3434208E-01   1.4325992E-01
   5.3623188E-01   1.8718144E+04   8.3965416E+03   2.7114686E+04   1.6152785E-01   1.5514958E-01   1.5955247E-01
   5.5072464E-01   1.7487765E+04   8.4348057E+03   2.5922571E+04   1.5606597E-01   1.5883860E-01   1.5696546E-01
   5.6521739E-01   1.6203908E+04   7.2276422E+03   2.3431550E+04   1.5713242E-01   1.4179007E-01   1.5239983E-01
   5.7971014E-01   1.4700092E+04   6.1944974E+03   2.0894589E+04   1.6146121E-01   1.6097187E-01   1.6131611E-01
   5.9420290E-01   1.2973931E+04   6.1358190E+03   1.9109750E+04   1.6050956E-01   1.4861927E-01   1.5669130E-01
   6.0869565E-01   1.1546464E+04   5.2139500E+03   1.6760414E+04   1.6112449E-01   1.4163146E-01   1.5506044E-01
   6.2318841E-01   1.0255878E+04   4.8812340E+03   1.5137112E+04   1.7492612E-01   1.5223308E-01   1.6760755E-01
   6.3768116E-01   9.1617254E+03   4.4430924E+03   1.3604818E+04   1.4836490E-01   1.5353578E-01   1.5005350E-01
   6.5217391E-01   7.8299457E+03   4.4117114E+03   1.2241657E+04   1.3775496E-01   1.4972401E-01   1.4206775E-01
   6.6666667E-01   7.7420922E+03   3.6074855E+03   1.1349578E+04   1.6994698E-01   1.5123560E-01   1.6399887E-01
   6.8115942E-01   7.1581934E+03   3.0793129E+03   1.0237506E+04   1.6476909E-01   1.5327254E-01   1.6131097E-01
   6.9565217E-01   6.2671138E+03   2.6678646E+03   8.9349784E+03   1.6143505E-01   1.5317731E-01   1.5896927E-01
   7.1014493E-01   4.7010602E+03   2.1958900E+03   6.8969502E+03   1.6383952E-01   1.8027528E-01   1.6907235E-01
   7.2463768E-01   4.2281707E+03   1.5306281E+03   5.7587988E+03   2.0852913E-01   1.9627858E-01   2.0527304E-01
   7.3913043E-01   2.8377982E+03   1.5600461E+03   4.3978443E+03   2.2803941E-01   1.8790693E-01   2.1380024E-01
   7.5362319E-01   2.9435156E+03   1.2823236E+03   4.2258392E+03   2.3741561E-01   2.5230478E-01   2.4193332E-01
   7.6811594E-01   2.6020392E+03   1.4296919E+03   4.0317310E+03   2.2580239E-01   2.4727710E-01   2.3341753E-01
   7.8260870E-01   2.1188563E+03   9.1209045E+02   3.0309467E+03   2.4559141E-01   2.5909149E-01   2.4965393E-01
   7.9710145E-01   2.0665546E+03   7.5773668E+02   2.8242913E+03   2.4052998E-01   2.7350695E-01   2.4937730E-01
   8.1159420E-01   1.9619968E+03   7.4420567E+02   2.7062024E+03   2.5044061E-01   2.6602764E-01   2.5472296E-01
   8.2608696E-01   1.5021797E+03   4.2539603E+02   1.9275758E+03   2.7659248E-01   2.5982539E-01   2.7289216E-01
   8.4057971E-01   1.2803137E+03   6.5322128E+02   1.9335350E+03   3.0547163E-01   2.4979445E-01   2.8665450E-01
   8.5507246E-01   1.3099855E+03   4.4950481E+02   1.7594903E+03   2.9494005E-01   2.7370750E-01   2.8951564E-01
   8.6956522E-01   1.0860892E+03   3.9149729E+02   1.4775865E+03   2.9035868E-01   3.1914088E-01   2.9798170E-01
   8.8405797E-01   8.6953390E+02   2.7328208E+02   1.1428160E+03   3.2055136E-01   2.8507230E-01   3.1206577E-01
   8.9855072E-01   7.9440136E+02   4.1553302E+02   1.2099344E+03   3.3341777E-01   2.4183933E-01   3.0196659E-01
   9.1304348E-01   7.0962642E+02   3.3677186E+02   1.0463983E+03   3.3715698E-01   3.3163860E-01   3.3538095E-01
   9.2753623E-01   6.3934033E+02   3.7886834E+02   1.0182087E+03   3.2322615E-01   3.2869219E-01   3.2526003E-01
   9.4202899E-01   5.1292945E+02   3.1475216E+02   8.2768161E+02   3.1474456E-01   3.2364318E-01   3.1812769E-01
   9.5652174E-01   5.0515779E+02   2.1813632E+02   7.2329411E+02   3.2725666E-01   3.6597862E-01   3.3893471E-01
   9.7101449E-01   3.8452309E+02   1.3571403E+02   5.2023713E+02   3.0677057E-01   3.8069260E-01   3.2605458E-01
   9.8550725E-01   3.5658197E+02   1.5600461E+02   5.1258658E+02   3.6960650E-01   3.6079773E-01   3.6692557E-01
   1.0000000E+00   4.3768184E+01   2.1884092E+01   6.5652276E+01   4.2139197E-01   4.2402778E-01   4.2227058E-01
