   0.0000000E+00   3.5966426E+10   1.8048870E+10   5.3964109E+10   1.8908745E-06   1.0117823E-06   1.5838786E-06
   1.4492754E-02   1.6007187E+07   7.7592236E+06   2.3765653E+07   3.0497295E-02   2.8069231E-02   2.9698646E-02
   2.8985507E-02   1.5713186E+07   7.7603602E+06   2.3473546E+07   3.4342539E-02   3.5855328E-02   3.4842355E-02
   4.3478261E-02   1.0418879E+07   5.1862024E+06   1.5604829E+07   1.0365828E-02   9.9680792E-03   1.0213410E-02
   5.7971014E-02   6.3320266E+06   3.1766216E+06   9.5084588E+06   2.2089525E-03   4.2440310E-03   2.8773251E-03
   7.2463768E-02   4.4762537E+06   2.2107725E+06   6.6868747E+06   2.6648366E-03   1.2724791E-03   2.2036276E-03
   8.6956522E-02   3.5613624E+06   1.7655265E+06   5.3268889E+06   5.3032158E-04   2.5891656E-03   9.4302977E-04
   1.0144928E-01   2.9185852E+06   1.4350450E+06   4.3536302E+06   7.6010518E-05   2.9030464E-03   9.2881948E-04
   1.1594203E-01   2.4547827E+06   1.2380470E+06   3.6928297E+06   1.1641149E-03   1.1343421E-03   8.7424296E-04
   1.3043478E-01   2.1374068E+06   1.0674826E+06   3.2048894E+06   1.9319733E-03   3.3713431E-03   2.1485431E-03
   1.4492754E-01   1.8838849E+06   9.2262019E+05   2.8064294E+06   2.5405914E-03   2.6206114E-03   2.5093466E-03
   1.5942029E-01   1.6626121E+06   8.4026110E+05   2.5028732E+06   2.8562380E-03   3.1304840E-03   2.9404389E-03
   1.7391304E-01   1.4887000E+06   7.4087704E+05   2.2295770E+06   2.3629165E-03   2.5336900E-03   2.0182274E-03
   1.8840580E-01   1.3490627E+06   6.8977353E+05   2.0388363E+06   2.7094310E-03   2.9551889E-03   2.7924739E-03
   2.0289855E-01   1.2376546E+06   6.0169705E+05   1.8393517E+06   2.4126203E-03   1.8846331E-03   2.1883184E-03
   2.1739130E-01   1.1233699E+06   5.6385712E+05   1.6872270E+06   2.8341027E-03   3.7758797E-03   3.1422605E-03
   2.3188406E-01   1.0345000E+06   5.1308245E+05   1.5475351E+06   3.2497136E-03   2.9111961E-03   3.0901962E-03
   2.4637681E-01   9.5537224E+05   4.6961845E+05   1.4249907E+06   1.8505640E-03   3.9073061E-03   2.5278697E-03
   2.6086957E-01   8.7581732E+05   4.2913154E+05   1.3049068E+06   3.3915045E-03   5.0515734E-03   3.9495028E-03
   2.7536232E-01   8.1684015E+05   4.0112187E+05   1.2179221E+06   3.6194852E-03   5.1638306E-03   4.1135525E-03
   2.8985507E-01   7.6141171E+05   3.7678457E+05   1.1381963E+06   2.7201492E-03   4.5126211E-03   3.2713299E-03
   3.0434783E-01   7.0530852E+05   3.4682691E+05   1.0521354E+06   1.6770727E-03   4.3921611E-03   2.3661080E-03
   3.1884058E-01   6.5303125E+05   3.2293360E+05   9.7596485E+05   2.1914741E-03   2.6716545E-03   2.2690169E-03
   3.3333333E-01   6.1531513E+05   3.0253461E+05   9.1784974E+05   2.2737617E-03   5.5690616E-03   3.2949823E-03
   3.4782609E-01   5.7490114E+05   2.8582459E+05   8.6072573E+05   2.1246075E-03   1.4942612E-03   1.8898842E-03
   3.6231884E-01   5.3908419E+05   2.5929749E+05   7.9838168E+05   3.2918283E-03   2.5366890E-03   2.9481120E-03
   3.7681159E-01   5.0127196E+05   2.4658500E+05   7.4785696E+05   3.1162083E-03   3.2457847E-03   3.1388108E-03
   3.9130435E-01   4.6289292E+05   2.2530037E+05   6.8819330E+05   2.8741404E-03   2.5169273E-03   2.7427483E-03
   4.0579710E-01   4.1794591E+05   2.0567139E+05   6.2361729E+05   3.3628376E-03   3.8788865E-03   3.5326597E-03
   4.2028986E-01   3.8067123E+05   1.8483549E+05   5.6550673E+05   3.7808227E-03   1.8524270E-03   2.9661492E-03
   4.3478261E-01   3.2658451E+05   1.6228194E+05   4.8886645E+05   2.8490696E-03   4.4590954E-03   3.3832216E-03
   4.4927536E-01   2.7997148E+05   1.3341054E+05   4.1338203E+05   3.2158018E-03   4.5559718E-03   3.6478209E-03
   4.6376812E-01   2.2090392E+05   1.0511229E+05   3.2601621E+05   6.2065671E-03   6.0403664E-03   5.9834029E-03
   4.7826087E-01   1.4665649E+05   6.9826584E+04   2.1648307E+05   7.3886500E-03   1.0724423E-02   8.4483239E-03
   4.9275362E-01   6.1443531E+04   2.8392839E+04   8.9836370E+04   2.0705469E-02   1.9923141E-02   2.0430341E-02
   5.0724638E-01   1.6345463E+04   7.7072646E+03   2.4052727E+04   9.6721186E-02   8.6313120E-02   9.3384649E-02
   5.2173913E-01   1.3428778E+04   6.5039065E+03   1.9932684E+04   1.3476914E-01   1.4228453E-01   1.3721867E-01
   5.3623188E-01   1.3885013E+04   7.3111350E+03   2.1196148E+04   1.4219335E-01   1.5212518E-01   1.4561857E-01
   5.5072464E-01   1.2103847E+04   6.2812383E+03   1.8385085E+04   1.5937161E-01   1.4879096E-01   1.5575635E-01
   5.6521739E-01   1.1774062E+04   5.5373065E+03   1.7311369E+04   1.4446573E-01   1.3958754E-01   1.4290473E-01
   5.7971014E-01   1.0589370E+04   5.1715529E+03   1.5760923E+04   1.5989693E-01   1.4817650E-01   1.5604919E-01
   5.9420290E-01   9.1298030E+03   3.8441276E+03   1.2973931E+04   1.4749566E-01   1.4069793E-01   1.4548145E-01
   6.0869565E-01   7.8119044E+03   3.6082699E+03   1.1420174E+04   1.6448267E-01   1.7719136E-01   1.6849723E-01
   6.2318841E-01   6.8196302E+03   2.9604596E+03   9.7800898E+03   1.8030959E-01   1.5822215E-01   1.7361788E-01
   6.3768116E-01   4.9597310E+03   2.1526610E+03   7.1123921E+03   2.0262641E-01   1.7830157E-01   1.9526378E-01
   6.5217391E-01   3.9907465E+03   2.1721785E+03   6.1629250E+03   2.0843391E-01   2.0676327E-01   2.0784108E-01
   6.6666667E-01   3.9534088E+03   1.5978361E+03   5.5512448E+03   2.2566557E-01   2.3833756E-01   2.2931295E-01
   6.8115942E-01   3.2727776E+03   1.2575205E+03   4.5302980E+03   2.5063574E-01   2.0465591E-01   2.3787215E-01
   6.9565217E-01   2.4626442E+03   1.4839010E+03   3.9465452E+03   2.4497122E-01   2.3304142E-01   2.4048353E-01
   7.1014493E-01   2.3659941E+03   1.3144412E+03   3.6804353E+03   2.6057411E-01   2.6752781E-01   2.6305522E-01
   7.2463768E-01   2.2732101E+03   6.0618935E+02   2.8793994E+03   2.5397519E-01   2.2623192E-01   2.4813450E-01
   7.3913043E-01   1.7531947E+03   9.3602767E+02   2.6892223E+03   2.6899531E-01   2.6189804E-01   2.6652275E-01
   7.5362319E-01   1.3697548E+03   7.7230854E+02   2.1420633E+03   2.7397713E-01   3.1133147E-01   2.8744346E-01
   7.6811594E-01   1.6441456E+03   7.4343977E+02   2.3875854E+03   2.7547339E-01   2.8505178E-01   2.7845576E-01
   7.8260870E-01   1.2909588E+03   4.9112563E+02   1.7820844E+03   2.9102633E-01   2.8263572E-01   2.8871396E-01
   7.9710145E-01   1.0746084E+03   6.0618935E+02   1.6807977E+03   2.6982465E-01   3.3760668E-01   2.9427061E-01
   8.1159420E-01   1.0418879E+03   3.5180632E+02   1.3936943E+03   3.0622933E-01   3.6070735E-01   3.1998085E-01
   8.2608696E-01   1.0369028E+03   4.5198329E+02   1.4888861E+03   2.9615968E-01   3.1029851E-01   3.0042406E-01
   8.4057971E-01   9.0144537E+02   3.6580392E+02   1.2672493E+03   3.3996901E-01   3.1864857E-01   3.3381466E-01
   8.5507246E-01   6.0362075E+02   2.9538888E+02   8.9900963E+02   3.1982480E-01   2.9685860E-01   3.1227876E-01
   8.6956522E-01   6.1881829E+02   5.4304462E+02   1.1618629E+03   3.3422450E-01   2.9463802E-01   3.1572212E-01
   8.8405797E-01   4.9687651E+02   2.6086017E+02   7.5773668E+02   3.6498079E-01   3.1229545E-01   3.4684321E-01
   8.9855072E-01   4.2775458E+02   2.4443119E+02   6.7218577E+02   3.4479838E-01   3.4593190E-01   3.4521057E-01
   9.1304348E-01   4.6907509E+02   2.7663403E+02   7.4570912E+02   3.1558323E-01   2.9434491E-01   3.0770449E-01
   9.2753623E-01   3.9070798E+02   1.8943417E+02   5.8014215E+02   3.5192091E-01   3.7969814E-01   3.6099100E-01
   9.4202899E-01   3.8469709E+02   8.1602412E+01   4.6629950E+02   3.8592318E-01   3.5395276E-01   3.8032835E-01
   9.5652174E-01   2.8702147E+02   1.1480859E+02   4.0183006E+02   3.3676139E-01   3.7108845E-01   3.4656904E-01
   9.7101449E-01   1.8095204E+02   6.7857016E+01   2.4880906E+02   3.9437661E-01   3.4248503E-01   3.8022436E-01
   9.8550725E-01   1.2257505E+02   1.2257505E+02   2.4515010E+02   3.8059915E-01   3.5188572E-01   3.6620444E-01
   1.0000000E+00   4.3768184E+01   6.5652276E+01   1.0942046E+02   4.2675472E-01   4.2882768E-01   4.2799850E-01
