   0.0000000E+00   3.9341804E+10   1.9724207E+10   5.9056379E+10   8.2230374E-07   1.7728915E-06   5.3063060E-08
   1.4492754E-02   2.5664541E+06   1.3245237E+06   3.8909779E+06   4.5239038E-03   9.8734212E-03   5.6667038E-03
   2.8985507E-02   2.5566036E+06   1.2460980E+06   3.8027015E+06   5.2710336E-03   8.9960595E-03   6.4896559E-03
   4.3478261E-02   2.3355970E+06   1.1845950E+06   3.5201921E+06   9.4609618E-03   1.0916356E-02   9.7409947E-03
   5.7971014E-02   2.1737571E+06   1.0937929E+06   3.2671711E+06   1.3763618E-02   1.4419265E-02   1.3950898E-02
   7.2463768E-02   1.8653962E+06   9.5262656E+05   2.8180227E+06   1.6619927E-02   1.8437469E-02   1.7180734E-02
   8.6956522E-02   1.5845537E+06   7.8981420E+05   2.3743679E+06   2.4405160E-02   2.3513665E-02   2.4108151E-02
   1.0144928E-01   1.3109927E+06   6.4829786E+05   1.9592906E+06   3.0341153E-02   3.1090308E-02   3.0588994E-02
   1.1594203E-01   1.0583687E+06   5.2605869E+05   1.5844274E+06   3.8867752E-02   3.5845917E-02   3.7849242E-02
   1.3043478E-01   8.4184546E+05   4.1414519E+05   1.2559907E+06   4.4139990E-02   4.3173172E-02   4.3820038E-02
   1.4492754E-01   6.7984135E+05   3.3423765E+05   1.0140032E+06   5.1708705E-02   5.2881454E-02   5.2091109E-02
   1.5942029E-01   5.4061068E+05   2.7409402E+05   8.1470471E+05   5.9827417E-02   5.4825702E-02   5.8144585E-02
   1.7391304E-01   4.3557230E+05   2.1399747E+05   6.4956977E+05   6.0572388E-02   6.0985058E-02   6.0694932E-02
   1.8840580E-01   3.5555337E+05   1.7888414E+05   5.3443751E+05   6.9135169E-02   6.7931718E-02   6.8710244E-02
   2.0289855E-01   2.9178275E+05   1.4786690E+05   4.3964965E+05   7.3937674E-02   7.7839619E-02   7.5246474E-02
   2.1739130E-01   2.4682010E+05   1.2603687E+05   3.7285696E+05   7.8506172E-02   7.9045099E-02   7.8677096E-02
   2.3188406E-01   2.0672004E+05   1.0366785E+05   3.1038789E+05   8.1674304E-02   7.6666515E-02   7.9948997E-02
   2.4637681E-01   1.7891500E+05   8.8476901E+04   2.6739190E+05   8.2432743E-02   7.9525109E-02   8.1438235E-02
   2.6086957E-01   1.5100008E+05   7.1479827E+04   2.2247991E+05   9.1876543E-02   9.6843356E-02   9.3432446E-02
   2.7536232E-01   1.2438846E+05   6.3610001E+04   1.8799846E+05   9.4670439E-02   9.2324293E-02   9.3850848E-02
   2.8985507E-01   1.1013703E+05   5.4291833E+04   1.6442886E+05   8.5990767E-02   1.0337054E-01   9.1727035E-02
   3.0434783E-01   9.5979980E+04   4.7556998E+04   1.4353698E+05   9.6317891E-02   8.8674849E-02   9.3727602E-02
   3.1884058E-01   8.3661018E+04   4.2467697E+04   1.2612872E+05   9.4812692E-02   9.1874849E-02   9.3817841E-02
   3.3333333E-01   7.1194303E+04   3.5251228E+04   1.0644553E+05   9.4353965E-02   9.9040587E-02   9.5903721E-02
   3.4782609E-01   6.3176296E+04   3.1319783E+04   9.4496079E+04   9.6368451E-02   9.2590075E-02   9.5086317E-02
   3.6231884E-01   5.3193115E+04   2.6308618E+04   7.9501733E+04   1.0243802E-01   1.0522544E-01   1.0335994E-01
   3.7681159E-01   4.4823039E+04   2.3548125E+04   6.8371164E+04   1.0644317E-01   8.5162913E-02   9.9038971E-02
   3.9130435E-01   3.7886834E+04   1.9083739E+04   5.6970573E+04   1.0575804E-01   1.0825224E-01   1.0657903E-01
   4.0579710E-01   3.1662569E+04   1.5912470E+04   4.7575039E+04   9.5586879E-02   9.2709631E-02   9.4617964E-02
   4.2028986E-01   2.7905613E+04   1.3508616E+04   4.1414229E+04   1.1080512E-01   1.1783028E-01   1.1293893E-01
   4.3478261E-01   2.0357859E+04   1.0709345E+04   3.1067204E+04   1.1357804E-01   1.1316927E-01   1.1343705E-01
   4.4927536E-01   1.7379057E+04   7.4062650E+03   2.4785323E+04   1.2536981E-01   1.0780606E-01   1.2012118E-01
   4.6376812E-01   1.0395200E+04   6.1566106E+03   1.6551811E+04   1.2875124E-01   1.0039827E-01   1.1820050E-01
   4.7826087E-01   6.5440895E+03   3.0768702E+03   9.6209597E+03   1.2499696E-01   9.5167611E-02   1.1542741E-01
   4.9275362E-01   2.6966511E+03   9.5831404E+02   3.6549652E+03   8.6361693E-02   1.0245975E-01   9.0556307E-02
   5.0724638E-01   4.1134277E+02   1.2989772E+02   5.4124049E+02   1.2781380E-01   1.1208738E-01   1.1686415E-01
   5.2173913E-01   1.6838593E+02   4.2096482E+01   2.1048241E+02   2.1702180E-02   6.6589414E-02   2.6475612E-02
   5.3623188E-01   2.2527307E+02   6.1438110E+01   2.8671118E+02   1.3386955E-01   1.6203570E-01   1.2530961E-01
   5.5072464E-01   2.3928527E+02   5.9821317E+01   2.9910659E+02   7.7461036E-02   8.8135583E-02   7.8498877E-02
   5.6521739E-01   1.5543317E+02   1.1657487E+02   2.7200804E+02   1.5346152E-01   1.2045831E-01   1.3914453E-01
   5.7971014E-01   1.8943417E+02   7.5773668E+01   2.6520784E+02   1.2024287E-01   1.3398849E-01   9.9456948E-02
   5.9420290E-01   1.2936968E+02   1.1088830E+02   2.4025797E+02   3.7200749E-02   1.1579518E-01   7.0183318E-02
   6.0869565E-01   1.9845485E+02   5.4124049E+01   2.5257889E+02   5.8473747E-02   5.5920785E-02   5.2774990E-02
   6.2318841E-01   1.0573070E+02   5.2865350E+01   1.5859605E+02   8.0657755E-02   9.3089780E-02   7.6325181E-02
   6.3768116E-01   1.3777031E+02   5.1663865E+01   1.8943417E+02   8.3227317E-02   1.8446189E-01   1.0441591E-01
   6.5217391E-01   2.0206312E+02   8.4192965E+01   2.8625608E+02   5.9635761E-02   1.0683038E-01   7.2581201E-02
   6.6666667E-01   1.6472537E+02   4.9417610E+01   2.1414298E+02   1.3547607E-01   2.7354001E-01   1.6571169E-01
   6.8115942E-01   2.9019703E+02   1.6122057E+01   3.0631909E+02   1.2568896E-01   6.1944199E-02   1.2233336E-01
   6.9565217E-01   2.3679271E+02   6.3144724E+01   2.9993744E+02   8.7605410E-02   1.9182420E-01   1.0779951E-01
   7.1014493E-01   1.0824810E+02   6.1856056E+01   1.7010415E+02   2.0208065E-01   6.0791199E-02   1.5040196E-01
   7.2463768E-01   1.3639260E+02   6.0618935E+01   1.9701154E+02   1.6505651E-01   2.1326643E-01   1.7963847E-01
   7.3913043E-01   2.5257889E+02   2.9715164E+01   2.8229406E+02   1.6277326E-01   1.7617677E-01   1.6157840E-01
   7.5362319E-01   5.8287437E+01   7.2859297E+01   1.3114673E+02   1.0531099E-01   1.4613100E-01   1.2795064E-01
   7.6811594E-01   1.1437535E+02   2.8593837E+01   1.4296919E+02   6.8422902E-02   1.9857134E-01   9.1127930E-02
   7.8260870E-01   8.4192965E+01   5.6128643E+01   1.4032161E+02   1.1654786E-01   2.4113725E-01   1.5469139E-01
   7.9710145E-01   1.9287843E+02   6.8885153E+01   2.6176358E+02   2.0106866E-01   2.4352007E-01   2.1149627E-01
   8.1159420E-01   1.3531012E+02   2.7062024E+01   1.6237215E+02   1.1876186E-01   2.1123007E-05   9.8971731E-02
   8.2608696E-01   6.6468130E+01   7.9761756E+01   1.4622989E+02   5.9492095E-02   3.3309455E-01   1.9760080E-01
   8.4057971E-01   1.4370868E+02   6.5322128E+01   2.0903081E+02   2.3742896E-01   1.5299311E-01   2.0791934E-01
   8.5507246E-01   1.5411594E+02   1.1558695E+02   2.6970289E+02   2.1183919E-01   1.7175293E-01   1.9224206E-01
   8.6956522E-01   1.0103156E+02   6.3144724E+01   1.6417628E+02   1.9344352E-01   2.8269446E-01   2.2710343E-01
   8.8405797E-01   7.4531477E+01   3.7265739E+01   1.1179722E+02   2.0488280E-01   2.7579517E-01   2.2779226E-01
   8.9855072E-01   7.3329357E+01   3.6664678E+01   1.0999403E+02   4.2295892E-01   2.5425830E-01   3.6652008E-01
   9.1304348E-01   1.8041350E+02   2.4055133E+01   2.0446863E+02   1.9708032E-01   4.0144205E-01   2.2103397E-01
   9.2753623E-01   1.0655672E+02   4.7358543E+01   1.5391526E+02   2.4692482E-01   3.0167410E-01   2.6358714E-01
   9.4202899E-01   1.1657487E+02   4.6629950E+01   1.6320482E+02   1.9083570E-01   4.1316460E-01   2.5406436E-01
   9.5652174E-01   1.1480859E+02   8.0366012E+01   1.9517460E+02   1.6060858E-01   2.3364347E-01   1.9019568E-01
   9.7101449E-01   9.0476022E+01   2.2619005E+01   1.1309503E+02   1.4802804E-01   4.0842251E-01   1.9737003E-01
   9.8550725E-01   3.3429560E+01   5.5715933E+01   8.9145492E+01   3.8780629E-01   2.5797219E-01   3.0447567E-01
   1.0000000E+00   0.0000000E+00   0.0000000E+00   0.0000000E+00   0.0000000E+00   0.0000000E+00   0.0000000E+00
