   0.0000000E+00   2.5937042E+10   1.3738718E+10   3.9660399E+10   1.2865312E-06   3.7297647E-06   1.6492256E-06
   1.4492754E-02   4.9969703E+07   2.4570370E+07   7.4538558E+07   1.5282243E-02   1.4494240E-02   1.5022634E-02
   2.8985507E-02   4.7621856E+07   2.3747089E+07   7.1368566E+07   2.4794448E-02   2.2575899E-02   2.4054151E-02
   4.3478261E-02   3.7552925E+07   1.8776715E+07   5.6328377E+07   1.7789044E-02   1.5445678E-02   1.7003125E-02
   5.7971014E-02   2.4358961E+07   1.2042330E+07   3.6400534E+07   1.0822329E-02   9.6218284E-03   1.0420205E-02
   7.2463768E-02   1.5386146E+07   7.5766091E+06   2.2962604E+07   6.3106020E-03   5.9921178E-03   6.1919829E-03
   8.6956522E-02   1.0856977E+07   5.2119655E+06   1.6068564E+07   2.5299252E-03   2.6829228E-03   2.5758603E-03
   1.0144928E-01   8.5182593E+06   4.0392778E+06   1.2557321E+07   1.5583017E-03   1.2100532E-03   1.4230924E-03
   1.1594203E-01   7.2076861E+06   3.3598992E+06   1.0567491E+07   1.7829828E-03   1.4719154E-03   1.6812327E-03
   1.3043478E-01   6.2623569E+06   2.8888290E+06   9.1511859E+06   1.3508261E-03   9.6129713E-04   1.0592296E-03
   1.4492754E-01   5.5488300E+06   2.5564520E+06   8.1049031E+06   7.1212545E-04   1.8760345E-03   1.0429291E-03
   1.5942029E-01   4.9971357E+06   2.2752077E+06   7.2722745E+06   1.6214518E-03   1.1750168E-03   1.3040640E-03
   1.7391304E-01   4.5244457E+06   2.0410269E+06   6.5654726E+06   1.3661570E-03   5.8263759E-04   1.1159965E-03
   1.8840580E-01   4.1316467E+06   1.8349468E+06   5.9665935E+06   1.4820596E-03   2.0650597E-03   1.6569441E-03
   2.0289855E-01   3.8122815E+06   1.6785491E+06   5.4907765E+06   2.0831015E-03   3.2226451E-03   2.3597669E-03
   2.1739130E-01   3.4878114E+06   1.5431560E+06   5.0309675E+06   1.6300354E-03   2.8799607E-03   1.9810419E-03
   2.3188406E-01   3.2567523E+06   1.4163993E+06   4.6731516E+06   1.9588115E-03   2.5811283E-03   2.1474028E-03
   2.4637681E-01   3.0280495E+06   1.3129794E+06   4.3410289E+06   1.5354836E-03   2.3768013E-03   1.7892326E-03
   2.6086957E-01   2.8313252E+06   1.2121261E+06   4.0434092E+06   1.8652387E-03   2.8857533E-03   2.1612488E-03
   2.7536232E-01   2.6627266E+06   1.1460967E+06   3.8087435E+06   1.8617348E-03   1.0343515E-03   1.5989670E-03
   2.8985507E-01   2.4966666E+06   1.0611723E+06   3.5578389E+06   1.5156654E-03   2.5354468E-03   1.8106057E-03
   3.0434783E-01   2.3552621E+06   1.0079341E+06   3.3631241E+06   1.7905058E-03   5.7724479E-04   1.2971979E-03
   3.1884058E-01   2.2317756E+06   9.3897352E+05   3.1707147E+06   1.5276672E-03   1.8785774E-03   1.5970905E-03
   3.3333333E-01   2.1281529E+06   8.9548004E+05   3.0236000E+06   1.7518625E-03   9.2025074E-04   1.5023334E-03
   3.4782609E-01   1.9996671E+06   8.3755161E+05   2.8371556E+06   1.6507859E-03   2.6901476E-03   1.9341250E-03
   3.6231884E-01   1.9124668E+06   7.9059215E+05   2.7030589E+06   1.8289992E-03   1.8099760E-03   1.7934208E-03
   3.7681159E-01   1.7958068E+06   7.4275681E+05   2.5385345E+06   2.0720477E-03   2.5403338E-03   2.2054198E-03
   3.9130435E-01   1.6977511E+06   6.9397455E+05   2.3916696E+06   1.5370949E-03   2.3823217E-03   1.7343104E-03
   4.0579710E-01   1.5811258E+06   6.5433269E+05   2.2354585E+06   1.3273939E-03   1.8363014E-03   1.4089275E-03
   4.2028986E-01   1.4590089E+06   5.9876875E+05   2.0577777E+06   1.0146695E-03   1.4186488E-03   1.1322182E-03
   4.3478261E-01   1.3007560E+06   5.3114816E+05   1.8318789E+06   2.8381653E-03   2.2225263E-03   2.6218728E-03
   4.4927536E-01   1.0915564E+06   4.5779517E+05   1.5493271E+06   2.1999164E-03   2.3250989E-03   2.2359235E-03
   4.6376812E-01   8.0417174E+05   3.3267008E+05   1.1368418E+06   3.2775071E-03   1.5667301E-03   2.7409027E-03
   4.7826087E-01   4.5849958E+05   1.8573733E+05   6.4423691E+05   4.9228401E-03   5.7390138E-03   5.1464275E-03
   4.9275362E-01   1.6003844E+05   6.5566510E+04   2.2560495E+05   1.8865493E-02   1.5907910E-02   1.8004326E-02
   5.0724638E-01   3.7800236E+04   1.3552662E+04   5.1352898E+04   6.0470444E-02   5.2626207E-02   5.8382625E-02
   5.2173913E-01   2.3994995E+04   9.3033226E+03   3.3298318E+04   1.0230636E-01   9.1448806E-02   9.9272802E-02
   5.3623188E-01   2.4882434E+04   8.9904434E+03   3.3872878E+04   1.1221297E-01   9.5138103E-02   1.0767557E-01
   5.5072464E-01   2.6780010E+04   1.0189564E+04   3.6969574E+04   1.1817215E-01   1.1329415E-01   1.1682707E-01
   5.6521739E-01   2.5296748E+04   9.8894352E+03   3.5186183E+04   1.4135562E-01   1.1627274E-01   1.3430292E-01
   5.7971014E-01   2.5687274E+04   8.9034060E+03   3.4590680E+04   1.3463074E-01   1.3842658E-01   1.3560706E-01
   5.9420290E-01   2.0089263E+04   7.6512924E+03   2.7740555E+04   1.6458027E-01   1.3122314E-01   1.5537983E-01
   6.0869565E-01   1.8275887E+04   6.4768445E+03   2.4752732E+04   1.7586568E-01   1.6484881E-01   1.7298262E-01
   6.2318841E-01   1.4291266E+04   5.1455607E+03   1.9436827E+04   2.0546626E-01   1.8790699E-01   2.0081694E-01
   6.3768116E-01   1.1400493E+04   4.2536582E+03   1.5654151E+04   2.2041604E-01   2.1524903E-01   2.1901151E-01
   6.5217391E-01   9.7832225E+03   3.2498484E+03   1.3033071E+04   2.2995404E-01   2.3108796E-01   2.3023398E-01
   6.6666667E-01   8.7469169E+03   3.0638918E+03   1.1810809E+04   2.2682286E-01   1.9337318E-01   2.1814444E-01
   6.8115942E-01   7.7547095E+03   2.5311630E+03   1.0285872E+04   2.3733800E-01   2.4465448E-01   2.3913840E-01
   6.9565217E-01   7.0248505E+03   2.3679271E+03   9.3927776E+03   2.4748934E-01   2.4767862E-01   2.4753581E-01
   7.1014493E-01   5.6134371E+03   1.9793938E+03   7.5928309E+03   2.5607540E-01   2.6258515E-01   2.5777205E-01
   7.2463768E-01   5.1829189E+03   1.6670207E+03   6.8499396E+03   2.5886824E-01   2.7065769E-01   2.6173300E-01
   7.3913043E-01   5.0070051E+03   1.5303310E+03   6.5373361E+03   2.7207991E-01   2.6871131E-01   2.7129124E-01
   7.5362319E-01   4.0364050E+03   1.1948925E+03   5.2312975E+03   2.9323903E-01   2.7845284E-01   2.8986159E-01
   7.6811594E-01   3.5885266E+03   1.2867227E+03   4.8752492E+03   2.9953393E-01   2.6460303E-01   2.9031461E-01
   7.8260870E-01   3.8167477E+03   9.5418694E+02   4.7709347E+03   2.9890739E-01   3.0353922E-01   2.9982765E-01
   7.9710145E-01   3.0722778E+03   7.1640559E+02   3.7886834E+03   2.8583100E-01   2.7188699E-01   2.8319431E-01
   8.1159420E-01   2.6250164E+03   8.2539175E+02   3.4504081E+03   3.1478342E-01   3.0180646E-01   3.1167907E-01
   8.2608696E-01   2.0472184E+03   8.1091119E+02   2.8581296E+03   2.9709098E-01   2.9121694E-01   2.9542426E-01
   8.4057971E-01   1.9204706E+03   6.9241456E+02   2.6128851E+03   3.3206786E-01   2.8868403E-01   3.2057115E-01
   8.5507246E-01   2.0035072E+03   4.8803380E+02   2.4915410E+03   3.2621269E-01   3.2402550E-01   3.2578427E-01
   8.6956522E-01   1.3386681E+03   4.7989990E+02   1.8185680E+03   3.3446767E-01   3.1057721E-01   3.2816089E-01
   8.8405797E-01   1.2049255E+03   4.8445460E+02   1.6893801E+03   3.3547582E-01   3.5112204E-01   3.3996261E-01
   8.9855072E-01   1.2343775E+03   4.3997614E+02   1.6743536E+03   3.4751604E-01   3.3143464E-01   3.4328795E-01
   9.1304348E-01   1.0463983E+03   3.2474429E+02   1.3711426E+03   3.4414005E-01   3.5210284E-01   3.4602598E-01
   9.2753623E-01   1.0537276E+03   2.7231162E+02   1.3260392E+03   3.5465675E-01   3.4427534E-01   3.5252172E-01
   9.4202899E-01   5.8287437E+02   3.2640965E+02   9.0928402E+02   3.5932426E-01   3.7509753E-01   3.6498646E-01
   9.5652174E-01   7.0033239E+02   1.2628945E+02   8.2662184E+02   3.4872637E-01   2.9979208E-01   3.4124486E-01
   9.7101449E-01   5.9940365E+02   9.0476022E+01   6.8987967E+02   4.0754284E-01   3.1518961E-01   3.9542730E-01
   9.8550725E-01   1.7829098E+02   1.6714780E+02   3.4543878E+02   3.7004620E-01   3.6685138E-01   3.6850032E-01
   1.0000000E+00   1.0942046E+02   6.5652276E+01   1.7507274E+02   3.3977211E-01   4.2638678E-01   3.7225261E-01
