   0.0000000E+00   3.7143088E+10   1.8622470E+10   5.5765559E+10   1.4314578E-07   3.5639899E-07   2.1192277E-07
   1.4492754E-02   1.1570639E+06   5.1677642E+05   1.6738403E+06   5.7762967E-03   9.0135280E-03   1.7428568E-03
   2.8985507E-02   1.0862155E+06   5.7512214E+05   1.6613377E+06   7.1601177E-03   7.9586694E-03   5.3756168E-03
   4.3478261E-02   1.1444350E+06   5.4279204E+05   1.6872270E+06   7.6522405E-03   1.0024294E-02   8.3593330E-03
   5.7971014E-02   1.1252390E+06   5.4500211E+05   1.6702411E+06   1.3953806E-02   1.2378175E-02   1.3430967E-02
   7.2463768E-02   1.1602464E+06   5.7406131E+05   1.7343077E+06   2.3272417E-02   2.4294593E-02   2.3523405E-02
   8.6956522E-02   1.2189457E+06   6.0240066E+05   1.8213464E+06   3.4721931E-02   3.3626486E-02   3.4359591E-02
   1.0144928E-01   1.2539460E+06   6.3649881E+05   1.8904448E+06   3.9691342E-02   3.7046709E-02   3.8782518E-02
   1.1594203E-01   1.3024546E+06   6.5942035E+05   1.9618750E+06   4.1317436E-02   4.3120219E-02   4.1920899E-02
   1.3043478E-01   1.2990974E+06   6.4281329E+05   1.9419107E+06   4.2111931E-02   3.7082500E-02   4.0435758E-02
   1.4492754E-01   1.2624651E+06   6.2028325E+05   1.8827483E+06   3.0669829E-02   2.8537131E-02   2.9948203E-02
   1.5942029E-01   1.1497621E+06   5.6961133E+05   1.7193734E+06   2.1248956E-02   2.3233184E-02   2.1886825E-02
   1.7391304E-01   1.0285013E+06   5.0465263E+05   1.5331539E+06   1.5094350E-02   1.4857078E-02   1.5012762E-02
   1.8840580E-01   9.0100720E+05   4.5114476E+05   1.3521520E+06   1.0181112E-02   1.1402236E-02   1.0572417E-02
   2.0289855E-01   7.8820852E+05   3.9147925E+05   1.1796878E+06   6.3383140E-03   7.6669020E-03   6.7431440E-03
   2.1739130E-01   6.9080328E+05   3.3845572E+05   1.0292590E+06   4.7509446E-03   1.8791687E-03   3.7771233E-03
   2.3188406E-01   6.0727859E+05   2.9921127E+05   9.0648987E+05   3.0908290E-03   3.4117211E-03   3.1773639E-03
   2.4637681E-01   5.4249489E+05   2.6765934E+05   8.1015423E+05   3.3836784E-03   2.9790093E-03   1.3876699E-03
   2.6086957E-01   4.9539141E+05   2.4950585E+05   7.4489726E+05   1.6594628E-03   1.2176801E-03   1.4556062E-03
   2.7536232E-01   4.4116227E+05   2.2377161E+05   6.6493388E+05   1.5854544E-03   4.5497771E-03   1.9036877E-03
   2.8985507E-01   4.1558068E+05   2.0902166E+05   6.2460235E+05   1.6960548E-03   3.9926006E-03   1.4295511E-03
   3.0434783E-01   3.7464667E+05   1.8907334E+05   5.6372001E+05   9.7361412E-04   7.5074468E-04   8.3710223E-04
   3.1884058E-01   3.5189980E+05   1.7617378E+05   5.2807358E+05   6.6571019E-04   1.8998966E-03   1.0652112E-03
   3.3333333E-01   3.3538085E+05   1.6475831E+05   5.0013916E+05   1.8967516E-03   6.5146654E-03   1.6240668E-03
   3.4782609E-01   3.1723909E+05   1.5470457E+05   4.7194366E+05   2.9175528E-04   3.2408109E-03   1.0766031E-03
   3.6231884E-01   2.9706309E+05   1.4518235E+05   4.4224544E+05   2.2005638E-03   2.9045221E-03   1.8667784E-03
   3.7681159E-01   2.7852652E+05   1.3505199E+05   4.1357851E+05   1.2629455E-03   4.0993380E-03   1.0659819E-03
   3.9130435E-01   2.6411333E+05   1.2996587E+05   3.9407920E+05   2.1167753E-03   2.0118278E-03   2.0785209E-03
   4.0579710E-01   2.5045904E+05   1.2332165E+05   3.7378068E+05   1.2881130E-03   2.4610222E-03   1.5754774E-03
   4.2028986E-01   2.3920963E+05   1.1488856E+05   3.5409819E+05   1.6161340E-03   4.2465874E-03   2.2348530E-03
   4.3478261E-01   2.2838184E+05   1.1201874E+05   3.4040058E+05   2.5543488E-03   4.4076658E-03   5.6298012E-04
   4.4927536E-01   2.1245959E+05   1.0483654E+05   3.1729613E+05   2.8872839E-03   5.7311048E-03   3.8119112E-03
   4.6376812E-01   2.0219730E+05   9.9476619E+04   3.0167392E+05   4.1611269E-03   1.2821223E-03   2.8486042E-03
   4.7826087E-01   1.9469240E+05   9.6048865E+04   2.9074127E+05   3.5101273E-03   2.2837608E-03   1.9254268E-03
   4.9275362E-01   1.8769583E+05   9.1686139E+04   2.7938197E+05   1.6824791E-03   3.6902929E-03   9.2305941E-04
   5.0724638E-01   1.7884751E+05   8.8330448E+04   2.6717795E+05   2.1142693E-03   1.0983915E-03   1.2769064E-03
   5.2173913E-01   1.6924891E+05   8.7476491E+04   2.5672540E+05   3.4849153E-03   2.0551833E-03   2.9935894E-03
   5.3623188E-01   1.6104976E+05   7.7514415E+04   2.3856418E+05   3.3295946E-03   4.4823040E-03   3.3889348E-03
   5.5072464E-01   1.5392025E+05   7.4138552E+04   2.2805880E+05   4.9072221E-03   5.7843492E-03   4.7731492E-03
   5.6521739E-01   1.4620432E+05   7.1829552E+04   2.1803387E+05   2.9332729E-03   2.7637079E-03   1.3004705E-03
   5.7971014E-01   1.3949932E+05   6.9787549E+04   2.0928687E+05   2.3630933E-03   1.3060573E-03   1.6897624E-03
   5.9420290E-01   1.3445206E+05   6.4777246E+04   1.9922930E+05   4.3267316E-03   3.1127089E-03   3.7875225E-03
   6.0869565E-01   1.2711935E+05   6.2116367E+04   1.8923572E+05   3.3052879E-03   2.5326423E-03   2.2413207E-03
   6.2318841E-01   1.2483271E+05   5.9491141E+04   1.8432385E+05   1.1557771E-03   3.2730631E-03   1.7593343E-03
   6.3768116E-01   1.1946408E+05   5.6571932E+04   1.7603601E+05   3.0270639E-03   4.6931180E-03   2.3941982E-03
   6.5217391E-01   1.0992233E+05   5.4944329E+04   1.6486666E+05   2.7987697E-03   4.0923903E-03   3.2286877E-03
   6.6666667E-01   1.0436999E+05   5.2003798E+04   1.5637379E+05   1.5034716E-03   4.3902905E-03   2.1053129E-03
   6.8115942E-01   1.0289097E+05   4.9252884E+04   1.5214385E+05   5.8261294E-03   4.7535395E-03   2.4173356E-03
   6.9565217E-01   9.7842749E+04   4.6364013E+04   1.4420676E+05   1.5084001E-03   4.2299513E-03   2.2984870E-03
   7.1014493E-01   9.3325324E+04   4.7520915E+04   1.4084624E+05   3.0596987E-03   4.6783990E-03   6.6772079E-04
   7.2463768E-01   8.8170241E+04   4.4115430E+04   1.3228567E+05   1.6418723E-03   1.5736822E-03   1.3575151E-03
   7.3913043E-01   8.1850419E+04   4.0947496E+04   1.2279792E+05   5.3635534E-04   3.2013962E-03   1.4111814E-03
   7.5362319E-01   8.0800960E+04   4.0174616E+04   1.2097558E+05   2.9404118E-03   2.4394721E-03   2.3196350E-03
   7.6811594E-01   7.7160470E+04   3.6528627E+04   1.1368910E+05   4.4871236E-03   4.7490043E-04   3.1931666E-03
   7.8260870E-01   7.2700625E+04   3.5810074E+04   1.0851070E+05   4.3831749E-03   4.6757704E-03   4.1332148E-03
   7.9710145E-01   6.7369680E+04   3.4208367E+04   1.0157805E+05   7.1003369E-03   5.4119373E-03   6.3398032E-03
   8.1159420E-01   6.6207243E+04   3.0404184E+04   9.6611427E+04   2.4586782E-03   1.1551353E-02   2.8527262E-03
   8.2608696E-01   6.0565760E+04   2.8607883E+04   8.9173643E+04   6.0164502E-03   4.5982905E-03   3.7482551E-03
   8.4057971E-01   5.7222184E+04   2.8702543E+04   8.5924727E+04   1.1243510E-03   6.6733577E-03   2.8291473E-03
   8.5507246E-01   5.2245302E+04   2.6122651E+04   7.8367953E+04   2.7149987E-03   7.2455306E-03   1.3304109E-03
   8.6956522E-01   4.9454948E+04   2.3691900E+04   7.3146848E+04   6.4720048E-03   5.3358477E-03   5.8913755E-03
   8.8405797E-01   4.4520136E+04   2.2284912E+04   6.6805047E+04   4.1899130E-03   1.8955276E-03   2.5265613E-03
   8.9855072E-01   4.1198877E+04   1.9713375E+04   6.0912252E+04   3.2870894E-03   6.7708350E-03   2.8918787E-03
   9.1304348E-01   3.6491636E+04   1.7969184E+04   5.4460821E+04   4.9592955E-03   3.9837842E-03   3.3415186E-03
   9.2753623E-01   3.2310366E+04   1.5888791E+04   4.8199157E+04   3.6375699E-03   7.4838471E-03   1.4106082E-03
   9.4202899E-01   2.7756478E+04   1.3324508E+04   4.1080986E+04   3.8862710E-03   1.2404850E-02   6.0164900E-03
   9.5652174E-01   2.0596661E+04   1.0711641E+04   3.1308302E+04   5.6359867E-03   1.5822107E-02   6.6587677E-03
   9.7101449E-01   1.5686280E+04   7.8374854E+03   2.3523766E+04   4.2489534E-03   2.1763683E-02   1.0084180E-02
   9.8550725E-01   8.1122398E+03   3.7329675E+03   1.1845207E+04   1.3247315E-02   1.3823003E-02   1.2862558E-02
   1.0000000E+00   3.8078320E+03   1.4224660E+03   5.2302980E+03   3.1300393E-02   1.0400303E-01   4.9601915E-02
