   0.0000000E+00   3.5215515E+10   1.7696298E+10   5.2911813E+10   7.7168419E-07   4.4006181E-07   4.4106868E-07
   1.4492754E-02   2.1178740E+06   1.0259755E+06   3.1438495E+06   1.4174008E-03   1.0293101E-03   1.2235584E-03
   2.8985507E-02   2.1012038E+06   1.0502230E+06   3.1514269E+06   2.3492071E-03   1.1572549E-03   1.1838828E-03
   4.3478261E-02   2.1443948E+06   1.0320374E+06   3.1764322E+06   3.2831035E-03   3.5908903E-03   2.6022442E-03
   5.7971014E-02   2.1298084E+06   1.0377204E+06   3.1675288E+06   4.2985739E-03   5.5324939E-03   4.6829472E-03
   7.2463768E-02   2.1163586E+06   1.0427972E+06   3.1591558E+06   6.9529027E-03   1.0195808E-02   8.0214122E-03
   8.6956522E-02   2.1051188E+06   1.0446663E+06   3.1497851E+06   1.2011383E-02   1.1405466E-02   1.1802680E-02
   1.0144928E-01   2.0846419E+06   1.0456766E+06   3.1303185E+06   1.3675350E-02   9.6746529E-03   1.2287959E-02
   1.1594203E-01   2.0403955E+06   1.0300483E+06   3.0704438E+06   1.7770898E-02   1.8855328E-02   1.8125802E-02
   1.3043478E-01   2.0581812E+06   1.0064427E+06   3.0646239E+06   1.6755954E-02   1.8862087E-02   1.7396486E-02
   1.4492754E-01   1.9951965E+06   9.7672259E+05   2.9719190E+06   2.2048388E-02   2.3610793E-02   2.2560028E-02
   1.5942029E-01   1.9389793E+06   9.4365771E+05   2.8826370E+06   2.3169458E-02   2.1098449E-02   2.2483194E-02
   1.7391304E-01   1.8238722E+06   9.1300956E+05   2.7368818E+06   2.3750325E-02   2.4932971E-02   2.4134693E-02
   1.8840580E-01   1.7521204E+06   8.7034801E+05   2.6224684E+06   2.3547411E-02   2.1813594E-02   2.2950630E-02
   2.0289855E-01   1.6410953E+06   8.1467518E+05   2.4557705E+06   2.4618617E-02   2.5672589E-02   2.4960719E-02
   2.1739130E-01   1.5391148E+06   7.5415006E+05   2.2932648E+06   2.1533186E-02   2.3935363E-02   2.2319167E-02
   2.3188406E-01   1.4167308E+06   6.9020340E+05   2.1069342E+06   2.5347708E-02   2.5073228E-02   2.5239318E-02
   2.4637681E-01   1.2974235E+06   6.3921775E+05   1.9366412E+06   2.4289117E-02   2.3156461E-02   2.3913193E-02
   2.6086957E-01   1.1699454E+06   5.7579569E+05   1.7457411E+06   2.5348614E-02   2.2442178E-02   2.4389481E-02
   2.7536232E-01   1.0603927E+06   5.1494190E+05   1.5753346E+06   2.4008296E-02   2.4340536E-02   2.4115958E-02
   2.8985507E-01   9.4808014E+05   4.6377274E+05   1.4118529E+06   2.5513962E-02   2.6506485E-02   2.5813870E-02
   3.0434783E-01   8.4437124E+05   4.1816240E+05   1.2625336E+06   2.5713673E-02   2.2987372E-02   2.4808863E-02
   3.1884058E-01   7.5901106E+05   3.7001660E+05   1.1290277E+06   2.4208765E-02   2.3642861E-02   2.3981884E-02
   3.3333333E-01   6.7198066E+05   3.3544674E+05   1.0074274E+06   2.2743355E-02   2.2572407E-02   2.2686203E-02
   3.4782609E-01   5.8809838E+05   2.9365454E+05   8.8175292E+05   2.2286835E-02   2.2544090E-02   2.2371459E-02
   3.6231884E-01   5.3356786E+05   2.6108575E+05   7.9465362E+05   2.1227562E-02   2.5953524E-02   2.2780275E-02
   3.7681159E-01   4.7574206E+05   2.3163428E+05   7.0737634E+05   2.0610360E-02   2.1919545E-02   2.1036436E-02
   3.9130435E-01   4.3143282E+05   2.1241885E+05   6.4385167E+05   1.9069261E-02   1.9450706E-02   1.9191651E-02
   4.0579710E-01   3.8823180E+05   1.9081433E+05   5.7904614E+05   1.7966684E-02   1.8636592E-02   1.8163543E-02
   4.2028986E-01   3.5148531E+05   1.6879238E+05   5.2027768E+05   1.4249962E-02   1.3889394E-02   1.4128388E-02
   4.3478261E-01   3.1941127E+05   1.5869532E+05   4.7810659E+05   1.3347556E-02   1.7297773E-02   1.4653959E-02
   4.4927536E-01   2.8972429E+05   1.4553433E+05   4.3525862E+05   1.0968534E-02   1.4566465E-02   1.2125319E-02
   4.6376812E-01   2.6899652E+05   1.3054382E+05   3.9954035E+05   1.1888695E-02   1.1466836E-02   1.1642926E-02
   4.7826087E-01   2.5023680E+05   1.2038829E+05   3.7062509E+05   1.0028053E-02   1.2138824E-02   1.0713467E-02
   4.9275362E-01   2.3068625E+05   1.1457424E+05   3.4526049E+05   7.8850328E-03   9.6016605E-03   8.3935522E-03
   5.0724638E-01   2.1922405E+05   1.0868109E+05   3.2790514E+05   8.1754594E-03   1.0441768E-02   8.9197552E-03
   5.2173913E-01   2.0646220E+05   9.8842541E+04   3.0530474E+05   6.3611159E-03   8.7409243E-03   6.8331401E-03
   5.3623188E-01   1.9514792E+05   9.3652158E+04   2.8880007E+05   7.3876994E-03   6.3864307E-03   7.0486802E-03
   5.5072464E-01   1.7408003E+05   8.6860553E+04   2.6094059E+05   8.2446994E-03   7.4459594E-03   7.3825547E-03
   5.6521739E-01   1.7152050E+05   8.3117885E+04   2.5463838E+05   2.4184472E-03   5.2485843E-03   3.0069916E-03
   5.7971014E-01   1.5956040E+05   8.0509523E+04   2.4006992E+05   4.0964892E-03   6.2262149E-03   4.8106554E-03
   5.9420290E-01   1.5182456E+05   7.2594871E+04   2.2441943E+05   3.7852755E-03   1.0481740E-02   5.9480395E-03
   6.0869565E-01   1.4615297E+05   7.0667966E+04   2.1682094E+05   3.7256114E-03   9.5689537E-04   2.6263853E-03
   6.2318841E-01   1.3819003E+05   6.7403321E+04   2.0559335E+05   6.6385552E-03   9.5748421E-03   7.4082788E-03
   6.3768116E-01   1.3096790E+05   6.2840481E+04   1.9380838E+05   2.5923890E-03   6.2790804E-03   2.8079025E-03
   6.5217391E-01   1.2420146E+05   6.0366356E+04   1.8456782E+05   6.5435098E-03   7.9241254E-03   5.5695838E-03
   6.6666667E-01   1.1815751E+05   5.7620933E+04   1.7577844E+05   4.7000411E-03   7.4792040E-03   5.5326317E-03
   6.8115942E-01   1.1398294E+05   5.5991904E+04   1.6997485E+05   4.4867351E-03   4.7647655E-03   4.5563429E-03
   6.9565217E-01   1.0482024E+05   5.2394334E+04   1.5721458E+05   5.1047571E-03   7.8863416E-03   5.9762473E-03
   7.1014493E-01   1.0186146E+05   4.9082780E+04   1.5094424E+05   2.4307676E-03   4.1957110E-03   2.9070135E-03
   7.2463768E-01   9.6399261E+04   4.5903688E+04   1.4230295E+05   4.7918364E-03   5.3946321E-03   4.9154736E-03
   7.3913043E-01   9.0750111E+04   4.3086988E+04   1.3383710E+05   4.4238062E-03   2.0965745E-03   3.6631551E-03
   7.5362319E-01   8.4691646E+04   4.2287536E+04   1.2697918E+05   6.2976740E-03   4.7282334E-03   3.9119047E-03
   7.6811594E-01   8.2564705E+04   4.1075047E+04   1.2363975E+05   2.5733165E-03   1.0946691E-02   5.3499248E-03
   7.8260870E-01   7.5984151E+04   3.6202975E+04   1.1218713E+05   6.8703118E-03   9.1483256E-03   7.5919060E-03
   7.9710145E-01   7.0924154E+04   3.3974158E+04   1.0489831E+05   5.3837238E-03   5.6340615E-03   5.4234671E-03
   8.1159420E-01   6.5787781E+04   3.3069794E+04   9.8857575E+04   9.6733580E-03   6.0606246E-03   8.4328710E-03
   8.2608696E-01   6.1642544E+04   3.0827919E+04   9.2470463E+04   7.7978801E-03   7.9096395E-03   7.7952903E-03
   8.4057971E-01   5.7797019E+04   2.6899652E+04   8.4696671E+04   8.6845682E-03   5.9646843E-03   7.1587333E-03
   8.5507246E-01   5.3696561E+04   2.6418040E+04   8.0114601E+04   9.7258193E-03   1.1948309E-02   1.0355977E-02
   8.6956522E-01   4.6335598E+04   2.2769987E+04   6.9105586E+04   1.1099919E-02   9.9302829E-03   8.9156422E-03
   8.8405797E-01   4.4234432E+04   2.1191783E+04   6.5426215E+04   1.4480915E-02   1.0715938E-02   1.2907577E-02
   8.9855072E-01   3.8167930E+04   1.8857866E+04   5.7025796E+04   1.5163678E-02   1.2696535E-02   1.4278391E-02
   9.1304348E-01   3.5156577E+04   1.6922786E+04   5.2079363E+04   1.3109286E-02   1.3595755E-02   1.3262938E-02
   9.2753623E-01   2.8995268E+04   1.3828694E+04   4.2823962E+04   2.3912217E-02   2.5193401E-02   2.4169440E-02
   9.4202899E-01   2.3932822E+04   1.2228704E+04   3.6161526E+04   2.8216423E-02   2.7815504E-02   2.8039727E-02
   9.5652174E-01   1.9747077E+04   9.6554023E+03   2.9402480E+04   3.5417363E-02   4.3713453E-02   3.7885669E-02
   9.7101449E-01   1.6771993E+04   7.9618899E+03   2.4733883E+04   5.2380513E-02   3.8004462E-02   4.7689688E-02
   9.8550725E-01   1.2123787E+04   6.1510390E+03   1.8274826E+04   5.3809803E-02   5.7190367E-02   5.4855291E-02
   1.0000000E+00   8.4472595E+03   4.0923252E+03   1.2539585E+04   5.3808390E-02   5.1515791E-02   5.2752453E-02
