   0.0000000E+00   2.5736672E+10   1.3861756E+10   3.9598428E+10   2.9480965E-07   7.6834140E-07   4.5942455E-07
   1.4492754E-02   3.6886622E+06   1.6617165E+06   5.3503787E+06   1.1698691E-03   2.5898459E-03   9.1696959E-04
   2.8985507E-02   3.5651511E+06   1.6382267E+06   5.2033778E+06   1.3503960E-03   1.4722792E-03   1.3770356E-03
   4.3478261E-02   3.6914405E+06   1.6806600E+06   5.3721005E+06   3.6322250E-03   3.4615738E-03   3.5360129E-03
   5.7971014E-02   3.7026803E+06   1.6916471E+06   5.3943275E+06   4.3562597E-03   4.7645640E-03   4.4489606E-03
   7.2463768E-02   3.7421584E+06   1.7068777E+06   5.4490360E+06   8.4166624E-03   6.9240051E-03   7.9438148E-03
   8.6956522E-02   3.7793380E+06   1.7518872E+06   5.5312252E+06   1.1273754E-02   9.9881137E-03   1.0859735E-02
   1.0144928E-01   3.8166114E+06   1.7517790E+06   5.5683904E+06   1.2793033E-02   1.3920974E-02   1.3147606E-02
   1.1594203E-01   3.8961873E+06   1.8126009E+06   5.7087882E+06   1.5604630E-02   1.5894051E-02   1.5692508E-02
   1.3043478E-01   3.9173303E+06   1.7937311E+06   5.7110614E+06   1.6186287E-02   1.6529955E-02   1.6289536E-02
   1.4492754E-01   3.9306833E+06   1.8227356E+06   5.7534189E+06   1.4374797E-02   1.6790966E-02   1.5138859E-02
   1.5942029E-01   3.9434684E+06   1.8173970E+06   5.7608654E+06   1.3094432E-02   1.3606577E-02   1.3255455E-02
   1.7391304E-01   3.8763283E+06   1.8074546E+06   5.6837829E+06   1.0595887E-02   1.1131174E-02   1.0765345E-02
   1.8840580E-01   3.8210329E+06   1.7446013E+06   5.5656342E+06   8.1396578E-03   8.4185960E-03   8.2251122E-03
   2.0289855E-01   3.6859019E+06   1.6901858E+06   5.3760876E+06   5.7521324E-03   5.2838295E-03   5.6048448E-03
   2.1739130E-01   3.5400448E+06   1.6296390E+06   5.1696838E+06   3.8907365E-03   3.4531445E-03   3.7520949E-03
   2.3188406E-01   3.4245436E+06   1.5761870E+06   5.0007306E+06   2.4062598E-03   1.8262214E-03   2.2213634E-03
   2.4637681E-01   3.2645971E+06   1.4903343E+06   4.7549314E+06   1.3621984E-03   6.8242957E-04   1.1241731E-03
   2.6086957E-01   3.0746429E+06   1.4120423E+06   4.4866852E+06   8.1661215E-04   1.1963601E-03   9.3511799E-04
   2.7536232E-01   2.9201178E+06   1.3255606E+06   4.2456784E+06   4.4322296E-04   5.6937114E-04   4.7152536E-04
   2.8985507E-01   2.7394833E+06   1.2427639E+06   3.9822473E+06   4.1187076E-04   1.0412956E-04   2.7767438E-04
   3.0434783E-01   2.5624490E+06   1.1660485E+06   3.7284975E+06   2.2383513E-04   1.2324097E-04   1.6368852E-04
   3.1884058E-01   2.3975133E+06   1.0648956E+06   3.4624089E+06   2.2356049E-04   1.2675756E-04   1.9112714E-04
   3.3333333E-01   2.2017522E+06   9.8726501E+05   3.1890172E+06   1.7832569E-04   2.5354035E-04   8.2758301E-05
   3.4782609E-01   2.0362279E+06   8.9725495E+05   2.9334829E+06   1.1096754E-04   2.8181489E-04   1.2922165E-04
   3.6231884E-01   1.8502717E+06   8.2947919E+05   2.6797509E+06   4.2117310E-04   3.5804780E-04   3.6199601E-04
   3.7681159E-01   1.6833120E+06   7.3853097E+05   2.4218430E+06   1.7964540E-04   2.4941269E-04   1.8122847E-04
   3.9130435E-01   1.5275972E+06   6.6040962E+05   2.1880068E+06   1.2132130E-04   4.0402619E-04   1.8924262E-04
   4.0579710E-01   1.3732083E+06   5.9441737E+05   1.9676257E+06   1.9527773E-04   1.9503364E-04   1.3098198E-04
   4.2028986E-01   1.2336998E+06   5.2675764E+05   1.7604575E+06   2.2775236E-04   3.6699396E-04   2.0904457E-04
   4.3478261E-01   1.1344581E+06   4.8684582E+05   1.6213039E+06   2.2408705E-04   2.2002576E-04   2.2210828E-04
   4.4927536E-01   1.0344817E+06   4.3938950E+05   1.4738712E+06   1.4193997E-04   2.5799187E-04   9.4371824E-05
   4.6376812E-01   9.5166992E+05   3.9954035E+05   1.3512103E+06   1.7902387E-04   8.4693599E-04   3.6942074E-04
   4.7826087E-01   8.9059318E+05   3.7264572E+05   1.2632389E+06   1.2333408E-04   5.1541677E-04   1.8359382E-04
   4.9275362E-01   8.3203945E+05   3.4283128E+05   1.1748707E+06   8.1993001E-04   6.0768002E-04   4.0696390E-04
   5.0724638E-01   7.8215745E+05   3.2532883E+05   1.1074863E+06   5.0829110E-04   4.4050205E-04   3.9926707E-04
   5.2173913E-01   7.3359435E+05   3.0410499E+05   1.0376993E+06   7.0477487E-04   8.3063365E-04   3.4895531E-04
   5.3623188E-01   6.9175215E+05   2.8750987E+05   9.7926203E+05   1.9464509E-04   7.9847537E-04   3.0675706E-04
   5.5072464E-01   6.5745622E+05   2.7017301E+05   9.2762922E+05   4.6651210E-04   2.5222730E-04   3.6085934E-04
   5.6521739E-01   6.2515219E+05   2.5498811E+05   8.8014030E+05   2.3666244E-04   4.8294884E-04   3.0800926E-04
   5.7971014E-01   5.8959491E+05   2.4171800E+05   8.3131292E+05   5.4631800E-04   3.5741105E-04   4.8944719E-04
   5.9420290E-01   5.5357285E+05   2.3098032E+05   7.8455317E+05   4.5635128E-04   2.2145039E-04   3.2879629E-04
   6.0869565E-01   5.3530488E+05   2.1593691E+05   7.5124180E+05   3.4662941E-04   2.3127970E-04   2.2288657E-04
   6.2318841E-01   4.9677569E+05   2.0518805E+05   7.0196374E+05   3.0947020E-04   8.3268708E-04   1.4729440E-04
   6.3768116E-01   4.7661637E+05   1.9294731E+05   6.6956369E+05   3.9433473E-04   1.0547312E-03   5.4818399E-04
   6.5217391E-01   4.4921998E+05   1.8443311E+05   6.3365309E+05   6.7462533E-04   1.7080586E-03   7.6509028E-04
   6.6666667E-01   4.3011440E+05   1.7306047E+05   6.0317487E+05   3.3786557E-04   2.4435057E-04   2.0976937E-04
   6.8115942E-01   4.0326101E+05   1.6218789E+05   5.6544891E+05   4.8389513E-04   8.4273278E-04   4.8297555E-04
   6.9565217E-01   3.8185193E+05   1.5233665E+05   5.3418858E+05   2.9907289E-04   3.8602462E-04   3.2059434E-04
   7.1014493E-01   3.5625995E+05   1.4452667E+05   5.0078663E+05   7.5699311E-04   3.7403878E-04   6.4571227E-04
   7.2463768E-01   3.3885985E+05   1.3460434E+05   4.7346419E+05   1.5623854E-04   1.1214457E-03   3.6683426E-04
   7.3913043E-01   3.1789283E+05   1.2741862E+05   4.4531145E+05   1.0543015E-03   6.2869851E-04   9.1300537E-04
   7.5362319E-01   2.9923313E+05   1.1899380E+05   4.1822693E+05   1.1553645E-03   3.0721891E-04   8.7083578E-04
   7.6811594E-01   2.8004804E+05   1.1257394E+05   3.9262198E+05   6.0397430E-04   2.4329857E-04   4.7388530E-04
   7.8260870E-01   2.6321527E+05   1.0233655E+05   3.6555182E+05   8.4298909E-04   4.9185336E-04   7.4380376E-04
   7.9710145E-01   2.4495560E+05   9.6576985E+04   3.4153259E+05   6.9263026E-04   1.8897082E-03   3.0423634E-04
   8.1159420E-01   2.2572435E+05   9.0793092E+04   3.1651744E+05   1.6403729E-03   1.8205724E-03   1.6760870E-03
   8.2608696E-01   2.0986647E+05   8.2034966E+04   2.9190144E+05   1.0790707E-03   1.3400799E-03   1.0423779E-03
   8.4057971E-01   1.9119787E+05   7.7419786E+04   2.6861765E+05   1.8098619E-03   1.5818713E-03   1.4355607E-03
   8.5507246E-01   1.7618020E+05   7.0109908E+04   2.4629011E+05   1.2313884E-03   1.3282314E-03   6.3442988E-04
   8.6956522E-01   1.6469407E+05   6.5304273E+04   2.2999834E+05   1.6678068E-03   1.0210522E-03   1.4817022E-03
   8.8405797E-01   1.4808162E+05   5.7153221E+04   2.0523484E+05   2.2301632E-03   1.3555440E-03   1.4189450E-03
   8.9855072E-01   1.3564709E+05   5.3163783E+04   1.8881087E+05   1.7143959E-03   4.3836559E-03   2.3483203E-03
   9.1304348E-01   1.2123787E+05   4.7196171E+04   1.6843404E+05   2.6492050E-03   5.6323915E-03   3.2617242E-03
   9.2753623E-01   1.0518332E+05   4.2445094E+04   1.4762842E+05   3.0709427E-03   2.0504445E-03   1.8586323E-03
   9.4202899E-01   9.3889404E+04   3.6744400E+04   1.3063380E+05   2.4664484E-03   4.5682108E-03   2.9378334E-03
   9.5652174E-01   7.9527909E+04   3.1526438E+04   1.1105435E+05   3.0499026E-03   1.4817787E-03   2.6042783E-03
   9.7101449E-01   6.6296305E+04   2.4824359E+04   9.1120664E+04   3.2517971E-03   4.3740161E-04   2.4850567E-03
   9.8550725E-01   4.5007330E+04   1.7138221E+04   6.2145551E+04   1.1812037E-03   9.1941553E-03   3.3010517E-03
   1.0000000E+00   2.0330321E+04   7.1560981E+03   2.7486419E+04   7.9282439E-03   1.6476604E-02   1.0112195E-02
