   0.0000000E+00   2.4305126E+10   1.3600282E+10   3.7905408E+10   7.2133750E-07   7.8583256E-07   4.4617233E-07
   1.4492754E-02   3.9599319E+06   1.7867431E+06   5.7466750E+06   3.9801953E-04   5.4151604E-03   1.9536816E-03
   2.8985507E-02   4.0141101E+06   1.7924261E+06   5.8065362E+06   6.0991726E-04   1.9003736E-03   9.4592686E-04
   4.3478261E-02   4.0276231E+06   1.7811864E+06   5.8088094E+06   4.8772914E-03   3.8130638E-03   4.5151561E-03
   5.7971014E-02   4.1082589E+06   1.8378903E+06   5.9461492E+06   8.0896762E-03   7.2455923E-03   7.8284249E-03
   7.2463768E-02   4.1878591E+06   1.9019191E+06   6.0897782E+06   1.2045434E-02   1.2477495E-02   1.2178483E-02
   8.6956522E-02   4.2563332E+06   1.8863855E+06   6.1427187E+06   1.7249887E-02   1.6122005E-02   1.6902988E-02
   1.0144928E-01   4.4065636E+06   1.9300636E+06   6.3366271E+06   2.3990198E-02   2.5540501E-02   2.4460758E-02
   1.1594203E-01   4.5202782E+06   2.0229675E+06   6.5432457E+06   3.0148962E-02   3.1590990E-02   3.0589918E-02
   1.3043478E-01   4.6580600E+06   2.0712311E+06   6.7292911E+06   3.5165840E-02   3.6045778E-02   3.5433244E-02
   1.4492754E-01   4.7046355E+06   2.0772593E+06   6.7818949E+06   3.6743986E-02   3.7673776E-02   3.7028575E-02
   1.5942029E-01   4.7417784E+06   2.1188384E+06   6.8606168E+06   3.6685764E-02   3.6503126E-02   3.6628925E-02
   1.7391304E-01   4.7416636E+06   2.0938790E+06   6.8355426E+06   3.4578013E-02   3.4276465E-02   3.4485195E-02
   1.8840580E-01   4.6560005E+06   2.0865154E+06   6.7425159E+06   2.9391972E-02   2.9608130E-02   2.9458862E-02
   2.0289855E-01   4.5309948E+06   1.9896542E+06   6.5206489E+06   2.4329314E-02   2.4462741E-02   2.4369814E-02
   2.1739130E-01   4.3469838E+06   1.9165181E+06   6.2635019E+06   1.9718852E-02   1.9602781E-02   1.9682966E-02
   2.3188406E-01   4.1556174E+06   1.8158212E+06   5.9714387E+06   1.4573296E-02   1.4505113E-02   1.4552533E-02
   2.4637681E-01   3.9513294E+06   1.7044172E+06   5.6557466E+06   1.0484021E-02   1.1184302E-02   1.0695017E-02
   2.6086957E-01   3.6930823E+06   1.6099800E+06   5.3030623E+06   7.5307282E-03   7.0210025E-03   7.3759713E-03
   2.7536232E-01   3.4389281E+06   1.4973674E+06   4.9362956E+06   5.0539674E-03   5.4724978E-03   5.1777943E-03
   2.8985507E-01   3.1705976E+06   1.3598343E+06   4.5304319E+06   3.5774138E-03   3.2118248E-03   3.4590852E-03
   3.0434783E-01   2.8895026E+06   1.2458274E+06   4.1353299E+06   2.4508547E-03   2.2057840E-03   2.3667856E-03
   3.1884058E-01   2.6206323E+06   1.1116342E+06   3.7322665E+06   1.6681170E-03   1.2599045E-03   1.5463506E-03
   3.3333333E-01   2.3563634E+06   1.0000806E+06   3.3564441E+06   1.2107576E-03   8.9688200E-04   1.1155569E-03
   3.4782609E-01   2.1127277E+06   8.8402613E+05   2.9967539E+06   8.3368832E-04   8.4174380E-04   8.1104029E-04
   3.6231884E-01   1.8991912E+06   7.8889482E+05   2.6880860E+06   5.7347655E-04   6.6337480E-04   5.8870162E-04
   3.7681159E-01   1.7367908E+06   7.1262221E+05   2.4494130E+06   5.8160436E-04   4.3819342E-04   5.3041697E-04
   3.9130435E-01   1.5677011E+06   6.3616204E+05   2.2038631E+06   4.8455979E-04   4.2029445E-04   4.6473716E-04
   4.0579710E-01   1.4289831E+06   5.8383612E+05   2.0128193E+06   3.6845143E-04   2.6295343E-04   2.3721354E-04
   4.2028986E-01   1.3205521E+06   5.3404759E+05   1.8545997E+06   2.6019252E-04   2.8969518E-04   2.6771349E-04
   4.3478261E-01   1.2246540E+06   4.8934635E+05   1.7140004E+06   2.2320471E-04   1.4040757E-04   1.9889821E-04
   4.4927536E-01   1.1316675E+06   4.5202660E+05   1.5836941E+06   4.2859125E-04   6.5054756E-04   4.4179045E-04
   4.6376812E-01   1.0555272E+06   4.0943828E+05   1.4649655E+06   2.8309371E-04   8.4372841E-04   3.9068513E-04
   4.7826087E-01   9.8170528E+05   3.8681310E+05   1.3685184E+06   3.2899512E-04   8.0662789E-04   4.3401134E-04
   4.9275362E-01   9.2744741E+05   3.6054894E+05   1.2879964E+06   3.9501624E-04   5.4415635E-04   3.9022259E-04
   5.0724638E-01   8.6639612E+05   3.3634849E+05   1.2027446E+06   8.0562205E-05   6.3756445E-04   2.3628848E-04
   5.2173913E-01   8.0530571E+05   3.0856722E+05   1.1138729E+06   2.7087634E-04   4.4471245E-04   1.5983147E-04
   5.3623188E-01   7.5859682E+05   2.8847240E+05   1.0470692E+06   3.6199170E-04   6.8732251E-05   2.8086050E-04
   5.5072464E-01   7.1957068E+05   2.7727181E+05   9.9684249E+05   3.7587142E-04   3.4580829E-04   3.6684343E-04
   5.6521739E-01   6.6803232E+05   2.5384179E+05   9.2187411E+05   7.0575210E-04   5.9591711E-04   6.7331150E-04
   5.7971014E-01   6.2333314E+05   2.3946374E+05   8.6279688E+05   1.3802612E-04   4.3366361E-04   1.8751264E-04
   5.9420290E-01   5.9060954E+05   2.2586098E+05   8.1647052E+05   2.4486882E-04   3.1107263E-04   1.0162557E-04
   6.0869565E-01   5.5637718E+05   2.0893687E+05   7.6531405E+05   3.7447831E-04   4.6853388E-04   1.7878008E-04
   6.2318841E-01   5.1843287E+05   1.9316999E+05   7.1160286E+05   2.7405912E-04   1.7852862E-04   1.8771284E-04
   6.3768116E-01   4.9366545E+05   1.8440555E+05   6.7807100E+05   2.5488504E-04   4.6275507E-04   6.3551530E-05
   6.5217391E-01   4.6461046E+05   1.6892476E+05   6.3353522E+05   2.9894996E-04   9.0107617E-04   4.5946201E-04
   6.6666667E-01   4.3217347E+05   1.5935532E+05   5.9152879E+05   3.8191286E-04   5.4879660E-04   4.2664865E-04
   6.8115942E-01   4.0222920E+05   1.4725887E+05   5.4948807E+05   6.3691311E-04   7.2482429E-04   6.1933090E-04
   6.9565217E-01   3.7937350E+05   1.3868160E+05   5.1805510E+05   3.0438403E-04   7.0326716E-04   2.0637166E-04
   7.1014493E-01   3.5905894E+05   1.3016061E+05   4.8921955E+05   6.8880190E-04   1.0718903E-03   7.1097692E-04
   7.2463768E-01   3.2872133E+05   1.2069230E+05   4.4941363E+05   4.3177780E-04   8.2132528E-04   4.0998354E-04
   7.3913043E-01   3.1319783E+05   1.0927752E+05   4.2247535E+05   4.9409985E-04   8.6262228E-04   2.9652960E-04
   7.5362319E-01   2.8828966E+05   1.0246931E+05   3.9075898E+05   3.6982078E-04   1.4129834E-03   6.3010880E-04
   7.6811594E-01   2.6638019E+05   9.6790139E+04   3.6317033E+05   4.8057514E-04   1.4862113E-03   6.9711054E-04
   7.8260870E-01   2.4926730E+05   8.8346484E+04   3.3761379E+05   8.1429632E-04   1.1822864E-03   8.1117628E-04
   7.9710145E-01   2.3069638E+05   8.1518690E+04   3.1221507E+05   1.3474195E-03   1.4483437E-03   1.2309095E-03
   8.1159420E-01   2.1583318E+05   7.5584234E+04   2.9141741E+05   7.4835726E-04   2.6696931E-04   6.2285676E-04
   8.2608696E-01   1.9475162E+05   6.7531620E+04   2.6228324E+05   1.3946692E-03   1.4332748E-03   1.1626946E-03
   8.4057971E-01   1.7879973E+05   6.2056022E+04   2.4085575E+05   1.0876308E-03   3.1856764E-03   1.3746301E-03
   8.5507246E-01   1.6378671E+05   5.6881623E+04   2.2066833E+05   1.3365970E-03   6.3951071E-04   1.1552338E-03
   8.6956522E-01   1.4653365E+05   5.0679955E+04   1.9721360E+05   1.6554045E-03   2.2283456E-03   1.6223685E-03
   8.8405797E-01   1.3016922E+05   4.5190919E+04   1.7536014E+05   1.9680597E-03   2.8237683E-03   2.0844421E-03
   8.9855072E-01   1.1308609E+05   3.9292314E+04   1.5237840E+05   1.9533243E-03   4.2360626E-03   2.5295727E-03
   9.1304348E-01   1.0003327E+05   3.5300907E+04   1.3533418E+05   1.5092599E-03   7.5526197E-04   1.2078542E-03
   9.2753623E-01   8.7530427E+04   3.0143712E+04   1.1767414E+05   2.7256901E-03   1.9636072E-03   2.4658789E-03
   9.4202899E-01   7.3442171E+04   2.6229347E+04   9.9671518E+04   1.2247094E-03   3.8657663E-03   1.8612215E-03
   9.5652174E-01   6.2892145E+04   2.2307309E+04   8.5199454E+04   5.3764397E-03   3.4459443E-03   4.2077002E-03
   9.7101449E-01   4.8913599E+04   1.6896397E+04   6.5809996E+04   4.0078724E-03   3.1822614E-03   3.7789017E-03
   9.8550725E-01   3.2682966E+04   1.1321478E+04   4.4004444E+04   3.6495805E-03   2.8104430E-03   3.4148934E-03
   1.0000000E+00   1.5603358E+04   5.7117480E+03   2.1315106E+04   2.7162401E-02   2.1807188E-02   2.5692865E-02
