   0.0000000E+00   2.4523742E+10   1.3694702E+10   3.8218444E+10   6.2367871E-07   9.7044527E-07   7.1918915E-07
   1.4492754E-02   3.9659938E+06   1.8162948E+06   5.7822886E+06   1.0826167E-03   3.1484155E-03   1.4939869E-03
   2.8985507E-02   4.0410097E+06   1.7606012E+06   5.8016109E+06   1.2198541E-03   1.1541437E-03   8.3803748E-04
   4.3478261E-02   4.0258550E+06   1.7705781E+06   5.7964331E+06   4.0169267E-03   3.6331296E-03   3.8731220E-03
   5.7971014E-02   4.0908309E+06   1.8287975E+06   5.9196284E+06   6.8399964E-03   8.4854541E-03   7.3478467E-03
   7.2463768E-02   4.2278676E+06   1.8658508E+06   6.0937184E+06   1.1903007E-02   1.3496714E-02   1.2390261E-02
   8.6956522E-02   4.2809597E+06   1.8886587E+06   6.1696184E+06   1.8361507E-02   1.8167163E-02   1.8299145E-02
   1.0144928E-01   4.3555787E+06   1.9634040E+06   6.3189827E+06   2.3881757E-02   2.3392568E-02   2.3727475E-02
   1.1594203E-01   4.4716883E+06   1.9945524E+06   6.4662407E+06   3.0403022E-02   3.2303993E-02   3.0988166E-02
   1.3043478E-01   4.6097332E+06   2.0416794E+06   6.6514126E+06   3.4998704E-02   3.6279430E-02   3.5390822E-02
   1.4492754E-01   4.6490177E+06   2.1029466E+06   6.7519643E+06   3.7524926E-02   3.8140027E-02   3.7716029E-02
   1.5942029E-01   4.6967275E+06   2.0726165E+06   6.7693440E+06   3.7612634E-02   3.8902651E-02   3.8006338E-02
   1.7391304E-01   4.6582494E+06   2.0799241E+06   6.7381735E+06   3.5863483E-02   3.5414370E-02   3.5723245E-02
   1.8840580E-01   4.5897277E+06   2.0240313E+06   6.6137589E+06   3.1952770E-02   3.2195524E-02   3.2026915E-02
   2.0289855E-01   4.4653964E+06   1.9780716E+06   6.4434680E+06   2.8238503E-02   2.5994146E-02   2.7549501E-02
   2.1739130E-01   4.3017217E+06   1.9025253E+06   6.2042469E+06   2.3345333E-02   2.3550775E-02   2.3407911E-02
   2.3188406E-01   4.0891260E+06   1.8099488E+06   5.8990748E+06   1.8654592E-02   1.8783308E-02   1.8694011E-02
   2.4637681E-01   3.8969506E+06   1.6836018E+06   5.5805524E+06   1.4814387E-02   1.5090966E-02   1.4894710E-02
   2.6086957E-01   3.6697609E+06   1.5934361E+06   5.2631969E+06   1.1439297E-02   1.1739020E-02   1.1521285E-02
   2.7536232E-01   3.3892365E+06   1.4770282E+06   4.8662647E+06   9.4995606E-03   9.0306910E-03   9.3571324E-03
   2.8985507E-01   3.1579434E+06   1.3401331E+06   4.4980765E+06   7.7175304E-03   7.0576589E-03   7.5208914E-03
   3.0434783E-01   2.8761520E+06   1.2273169E+06   4.1034689E+06   6.1656429E-03   6.1931774E-03   6.1738749E-03
   3.1884058E-01   2.6096107E+06   1.1037124E+06   3.7133231E+06   5.1596599E-03   5.4203809E-03   5.2361341E-03
   3.3333333E-01   2.3569235E+06   9.8528830E+05   3.3422118E+06   4.1181538E-03   4.5468891E-03   4.2412837E-03
   3.4782609E-01   2.1180950E+06   8.8592047E+05   3.0040155E+06   3.4624292E-03   3.5458354E-03   3.4858575E-03
   3.6231884E-01   1.9071323E+06   7.8428778E+05   2.6914201E+06   3.2562247E-03   3.3439296E-03   3.2649334E-03
   3.7681159E-01   1.7113192E+06   7.0481169E+05   2.4161308E+06   2.7538995E-03   2.8924464E-03   2.7943146E-03
   3.9130435E-01   1.5730333E+06   6.4413231E+05   2.2171656E+06   2.5050402E-03   1.9811185E-03   2.3523752E-03
   4.0579710E-01   1.4315540E+06   5.8134641E+05   2.0129004E+06   2.3119137E-03   2.1626170E-03   2.2657452E-03
   4.2028986E-01   1.3247328E+06   5.2748925E+05   1.8522220E+06   1.7213560E-03   2.3375408E-03   1.8935976E-03
   4.3478261E-01   1.2137174E+06   4.8255198E+05   1.6962693E+06   1.8775672E-03   2.0082253E-03   1.9106216E-03
   4.4927536E-01   1.1325719E+06   4.3899841E+05   1.5715703E+06   1.7060839E-03   8.9880628E-04   1.4805060E-03
   4.6376812E-01   1.0365364E+06   4.1261130E+05   1.4491477E+06   1.2593328E-03   2.0183685E-03   1.4745401E-03
   4.7826087E-01   9.7261244E+05   3.8366734E+05   1.3562798E+06   1.7893077E-03   1.6687869E-03   1.7212989E-03
   4.9275362E-01   9.0964060E+05   3.5974663E+05   1.2693872E+06   1.8227883E-03   1.1370824E-03   1.6130587E-03
   5.0724638E-01   8.5026716E+05   3.3004845E+05   1.1803156E+06   1.0429895E-03   2.9646551E-04   7.9705215E-04
   5.2173913E-01   7.9438167E+05   3.0966172E+05   1.1040434E+06   1.2705012E-03   1.3308343E-03   1.2278700E-03
   5.3623188E-01   7.4700549E+05   2.8374167E+05   1.0307472E+06   1.8899380E-03   1.9668550E-03   1.8821272E-03
   5.5072464E-01   7.0066715E+05   2.6841825E+05   9.6908540E+05   1.2273793E-03   1.7174847E-03   1.3545929E-03
   5.6521739E-01   6.5252786E+05   2.5116057E+05   9.0368843E+05   1.7869432E-03   2.3497970E-03   1.9390934E-03
   5.7971014E-01   6.2265118E+05   2.3264411E+05   8.5529528E+05   1.5756663E-03   2.3817289E-03   1.6909152E-03
   5.9420290E-01   5.8197874E+05   2.1985453E+05   8.0183326E+05   1.0504739E-03   7.2581644E-04   9.3197703E-04
   6.0869565E-01   5.4187194E+05   2.0691624E+05   7.4878817E+05   1.4945006E-03   1.9278400E-03   1.5879003E-03
   6.2318841E-01   5.0715492E+05   1.8744291E+05   6.9459783E+05   1.5510733E-03   1.5793388E-03   1.5454252E-03
   6.3768116E-01   4.7484258E+05   1.7663875E+05   6.5148134E+05   1.9931283E-03   2.2410488E-03   2.0072603E-03
   6.5217391E-01   4.4991037E+05   1.6368796E+05   6.1359833E+05   1.0759113E-03   2.2293701E-03   1.3835848E-03
   6.6666667E-01   4.1996732E+05   1.5487479E+05   5.7484211E+05   1.7691044E-03   2.8275012E-03   2.0398484E-03
   6.8115942E-01   3.9463571E+05   1.4566279E+05   5.4029850E+05   1.7609609E-03   1.9845606E-03   1.7759468E-03
   6.9565217E-01   3.7013858E+05   1.3451405E+05   5.0465263E+05   2.5971407E-03   2.2475427E-03   2.4935319E-03
   7.1014493E-01   3.4780114E+05   1.2383582E+05   4.7163696E+05   1.8733640E-03   2.0941576E-03   1.9278843E-03
   7.2463768E-01   3.2064386E+05   1.1611557E+05   4.3675942E+05   2.1226446E-03   2.0009373E-03   2.0820171E-03
   7.3913043E-01   2.9669106E+05   1.0620200E+05   4.0289305E+05   2.4063599E-03   2.5753025E-03   2.2696939E-03
   7.5362319E-01   2.7953198E+05   9.9190646E+04   3.7872262E+05   1.7849526E-03   3.7769980E-03   2.2842746E-03
   7.6811594E-01   2.6007525E+05   9.3687707E+04   3.5376295E+05   2.2889050E-03   2.0399517E-03   2.2191489E-03
   7.8260870E-01   2.4037091E+05   8.7701005E+04   3.2807192E+05   3.3392353E-03   3.5088535E-03   3.3272006E-03
   7.9710145E-01   2.2218217E+05   7.9507244E+04   3.0168942E+05   3.8717847E-03   2.6260817E-03   3.5079566E-03
   8.1159420E-01   2.0220745E+05   7.2350322E+04   2.7455777E+05   2.9224986E-03   3.4530401E-03   3.0609967E-03
   8.2608696E-01   1.8716096E+05   6.5417934E+04   2.5257889E+05   3.3363048E-03   3.5389060E-03   3.3658736E-03
   8.4057971E-01   1.6803464E+05   6.0318453E+04   2.2835309E+05   4.4526447E-03   3.0259976E-03   4.0739255E-03
   8.5507246E-01   1.5014745E+05   5.2797551E+04   2.0294500E+05   4.5907009E-03   2.4641614E-03   3.9094162E-03
   8.6956522E-01   1.3696091E+05   4.7522719E+04   1.8448362E+05   5.7093813E-03   3.2720094E-03   5.0296603E-03
   8.8405797E-01   1.2040560E+05   4.1787315E+04   1.6219292E+05   5.6279946E-03   5.5681523E-03   5.5278806E-03
   8.9855072E-01   1.0636423E+05   3.6664678E+04   1.4302891E+05   6.4138142E-03   6.8485152E-03   6.5245698E-03
   9.1304348E-01   9.3165529E+04   3.2558622E+04   1.2572415E+05   9.8030444E-03   7.1635123E-03   8.9842555E-03
   9.2753623E-01   8.2119713E+04   2.7716587E+04   1.0983630E+05   1.0273227E-02   1.2205800E-02   1.0757566E-02
   9.4202899E-01   6.8452766E+04   2.2382376E+04   9.0835142E+04   9.4629557E-03   1.1309932E-02   9.8197076E-03
   9.5652174E-01   5.7507622E+04   1.9747077E+04   7.7254699E+04   1.4817145E-02   1.1314276E-02   1.3920271E-02
   9.7101449E-01   4.5633844E+04   1.5855923E+04   6.1489766E+04   1.6974574E-02   2.1635471E-02   1.8174508E-02
   9.8550725E-01   3.3685853E+04   1.1566628E+04   4.5252480E+04   2.7119719E-02   2.2549264E-02   2.5950369E-02
   1.0000000E+00   1.5603358E+04   5.4272548E+03   2.1030612E+04   2.5943940E-02   4.2265225E-02   3.0149165E-02
