   0.0000000E+00   1.8755498E+07   9.5414203E+06   2.8296919E+07   1.0029216E-03   5.8653858E-04   5.4472597E-04
   1.4492754E-02   1.9087387E+07   9.5088376E+06   2.8596225E+07   2.2172389E-04   2.9985683E-04   1.4638876E-04
   2.8985507E-02   1.9137398E+07   9.6433359E+06   2.8780734E+07   3.4158584E-04   1.5708497E-04   2.6070654E-04
   4.3478261E-02   1.9571581E+07   9.7689939E+06   2.9340827E+07   1.7530419E-04   8.5394870E-05   9.0654034E-05
   5.7971014E-02   1.9810268E+07   1.0038496E+07   2.9848953E+07   1.4607924E-04   9.0822936E-05   1.2286509E-04
   7.2463768E-02   2.0450252E+07   1.0219140E+07   3.0669998E+07   5.5896983E-05   1.7268069E-04   7.2480890E-05
   8.6956522E-02   2.0909112E+07   1.0503998E+07   3.1412985E+07   1.0298107E-04   9.3470767E-05   5.5054088E-05
   1.0144928E-01   2.1411365E+07   1.0804676E+07   3.2216149E+07   2.1448551E-04   2.4972609E-04   7.9489192E-05
   1.1594203E-01   2.2143623E+07   1.1113250E+07   3.3256211E+07   6.5067101E-05   1.3213893E-04   8.3050335E-05
   1.3043478E-01   2.2651780E+07   1.1464893E+07   3.4116252E+07   5.5357632E-05   4.1524535E-05   4.0657526E-05
   1.4492754E-01   2.3356854E+07   1.1796975E+07   3.5152390E+07   9.5875270E-05   7.8587476E-05   5.4223364E-05
   1.5942029E-01   2.4144659E+07   1.2147070E+07   3.6292005E+07   7.2027118E-05   1.1923769E-04   7.9286818E-05
   1.7391304E-01   2.4994639E+07   1.2566873E+07   3.7561007E+07   1.1316465E-04   1.0982933E-04   5.5920084E-05
   1.8840580E-01   2.5565336E+07   1.2896678E+07   3.8461199E+07   2.8481434E-05   8.9758299E-05   1.2718393E-05
   2.0289855E-01   2.5304725E+07   1.2723698E+07   3.8028585E+07   1.9255820E-05   5.4828469E-05   3.0319632E-05
   2.1739130E-01   2.2724624E+07   1.1435459E+07   3.4159679E+07   3.1919165E-05   1.6611978E-04   5.8333094E-05
   2.3188406E-01   1.8706198E+07   9.4081534E+06   2.8113878E+07   9.2445652E-05   4.3169277E-05   7.1062792E-05
   2.4637681E-01   1.4956296E+07   7.5162130E+06   2.2472331E+07   6.1935449E-05   1.2930228E-04   6.3330495E-05
   2.6086957E-01   1.2298108E+07   6.1604413E+06   1.8457876E+07   6.1865841E-05   1.2583596E-04   8.1423018E-05
   2.7536232E-01   1.0383186E+07   5.1887814E+06   1.5572207E+07   2.0778889E-04   3.0565744E-04   2.1662842E-04
   2.8985507E-01   8.9220085E+06   4.4275691E+06   1.3349312E+07   7.3570307E-05   1.0869931E-04   8.3782483E-05
   3.0434783E-01   7.6914603E+06   3.8353744E+06   1.1526474E+07   1.5166753E-04   2.6092618E-04   1.7924532E-04
   3.1884058E-01   6.7298728E+06   3.3532259E+06   1.0082927E+07   1.4074180E-04   2.1239254E-04   1.2331270E-04
   3.3333333E-01   5.7962903E+06   2.9075345E+06   8.7037259E+06   1.1488254E-04   3.5185126E-04   1.8998272E-04
   3.4782609E-01   5.0611759E+06   2.5240840E+06   7.5853231E+06   2.4141510E-04   6.4261866E-04   3.7315982E-04
   3.6231884E-01   4.3553189E+06   2.1559427E+06   6.5113223E+06   3.4875242E-04   4.5395434E-04   3.8217815E-04
   3.7681159E-01   3.7043706E+06   1.8331399E+06   5.5374231E+06   1.5865137E-04   2.2563331E-04   1.7699311E-04
   3.9130435E-01   3.1269828E+06   1.5609095E+06   4.6878082E+06   3.6998222E-04   2.8058511E-04   2.8735523E-04
   4.0579710E-01   2.5891862E+06   1.2847155E+06   3.8738476E+06   7.5626916E-04   5.3150692E-04   6.8122930E-04
   4.2028986E-01   2.0852652E+06   1.0176142E+06   3.1028533E+06   6.8853429E-04   4.9165483E-04   5.9255553E-04
   4.3478261E-01   1.5936718E+06   7.8941008E+05   2.3830819E+06   9.0897742E-04   7.6990877E-04   8.6223348E-04
   4.4927536E-01   1.1541307E+06   5.6920691E+05   1.7233377E+06   3.1585826E-04   1.3400936E-03   4.5987259E-04
   4.6376812E-01   7.1897372E+05   3.5436030E+05   1.0733340E+06   1.7271204E-03   1.6778146E-03   1.3985613E-03
   4.7826087E-01   3.3530996E+05   1.6068610E+05   4.9599606E+05   3.7521780E-03   5.2710675E-03   4.2120664E-03
   4.9275362E-01   8.9034060E+04   4.2477827E+04   1.3151189E+05   2.0695288E-02   1.7065929E-02   1.9478280E-02
   5.0724638E-01   1.4396997E+04   6.5598347E+03   2.0956832E+04   6.1960374E-02   6.3469360E-02   6.2176676E-02
   5.2173913E-01   9.1559849E+03   4.1675518E+03   1.3323537E+04   1.0040294E-01   1.0064708E-01   1.0037871E-01
   5.3623188E-01   9.7686594E+03   4.0753946E+03   1.3844054E+04   1.2484980E-01   1.1428432E-01   1.2150822E-01
   5.5072464E-01   9.9103982E+03   4.0080282E+03   1.3918426E+04   1.2052380E-01   1.0713308E-01   1.1663080E-01
   5.6521739E-01   9.6174271E+03   4.4298452E+03   1.4047272E+04   1.4517529E-01   1.2702565E-01   1.3931862E-01
   5.7971014E-01   9.1875573E+03   4.0538913E+03   1.3241449E+04   1.4488276E-01   1.3947729E-01   1.4321754E-01
   5.9420290E-01   8.1502897E+03   3.6408324E+03   1.1791122E+04   1.6311564E-01   1.6090914E-01   1.6163713E-01
   6.0869565E-01   8.0103592E+03   3.7526007E+03   1.1762960E+04   1.7788968E-01   1.7737638E-01   1.7752015E-01
   6.2318841E-01   7.1192005E+03   3.2247864E+03   1.0343987E+04   1.7681127E-01   1.6646054E-01   1.7351547E-01
   6.3768116E-01   6.1307786E+03   3.3237086E+03   9.4544873E+03   1.9822557E-01   1.9079432E-01   1.9561005E-01
   6.5217391E-01   5.4051883E+03   2.2732101E+03   7.6783984E+03   1.9114674E-01   1.9857172E-01   1.9321506E-01
   6.6666667E-01   4.4640574E+03   2.1249572E+03   6.5890146E+03   2.2345830E-01   2.1391151E-01   2.2033211E-01
   6.8115942E-01   4.2078569E+03   1.9346469E+03   6.1425038E+03   2.1529479E-01   2.0109415E-01   2.1044717E-01
   6.9565217E-01   3.0151606E+03   1.6575490E+03   4.6727096E+03   2.3245511E-01   2.2811216E-01   2.3056768E-01
   7.1014493E-01   3.2783710E+03   1.4072253E+03   4.6855962E+03   2.2614609E-01   2.3588957E-01   2.2892478E-01
   7.2463768E-01   2.7430068E+03   1.3184618E+03   4.0614686E+03   2.6081442E-01   2.2966124E-01   2.5048621E-01
   7.3913043E-01   2.7932254E+03   1.0697459E+03   3.8629713E+03   2.6359130E-01   2.5526888E-01   2.6123861E-01
   7.5362319E-01   2.2440663E+03   1.0783176E+03   3.3223839E+03   2.6401534E-01   2.5584530E-01   2.6134600E-01
   7.6811594E-01   2.0730532E+03   8.1492436E+02   2.8879776E+03   2.5406942E-01   2.7953597E-01   2.6097147E-01
   7.8260870E-01   1.9364382E+03   7.8580101E+02   2.7222392E+03   2.9159036E-01   2.9306249E-01   2.9198426E-01
   7.9710145E-01   1.3777031E+03   6.8885153E+02   2.0665546E+03   2.7596191E-01   2.8050530E-01   2.7741999E-01
   8.1159420E-01   1.2854462E+03   5.0064745E+02   1.7860936E+03   2.8541176E-01   2.8257579E-01   2.8416249E-01
   8.2608696E-01   1.2363072E+03   4.7857054E+02   1.7148778E+03   3.0254963E-01   3.1081542E-01   3.0414330E-01
   8.4057971E-01   1.0320896E+03   5.0951260E+02   1.5416022E+03   3.1187458E-01   3.2954510E-01   3.1767042E-01
   8.5507246E-01   1.0274396E+03   3.5960385E+02   1.3870434E+03   3.1773806E-01   3.0574024E-01   3.1460644E-01
   8.6956522E-01   8.5876824E+02   4.6727096E+02   1.3260392E+03   2.8690073E-01   3.4403754E-01   3.0703243E-01
   8.8405797E-01   7.0804903E+02   2.3601634E+02   9.4406538E+02   3.3840809E-01   3.2660028E-01   3.3541303E-01
   8.9855072E-01   6.8440733E+02   2.9331743E+02   9.7772475E+02   3.2475366E-01   3.2904822E-01   3.2509654E-01
   9.1304348E-01   6.7354372E+02   2.2852376E+02   9.0206748E+02   3.2523481E-01   3.3810136E-01   3.2843421E-01
   9.2753623E-01   4.7358543E+02   2.2495308E+02   6.9853851E+02   3.3327663E-01   3.3393979E-01   3.3348019E-01
   9.4202899E-01   2.5646472E+02   2.0983477E+02   4.6629950E+02   3.6025495E-01   3.6510735E-01   3.6154281E-01
   9.5652174E-01   2.0665546E+02   1.6073202E+02   3.6738748E+02   3.3486443E-01   3.5409190E-01   3.4289276E-01
   9.7101449E-01   1.8095204E+02   7.9166519E+01   2.6011856E+02   3.5321951E-01   3.6463972E-01   3.5263068E-01
   9.8550725E-01   1.7829098E+02   1.3371824E+02   3.1200922E+02   3.4892170E-01   3.6792791E-01   3.5668426E-01
   1.0000000E+00   0.0000000E+00   2.1884092E+01   2.1884092E+01   0.0000000E+00   3.7510557E-01   3.7510557E-01
