   0.0000000E+00   1.9507173E+07   9.9111958E+06   2.9418369E+07   3.0524142E-03   1.7212283E-03   1.6744953E-03
   1.4492754E-02   2.0014857E+07   9.9521136E+06   2.9966970E+07   8.3722447E-04   1.0261966E-03   8.8408938E-04
   2.8985507E-02   2.0064867E+07   1.0018794E+07   3.0083662E+07   1.1221334E-03   5.8558058E-04   5.8707008E-04
   4.3478261E-02   2.0370993E+07   1.0122857E+07   3.0493850E+07   1.9048059E-04   4.5034841E-04   7.5257208E-05
   5.7971014E-02   2.0460785E+07   1.0264491E+07   3.0725275E+07   5.9590136E-04   1.8505498E-04   4.4860769E-04
   7.2463768E-02   2.0588160E+07   1.0356290E+07   3.0944299E+07   9.9647562E-04   4.4050997E-04   7.0192993E-04
   8.6956522E-02   2.0880318E+07   1.0544916E+07   3.1425108E+07   3.5796049E-04   1.4205954E-04   1.9017677E-04
   1.0144928E-01   2.1203204E+07   1.0632994E+07   3.1836199E+07   2.1953792E-04   6.5785745E-04   3.6564423E-04
   1.1594203E-01   2.1336160E+07   1.0700094E+07   3.2036255E+07   2.2111833E-04   6.9609390E-05   1.2542047E-04
   1.3043478E-01   2.1538749E+07   1.0826037E+07   3.2364870E+07   6.7401553E-04   1.1796691E-04   4.8016318E-04
   1.4492754E-01   2.1820392E+07   1.0994305E+07   3.2814696E+07   1.0163950E-03   1.2584130E-04   6.7768306E-04
   1.5942029E-01   2.2116543E+07   1.1171794E+07   3.3288199E+07   7.2904897E-04   2.6751095E-04   5.5938557E-04
   1.7391304E-01   2.2288509E+07   1.1322417E+07   3.3610863E+07   1.5184571E-03   1.9807906E-04   1.0715179E-03
   1.8840580E-01   2.2403243E+07   1.1340520E+07   3.3743647E+07   1.2075042E-03   3.8195193E-04   9.0958115E-04
   2.0289855E-01   2.1948168E+07   1.1143276E+07   3.3091065E+07   1.7038354E-03   5.3369487E-04   1.3085720E-03
   2.1739130E-01   2.0047692E+07   1.0135637E+07   3.0183279E+07   2.6370246E-03   9.4221826E-04   2.0674284E-03
   2.3188406E-01   1.7260200E+07   8.6865039E+06   2.5946609E+07   3.7529496E-03   1.1885811E-03   2.8944264E-03
   2.4637681E-01   1.4587635E+07   7.3330190E+06   2.1920654E+07   4.9272268E-03   1.3811730E-03   3.7404855E-03
   2.6086957E-01   1.2547867E+07   6.3068950E+06   1.8854720E+07   6.7983851E-03   1.9237411E-03   5.1675400E-03
   2.7536232E-01   1.0995956E+07   5.4887654E+06   1.6484601E+07   8.3063114E-03   2.4516783E-03   6.3570809E-03
   2.8985507E-01   9.7071373E+06   4.8348905E+06   1.4541914E+07   1.0406990E-02   2.9584238E-03   7.9194047E-03
   3.0434783E-01   8.5879711E+06   4.2639647E+06   1.2851864E+07   1.1844528E-02   3.4257583E-03   9.0505002E-03
   3.1884058E-01   7.5857364E+06   3.7714966E+06   1.1357233E+07   1.4205726E-02   3.7926314E-03   1.0746862E-02
   3.3333333E-01   6.6920998E+06   3.2956933E+06   9.9877602E+06   1.5567308E-02   4.3496384E-03   1.1865662E-02
   3.4782609E-01   5.8558838E+06   2.9020052E+06   8.7578574E+06   1.8176930E-02   4.7839767E-03   1.3738311E-02
   3.6231884E-01   5.0726228E+06   2.5149887E+06   7.5876114E+06   2.0147690E-02   5.5303944E-03   1.5302315E-02
   3.7681159E-01   4.3733356E+06   2.1703619E+06   6.5436391E+06   2.3057321E-02   6.4939222E-03   1.7564272E-02
   3.9130435E-01   3.7481305E+06   1.8506736E+06   5.5988041E+06   2.6163651E-02   7.3216844E-03   1.9934176E-02
   4.0579710E-01   3.1347837E+06   1.5370147E+06   4.6717985E+06   2.8763089E-02   7.9264594E-03   2.1907424E-02
   4.2028986E-01   2.5706348E+06   1.2625200E+06   3.8331547E+06   3.2955042E-02   8.8295872E-03   2.5004618E-02
   4.3478261E-01   2.0614479E+06   1.0091790E+06   3.0706269E+06   3.7286840E-02   9.1363780E-03   2.8028905E-02
   4.4927536E-01   1.5551690E+06   7.5350802E+05   2.3086770E+06   4.0878351E-02   1.1412353E-02   3.1260372E-02
   4.6376812E-01   1.0849132E+06   5.2752681E+05   1.6124400E+06   4.7611808E-02   1.2791950E-02   3.6214033E-02
   4.7826087E-01   6.3493742E+05   3.0337021E+05   9.3830763E+05   5.4832783E-02   1.3164996E-02   4.1354493E-02
   4.9275362E-01   2.2317574E+05   1.0710831E+05   3.3028405E+05   6.1765143E-02   1.6562758E-02   4.7067597E-02
   5.0724638E-01   1.4829989E+04   7.0361264E+03   2.1866116E+04   5.3776226E-02   1.6053337E-02   4.1592629E-02
   5.2173913E-01   1.9785347E+03   9.4717086E+02   2.9257055E+03   1.0346017E-01   2.5205074E-02   7.6523370E-02
   5.3623188E-01   1.5359527E+03   6.9629857E+02   2.2322513E+03   9.9425965E-02   4.5264895E-02   8.0497975E-02
   5.5072464E-01   1.3958307E+03   5.3839185E+02   1.9342226E+03   1.2121466E-01   5.1477996E-02   1.0103636E-01
   5.6521739E-01   1.2823236E+03   5.4401608E+02   1.8263397E+03   8.8179778E-02   1.2082134E-02   6.1470449E-02
   5.7971014E-01   9.6611427E+02   3.7886834E+02   1.3449826E+03   1.2283808E-01   4.1633552E-02   9.2842108E-02
   5.9420290E-01   8.6862498E+02   5.3596009E+02   1.4045851E+03   1.3121530E-01   2.5456937E-02   9.0095101E-02
   6.0869565E-01   9.0206748E+02   2.3453755E+02   1.1366050E+03   1.0511899E-01   1.2547098E-05   8.3430275E-02
   6.2318841E-01   7.2249312E+02   1.9383962E+02   9.1633273E+02   1.5614074E-01   5.3529788E-02   1.3357886E-01
   6.3768116E-01   6.5440895E+02   2.9276190E+02   9.4717086E+02   1.7361392E-01   1.5777357E-02   1.2419233E-01
   6.5217391E-01   5.8935075E+02   2.8625608E+02   8.7560683E+02   1.1397317E-01   2.6458032E-02   7.4091799E-02
   6.6666667E-01   5.7653878E+02   2.3061551E+02   8.0715429E+02   1.4129744E-01   4.5059000E-02   1.0544859E-01
   6.8115942E-01   5.3202788E+02   1.7734263E+02   7.0937051E+02   1.5725375E-01   6.7629432E-02   1.3460618E-01
   6.9565217E-01   5.2094397E+02   7.8930905E+01   5.9987487E+02   1.6304257E-01   5.1316963E-02   1.4834011E-01
   7.1014493E-01   4.1752838E+02   1.5464014E+02   5.7216852E+02   1.2009356E-01   9.5031448E-02   1.1297595E-01
   7.2463768E-01   4.0917781E+02   2.1216627E+02   6.2134408E+02   1.4631966E-01   4.8433073E-02   1.1249751E-01
   7.3913043E-01   3.8629713E+02   1.1886066E+02   5.0515779E+02   1.6042732E-01   6.4297122E-02   1.3602880E-01
   7.5362319E-01   1.4571859E+02   8.7431156E+01   2.3314975E+02   1.6930715E-01   3.0780234E-02   1.0739241E-01
   7.6811594E-01   2.7164145E+02   8.5781511E+01   3.5742296E+02   2.8268637E-01   9.0474289E-07   2.1484150E-01
   7.8260870E-01   3.2273970E+02   1.1225729E+02   4.3499699E+02   1.9682607E-01   9.9772103E-06   1.4602981E-01
   7.9710145E-01   2.3420952E+02   1.5154734E+02   3.8575686E+02   1.2708948E-01   2.5583225E-02   8.5467212E-02
   8.1159420E-01   1.7590316E+02   8.1186073E+01   2.5708923E+02   1.8876597E-01   8.3604114E-02   1.4885900E-01
   8.2608696E-01   2.1269802E+02   6.6468130E+01   2.7916615E+02   1.7238263E-01   7.5802328E-02   1.4907358E-01
   8.4057971E-01   2.2209523E+02   9.1450979E+01   3.1354621E+02   2.0674233E-01   1.5374751E-05   1.4644174E-01
   8.5507246E-01   1.6695893E+02   8.9900963E+01   2.5685989E+02   1.9608820E-01   1.0968594E-01   1.6547510E-01
   8.6956522E-01   1.1366050E+02   1.2628945E+02   2.3994995E+02   2.7445567E-01   5.1081043E-02   1.4647594E-01
   8.8405797E-01   1.2421913E+02   2.4843826E+01   1.4906295E+02   1.7517295E-01   1.2551296E-01   1.6294030E-01
   8.9855072E-01   1.0999403E+02   2.4443119E+01   1.3443715E+02   2.2632360E-01   1.6370512E-05   1.8517178E-01
   9.1304348E-01   1.3230323E+02   2.4055133E+01   1.5635836E+02   2.6943732E-01   1.9037923E-06   2.2798524E-01
   9.2753623E-01   8.2877450E+01   3.5518907E+01   1.1839636E+02   2.8406489E-01   9.9996185E-07   1.9884567E-01
   9.4202899E-01   1.2823236E+02   1.1657487E+01   1.3988985E+02   2.5654516E-01   4.2985359E-01   2.7075931E-01
   9.5652174E-01   6.8885153E+01   1.1480859E+01   8.0366012E+01   3.0324133E-01   3.8816052E-01   3.0823935E-01
   9.7101449E-01   9.0476022E+01   2.2619005E+01   1.1309503E+02   2.3798093E-01   1.8981474E-01   2.2127798E-01
   9.8550725E-01   0.0000000E+00   1.1143187E+01   1.1143187E+01   0.0000000E+00   3.7283819E-01   3.7283819E-01
   1.0000000E+00   2.1884092E+01   0.0000000E+00   2.1884092E+01   4.1409911E-01   0.0000000E+00   4.1409911E-01
