   0.0000000E+00   2.1174194E+07   1.0099115E+07   3.1273308E+07   8.7855692E-04   9.0705248E-04   6.5857568E-04
   1.4492754E-02   2.0967332E+07   1.0161249E+07   3.1128581E+07   1.4322779E-04   5.2152910E-04   1.7678232E-04
   2.8985507E-02   2.0935507E+07   1.0345758E+07   3.1280507E+07   5.5946793E-04   3.6783250E-04   4.4713603E-04
   4.3478261E-02   2.1117364E+07   1.0292590E+07   3.1409448E+07   3.9064626E-05   1.6625846E-04   2.8452902E-05
   5.7971014E-02   2.1330667E+07   1.0551104E+07   3.1881582E+07   7.6888909E-05   2.5285618E-05   4.3610402E-05
   7.2463768E-02   2.1474258E+07   1.0751829E+07   3.2225480E+07   1.7322776E-04   2.4601943E-04   1.9728429E-04
   8.6956522E-02   2.1542959E+07   1.0945254E+07   3.2487960E+07   3.1977326E-05   1.1852136E-04   2.5183060E-05
   1.0144928E-01   2.1713053E+07   1.1097920E+07   3.2810323E+07   4.2784537E-05   9.4552797E-05   4.9153695E-05
   1.1594203E-01   2.1734256E+07   1.1312440E+07   3.3046128E+07   1.3558324E-04   1.4489525E-04   6.2232350E-05
   1.3043478E-01   2.1769186E+07   1.1601454E+07   3.3370050E+07   8.1652021E-05   1.1504135E-04   7.0862069E-05
   1.4492754E-01   2.1918216E+07   1.1684451E+07   3.3601909E+07   8.0223251E-05   6.3676374E-05   7.1335552E-05
   1.5942029E-01   2.1844446E+07   1.1929875E+07   3.3773426E+07   2.1296725E-04   7.1605956E-05   1.4344719E-04
   1.7391304E-01   2.1664386E+07   1.2061021E+07   3.3724271E+07   4.3057016E-05   2.1245298E-04   9.5945050E-05
   1.8840580E-01   2.1381989E+07   1.2143721E+07   3.3524369E+07   1.1039980E-04   2.3885229E-05   7.7271948E-05
   2.0289855E-01   2.0643183E+07   1.1888023E+07   3.2530610E+07   3.1067864E-05   4.2692197E-05   2.4218257E-05
   2.1739130E-01   1.9059553E+07   1.0751677E+07   2.9810321E+07   6.7983827E-05   8.2813541E-05   5.5767046E-05
   2.3188406E-01   1.6786756E+07   9.1449346E+06   2.5931028E+07   4.3040200E-05   8.4228688E-05   5.5019833E-05
   2.4637681E-01   1.4605597E+07   7.5815121E+06   2.2186753E+07   1.0558674E-04   1.1197773E-04   1.0515314E-04
   2.6086957E-01   1.2768410E+07   6.3670509E+06   1.9134704E+07   1.8443160E-04   1.3378388E-04   1.4705367E-04
   2.7536232E-01   1.1251552E+07   5.4367607E+06   1.6688034E+07   1.3519173E-04   1.1281056E-04   1.2354124E-04
   2.8985507E-01   9.9684807E+06   4.7319519E+06   1.4700054E+07   1.5051521E-04   1.6036337E-04   1.5058926E-04
   3.0434783E-01   8.8102405E+06   4.0697676E+06   1.2879683E+07   1.9669315E-04   1.3959434E-04   1.5836518E-04
   3.1884058E-01   7.7646311E+06   3.5113518E+06   1.1275776E+07   3.0772813E-04   8.6733241E-05   2.2384101E-04
   3.3333333E-01   6.7802937E+06   3.0336812E+06   9.8139420E+06   4.1180249E-04   2.2085994E-04   2.5720876E-04
   3.4782609E-01   5.9003377E+06   2.6090768E+06   8.5092567E+06   4.5514936E-04   1.5287549E-04   3.2433151E-04
   3.6231884E-01   5.0731683E+06   2.2017706E+06   7.2748784E+06   3.6912758E-04   3.3438232E-04   3.5631565E-04
   3.7681159E-01   4.3493794E+06   1.8337519E+06   6.1830731E+06   5.2358699E-04   3.6540235E-04   4.6673800E-04
   3.9130435E-01   3.6765103E+06   1.5378687E+06   5.2142948E+06   4.7491994E-04   2.9095104E-04   4.0692656E-04
   4.0579710E-01   3.0880747E+06   1.2499678E+06   4.3380425E+06   7.2859157E-04   7.1133242E-05   5.0290443E-04
   4.2028986E-01   2.5399856E+06   9.9057088E+05   3.5305565E+06   6.7030620E-04   9.7838772E-05   4.9325193E-04
   4.3478261E-01   2.0341946E+06   7.7281564E+05   2.8070103E+06   1.4511054E-03   1.9427998E-04   1.1034890E-03
   4.4927536E-01   1.5853318E+06   5.5938077E+05   2.1447126E+06   1.3466002E-03   4.0532320E-04   1.0823931E-03
   4.6376812E-01   1.1658252E+06   3.7910513E+05   1.5449304E+06   2.0429677E-03   5.4019589E-04   1.6269459E-03
   4.7826087E-01   7.7527944E+05   2.2059322E+05   9.9587266E+05   3.6116426E-03   1.3556735E-03   3.1066675E-03
   4.9275362E-01   3.7280645E+05   9.0571820E+04   4.6337827E+05   9.3096469E-03   6.5933778E-03   8.7727780E-03
   5.0724638E-01   4.9079688E+04   9.5691318E+03   5.8648819E+04   6.6033822E-02   4.6522555E-02   6.2810239E-02
   5.2173913E-01   1.1471291E+04   2.1469206E+03   1.3618212E+04   1.4191703E-01   1.2649555E-01   1.3931860E-01
   5.3623188E-01   8.7651703E+03   1.4745146E+03   1.0239685E+04   1.4646200E-01   1.5610841E-01   1.4785031E-01
   5.5072464E-01   6.6202258E+03   1.1166646E+03   7.7368904E+03   1.5164880E-01   9.9265733E-02   1.4407536E-01
   5.6521739E-01   4.7212824E+03   6.8002010E+02   5.4013025E+03   1.6985174E-01   1.5569903E-01   1.6786618E-01
   5.7971014E-01   4.2622688E+03   8.7139719E+02   5.1336660E+03   1.5925823E-01   1.6540979E-01   1.6022709E-01
   5.9420290E-01   3.0679095E+03   4.4355318E+02   3.5114627E+03   1.7330816E-01   1.3184785E-01   1.6775084E-01
   6.0869565E-01   2.6340370E+03   4.5103374E+02   3.0850708E+03   1.4561626E-01   1.3235582E-01   1.4336365E-01
   6.2318841E-01   2.2027229E+03   1.9383962E+02   2.3965625E+03   1.4952366E-01   1.4131396E-01   1.4883620E-01
   6.3768116E-01   1.9460056E+03   2.0665546E+02   2.1526610E+03   1.4443029E-01   8.3773401E-02   1.3819562E-01
   6.5217391E-01   1.5154734E+03   1.6838593E+02   1.6838593E+03   1.3749664E-01   6.5943805E-02   1.3003525E-01
   6.6666667E-01   1.5319459E+03   2.3061551E+02   1.7625614E+03   1.2403582E-01   6.9402207E-02   1.1684648E-01
   6.8115942E-01   1.2736425E+03   1.4509851E+02   1.4187410E+03   1.0471166E-01   1.7418198E-01   1.1158519E-01
   6.9565217E-01   1.1208188E+03   6.3144724E+01   1.1839636E+03   1.1007592E-01   6.0828018E-02   1.0662923E-01
   7.1014493E-01   7.2680866E+02   9.2784084E+01   8.1959274E+02   1.2273725E-01   1.7925333E-01   1.2655940E-01
   7.2463768E-01   6.9711775E+02   9.0928402E+01   7.8804615E+02   1.2177883E-01   7.1418155E-02   1.1310307E-01
   7.3913043E-01   6.9830636E+02   5.9430328E+01   7.5773668E+02   6.8003861E-02   6.6203851E-06   6.2670583E-02
   7.5362319E-01   4.5172764E+02   4.3715578E+01   4.9544322E+02   1.0899310E-01   1.9977782E-05   9.9374313E-02
   7.6811594E-01   4.2890756E+02   2.8593837E+01   4.5750139E+02   1.4621750E-01   3.5711711E-01   1.5785660E-01
   7.8260870E-01   2.6661106E+02   5.6128643E+01   3.2273970E+02   1.0179016E-01   4.0670439E-06   8.4088119E-02
   7.9710145E-01   2.0665546E+02   1.3777031E+01   2.2043249E+02   1.2134331E-01   2.5739403E-05   1.1375819E-01
   8.1159420E-01   1.7590316E+02   2.7062024E+01   2.0296518E+02   7.3804111E-02   1.8720851E-01   8.8908162E-02
   8.2608696E-01   2.5257889E+02   1.3293626E+01   2.6587252E+02   9.7783894E-02   9.3444268E-05   9.2899097E-02
   8.4057971E-01   1.0451540E+02   1.3064426E+01   1.1757983E+02   8.2948492E-02   1.3096969E-05   7.3733381E-02
   8.5507246E-01   8.9900963E+01   1.2842995E+01   1.0274396E+02   1.7124677E-01   4.2842567E-01   2.0106330E-01
   8.6956522E-01   1.0103156E+02   0.0000000E+00   1.0103156E+02   4.4126315E-02   0.0000000E+00   4.4126315E-02
   8.8405797E-01   6.2109564E+01   0.0000000E+00   6.2109564E+01   8.2305312E-02   0.0000000E+00   8.2305312E-02
   8.9855072E-01   8.5550916E+01   1.2221559E+01   9.7772475E+01   8.5147261E-02   6.2667607E-06   7.4503139E-02
   9.1304348E-01   1.2027566E+01   0.0000000E+00   1.2027566E+01   1.2764575E-06   0.0000000E+00   1.2764575E-06
   9.2753623E-01   2.3679271E+01   1.1839636E+01   3.5518907E+01   1.4293756E-05   3.8302671E-06   8.3717536E-06
   9.4202899E-01   3.4972462E+01   0.0000000E+00   3.4972462E+01   2.8158774E-06   0.0000000E+00   2.8158774E-06
   9.5652174E-01   1.1480859E+01   0.0000000E+00   1.1480859E+01   4.1944651E-01   0.0000000E+00   4.1944651E-01
   9.7101449E-01   2.2619005E+01   0.0000000E+00   2.2619005E+01   1.8846457E-06   0.0000000E+00   1.8846457E-06
   9.8550725E-01   3.3429560E+01   0.0000000E+00   3.3429560E+01   4.6551460E-07   0.0000000E+00   4.6551460E-07
   1.0000000E+00   0.0000000E+00   0.0000000E+00   0.0000000E+00   0.0000000E+00   0.0000000E+00   0.0000000E+00
