   0.0000000E+00   2.0731676E+07   9.9718148E+06   3.0703490E+07   8.4533844E-03   5.5091958E-04   5.8807894E-03
   1.4492754E-02   2.0344472E+07   1.0072594E+07   3.0417066E+07   2.0250441E-04   4.4750684E-04   2.3046694E-04
   2.8985507E-02   2.0613469E+07   1.0114648E+07   3.0728117E+07   2.2638322E-04   4.5008118E-04   1.7503418E-05
   4.3478261E-02   2.0502081E+07   1.0164532E+07   3.0666614E+07   5.8927645E-04   2.2311021E-04   3.5650556E-04
   5.7971014E-02   2.0649272E+07   1.0204061E+07   3.0853333E+07   4.4328449E-04   3.2530491E-04   3.8036943E-04
   7.2463768E-02   2.0788809E+07   1.0353411E+07   3.1142220E+07   7.4185319E-04   3.7604066E-04   4.5305372E-04
   8.6956522E-02   2.0905071E+07   1.0412060E+07   3.1317131E+07   5.8474956E-04   1.7839737E-04   3.7502326E-04
   1.0144928E-01   2.0891017E+07   1.0474952E+07   3.1365969E+07   3.1747051E-04   1.7214281E-04   2.1470022E-04
   1.1594203E-01   2.1096431E+07   1.0587571E+07   3.1684002E+07   2.0920741E-04   1.7547371E-04   1.6167195E-04
   1.3043478E-01   2.1234055E+07   1.0671206E+07   3.1905177E+07   7.1256870E-04   3.0301082E-04   5.5874377E-04
   1.4492754E-01   2.1306040E+07   1.0710153E+07   3.2016269E+07   7.0209509E-04   1.2688753E-04   4.8102215E-04
   1.5942029E-01   2.1419976E+07   1.0759516E+07   3.2179424E+07   1.3602595E-03   2.5482622E-04   9.8741626E-04
   1.7391304E-01   2.1478804E+07   1.0844917E+07   3.2323721E+07   1.8923479E-03   1.2870878E-05   1.2565119E-03
   1.8840580E-01   2.1461143E+07   1.0873172E+07   3.2334256E+07   2.2414373E-03   2.5213917E-04   1.5644671E-03
   2.0289855E-01   2.0889231E+07   1.0580819E+07   3.1470049E+07   2.8034887E-03   3.5976034E-04   1.9731534E-03
   2.1739130E-01   1.9186600E+07   9.7195895E+06   2.8906089E+07   4.1249297E-03   1.8839695E-04   2.7943816E-03
   2.3188406E-01   1.6749059E+07   8.4779369E+06   2.5226806E+07   5.3650383E-03   3.5214622E-04   3.6814116E-03
   2.4637681E-01   1.4439742E+07   7.2843902E+06   2.1724088E+07   7.4080403E-03   4.5481907E-04   5.0753412E-03
   2.6086957E-01   1.2629408E+07   6.3003279E+06   1.8929694E+07   9.5808988E-03   7.5332192E-04   6.6426199E-03
   2.7536232E-01   1.1135300E+07   5.5644593E+06   1.6699719E+07   1.1572148E-02   9.1512101E-04   8.0167245E-03
   2.8985507E-01   9.9148330E+06   4.9382079E+06   1.4853041E+07   1.3728475E-02   1.1627399E-03   9.5470234E-03
   3.0434783E-01   8.8529624E+06   4.3911562E+06   1.3244047E+07   1.6701307E-02   1.4578925E-03   1.1644783E-02
   3.1884058E-01   7.8514953E+06   3.9132278E+06   1.1764723E+07   1.9077571E-02   1.8231746E-03   1.3337510E-02
   3.3333333E-01   6.9425812E+06   3.4768583E+06   1.0419374E+07   2.1575206E-02   1.8113487E-03   1.4979296E-02
   3.4782609E-01   6.0928660E+06   3.0504585E+06   9.1432928E+06   2.4600725E-02   2.2570229E-03   1.7146233E-02
   3.6231884E-01   5.3274951E+06   2.6430765E+06   7.9705716E+06   2.7012094E-02   2.1033950E-03   1.8752256E-02
   3.7681159E-01   4.5917677E+06   2.3198983E+06   6.9116660E+06   3.1694179E-02   2.5933544E-03   2.1924432E-02
   3.9130435E-01   3.9569290E+06   1.9656251E+06   5.9225261E+06   3.4856436E-02   2.5946274E-03   2.4149241E-02
   4.0579710E-01   3.3131225E+06   1.6575219E+06   4.9706444E+06   3.8631379E-02   2.5907335E-03   2.6610182E-02
   4.2028986E-01   2.7332085E+06   1.3650496E+06   4.0982580E+06   4.2793123E-02   3.2800467E-03   2.9631377E-02
   4.3478261E-01   2.1968049E+06   1.1086445E+06   3.3054495E+06   4.8529905E-02   3.3062032E-03   3.3361784E-02
   4.4927536E-01   1.6776779E+06   8.4289651E+05   2.5205744E+06   5.5026255E-02   3.4339447E-03   3.7773032E-02
   4.6376812E-01   1.1921329E+06   5.9849358E+05   1.7906265E+06   6.2048760E-02   3.5946685E-03   4.2510875E-02
   4.7826087E-01   7.0905784E+05   3.5636586E+05   1.0654237E+06   6.8385185E-02   4.9247769E-03   4.7158379E-02
   4.9275362E-01   2.5658301E+05   1.2781235E+05   3.8439536E+05   7.4262603E-02   4.5325196E-03   5.1064995E-02
   5.0724638E-01   1.7341345E+04   9.1144898E+03   2.6455835E+04   6.6566278E-02   1.8823463E-03   4.3669200E-02
   5.2173913E-01   2.1469206E+03   9.2612261E+02   3.0730432E+03   1.4168071E-01   8.9603986E-03   9.7718614E-02
   5.3623188E-01   1.7817052E+03   6.3486047E+02   2.4165656E+03   8.4154063E-02   2.0617613E-02   6.7461664E-02
   5.5072464E-01   1.4755925E+03   7.9761756E+02   2.2732101E+03   1.4330090E-01   5.6800033E-06   9.3018671E-02
   5.6521739E-01   1.3988985E+03   6.8002010E+02   2.0789186E+03   1.7807111E-01   6.0369384E-06   1.1982378E-01
   5.7971014E-01   1.2313221E+03   4.3569859E+02   1.6670207E+03   1.7916377E-01   1.0329542E-05   1.3233927E-01
   5.9420290E-01   1.2197712E+03   3.6962765E+02   1.5893989E+03   1.6969316E-01   1.9900987E-02   1.3300524E-01
   6.0869565E-01   1.0644396E+03   5.5928184E+02   1.6237215E+03   1.2629235E-01   1.2856917E-02   8.6994685E-02
   6.2318841E-01   7.9298025E+02   2.4670497E+02   1.0396852E+03   1.7081721E-01   2.0992743E-02   1.2931883E-01
   6.3768116E-01   5.5108122E+02   3.0998319E+02   8.6106441E+02   1.9311114E-01   1.6349937E-05   1.2358576E-01
   6.5217391E-01   8.0825246E+02   3.0309467E+02   1.1113471E+03   1.9411086E-01   2.0570192E-02   1.4289351E-01
   6.6666667E-01   6.4242893E+02   2.1414298E+02   8.5657190E+02   2.1153842E-01   3.3204338E-02   1.6271797E-01
   6.8115942E-01   5.8039406E+02   2.5795291E+02   8.3834697E+02   2.3437816E-01   1.1970218E-02   1.6577764E-01
   6.9565217E-01   5.6830251E+02   2.6836508E+02   8.3666759E+02   1.8666821E-01   4.4461482E-07   1.2679338E-01
   7.1014493E-01   3.0928028E+02   2.9381627E+02   6.0309654E+02   1.4843694E-01   4.0280464E-06   7.6123171E-02
   7.2463768E-01   3.9402308E+02   2.2732101E+02   6.2134408E+02   2.2525916E-01   1.1945527E-06   1.4284748E-01
   7.3913043E-01   4.7544263E+02   1.0400307E+02   5.7944570E+02   2.3803234E-01   1.4021188E-06   1.9530884E-01
   7.5362319E-01   2.9143719E+02   1.1657487E+02   4.0801206E+02   1.9044913E-01   3.4047204E-06   1.3603606E-01
   7.6811594E-01   4.0031372E+02   1.1437535E+02   5.1468907E+02   2.2549878E-01   5.6764448E-02   1.8732537E-01
   7.8260870E-01   2.8064322E+02   1.4032161E+02   4.2096482E+02   2.7966184E-01   1.2686010E-04   1.8641903E-01
   7.9710145E-01   3.7197983E+02   6.8885153E+01   4.4086498E+02   2.2940446E-01   2.1889672E-05   1.9356310E-01
   8.1159420E-01   2.0296518E+02   1.3531012E+02   3.3827531E+02   1.8014640E-01   2.0347000E-06   1.0808866E-01
   8.2608696E-01   1.7281714E+02   7.9761756E+01   2.5257889E+02   3.0403189E-01   1.4609155E-04   2.0806480E-01
   8.4057971E-01   1.8290196E+02   5.2257702E+01   2.3515966E+02   2.1474583E-01   1.3154796E-05   1.6702744E-01
   8.5507246E-01   1.2842995E+02   1.2842995E+01   1.4127294E+02   1.3553972E-01   2.5983365E-04   1.2320503E-01
   8.6956522E-01   1.6417628E+02   1.2628945E+02   2.9046573E+02   2.1658977E-01   2.2735946E-05   1.2242858E-01
   8.8405797E-01   2.4843826E+02   6.2109564E+01   3.1054782E+02   2.1154587E-01   3.5846751E-06   1.6923653E-01
   8.9855072E-01   1.8332339E+02   4.8886238E+01   2.3220963E+02   2.6387956E-01   7.7300509E-06   2.0832491E-01
   9.1304348E-01   1.4433080E+02   7.2165398E+01   2.1649620E+02   2.4875343E-01   5.1451453E-06   1.6583725E-01
   9.2753623E-01   8.2877450E+01   7.1037814E+01   1.5391526E+02   3.3952593E-01   6.1528601E-02   2.1077426E-01
   9.4202899E-01   6.9944925E+01   3.4972462E+01   1.0491739E+02   2.8397974E-01   1.2343961E-05   1.8932132E-01
   9.5652174E-01   9.1846871E+01   5.7404294E+01   1.4925117E+02   2.7796375E-01   2.5409739E-06   1.7105555E-01
   9.7101449E-01   1.1309503E+02   1.1309503E+01   1.2440453E+02   2.6565328E-01   1.1951525E-05   2.4150348E-01
   9.8550725E-01   1.1143187E+01   1.1143187E+01   2.2286373E+01   3.5825510E-01   1.5667592E-05   1.7913538E-01
   1.0000000E+00   4.3768184E+01   0.0000000E+00   4.3768184E+01   2.4035394E-01   0.0000000E+00   2.4035394E-01
