   0.0000000E+00   1.9464740E+07   9.7717723E+06   2.9236512E+07   2.9286984E-03   7.7140211E-04   1.7472781E-03
   1.4492754E-02   1.9400332E+07   9.9740880E+06   2.9374420E+07   2.1011371E-03   1.1963669E-04   1.4240996E-03
   2.8985507E-02   1.9543545E+07   1.0054787E+07   2.9597953E+07   2.6817140E-03   9.7127527E-05   1.7352179E-03
   4.3478261E-02   1.9912310E+07   1.0165543E+07   3.0077853E+07   1.6844410E-04   5.6271406E-05   1.2959188E-04
   5.7971014E-02   2.0284611E+07   1.0351630E+07   3.0636241E+07   6.3208532E-04   1.0301758E-04   4.3330942E-04
   7.2463768E-02   2.0716066E+07   1.0625590E+07   3.1341505E+07   2.9744305E-04   7.3823185E-06   1.9584587E-04
   8.6956522E-02   2.1359334E+07   1.0896506E+07   3.2255714E+07   1.0501273E-03   2.7453948E-05   7.0268935E-04
   1.0144928E-01   2.2125911E+07   1.1279668E+07   3.3405579E+07   7.5222593E-04   2.8159450E-05   4.8959415E-04
   1.1594203E-01   2.2864420E+07   1.1590435E+07   3.4454950E+07   1.6075336E-04   4.7619102E-05   1.2166291E-04
   1.3043478E-01   2.3597773E+07   1.1992193E+07   3.5589629E+07   9.6915380E-04   1.9074881E-05   6.4058151E-04
   1.4492754E-01   2.4449738E+07   1.2402558E+07   3.6851842E+07   1.1124804E-03   3.1479160E-05   7.3443844E-04
   1.5942029E-01   2.5417106E+07   1.2782191E+07   3.8198884E+07   1.1591119E-03   3.6878923E-05   7.8074932E-04
   1.7391304E-01   2.6266942E+07   1.3187207E+07   3.9453771E+07   1.7249229E-03   4.9328872E-05   1.1640148E-03
   1.8840580E-01   2.6576565E+07   1.3363910E+07   3.9939776E+07   3.1927310E-03   1.5987577E-05   2.1263929E-03
   2.0289855E-01   2.5824099E+07   1.2901171E+07   3.8724783E+07   2.9131910E-03   5.6238408E-05   1.9483341E-03
   2.1739130E-01   2.3322883E+07   1.1674904E+07   3.4997281E+07   1.9878403E-03   1.0218081E-04   1.2929598E-03
   2.3188406E-01   1.9596681E+07   9.8544603E+06   2.9450715E+07   6.1823451E-04   3.2715421E-05   4.2145703E-04
   2.4637681E-01   1.5802688E+07   7.9414370E+06   2.3744125E+07   2.3841720E-03   2.8868234E-04   1.6791482E-03
   2.6086957E-01   1.2741342E+07   6.4374783E+06   1.9178610E+07   3.0726608E-03   4.0896643E-04   2.1776478E-03
   2.7536232E-01   1.0522131E+07   5.2401879E+06   1.5762119E+07   2.9808920E-03   5.8622896E-04   2.1822509E-03
   2.8985507E-01   8.7887605E+06   4.3936225E+06   1.3182345E+07   1.6071051E-03   5.9117624E-04   1.2594083E-03
   3.0434783E-01   7.4446547E+06   3.7126933E+06   1.1157240E+07   1.2499401E-03   8.3247720E-04   1.1097979E-03
   3.1884058E-01   6.3600973E+06   3.1402330E+06   9.5003303E+06   1.7980339E-03   9.0781589E-04   1.5014572E-03
   3.3333333E-01   5.3842792E+06   2.6845952E+06   8.0688085E+06   1.3161485E-03   1.0313276E-03   1.2158085E-03
   3.4782609E-01   4.5333807E+06   2.2674639E+06   6.8008446E+06   1.0725831E-03   1.2662427E-03   1.1363462E-03
   3.6231884E-01   3.8306620E+06   1.8943114E+06   5.7249734E+06   5.4990621E-04   1.2131245E-03   7.6698547E-04
   3.7681159E-01   3.1905086E+06   1.5758592E+06   4.7663677E+06   2.0563003E-04   1.3351532E-03   3.8619137E-04
   3.9130435E-01   2.6204218E+06   1.2788350E+06   3.8992288E+06   7.4766656E-04   1.4793518E-03   9.1874987E-04
   4.0579710E-01   2.0950607E+06   1.0308466E+06   3.1259074E+06   1.9161818E-03   1.5168580E-03   1.7768531E-03
   4.2028986E-01   1.6245352E+06   7.8444037E+05   2.4089756E+06   6.4527933E-04   1.8625937E-03   5.1454006E-04
   4.3478261E-01   1.1854033E+06   5.7785000E+05   1.7632533E+06   4.3022054E-04   1.9980575E-03   4.2351981E-04
   4.4927536E-01   8.0263869E+05   3.8050603E+05   1.1831447E+06   3.5531527E-04   2.4289557E-03   9.9141108E-04
   4.6376812E-01   4.6686051E+05   2.1564712E+05   6.8250764E+05   4.3186900E-03   2.5781653E-03   3.7628880E-03
   4.7826087E-01   2.0674731E+05   9.4372660E+04   3.0111997E+05   1.0556208E-02   3.6785901E-03   8.3999233E-03
   4.9275362E-01   5.6830251E+04   2.2977251E+04   7.9807502E+04   2.3617204E-02   4.5587094E-03   1.8109866E-02
   5.0724638E-01   1.0326869E+04   1.6670207E+03   1.1993889E+04   2.5925386E-02   6.6095667E-05   2.2329387E-02
   5.2173913E-01   8.0825246E+03   2.7362714E+02   8.3561518E+03   1.7850348E-02   1.6554991E-06   1.7265872E-02
   5.3623188E-01   8.1303098E+03   3.2766992E+02   8.4579797E+03   1.9182123E-02   5.8507283E-06   1.8439114E-02
   5.5072464E-01   8.2752822E+03   2.3928527E+02   8.5145675E+03   1.8068319E-02   4.4053252E-06   1.7560603E-02
   5.6521739E-01   8.4516784E+03   3.4972462E+02   8.8014030E+03   1.2594697E-02   5.3919354E-05   1.2096356E-02
   5.7971014E-01   9.0928402E+03   2.4626442E+02   9.3391046E+03   1.1447919E-02   1.0601591E-05   1.1145884E-02
   5.9420290E-01   8.7601753E+03   5.5444148E+01   8.8156195E+03   1.6081784E-02   1.4398488E-05   1.5980618E-02
   6.0869565E-01   8.6057238E+03   1.9845485E+02   8.8041786E+03   1.2307341E-02   9.3017491E-06   1.2030120E-02
   6.2318841E-01   8.9694877E+03   2.1146140E+02   9.1809491E+03   1.0959385E-02   4.7308332E-06   1.0706922E-02
   6.3768116E-01   9.5922576E+03   1.0332773E+02   9.6955853E+03   1.1256859E-02   5.4384858E-06   1.1136860E-02
   6.5217391E-01   9.3117419E+03   8.4192965E+01   9.3959349E+03   8.9587664E-03   2.0098523E-07   8.8784912E-03
   6.6666667E-01   9.2575656E+03   6.5890146E+01   9.3234557E+03   2.3959949E-03   9.6566358E-05   2.3795294E-03
   6.8115942E-01   9.4152814E+03   8.0610286E+01   9.4958916E+03   4.7692501E-03   2.8313426E-06   4.7287407E-03
   6.9565217E-01   1.0213659E+04   1.5786181E+01   1.0229445E+04   5.6315327E-03   5.3001034E-06   5.6228492E-03
   7.1014493E-01   1.0299033E+04   4.6392042E+01   1.0345425E+04   3.1373374E-03   4.3367095E-05   3.1234558E-03
   7.2463768E-01   1.0426457E+04   0.0000000E+00   1.0426457E+04   2.5290780E-03   0.0000000E+00   2.5290780E-03
   7.3913043E-01   1.0103156E+04   0.0000000E+00   1.0103156E+04   3.0580723E-03   0.0000000E+00   3.0580723E-03
   7.5362319E-01   1.0040011E+04   4.3715578E+01   1.0083727E+04   8.5963405E-04   3.8192813E-05   8.5574199E-04
   7.6811594E-01   1.0608314E+04   0.0000000E+00   1.0608314E+04   1.8438179E-03   0.0000000E+00   1.8438179E-03
   7.8260870E-01   1.0594281E+04   0.0000000E+00   1.0594281E+04   5.5619849E-04   0.0000000E+00   5.5619849E-04
   7.9710145E-01   9.9883472E+03   0.0000000E+00   9.9883472E+03   5.7302629E-04   0.0000000E+00   5.7302629E-04
   8.1159420E-01   1.0418879E+04   0.0000000E+00   1.0418879E+04   5.8515343E-06   0.0000000E+00   5.8515343E-06
   8.2608696E-01   9.5049426E+03   2.6587252E+01   9.5315299E+03   4.6883112E-06   1.1282342E-03   7.7634403E-06
   8.4057971E-01   9.6023528E+03   0.0000000E+00   9.6023528E+03   1.1514888E-05   0.0000000E+00   1.1514888E-05
   8.5507246E-01   9.0928402E+03   0.0000000E+00   9.0928402E+03   5.7509253E-04   0.0000000E+00   5.7509253E-04
   8.6956522E-01   8.4108772E+03   0.0000000E+00   8.4108772E+03   7.8789759E-06   0.0000000E+00   7.8789759E-06
   8.8405797E-01   7.8754927E+03   0.0000000E+00   7.8754927E+03   1.0164908E-06   0.0000000E+00   1.0164908E-06
   8.9855072E-01   7.0273967E+03   0.0000000E+00   7.0273967E+03   1.5832813E-05   0.0000000E+00   1.5832813E-05
   9.1304348E-01   6.5309686E+03   0.0000000E+00   6.5309686E+03   4.3927101E-07   0.0000000E+00   4.3927101E-07
   9.2753623E-01   5.5883080E+03   1.1839636E+01   5.6001477E+03   3.1944517E-06   4.6664395E-06   3.1841684E-06
   9.4202899E-01   5.6655389E+03   0.0000000E+00   5.6655389E+03   2.5758042E-06   0.0000000E+00   2.5758042E-06
   9.5652174E-01   4.2593986E+03   0.0000000E+00   4.2593986E+03   9.0370973E-07   0.0000000E+00   9.0370973E-07
   9.7101449E-01   3.5172554E+03   0.0000000E+00   3.5172554E+03   9.8468675E-06   0.0000000E+00   9.8468675E-06
   9.8550725E-01   2.3512124E+03   0.0000000E+00   2.3512124E+03   4.9519409E-06   0.0000000E+00   4.9519409E-06
   1.0000000E+00   9.4101595E+02   0.0000000E+00   9.4101595E+02   1.0516603E-05   0.0000000E+00   1.0516603E-05
