   0.0000000E+00   1.8470589E+07   9.0989021E+06   2.7569492E+07   1.2451286E-03   2.2315797E-03   1.4384819E-03
   1.4492754E-02   1.8541059E+07   9.4027545E+06   2.7943056E+07   5.5498963E-04   7.0251718E-04   4.7432018E-04
   2.8985507E-02   1.8902499E+07   9.5596060E+06   2.8462105E+07   3.5090430E-04   5.8254564E-04   7.2811620E-05
   4.3478261E-02   1.9244744E+07   9.6065857E+06   2.8850572E+07   3.0840168E-04   4.7954356E-04   3.6120448E-04
   5.7971014E-02   1.9696986E+07   9.8236772E+06   2.9520285E+07   6.6522156E-04   5.2786329E-04   4.7947969E-04
   7.2463768E-02   2.0225508E+07   1.0169887E+07   3.0394940E+07   3.6231784E-05   3.1632297E-04   1.1250616E-04
   8.6956522E-02   2.0849883E+07   1.0473436E+07   3.1322940E+07   1.1656980E-04   2.2306491E-04   1.3017522E-04
   1.0144928E-01   2.1578284E+07   1.0863021E+07   3.2440548E+07   1.3345675E-04   1.4332524E-04   1.1143135E-04
   1.1594203E-01   2.2231615E+07   1.1158904E+07   3.3389951E+07   1.7637633E-04   8.4018534E-05   1.4131755E-04
   1.3043478E-01   2.3004970E+07   1.1539909E+07   3.4543784E+07   7.2397999E-05   1.4184743E-04   7.7484330E-05
   1.4492754E-01   2.3792705E+07   1.1984818E+07   3.5776689E+07   1.4442961E-04   2.5641101E-04   1.7923291E-04
   1.5942029E-01   2.4745614E+07   1.2413242E+07   3.7158305E+07   1.9924105E-04   1.0083201E-04   1.3934495E-04
   1.7391304E-01   2.5675908E+07   1.2990006E+07   3.8664525E+07   8.5662498E-05   1.8773105E-04   1.0067996E-04
   1.8840580E-01   2.6550919E+07   1.3339605E+07   3.9888600E+07   1.0898092E-04   8.5396788E-05   1.0136147E-04
   2.0289855E-01   2.6254710E+07   1.3179044E+07   3.9432292E+07   1.5833886E-04   1.3025128E-04   1.2168942E-04
   2.1739130E-01   2.3513630E+07   1.1869440E+07   3.5381706E+07   1.3938270E-04   2.6799505E-04   1.6003814E-04
   2.3188406E-01   1.9243481E+07   9.6559333E+06   2.8898751E+07   3.4750487E-05   7.9592455E-05   3.1701489E-05
   2.4637681E-01   1.5219944E+07   7.6110638E+06   2.2830294E+07   3.0383995E-04   8.9041916E-05   1.9886518E-04
   2.6086957E-01   1.2368073E+07   6.1941185E+06   1.8561392E+07   2.1930307E-04   2.3231942E-04   2.2305851E-04
   2.7536232E-01   1.0292297E+07   5.1591100E+06   1.5451088E+07   2.3462416E-04   4.2158911E-04   2.9084816E-04
   2.8985507E-01   8.7593982E+06   4.3785435E+06   1.3137714E+07   1.6838777E-04   3.9504522E-04   2.3891428E-04
   3.0434783E-01   7.5329851E+06   3.7385646E+06   1.1271369E+07   4.2866905E-04   4.5979013E-04   4.0979060E-04
   3.1884058E-01   6.4589475E+06   3.2305070E+06   9.6891445E+06   7.2199616E-04   5.4675250E-04   6.6328436E-04
   3.3333333E-01   5.5887363E+06   2.7799053E+06   8.3684110E+06   2.7844643E-04   6.8080501E-04   3.7834313E-04
   3.4782609E-01   4.8020299E+06   2.3953319E+06   7.1973303E+06   6.3027543E-04   7.8100949E-04   5.5589306E-04
   3.6231884E-01   4.0756535E+06   2.0443736E+06   6.1199967E+06   1.0484605E-03   2.0589324E-04   7.5812072E-04
   3.7681159E-01   3.4317603E+06   1.7176142E+06   5.1492871E+06   7.1348038E-04   1.0234048E-03   8.0999250E-04
   3.9130435E-01   2.8719062E+06   1.4192408E+06   4.2911190E+06   8.3997918E-04   9.3550894E-04   8.5174339E-04
   4.0579710E-01   2.3323947E+06   1.1672392E+06   3.4995257E+06   9.0240358E-04   9.2220549E-04   8.4607065E-04
   4.2028986E-01   1.8508633E+06   9.2174748E+05   2.7726108E+06   1.1441872E-03   1.1431159E-03   1.1423553E-03
   4.3478261E-01   1.3858246E+06   6.8845429E+05   2.0742789E+06   1.3271347E-03   4.9684702E-04   1.0506153E-03
   4.4927536E-01   9.7207839E+05   4.7522312E+05   1.4473015E+06   2.4949246E-03   1.9095184E-03   2.2796228E-03
   4.6376812E-01   5.8677234E+05   2.9158655E+05   8.7835889E+05   3.3043088E-03   2.8615248E-03   3.0483925E-03
   4.7826087E-01   2.6481749E+05   1.2771307E+05   3.9253056E+05   6.5063946E-03   5.9382259E-03   6.2480256E-03
   4.9275362E-01   6.7081983E+04   3.1512932E+04   9.8594914E+04   3.3849310E-02   3.0379796E-02   3.2436985E-02
   5.0724638E-01   1.9831052E+04   8.4650012E+03   2.8296053E+04   9.0844478E-02   8.6803311E-02   8.9549404E-02
   5.2173913E-01   1.6964882E+04   8.7981648E+03   2.5763047E+04   1.0912775E-01   1.0069982E-01   1.0624632E-01
   5.3623188E-01   1.9783071E+04   7.1677794E+03   2.6950851E+04   1.2093739E-01   1.2981004E-01   1.2312480E-01
   5.5072464E-01   1.9601452E+04   8.5345079E+03   2.8135960E+04   1.3296814E-01   1.2886063E-01   1.3158568E-01
   5.6521739E-01   1.9837158E+04   8.2768161E+03   2.8113974E+04   1.4837100E-01   1.2130459E-01   1.4030240E-01
   5.7971014E-01   2.0080022E+04   8.2403864E+03   2.8320409E+04   1.5309050E-01   1.3507865E-01   1.4783837E-01
   5.9420290E-01   1.8980380E+04   7.9654759E+03   2.6945856E+04   1.6298689E-01   1.4183493E-01   1.5672805E-01
   6.0869565E-01   1.6525876E+04   7.3428293E+03   2.3868706E+04   1.6440050E-01   1.5171827E-01   1.6045661E-01
   6.2318841E-01   1.5947714E+04   6.6257905E+03   2.2573504E+04   1.7004871E-01   1.5286491E-01   1.6489989E-01
   6.3768116E-01   1.3225949E+04   5.7174677E+03   1.8943417E+04   1.7693493E-01   1.6189755E-01   1.7238126E-01
   6.5217391E-01   1.2090110E+04   5.5398971E+03   1.7630007E+04   1.8166225E-01   1.6156407E-01   1.7527878E-01
   6.6666667E-01   1.1580193E+04   4.4805300E+03   1.6060723E+04   1.8485631E-01   1.7365967E-01   1.8163476E-01
   6.8115942E-01   9.2056946E+03   4.3368334E+03   1.3542528E+04   1.8523106E-01   1.4914168E-01   1.7354074E-01
   6.9565217E-01   8.6192548E+03   4.0254761E+03   1.2644731E+04   1.8702697E-01   1.5849686E-01   1.7743352E-01
   7.1014493E-01   8.5670637E+03   3.8041474E+03   1.2371211E+04   1.9635941E-01   1.5384790E-01   1.8320965E-01
   7.2463768E-01   7.8653068E+03   3.5158982E+03   1.1381205E+04   1.8700442E-01   1.6951482E-01   1.8158529E-01
   7.3913043E-01   6.5224785E+03   2.7783678E+03   9.3008464E+03   1.9358583E-01   1.6921424E-01   1.8620644E-01
   7.5362319E-01   5.7704563E+03   2.7977970E+03   8.5682533E+03   1.9834741E-01   1.6997692E-01   1.8903134E-01
   7.6811594E-01   5.2755630E+03   2.2589131E+03   7.5344761E+03   1.7752319E-01   1.8044553E-01   1.7839907E-01
   7.8260870E-01   4.8551276E+03   2.2451457E+03   7.1002734E+03   2.0066893E-01   1.7471788E-01   1.9245383E-01
   7.9710145E-01   4.3535417E+03   2.0252235E+03   6.3787652E+03   1.9312842E-01   1.8830611E-01   1.9107938E-01
   8.1159420E-01   3.9916486E+03   1.9349347E+03   5.9265834E+03   2.1815409E-01   2.0046353E-01   2.1237504E-01
   8.2608696E-01   3.5095173E+03   1.7148778E+03   5.2243950E+03   1.8356158E-01   1.8600180E-01   1.8432697E-01
   8.4057971E-01   3.2269131E+03   1.5024089E+03   4.7293221E+03   2.2127780E-01   1.9244601E-01   2.1211122E-01
   8.5507246E-01   3.3905506E+03   1.3099855E+03   4.7005360E+03   2.1687341E-01   1.8688712E-01   2.0812045E-01
   8.6956522E-01   2.8288836E+03   1.2881524E+03   4.1170360E+03   2.1676299E-01   2.1636188E-01   2.1657330E-01
   8.8405797E-01   2.4719607E+03   1.1303941E+03   3.6023547E+03   2.3420525E-01   2.1240745E-01   2.2729669E-01
   8.9855072E-01   2.0898867E+03   1.0510541E+03   3.1409408E+03   2.1670937E-01   2.0117622E-01   2.1149801E-01
   9.1304348E-01   1.7199420E+03   8.9003991E+02   2.6099819E+03   2.0098089E-01   2.1961990E-01   2.0708827E-01
   9.2753623E-01   1.6693886E+03   5.5646288E+02   2.2258515E+03   2.0844943E-01   1.6899105E-01   1.9857462E-01
   9.4202899E-01   1.4455284E+03   5.7121688E+02   2.0167453E+03   2.2449790E-01   2.6017780E-01   2.3460020E-01
   9.5652174E-01   1.1251242E+03   4.0183006E+02   1.5269542E+03   2.3387020E-01   1.9458685E-01   2.2333330E-01
   9.7101449E-01   9.1606972E+02   4.0714210E+02   1.3232118E+03   2.2543335E-01   1.7703523E-01   2.0987055E-01
   9.8550725E-01   5.2372977E+02   2.5629329E+02   7.8002306E+02   2.3635639E-01   2.0106618E-01   2.2323504E-01
   1.0000000E+00   2.6260910E+02   6.5652276E+01   3.2826138E+02   2.8208828E-01   2.6579757E-01   2.7835549E-01
