   0.0000000E+00   1.7288520E+07   9.1534591E+06   2.6441979E+07   7.7757396E-04   2.4755727E-04   5.8433857E-04
   1.4492754E-02   1.7410516E+07   8.9731178E+06   2.6383634E+07   5.0433836E-04   6.0361512E-04   1.6749992E-04
   2.8985507E-02   1.7750361E+07   9.1849052E+06   2.6935266E+07   8.1650240E-04   1.0431756E-03   8.8127497E-04
   4.3478261E-02   1.7905570E+07   9.2575216E+06   2.7162839E+07   1.8107388E-04   1.5194507E-04   6.7579937E-05
   5.7971014E-02   1.8269789E+07   9.5306226E+06   2.7799843E+07   1.9635083E-04   1.6393763E-04   9.1257907E-05
   7.2463768E-02   1.8755498E+07   9.6850872E+06   2.8440737E+07   1.7152295E-04   2.1328048E-04   1.7429188E-04
   8.6956522E-02   1.9296144E+07   9.9768663E+06   2.9272757E+07   1.6921469E-04   9.4927605E-05   8.1775741E-05
   1.0144928E-01   1.9832134E+07   1.0207904E+07   3.0039497E+07   1.1465167E-04   1.2581165E-04   5.7400451E-05
   1.1594203E-01   2.0395241E+07   1.0518616E+07   3.0913289E+07   1.9791757E-04   2.1823433E-04   2.0406974E-04
   1.3043478E-01   2.1048325E+07   1.0839423E+07   3.1887075E+07   2.1809556E-04   1.0319845E-04   1.3868037E-04
   1.4492754E-01   2.1796523E+07   1.1187679E+07   3.2983444E+07   1.0538137E-04   2.2475048E-04   1.1092843E-04
   1.5942029E-01   2.2528269E+07   1.1667147E+07   3.4195072E+07   1.2108833E-04   1.2219753E-04   5.9937072E-05
   1.7391304E-01   2.3367526E+07   1.2082364E+07   3.5449195E+07   6.6450093E-05   3.5608543E-04   1.3123395E-04
   1.8840580E-01   2.3986330E+07   1.2362066E+07   3.6347113E+07   1.3660715E-04   8.7719197E-05   8.1526487E-05
   2.0289855E-01   2.3777452E+07   1.2242589E+07   3.6018905E+07   1.0505397E-04   5.7411783E-05   8.7400440E-05
   2.1739130E-01   2.1638383E+07   1.1055732E+07   3.2693105E+07   2.0051173E-04   1.4952762E-04   9.7005603E-05
   2.3188406E-01   1.8051750E+07   9.1727814E+06   2.7224011E+07   1.0191118E-04   3.8978403E-04   8.8238757E-05
   2.4637681E-01   1.4737845E+07   7.4728438E+06   2.2210243E+07   1.7504402E-04   2.7446124E-04   5.1959526E-05
   2.6086957E-01   1.2362516E+07   6.2125568E+06   1.8574736E+07   2.8448536E-04   5.5495453E-04   3.5739330E-04
   2.7536232E-01   1.0596668E+07   5.3022026E+06   1.5898632E+07   2.2860937E-04   2.4858985E-04   2.3527262E-04
   2.8985507E-01   9.2640508E+06   4.5855572E+06   1.3849343E+07   4.4936251E-04   2.5842058E-04   3.6089309E-04
   3.0434783E-01   8.1459219E+06   3.9777568E+06   1.2123534E+07   3.8389994E-04   2.5430710E-04   3.2259369E-04
   3.1884058E-01   7.1852381E+06   3.5049110E+06   1.0690115E+07   1.9050216E-04   4.0026463E-04   2.4153139E-04
   3.3333333E-01   6.3683485E+06   3.0664615E+06   9.4346124E+06   4.3635604E-04   4.5238476E-04   4.2294422E-04
   3.4782609E-01   5.6098088E+06   2.6956798E+06   8.3052992E+06   5.6107339E-04   5.9715523E-04   5.5171754E-04
   3.6231884E-01   4.9421102E+06   2.3491353E+06   7.2911545E+06   5.8705016E-04   7.4210389E-04   6.3567843E-04
   3.7681159E-01   4.3059261E+06   2.0316378E+06   6.3374473E+06   4.0436850E-04   6.9777075E-04   4.1490743E-04
   3.9130435E-01   3.7175965E+06   1.7308670E+06   5.4484635E+06   8.2357434E-04   3.6427387E-04   6.2160864E-04
   4.0579710E-01   3.1290466E+06   1.4557475E+06   4.5847941E+06   1.5642580E-04   4.2080457E-04   2.0657031E-04
   4.2028986E-01   2.5926091E+06   1.1802402E+06   3.7727971E+06   5.1518814E-04   1.6330168E-03   8.6044508E-04
   4.3478261E-01   2.0626855E+06   9.2873260E+05   2.9914181E+06   1.0665026E-03   5.9408607E-04   9.1926706E-04
   4.4927536E-01   1.5762145E+06   6.9892654E+05   2.2751411E+06   2.3227437E-03   2.2258416E-03   2.1387846E-03
   4.6376812E-01   1.0788276E+06   4.7308816E+05   1.5519158E+06   2.4984177E-03   2.5282123E-03   2.4935092E-03
   4.7826087E-01   6.1186089E+05   2.5802082E+05   8.6988171E+05   4.8479370E-03   3.4888598E-03   4.2577638E-03
   4.9275362E-01   2.0501235E+05   8.0788102E+04   2.8580045E+05   1.7365978E-02   1.4955320E-02   1.6645949E-02
   5.0724638E-01   5.1807540E+04   1.9463008E+04   7.1270548E+04   8.6247108E-02   7.6025109E-02   8.3448600E-02
   5.2173913E-01   4.3969776E+04   1.5617795E+04   5.9587571E+04   1.2010498E-01   1.0211084E-01   1.1538804E-01
   5.3623188E-01   4.4112563E+04   1.6301578E+04   6.0414141E+04   1.1912914E-01   1.0466679E-01   1.1521615E-01
   5.5072464E-01   4.1316590E+04   1.5234495E+04   5.6551085E+04   1.3330574E-01   1.1359008E-01   1.2796482E-01
   5.6521739E-01   3.6934806E+04   1.3503256E+04   5.0438062E+04   1.3258408E-01   1.1787812E-01   1.2859609E-01
   5.7971014E-01   3.1597620E+04   1.1081899E+04   4.2679519E+04   1.3295503E-01   1.1942267E-01   1.2942447E-01
   5.9420290E-01   2.6964337E+04   9.0189147E+03   3.5983252E+04   1.3075844E-01   1.0817472E-01   1.2509105E-01
   6.0869565E-01   2.4301698E+04   8.6959305E+03   3.2997628E+04   1.4041583E-01   1.3076894E-01   1.3786990E-01
   6.2318841E-01   2.0934679E+04   7.1720658E+03   2.8106744E+04   1.4245985E-01   1.2797301E-01   1.3875233E-01
   6.3768116E-01   1.8564549E+04   6.5785321E+03   2.5143081E+04   1.5363942E-01   1.2061031E-01   1.4499752E-01
   6.5217391E-01   1.5912470E+04   5.2704796E+03   2.1182950E+04   1.4957176E-01   1.3761302E-01   1.4649853E-01
   6.6666667E-01   1.4215799E+04   4.7770356E+03   1.8992835E+04   1.4665225E-01   1.4366975E-01   1.4590168E-01
   6.8115942E-01   1.3155599E+04   4.1272466E+03   1.7282845E+04   1.4712875E-01   1.4650799E-01   1.4696955E-01
   6.9565217E-01   1.1839636E+04   3.7728972E+03   1.5612533E+04   1.4457604E-01   1.4535878E-01   1.4467012E-01
   7.1014493E-01   1.0577386E+04   3.6649713E+03   1.4242357E+04   1.5055471E-01   1.4076967E-01   1.4801124E-01
   7.2463768E-01   9.2898517E+03   2.6672331E+03   1.1957085E+04   1.5617595E-01   1.2478809E-01   1.4913052E-01
   7.3913043E-01   7.7556578E+03   2.5703617E+03   1.0326020E+04   1.5616189E-01   1.2865509E-01   1.4921939E-01
   7.5362319E-01   7.1839266E+03   2.5355035E+03   9.7194302E+03   1.6369622E-01   1.5343758E-01   1.6086684E-01
   7.6811594E-01   6.5193949E+03   1.9443809E+03   8.4637758E+03   1.7422328E-01   1.2895567E-01   1.6381949E-01
   7.8260870E-01   5.6689930E+03   1.8662774E+03   7.5352704E+03   1.7578397E-01   1.5282269E-01   1.6960760E-01
   7.9710145E-01   5.1250554E+03   1.4052571E+03   6.5303125E+03   1.8408713E-01   1.3123834E-01   1.7264369E-01
   8.1159420E-01   4.3299239E+03   1.1771981E+03   5.5071220E+03   1.7472576E-01   1.4081230E-01   1.6741032E-01
   8.2608696E-01   3.6956280E+03   1.1964263E+03   4.8920544E+03   1.9788187E-01   1.4316205E-01   1.8445856E-01
   8.4057971E-01   3.5535238E+03   1.2541849E+03   4.8077086E+03   1.7461315E-01   1.5376164E-01   1.6913287E-01
   8.5507246E-01   3.3391786E+03   7.8342267E+02   4.1226013E+03   2.2227294E-01   1.8142402E-01   2.1448333E-01
   8.6956522E-01   2.4879021E+03   7.5773668E+02   3.2456388E+03   2.2819785E-01   1.7091208E-01   2.1481411E-01
   8.8405797E-01   2.2732101E+03   8.4469007E+02   3.1179001E+03   2.0869361E-01   1.7066400E-01   1.9815455E-01
   8.9855072E-01   2.0532220E+03   4.8886238E+02   2.5420844E+03   2.3148823E-01   1.9403490E-01   2.2424008E-01
   9.1304348E-01   1.5996663E+03   3.7285456E+02   1.9725209E+03   2.5329237E-01   1.7850840E-01   2.3890424E-01
   9.2753623E-01   1.2431617E+03   2.3679271E+02   1.4799545E+03   2.2538126E-01   2.4852833E-01   2.2802936E-01
   9.4202899E-01   1.2473512E+03   5.0127196E+02   1.7486231E+03   2.6019337E-01   2.4669584E-01   2.5627083E-01
   9.5652174E-01   1.1021624E+03   2.7554061E+02   1.3777031E+03   2.7631266E-01   2.1529796E-01   2.6393816E-01
   9.7101449E-01   7.0118917E+02   2.0357105E+02   9.0476022E+02   2.9793578E-01   2.1450424E-01   2.7882802E-01
   9.8550725E-01   3.6772516E+02   1.5600461E+02   5.2372977E+02   2.1201843E-01   2.7475257E-01   2.3069492E-01
   1.0000000E+00   2.6260910E+02   4.3768184E+01   3.0637729E+02   2.6536933E-01   4.2151357E-01   2.8630043E-01
