   0.0000000E+00   1.8707003E+07   9.4747395E+06   2.8181743E+07   9.6607475E-04   1.2597038E-03   7.8598385E-04
   1.4492754E-02   1.9326832E+07   9.4406413E+06   2.8767473E+07   2.9106951E-04   5.4374594E-04   3.6450086E-04
   2.8985507E-02   1.9203700E+07   9.6384106E+06   2.8842110E+07   3.3132813E-04   1.0546333E-04   2.0375722E-04
   4.3478261E-02   1.9573601E+07   9.8705306E+06   2.9443879E+07   2.8404019E-04   3.7201596E-04   2.4301740E-04
   5.7971014E-02   1.9997050E+07   1.0027130E+07   3.0023801E+07   2.7707064E-05   1.8454420E-04   7.5269024E-05
   7.2463768E-02   2.0654083E+07   1.0355230E+07   3.1009010E+07   1.0729640E-04   1.0799046E-04   1.0529152E-04
   8.6956522E-02   2.1296821E+07   1.0710861E+07   3.2007429E+07   1.6985983E-04   8.0641464E-05   1.3105760E-04
   1.0144928E-01   2.2032060E+07   1.1085038E+07   3.3116665E+07   2.0556598E-04   4.5033818E-05   1.4798059E-04
   1.1594203E-01   2.2862337E+07   1.1474312E+07   3.4335985E+07   1.1972798E-04   6.6989748E-05   1.0005926E-04
   1.3043478E-01   2.3647025E+07   1.1880638E+07   3.5526484E+07   1.0046807E-04   1.8390347E-04   1.2344540E-04
   1.4492754E-01   2.4637960E+07   1.2328376E+07   3.6964062E+07   5.8060039E-05   2.4145607E-04   7.7693656E-05
   1.5942029E-01   2.5541581E+07   1.2762421E+07   3.8302418E+07   6.4899290E-05   4.8195695E-05   5.8808610E-05
   1.7391304E-01   2.6601420E+07   1.3309708E+07   3.9909739E+07   4.5482483E-05   3.0810298E-05   3.2575792E-05
   1.8840580E-01   2.7476232E+07   1.3768775E+07   4.1241859E+07   1.0928955E-04   7.2859968E-05   8.8936441E-05
   2.0289855E-01   2.7111710E+07   1.3600616E+07   4.0710269E+07   1.3626889E-04   1.8979337E-04   1.5396573E-04
   2.1739130E-01   2.4226004E+07   1.2135860E+07   3.6359641E+07   1.4418824E-04   9.6067390E-05   8.9731384E-05
   2.3188406E-01   1.9656826E+07   9.8527080E+06   2.9508256E+07   4.8136511E-05   3.2631595E-05   4.1706455E-05
   2.4637681E-01   1.5434606E+07   7.7158989E+06   2.3149613E+07   2.8548154E-04   9.0253570E-05   1.6664016E-04
   2.6086957E-01   1.2371862E+07   6.2018643E+06   1.8572842E+07   2.2991644E-04   3.0927273E-04   2.5166316E-04
   2.7536232E-01   1.0227332E+07   5.1268464E+06   1.5353699E+07   1.8095516E-04   2.6204378E-04   2.0551479E-04
   2.8985507E-01   8.5548850E+06   4.2993222E+06   1.2853904E+07   5.6943698E-04   4.7305233E-04   5.3714447E-04
   3.0434783E-01   7.3206745E+06   3.6606620E+06   1.0980831E+07   4.3490717E-04   2.3289875E-04   3.6315793E-04
   3.1884058E-01   6.2519821E+06   3.1228395E+06   9.3746149E+06   3.7236137E-04   3.2437310E-04   3.4521964E-04
   3.3333333E-01   5.3097575E+06   2.6555376E+06   7.9650974E+06   4.9958085E-04   2.2477376E-04   4.0525669E-04
   3.4782609E-01   4.5303182E+06   2.2679375E+06   6.7982241E+06   6.2675761E-04   6.6436705E-04   6.3306024E-04
   3.6231884E-01   3.8099000E+06   1.9019191E+06   5.7116676E+06   3.2980551E-04   2.8331938E-04   2.7261535E-04
   3.7681159E-01   3.1696417E+06   1.5885950E+06   4.7581492E+06   4.1262569E-04   3.8505712E-04   3.5369297E-04
   3.9130435E-01   2.5985597E+06   1.3118387E+06   3.9103423E+06   5.5200066E-04   3.7192662E-04   4.3284271E-04
   4.0579710E-01   2.0784717E+06   1.0391276E+06   3.1175723E+06   6.4384974E-04   3.6735985E-04   5.1274577E-04
   4.2028986E-01   1.6001570E+06   7.9922930E+05   2.3993601E+06   7.6788113E-04   8.8031239E-04   7.9377997E-04
   4.3478261E-01   1.1680764E+06   5.7613246E+05   1.7441583E+06   1.3323681E-03   8.9045839E-04   1.1070670E-03
   4.4927536E-01   7.8330419E+05   3.9324090E+05   1.1765451E+06   1.5630353E-03   1.0489647E-03   1.2097132E-03
   4.6376812E-01   4.4417577E+05   2.1964892E+05   6.6382469E+05   2.2693804E-03   2.1014159E-03   2.1979968E-03
   4.7826087E-01   1.7914732E+05   9.0400283E+04   2.6954760E+05   5.2017343E-03   5.0334356E-03   5.1005530E-03
   4.9275362E-01   3.1423786E+04   1.6202193E+04   4.7625979E+04   1.4173519E-02   1.6154033E-02   1.4838214E-02
   5.0724638E-01   2.1433123E+03   8.6598478E+02   3.0092971E+03   6.0392644E-02   3.6900088E-02   5.3023045E-02
   5.2173913E-01   1.0734603E+03   7.1564020E+02   1.7891005E+03   9.9197193E-02   1.0470981E-01   9.8264365E-02
   5.3623188E-01   1.2697209E+03   5.1198425E+02   1.7817052E+03   6.6376098E-02   7.4392673E-02   6.8074315E-02
   5.5072464E-01   8.1755800E+02   4.5863010E+02   1.2761881E+03   1.1346343E-01   1.2778241E-01   1.1846209E-01
   5.6521739E-01   1.3600402E+03   6.8002010E+02   2.0400603E+03   1.0718028E-01   6.3865047E-02   9.2740350E-02
   5.7971014E-01   1.3070958E+03   5.6830251E+02   1.8753983E+03   8.0846527E-02   9.2829109E-02   8.4022883E-02
   5.9420290E-01   1.2197712E+03   5.3596009E+02   1.7557313E+03   8.9641766E-02   7.6187588E-02   8.4885070E-02
   6.0869565E-01   1.1907291E+03   3.6082699E+02   1.5515561E+03   9.3046172E-02   1.1053490E-01   9.7031816E-02
   6.2318841E-01   1.1454159E+03   6.1676242E+02   1.7621783E+03   9.5603166E-02   1.3838200E-01   1.0986432E-01
   6.3768116E-01   1.3088179E+03   5.3385994E+02   1.8426778E+03   1.0703942E-01   1.1543121E-01   1.0941647E-01
   6.5217391E-01   1.2797331E+03   5.8935075E+02   1.8690838E+03   1.3811959E-01   1.2437135E-01   1.3354356E-01
   6.6666667E-01   1.5319459E+03   4.6123103E+02   1.9931769E+03   1.4105482E-01   1.5056093E-01   1.4304502E-01
   6.8115942E-01   1.3220087E+03   5.4814994E+02   1.8701586E+03   1.3230409E-01   1.4537418E-01   1.3324441E-01
   6.9565217E-01   1.0892465E+03   4.5779925E+02   1.5470457E+03   1.4132008E-01   8.3700695E-02   1.2371506E-01
   7.1014493E-01   8.8144880E+02   5.2577647E+02   1.4072253E+03   1.5114700E-01   1.5948933E-01   1.5406783E-01
   7.2463768E-01   1.2275334E+03   4.6979674E+02   1.6973302E+03   1.5139445E-01   1.3108107E-01   1.4224085E-01
   7.3913043E-01   9.0631250E+02   5.0515779E+02   1.4114703E+03   1.4221747E-01   1.4675385E-01   1.4183817E-01
   7.5362319E-01   1.2094643E+03   6.2658995E+02   1.8360543E+03   1.7402396E-01   1.5558527E-01   1.6666893E-01
   7.6811594E-01   8.4351820E+02   4.5750139E+02   1.3010196E+03   1.8784663E-01   2.0315219E-01   1.9254288E-01
   7.8260870E-01   9.4015477E+02   5.0515779E+02   1.4453126E+03   1.7968478E-01   1.2227580E-01   1.5944766E-01
   7.9710145E-01   9.5061511E+02   4.9597310E+02   1.4465882E+03   1.7803610E-01   1.5384010E-01   1.6973187E-01
   8.1159420E-01   8.7951579E+02   5.2770948E+02   1.4072253E+03   1.8610724E-01   1.5394740E-01   1.7384043E-01
   8.2608696E-01   7.4444306E+02   3.9880878E+02   1.1432518E+03   1.9980008E-01   1.7775277E-01   1.9209602E-01
   8.4057971E-01   6.9241456E+02   4.3112604E+02   1.1235406E+03   2.2827649E-01   1.8684477E-01   2.1237026E-01
   8.5507246E-01   7.3205069E+02   3.4676086E+02   1.0788116E+03   1.5939964E-01   1.8219879E-01   1.6582391E-01
   8.6956522E-01   6.1881829E+02   3.5361045E+02   9.7242874E+02   1.9958396E-01   1.2316673E-01   1.7179378E-01
   8.8405797E-01   6.7078329E+02   4.0992312E+02   1.0807064E+03   2.3204683E-01   2.1149069E-01   2.2407366E-01
   8.9855072E-01   6.3552109E+02   3.5442522E+02   9.8994631E+02   2.2395035E-01   1.8040448E-01   2.0727089E-01
   9.1304348E-01   5.0515779E+02   2.0446863E+02   7.0962642E+02   2.0562859E-01   2.6333736E-01   2.2221953E-01
   9.2753623E-01   4.7358543E+02   2.2495308E+02   6.9853851E+02   2.3738552E-01   3.1450120E-01   2.6181036E-01
   9.4202899E-01   3.9635457E+02   2.2149226E+02   6.1784683E+02   2.3425527E-01   2.1073073E-01   2.2582194E-01
   9.5652174E-01   2.9850233E+02   2.1813632E+02   5.1663865E+02   2.7792311E-01   2.2553065E-01   2.5544088E-01
   9.7101449E-01   2.7142807E+02   9.0476022E+01   3.6190409E+02   1.8382949E-01   3.0239578E-01   2.1326809E-01
   9.8550725E-01   1.4486142E+02   8.9145492E+01   2.3400692E+02   1.9768653E-01   2.4304364E-01   2.1352885E-01
   1.0000000E+00   4.3768184E+01   4.3768184E+01   8.7536368E+01   2.0021416E-01   2.0394022E-01   1.9458911E-01
