   0.0000000E+00   2.0046682E+07   1.0190043E+07   3.0236725E+07   1.1168371E-03   4.9288503E-03   2.3754885E-03
   1.4492754E-02   2.0536180E+07   1.0446158E+07   3.0982338E+07   1.1009402E-03   7.1173407E-04   8.9260342E-04
   2.8985507E-02   2.0671057E+07   1.0327193E+07   3.0997871E+07   1.1709832E-04   9.2765295E-04   3.2359291E-04
   4.3478261E-02   2.0882970E+07   1.0538349E+07   3.1421320E+07   5.5577805E-04   4.1726516E-04   4.9783477E-04
   5.7971014E-02   2.1212838E+07   1.0507156E+07   3.1719994E+07   4.8743689E-04   6.3180947E-04   4.6797807E-04
   7.2463768E-02   2.1505173E+07   1.0798354E+07   3.2303224E+07   2.7174832E-04   7.4942657E-04   4.2040114E-04
   8.6956522E-02   2.1810440E+07   1.0967102E+07   3.2777163E+07   7.6988028E-04   4.4080489E-04   6.4388624E-04
   1.0144928E-01   2.2266417E+07   1.1163410E+07   3.3429719E+07   4.4006637E-04   4.7960847E-04   3.4700209E-04
   1.1594203E-01   2.2756159E+07   1.1399391E+07   3.4155076E+07   2.7200570E-04   3.5271039E-04   2.7777234E-04
   1.3043478E-01   2.3140436E+07   1.1594550E+07   3.4734902E+07   7.5457101E-04   3.2447455E-04   5.7744869E-04
   1.4492754E-01   2.3563186E+07   1.1844485E+07   3.5407444E+07   5.9079352E-04   5.0654872E-04   5.5249696E-04
   1.5942029E-01   2.3997521E+07   1.2126129E+07   3.6123512E+07   6.7014895E-04   2.2172129E-04   4.9876825E-04
   1.7391304E-01   2.4490365E+07   1.2344415E+07   3.6834338E+07   5.7067032E-04   3.6038831E-04   4.9917491E-04
   1.8840580E-01   2.4838900E+07   1.2472113E+07   3.7310838E+07   2.2564088E-04   4.2193239E-04   2.4582031E-04
   2.0289855E-01   2.4226141E+07   1.2255363E+07   3.6481233E+07   1.9719699E-04   2.5222188E-04   2.1488378E-04
   2.1739130E-01   2.2009674E+07   1.1087557E+07   3.3097029E+07   1.4154295E-04   2.2680007E-04   8.7841881E-05
   2.3188406E-01   1.8444637E+07   9.2567481E+06   2.7701243E+07   4.7844715E-04   6.0647315E-04   5.0424614E-04
   2.4637681E-01   1.5120725E+07   7.5896689E+06   2.2710304E+07   1.1667712E-03   7.3350927E-04   1.0215805E-03
   2.6086957E-01   1.2642163E+07   6.3296692E+06   1.8971748E+07   1.8014863E-03   1.2790668E-03   1.6240547E-03
   2.7536232E-01   1.0762094E+07   5.3917352E+06   1.6153710E+07   2.8757668E-03   2.4047615E-03   2.7189863E-03
   2.8985507E-01   9.2389318E+06   4.6009771E+06   1.3839871E+07   3.7291084E-03   2.9570265E-03   3.4624714E-03
   3.0434783E-01   7.9845962E+06   4.0084631E+06   1.1992879E+07   4.5127524E-03   3.6509177E-03   4.2251183E-03
   3.1884058E-01   6.9123151E+06   3.4215256E+06   1.0333737E+07   5.4978521E-03   3.9924970E-03   4.9937054E-03
   3.3333333E-01   5.9251055E+06   2.9232163E+06   8.8483219E+06   6.0319654E-03   4.8150168E-03   5.6295190E-03
   3.4782609E-01   5.0665432E+06   2.5052985E+06   7.5717785E+06   7.2456256E-03   5.0501364E-03   6.5176690E-03
   3.6231884E-01   4.3020652E+06   2.1331197E+06   6.4351243E+06   8.2723770E-03   5.2058388E-03   7.2559560E-03
   3.7681159E-01   3.6092164E+06   1.8005572E+06   5.4097153E+06   8.9896100E-03   6.7661234E-03   8.2360878E-03
   3.9130435E-01   2.9937334E+06   1.4831152E+06   4.4768487E+06   9.8814087E-03   7.0295660E-03   8.9354584E-03
   4.0579710E-01   2.4255963E+06   1.2007150E+06   3.6263113E+06   1.1623841E-02   7.4481664E-03   1.0241105E-02
   4.2028986E-01   1.9180406E+06   9.5506177E+05   2.8731023E+06   1.3152658E-02   9.0099850E-03   1.1775406E-02
   4.3478261E-01   1.4594514E+06   7.2043078E+05   2.1798822E+06   1.5522918E-02   1.0086146E-02   1.3724575E-02
   4.4927536E-01   1.0468988E+06   5.1174114E+05   1.5586399E+06   1.7629238E-02   1.2594499E-02   1.5976096E-02
   4.6376812E-01   6.7047857E+05   3.2653715E+05   9.9701572E+05   2.1802117E-02   1.5861669E-02   1.9843241E-02
   4.7826087E-01   3.5273791E+05   1.6977894E+05   5.2251685E+05   3.0428815E-02   1.9539251E-02   2.6878705E-02
   4.9275362E-01   1.0715288E+05   5.2372977E+04   1.5952586E+05   3.9892902E-02   3.1394950E-02   3.7102334E-02
   5.0724638E-01   6.8196302E+03   3.3773406E+03   1.0196971E+04   3.6215547E-02   2.4225891E-02   3.2205248E-02
   5.2173913E-01   8.2088141E+02   5.6830251E+02   1.3891839E+03   7.7699455E-02   4.8118631E-02   5.7903133E-02
   5.3623188E-01   8.1917479E+02   2.6623181E+02   1.0854066E+03   6.8121917E-02   9.6094900E-02   7.4043587E-02
   5.5072464E-01   1.0369028E+03   3.3898746E+02   1.3758903E+03   7.5110366E-02   1.3062693E-01   8.7273926E-02
   5.6521739E-01   7.3830754E+02   2.7200804E+02   1.0103156E+03   1.0671348E-01   5.3722810E-02   9.2169026E-02
   5.7971014E-01   6.8196302E+02   2.6520784E+02   9.4717086E+02   7.8391084E-02   8.2509178E-02   7.9389320E-02
   5.9420290E-01   7.2077392E+02   3.5114627E+02   1.0719202E+03   1.2727693E-01   1.0033651E-01   1.1045944E-01
   6.0869565E-01   5.4124049E+02   3.4278564E+02   8.8402613E+02   1.0196913E-01   2.5457056E-02   7.0432625E-02
   6.2318841E-01   6.5200598E+02   2.6432675E+02   9.1633273E+02   1.3330741E-01   1.0545963E-01   1.2520043E-01
   6.3768116E-01   4.3053221E+02   2.0665546E+02   6.3718767E+02   1.0588562E-01   1.0622959E-01   1.0589813E-01
   6.5217391E-01   5.3883498E+02   2.3574030E+02   7.7457528E+02   1.1949400E-01   5.8399100E-02   1.0009658E-01
   6.6666667E-01   4.9417610E+02   9.8835220E+01   5.9301132E+02   1.3574981E-01   6.6890331E-02   1.1300777E-01
   6.8115942E-01   5.1590583E+02   1.4509851E+02   6.6100434E+02   1.3727079E-01   1.0619787E-01   1.2988176E-01
   6.9565217E-01   4.1044070E+02   2.0522035E+02   6.1566106E+02   1.4012048E-01   1.4561289E-01   1.4194444E-01
   7.1014493E-01   3.4020831E+02   1.5464014E+02   4.9484845E+02   8.2872717E-02   1.0987597E-01   8.9887333E-02
   7.2463768E-01   3.9402308E+02   1.3639260E+02   5.3041568E+02   8.4658209E-02   8.2322944E-02   8.3940302E-02
   7.3913043E-01   2.6743648E+02   1.7829098E+02   4.4572746E+02   1.3420419E-01   2.2895743E-01   1.6783562E-01
   7.5362319E-01   1.7486231E+02   1.4571859E+02   3.2058090E+02   1.8294784E-01   8.1187206E-02   1.2922358E-01
   7.6811594E-01   4.0031372E+02   1.5726610E+02   5.5757982E+02   1.6769966E-01   1.2015812E-01   1.5423768E-01
   7.8260870E-01   3.2273970E+02   1.2628945E+02   4.4902915E+02   1.0021039E-01   1.4143179E-02   7.4978524E-02
   7.9710145E-01   2.3420952E+02   1.5154734E+02   3.8575686E+02   1.3075730E-01   1.4121181E-01   1.3434051E-01
   8.1159420E-01   2.3002721E+02   1.0824810E+02   3.3827531E+02   1.6219377E-01   1.2858074E-01   1.4695438E-01
   8.2608696E-01   1.7281714E+02   7.9761756E+01   2.5257889E+02   2.0032141E-01   4.8659399E-02   1.5141300E-01
   8.4057971E-01   2.3515966E+02   1.1757983E+02   3.5273949E+02   2.4568570E-01   4.8729601E-02   1.7054535E-01
   8.5507246E-01   1.5411594E+02   8.9900963E+01   2.4401690E+02   1.5177008E-01   1.5922538E-01   1.5403197E-01
   8.6956522E-01   1.3891839E+02   1.0103156E+02   2.3994995E+02   1.4951125E-01   8.8349001E-02   1.2252386E-01
   8.8405797E-01   1.4906295E+02   9.9375303E+01   2.4843826E+02   1.1641218E-01   1.3556493E-01   1.2403160E-01
   8.9855072E-01   2.3220963E+02   6.1107797E+01   2.9331743E+02   1.9680352E-01   1.2410687E-01   1.7961422E-01
   9.1304348E-01   1.2027566E+02   2.4055133E+01   1.4433080E+02   2.7925013E-01   2.1284912E-01   2.5886022E-01
   9.2753623E-01   4.7358543E+01   5.9198178E+01   1.0655672E+02   1.0308269E-01   5.7013742E-02   7.7190401E-02
   9.4202899E-01   6.9944925E+01   4.6629950E+01   1.1657487E+02   2.7467648E-01   1.8873487E-01   2.4013995E-01
   9.5652174E-01   1.3777031E+02   3.4442577E+01   1.7221288E+02   1.9378267E-01   2.4275826E-05   1.5503098E-01
   9.7101449E-01   9.0476022E+01   2.2619005E+01   1.1309503E+02   1.8674068E-01   3.0298379E-01   2.0896517E-01
   9.8550725E-01   1.2257505E+02   2.2286373E+01   1.4486142E+02   2.4690677E-01   2.0050541E-01   2.3784341E-01
   1.0000000E+00   0.0000000E+00   0.0000000E+00   0.0000000E+00   0.0000000E+00   0.0000000E+00   0.0000000E+00
