   0.0000000E+00   2.1113575E+07   9.8869483E+06   3.1000523E+07   8.4344195E-04   1.3511482E-03   9.9725818E-04
   1.4492754E-02   2.0243693E+07   1.0123362E+07   3.0367055E+07   1.3721742E-04   4.3366288E-04   5.7328548E-05
   2.8985507E-02   2.0315678E+07   1.0085096E+07   3.0400017E+07   1.6250490E-04   4.4567322E-04   2.2208173E-04
   4.3478261E-02   2.0411658E+07   1.0257987E+07   3.0669645E+07   1.7050680E-04   2.4174390E-04   3.5062663E-05
   5.7971014E-02   2.0806502E+07   1.0414144E+07   3.1220267E+07   1.0843864E-04   1.4395465E-04   3.1519212E-05
   7.2463768E-02   2.1063867E+07   1.0642412E+07   3.1705825E+07   1.6172937E-04   2.4403019E-04   1.8700440E-04
   8.6956522E-02   2.1321195E+07   1.0797495E+07   3.2118311E+07   4.9099785E-05   8.8286428E-05   7.7288790E-06
   1.0144928E-01   2.1562913E+07   1.1062306E+07   3.2624569E+07   7.2635495E-05   6.6038804E-05   6.9916207E-05
   1.1594203E-01   2.2019828E+07   1.1322765E+07   3.3342024E+07   1.2288259E-04   7.2497985E-05   9.3353401E-05
   1.3043478E-01   2.2258347E+07   1.1570387E+07   3.3828228E+07   9.3228402E-05   3.9915354E-05   5.5079534E-05
   1.4492754E-01   2.2599497E+07   1.1797884E+07   3.4396244E+07   6.3650248E-05   1.6762553E-04   8.5252386E-05
   1.5942029E-01   2.2750286E+07   1.2050080E+07   3.4799539E+07   3.4428525E-05   6.6714217E-05   1.5915845E-05
   1.7391304E-01   2.2934669E+07   1.2199119E+07   3.5133409E+07   3.3079268E-05   3.6710542E-05   2.9567047E-05
   1.8840580E-01   2.2892741E+07   1.2305236E+07   3.5197160E+07   6.2368068E-05   3.3611442E-05   2.8899455E-05
   2.0289855E-01   2.2224363E+07   1.2001088E+07   3.4224855E+07   3.3462381E-05   9.4414218E-05   4.2771619E-05
   2.1739130E-01   2.0441665E+07   1.0909489E+07   3.1349890E+07   6.1802716E-05   8.8085776E-05   6.9129858E-05
   2.3188406E-01   1.7567320E+07   9.2252547E+06   2.6791770E+07   5.6742936E-05   1.7888616E-04   2.5475787E-05
   2.4637681E-01   1.4991464E+07   7.6558149E+06   2.2646610E+07   5.7978459E-05   5.7847547E-05   5.4005185E-05
   2.6086957E-01   1.2865990E+07   6.3702502E+06   1.9235525E+07   1.1406768E-04   6.7378155E-05   6.4509341E-05
   2.7536232E-01   1.1147463E+07   5.4409083E+06   1.6588252E+07   6.4176201E-05   1.2686196E-04   6.4944781E-05
   2.8985507E-01   9.7291496E+06   4.6715603E+06   1.4400407E+07   1.3841982E-04   6.2122024E-05   9.5455495E-05
   3.0434783E-01   8.4558723E+06   4.0150663E+06   1.2470542E+07   2.0077118E-04   3.1297383E-04   2.3670649E-04
   3.1884058E-01   7.4098381E+06   3.4516628E+06   1.0861225E+07   2.1156029E-04   1.9940710E-04   1.7730362E-04
   3.3333333E-01   6.4140434E+06   2.9756649E+06   9.3895765E+06   2.1585585E-04   2.5148596E-04   1.8243506E-04
   3.4782609E-01   5.5671546E+06   2.5549934E+06   8.1218638E+06   2.2929373E-04   2.7519971E-04   2.1490917E-04
   3.6231884E-01   4.7898051E+06   2.1591252E+06   6.9488091E+06   3.0330715E-04   1.8295799E-04   2.3667752E-04
   3.7681159E-01   4.0739713E+06   1.8261454E+06   5.9000875E+06   7.5208670E-04   4.1956198E-04   6.3468490E-04
   3.9130435E-01   3.4480387E+06   1.5154734E+06   4.9634559E+06   3.1712547E-04   2.0263015E-04   2.8138402E-04
   4.0579710E-01   2.8313914E+06   1.2350837E+06   4.0664210E+06   4.1886093E-04   5.7045735E-04   4.6001143E-04
   4.2028986E-01   2.3172110E+06   9.8955185E+05   3.3067106E+06   6.5867677E-04   4.7128102E-04   5.9543911E-04
   4.3478261E-01   1.8011401E+06   7.5122015E+05   2.5523350E+06   5.5039183E-04   5.9467666E-04   5.4735106E-04
   4.4927536E-01   1.3434427E+06   5.4872357E+05   1.8921418E+06   1.5415537E-03   6.7323835E-04   1.2341592E-03
   4.6376812E-01   9.1690875E+05   3.5961709E+05   1.2765022E+06   1.2469749E-03   1.4412822E-03   1.2528421E-03
   4.7826087E-01   5.2410121E+05   1.8853866E+05   7.1263987E+05   2.8125333E-03   6.0120365E-04   2.0047436E-03
   4.9275362E-01   1.9184110E+05   6.2981290E+04   2.5482239E+05   8.4995965E-03   6.6226661E-03   6.5136469E-03
   5.0724638E-01   2.8620797E+04   8.5732493E+03   3.7194046E+04   6.1551199E-02   5.7133302E-02   6.0455844E-02
   5.2173913E-01   1.1618629E+04   2.9046573E+03   1.4523286E+04   1.5143477E-01   1.4339984E-01   1.4967076E-01
   5.3623188E-01   9.9734531E+03   2.4370450E+03   1.2410498E+04   1.8647286E-01   1.6836221E-01   1.8279072E-01
   5.5072464E-01   8.1556396E+03   1.9940439E+03   1.0149683E+04   1.8090797E-01   1.8170041E-01   1.8101509E-01
   5.6521739E-01   6.6059096E+03   1.5154734E+03   8.1213829E+03   1.9885317E-01   1.7177077E-01   1.9375735E-01
   5.7971014E-01   5.3988739E+03   1.2313221E+03   6.6301960E+03   2.0288998E-01   1.9497705E-01   2.0118271E-01
   5.9420290E-01   4.1398297E+03   9.7951327E+02   5.1193430E+03   2.1749824E-01   2.1421006E-01   2.1686753E-01
   6.0869565E-01   3.7345594E+03   7.7577803E+02   4.5103374E+03   1.8587627E-01   1.5563383E-01   1.8066572E-01
   6.2318841E-01   3.6653309E+03   7.7535847E+02   4.4406894E+03   2.0847436E-01   2.6266400E-01   2.1793417E-01
   6.3768116E-01   3.2720448E+03   5.8552380E+02   3.8575686E+03   1.8358130E-01   1.9170845E-01   1.8468562E-01
   6.5217391E-01   2.1890171E+03   8.7560683E+02   3.0646239E+03   1.7668042E-01   1.4172565E-01   1.6664034E-01
   6.6666667E-01   1.9931769E+03   5.4359371E+02   2.5367706E+03   1.3318615E-01   1.5412619E-01   1.3686677E-01
   6.8115942E-01   2.1119895E+03   4.9978377E+02   2.6117733E+03   1.4891487E-01   1.4419509E-01   1.4799222E-01
   6.9565217E-01   1.8154108E+03   3.3150980E+02   2.1469206E+03   1.2911743E-01   1.5163056E-01   1.3227757E-01
   7.1014493E-01   1.6391855E+03   4.6392042E+02   2.1031059E+03   1.4222408E-01   1.2052023E-01   1.3743081E-01
   7.2463768E-01   1.2578429E+03   2.8793994E+02   1.5457828E+03   1.2128488E-01   1.3106700E-01   1.2306023E-01
   7.3913043E-01   1.0697459E+03   2.3772131E+02   1.3074672E+03   1.3454912E-01   1.2980341E-01   1.3351041E-01
   7.5362319E-01   8.3059598E+02   1.1657487E+02   9.4717086E+02   1.2502029E-01   2.0087587E-01   1.3371522E-01
   7.6811594E-01   9.7219046E+02   1.8585994E+02   1.1580504E+03   1.1310192E-01   9.0695812E-02   1.0850754E-01
   7.8260870E-01   6.8757588E+02   4.2096482E+01   7.2967236E+02   1.6149005E-01   9.1396182E-06   1.5217280E-01
   7.9710145E-01   5.5108122E+02   6.8885153E+01   6.1996638E+02   1.0392563E-01   8.0145230E-02   1.0040244E-01
   8.1159420E-01   5.4124049E+02   9.4717086E+01   6.3595757E+02   9.2930172E-02   8.1245387E-02   9.1139508E-02
   8.2608696E-01   3.8551516E+02   1.3293626E+01   3.9880878E+02   2.1458418E-01   3.2754663E-06   2.0743127E-01
   8.4057971E-01   2.7435294E+02   6.5322128E+01   3.3967507E+02   1.4506996E-01   2.3128536E-01   1.6021750E-01
   8.5507246E-01   2.6970289E+02   5.1371979E+01   3.2107487E+02   1.4490854E-01   4.7109482E-06   1.2172379E-01
   8.6956522E-01   2.2732101E+02   3.7886834E+01   2.6520784E+02   1.8908297E-01   8.6256993E-02   1.7379862E-01
   8.8405797E-01   1.4906295E+02   2.4843826E+01   1.7390678E+02   1.1474993E-01   4.0107518E-01   1.4862300E-01
   8.9855072E-01   1.9554495E+02   1.2221559E+01   2.0776651E+02   1.8567178E-01   3.9625913E-01   1.9610517E-01
   9.1304348E-01   1.3230323E+02   6.0137832E+01   1.9244106E+02   2.3717965E-01   2.1262476E-01   2.2944396E-01
   9.2753623E-01   4.7358543E+01   1.1839636E+01   5.9198178E+01   2.8618886E-01   2.0385260E-06   2.2895141E-01
   9.4202899E-01   1.2823236E+02   1.1657487E+01   1.3988985E+02   1.2894044E-01   5.7330974E-06   1.1819585E-01
   9.5652174E-01   6.8885153E+01   0.0000000E+00   6.8885153E+01   3.0389261E-01   0.0000000E+00   3.0389261E-01
   9.7101449E-01   3.3928508E+01   1.1309503E+01   4.5238011E+01   1.4257430E-01   3.1296730E-05   1.0692422E-01
   9.8550725E-01   0.0000000E+00   0.0000000E+00   0.0000000E+00   0.0000000E+00   0.0000000E+00   0.0000000E+00
   1.0000000E+00   4.3768184E+01   0.0000000E+00   4.3768184E+01   2.1427787E-01   0.0000000E+00   2.1427787E-01
