   0.0000000E+00   1.8294794E+07   9.5656679E+06   2.7860462E+07   2.2811929E-03   7.3181670E-04   1.7040932E-03
   1.4492754E-02   1.8074293E+07   9.1534591E+06   2.7227752E+07   8.4575892E-04   1.0385939E-03   3.0325726E-04
   2.8985507E-02   1.8464906E+07   9.4251077E+06   2.7890014E+07   2.8815573E-04   2.0828657E-04   2.4486566E-04
   4.3478261E-02   1.8681493E+07   9.6917048E+06   2.8373198E+07   2.4389664E-05   5.1896501E-05   2.6360394E-05
   5.7971014E-02   1.9094964E+07   9.8047338E+06   2.8899509E+07   4.0012683E-04   4.6491900E-04   3.4743222E-04
   7.2463768E-02   1.9641141E+07   1.0015915E+07   2.9656753E+07   4.7188410E-04   1.5099891E-04   2.6485844E-04
   8.6956522E-02   2.0042262E+07   1.0274531E+07   3.0316666E+07   5.2482092E-04   3.4872644E-04   4.5307708E-04
   1.0144928E-01   2.0583484E+07   1.0599004E+07   3.1182164E+07   3.6595237E-04   3.4051268E-04   2.8755165E-04
   1.1594203E-01   2.1281319E+07   1.0897390E+07   3.2178330E+07   1.5480129E-04   5.2749161E-05   1.1621608E-04
   1.3043478E-01   2.1783246E+07   1.1217702E+07   3.3000611E+07   1.9619988E-04   4.6543209E-04   1.6296325E-04
   1.4492754E-01   2.2565777E+07   1.1593977E+07   3.4158921E+07   2.7124653E-04   3.7760345E-04   5.2497206E-05
   1.5942029E-01   2.3400493E+07   1.1996212E+07   3.5396223E+07   2.5190612E-04   3.1563124E-04   1.3515449E-04
   1.7391304E-01   2.4178304E+07   1.2452897E+07   3.6630759E+07   1.4437631E-04   2.5469308E-04   1.3010334E-04
   1.8840580E-01   2.4769829E+07   1.2726887E+07   3.7495900E+07   3.0016444E-04   2.5545512E-04   1.1457765E-04
   2.0289855E-01   2.4466235E+07   1.2554993E+07   3.7020471E+07   1.7975195E-04   2.2154407E-04   1.9273977E-04
   2.1739130E-01   2.2155665E+07   1.1337155E+07   3.3492214E+07   2.4463308E-04   1.5658410E-04   1.1318315E-04
   2.3188406E-01   1.8417358E+07   9.3743867E+06   2.7791035E+07   8.1652719E-05   2.0137366E-04   9.3378574E-05
   2.4637681E-01   1.4955672E+07   7.5551250E+06   2.2510128E+07   7.3840425E-04   2.4054384E-04   4.7643231E-04
   2.6086957E-01   1.2366557E+07   6.2186608E+06   1.8584923E+07   3.9948674E-04   3.5588029E-04   3.6290350E-04
   2.7536232E-01   1.0527236E+07   5.2732092E+06   1.5800006E+07   2.4624132E-04   1.1133550E-04   1.8048141E-04
   2.8985507E-01   9.1635749E+06   4.5172472E+06   1.3680557E+07   3.1144629E-04   5.1552736E-04   3.5937922E-04
   3.0434783E-01   7.9228587E+06   3.8955604E+06   1.1818166E+07   7.3760199E-04   5.5853278E-04   6.6123376E-04
   3.1884058E-01   6.9633935E+06   3.4100906E+06   1.0373415E+07   5.1929728E-04   7.8782015E-04   5.8117459E-04
   3.3333333E-01   6.0732925E+06   2.9350107E+06   9.0082043E+06   4.8940747E-04   3.1470620E-04   4.2901504E-04
   3.4782609E-01   5.3011890E+06   2.5398386E+06   7.8409329E+06   7.2508628E-04   3.9637812E-04   6.0754535E-04
   3.6231884E-01   4.5987342E+06   2.1914957E+06   6.7901694E+06   8.0209515E-04   7.4575137E-04   7.6402410E-04
   3.7681159E-01   3.9482744E+06   1.8726588E+06   5.8209041E+06   1.1477602E-03   5.6649110E-04   9.5787257E-04
   3.9130435E-01   3.3425730E+06   1.5809194E+06   4.9234643E+06   1.5244390E-03   8.5272979E-04   1.2980081E-03
   4.0579710E-01   2.7985381E+06   1.2903444E+06   4.0888283E+06   1.2860057E-03   3.0318559E-04   8.7099514E-04
   4.2028986E-01   2.2882080E+06   1.0469047E+06   3.3351127E+06   1.4060138E-03   8.4927210E-04   1.2303248E-03
   4.3478261E-01   1.7862379E+06   8.0681276E+05   2.5930507E+06   1.7205846E-03   1.1452084E-03   1.5365768E-03
   4.4927536E-01   1.3113000E+06   5.7666206E+05   1.8879621E+06   2.8250291E-03   1.2406470E-03   2.2882706E-03
   4.6376812E-01   8.4636820E+05   3.6534748E+05   1.2117157E+06   4.6027084E-03   2.7645656E-03   3.7331130E-03
   4.7826087E-01   4.4387296E+05   1.8376263E+05   6.2763559E+05   9.0516293E-03   4.6084041E-03   7.6778228E-03
   4.9275362E-01   1.3195761E+05   5.0211199E+04   1.8216881E+05   3.4259637E-02   1.9279287E-02   3.0086639E-02
   5.0724638E-01   4.5702347E+04   1.5262982E+04   6.0965329E+04   9.8293811E-02   6.1064154E-02   8.8947087E-02
   5.2173913E-01   4.0812540E+04   1.2713138E+04   5.3525677E+04   1.1983615E-01   7.3276470E-02   1.0875003E-01
   5.3623188E-01   4.3190991E+04   1.4274121E+04   5.7465112E+04   1.3191030E-01   8.6507789E-02   1.2055728E-01
   5.5072464E-01   4.4088311E+04   1.4097890E+04   5.8186201E+04   1.4397113E-01   9.3592705E-02   1.3172808E-01
   5.6521739E-01   4.4026444E+04   1.2862094E+04   5.6888539E+04   1.4919872E-01   1.0093223E-01   1.3824413E-01
   5.7971014E-01   4.1467140E+04   1.2786807E+04   5.4253947E+04   1.6738325E-01   1.0241996E-01   1.5205935E-01
   5.9420290E-01   3.5465773E+04   1.1051867E+04   4.6517640E+04   1.6215305E-01   9.8051338E-02   1.4690750E-01
   6.0869565E-01   3.1247618E+04   8.9485094E+03   4.0196127E+04   1.6936524E-01   1.0940748E-01   1.5598887E-01
   6.2318841E-01   2.7824796E+04   8.5818085E+03   3.6406604E+04   1.7541182E-01   1.1689153E-01   1.6160856E-01
   6.3768116E-01   2.6262465E+04   7.5084817E+03   3.3770946E+04   1.7057918E-01   1.0597601E-01   1.5615331E-01
   6.5217391E-01   2.2799455E+04   6.3649881E+03   2.9164443E+04   1.7006761E-01   9.7403861E-02   1.5419335E-01
   6.6666667E-01   2.1002484E+04   5.7489153E+03   2.6751399E+04   1.6478391E-01   1.0398827E-01   1.5171847E-01
   6.8115942E-01   1.8379145E+04   4.8849833E+03   2.3264128E+04   1.7784007E-01   1.0596862E-01   1.6273075E-01
   6.9565217E-01   1.6291339E+04   5.1620812E+03   2.1453420E+04   1.8124667E-01   1.0827308E-01   1.6368330E-01
   7.1014493E-01   1.5293910E+04   4.3608519E+03   1.9654762E+04   1.6827762E-01   1.0828130E-01   1.5496561E-01
   7.2463768E-01   1.3699879E+04   4.0008497E+03   1.7700729E+04   1.7254973E-01   1.2662441E-01   1.6216767E-01
   7.3913043E-01   1.2688375E+04   3.3280984E+03   1.6016473E+04   1.6954814E-01   1.1295659E-01   1.5776176E-01
   7.5362319E-01   1.1978068E+04   3.0309467E+03   1.5009015E+04   1.6727643E-01   1.2774540E-01   1.5928068E-01
   7.6811594E-01   1.0879955E+04   2.9308683E+03   1.3810823E+04   1.8072083E-01   1.1023181E-01   1.6576193E-01
   7.8260870E-01   9.0928402E+03   2.3153065E+03   1.1408147E+04   1.8525430E-01   1.0837749E-01   1.6962503E-01
   7.9710145E-01   7.8804615E+03   2.2869871E+03   1.0167449E+04   1.7682802E-01   9.6522147E-02   1.5864864E-01
   8.1159420E-01   7.5908979E+03   2.3138031E+03   9.9047009E+03   1.8767581E-01   1.1264794E-01   1.7006433E-01
   8.2608696E-01   6.9924473E+03   2.1801547E+03   9.1726020E+03   1.8251698E-01   1.0871164E-01   1.6490306E-01
   8.4057971E-01   6.8196302E+03   1.4240224E+03   8.2436525E+03   1.7294065E-01   1.2323630E-01   1.6427833E-01
   8.5507246E-01   5.7536616E+03   1.2971425E+03   7.0508041E+03   1.9223339E-01   8.1075530E-02   1.7178351E-01
   8.6956522E-01   5.0642068E+03   1.3512971E+03   6.4155039E+03   1.8509067E-01   8.6884084E-02   1.6429277E-01
   8.8405797E-01   4.9936090E+03   1.0807064E+03   6.0743154E+03   1.7708664E-01   1.0676149E-01   1.6454103E-01
   8.9855072E-01   4.5219770E+03   1.1854913E+03   5.7074682E+03   1.9089567E-01   1.1700481E-01   1.7552222E-01
   9.1304348E-01   2.9948640E+03   9.2612261E+02   3.9209867E+03   1.8817000E-01   9.6058398E-02   1.6636736E-01
   9.2753623E-01   3.5992492E+03   7.2221778E+02   4.3214670E+03   1.7482724E-01   8.7212589E-02   1.6010073E-01
   9.4202899E-01   2.7045371E+03   6.7613427E+02   3.3806714E+03   1.6778716E-01   1.1571281E-01   1.5737117E-01
   9.5652174E-01   2.4569038E+03   7.3477497E+02   3.1916788E+03   1.6512263E-01   9.1895188E-02   1.4822365E-01
   9.7101449E-01   1.6285684E+03   5.7678464E+02   2.2053530E+03   1.6659398E-01   8.9405914E-02   1.4616873E-01
   9.8550725E-01   1.2368937E+03   1.8943417E+02   1.4263279E+03   1.6085224E-01   9.5290635E-02   1.5210409E-01
   1.0000000E+00   6.5652276E+02   1.5318864E+02   8.0971140E+02   2.0132421E-01   1.0356479E-01   1.8260270E-01
