   0.0000000E+00   1.8894922E+07   9.2322638E+06   2.8127186E+07   1.9057754E-03   9.4850325E-04   9.6891827E-04
   1.4492754E-02   1.8738070E+07   9.3732028E+06   2.8111273E+07   1.6186882E-04   5.2348314E-04   2.7950245E-04
   2.8985507E-02   1.8939250E+07   9.2792434E+06   2.8218493E+07   2.7904645E-04   2.5953380E-04   1.0310934E-04
   4.3478261E-02   1.9250553E+07   9.5823381E+06   2.8832386E+07   1.3612979E-04   3.1945404E-04   1.4016839E-04
   5.7971014E-02   1.9622349E+07   9.7658998E+06   2.9388249E+07   1.3264716E-04   3.4653668E-04   2.0319557E-04
   7.2463768E-02   2.0128063E+07   1.0142306E+07   3.0270368E+07   8.1737325E-05   1.6251437E-04   6.9545689E-05
   8.6956522E-02   2.0814522E+07   1.0442243E+07   3.1256512E+07   4.6422939E-05   1.2780405E-04   5.2142107E-05
   1.0144928E-01   2.1454556E+07   1.0753150E+07   3.2206732E+07   4.5602704E-05   1.8321073E-04   8.2815942E-05
   1.1594203E-01   2.2201969E+07   1.1138919E+07   3.3340130E+07   1.6386812E-05   3.2925740E-04   9.9780778E-05
   1.3043478E-01   2.2919093E+07   1.1517766E+07   3.4435849E+07   9.8964846E-05   1.3171928E-04   6.5090127E-05
   1.4492754E-01   2.3728373E+07   1.1954509E+07   3.5680381E+07   8.8741157E-05   1.6178808E-04   5.3768344E-05
   1.5942029E-01   2.4722330E+07   1.2446927E+07   3.7168638E+07   1.1978373E-04   3.7574995E-06   7.8944723E-05
   1.7391304E-01   2.5763363E+07   1.2940185E+07   3.8701780E+07   5.8076823E-05   2.1848152E-04   4.1448148E-05
   1.8840580E-01   2.6548004E+07   1.3352195E+07   3.9897401E+07   6.7628655E-05   1.4585445E-05   4.0350582E-05
   2.0289855E-01   2.6271543E+07   1.3171953E+07   3.9441710E+07   2.6040859E-05   1.2659211E-04   3.1613889E-05
   2.1739130E-01   2.3510397E+07   1.1847415E+07   3.5355640E+07   1.3945612E-05   1.9062710E-05   1.4548943E-05
   2.3188406E-01   1.9157999E+07   9.6385527E+06   2.8795273E+07   1.7746898E-04   3.2095286E-05   1.2886492E-04
   2.4637681E-01   1.5199306E+07   7.6096821E+06   2.2807562E+07   8.5103541E-05   1.4517006E-04   9.0488180E-05
   2.6086957E-01   1.2319030E+07   6.1668400E+06   1.8485029E+07   1.3707912E-04   3.8444502E-05   9.2780084E-05
   2.7536232E-01   1.0296325E+07   5.1406851E+06   1.5436492E+07   1.9023581E-04   2.2618986E-04   1.9817932E-04
   2.8985507E-01   8.7523133E+06   4.3918039E+06   1.3143852E+07   3.0888830E-04   3.0544958E-04   2.7518630E-04
   3.0434783E-01   7.5274284E+06   3.7528172E+06   1.1279632E+07   1.2343707E-04   2.1047254E-04   1.2481226E-04
   3.1884058E-01   6.5191531E+06   3.2529980E+06   9.7717723E+06   2.6929230E-04   2.9260692E-04   2.6455972E-04
   3.3333333E-01   5.6016508E+06   2.8163755E+06   8.4177627E+06   3.3436217E-04   2.7799473E-04   2.5447313E-04
   3.4782609E-01   4.8357492E+06   2.4123495E+06   7.2478777E+06   4.3076376E-04   1.8416001E-04   3.4783917E-04
   3.6231884E-01   4.1360905E+06   2.0586493E+06   6.1945883E+06   1.1013708E-04   3.2686376E-04   1.7884111E-04
   3.7681159E-01   3.4959348E+06   1.7349839E+06   5.2308895E+06   5.0965430E-04   6.2104402E-04   5.4195169E-04
   3.9130435E-01   2.9212714E+06   1.4592886E+06   4.3805600E+06   1.8950343E-04   3.4946148E-04   2.4247387E-04
   4.0579710E-01   2.3892791E+06   1.1908373E+06   3.5800623E+06   7.2906472E-04   6.9259383E-04   7.1668214E-04
   4.2028986E-01   1.8895340E+06   9.4805924E+05   2.8375149E+06   2.2216710E-04   8.3925182E-04   3.6925310E-04
   4.3478261E-01   1.4357090E+06   7.1373744E+05   2.1494464E+06   1.3484355E-04   6.0493192E-04   2.5024408E-04
   4.4927536E-01   9.9801254E+05   5.0083951E+05   1.4988276E+06   1.0251840E-03   7.8771054E-04   9.1114440E-04
   4.6376812E-01   6.0633142E+05   3.0468118E+05   9.1101261E+05   7.8897484E-04   2.4955275E-03   1.3445418E-03
   4.7826087E-01   2.7081050E+05   1.3198395E+05   4.0279445E+05   2.8406261E-03   4.8354802E-03   3.4777055E-03
   4.9275362E-01   6.2134408E+04   3.0844340E+04   9.2978748E+04   1.7609765E-02   1.2689752E-02   1.5953856E-02
   5.0724638E-01   1.1041306E+04   5.4990034E+03   1.6540309E+04   7.0431278E-02   6.2462262E-02   6.7750324E-02
   5.2173913E-01   7.9141387E+03   4.3148895E+03   1.2229028E+04   1.0942623E-01   1.0227196E-01   1.0670075E-01
   5.3623188E-01   9.1133196E+03   4.2392296E+03   1.3352549E+04   1.1576409E-01   9.3532734E-02   1.0870571E-01
   5.5072464E-01   8.3151631E+03   3.9282665E+03   1.2243430E+04   1.1387611E-01   1.1332713E-01   1.1357033E-01
   5.6521739E-01   9.4814231E+03   3.8858291E+03   1.3367252E+04   1.3187043E-01   1.3440784E-01   1.3259547E-01
   5.7971014E-01   8.7518587E+03   3.9402308E+03   1.2692089E+04   1.3244076E-01   1.3587852E-01   1.3348069E-01
   5.9420290E-01   7.9100317E+03   3.6593137E+03   1.1569345E+04   1.4905384E-01   1.2899780E-01   1.4258402E-01
   6.0869565E-01   6.5850926E+03   3.2835256E+03   9.8686182E+03   1.5146570E-01   1.3993313E-01   1.4756265E-01
   6.2318841E-01   6.3790856E+03   2.8899725E+03   9.2690580E+03   1.4773726E-01   1.5045224E-01   1.4848715E-01
   6.3768116E-01   5.2524929E+03   2.4282016E+03   7.6806946E+03   1.4727727E-01   1.5546345E-01   1.4968725E-01
   6.5217391E-01   4.8831920E+03   2.2226943E+03   7.1058862E+03   1.7130497E-01   1.6031169E-01   1.6780430E-01
   6.6666667E-01   4.4805300E+03   1.9108142E+03   6.3913442E+03   1.5977244E-01   1.5650353E-01   1.5868686E-01
   6.8115942E-01   3.8692937E+03   1.7573042E+03   5.6265979E+03   1.7056600E-01   1.9145629E-01   1.7677085E-01
   6.9565217E-01   3.0625191E+03   1.6417628E+03   4.7042819E+03   1.7952479E-01   1.9210632E-01   1.8386039E-01
   7.1014493E-01   2.8144505E+03   1.5000094E+03   4.3144599E+03   1.8584002E-01   1.9508311E-01   1.8894293E-01
   7.2463768E-01   2.5308405E+03   1.3942355E+03   3.9250760E+03   1.9528214E-01   2.1428343E-01   2.0196522E-01
   7.3913043E-01   2.1394918E+03   1.2183217E+03   3.3578135E+03   2.3351814E-01   2.0113904E-01   2.2146149E-01
   7.5362319E-01   1.9672010E+03   9.0345528E+02   2.8706563E+03   2.1087631E-01   1.9439307E-01   2.0568840E-01
   7.6811594E-01   1.8443025E+03   9.5789354E+02   2.8021960E+03   2.2170686E-01   2.1310955E-01   2.1874731E-01
   7.8260870E-01   1.4032161E+03   7.5773668E+02   2.1609528E+03   2.1200335E-01   1.9834758E-01   2.0720327E-01
   7.9710145E-01   1.3225949E+03   5.5108122E+02   1.8736762E+03   2.2509731E-01   2.5126923E-01   2.3278193E-01
   8.1159420E-01   1.0148259E+03   5.0064745E+02   1.5154734E+03   2.0062946E-01   2.2437780E-01   2.0845260E-01
   8.2608696E-01   9.0396657E+02   5.9821317E+02   1.5021797E+03   2.4648542E-01   2.7255275E-01   2.5681703E-01
   8.4057971E-01   1.0451540E+03   3.6580392E+02   1.4109580E+03   2.7307044E-01   2.8998574E-01   2.7690576E-01
   8.5507246E-01   8.6048064E+02   3.9813283E+02   1.2586135E+03   2.9365923E-01   1.9446820E-01   2.6222909E-01
   8.6956522E-01   5.1778673E+02   3.0309467E+02   8.2088141E+02   2.8181266E-01   2.7899402E-01   2.8040647E-01
   8.8405797E-01   7.2047095E+02   3.3539165E+02   1.0558626E+03   2.6550008E-01   3.1293210E-01   2.8056340E-01
   8.9855072E-01   5.9885641E+02   2.9331743E+02   8.9217384E+02   3.0892369E-01   2.7340831E-01   2.9593067E-01
   9.1304348E-01   4.9313022E+02   2.6460646E+02   7.5773668E+02   3.1107242E-01   2.9955923E-01   3.0646791E-01
   9.2753623E-01   3.1967016E+02   2.6047199E+02   5.8014215E+02   3.2119134E-01   3.1436804E-01   3.1808696E-01
   9.4202899E-01   1.9817729E+02   6.9944925E+01   2.6812221E+02   3.5645984E-01   3.2390426E-01   3.4289649E-01
   9.5652174E-01   2.5257889E+02   1.2628945E+02   3.7886834E+02   2.9775116E-01   3.5039070E-01   3.1352966E-01
   9.7101449E-01   2.0357105E+02   5.6547514E+01   2.6011856E+02   3.6675315E-01   2.7986164E-01   3.4783080E-01
   9.8550725E-01   1.0028868E+02   2.2286373E+01   1.2257505E+02   3.9697879E-01   3.7715591E-01   3.9336213E-01
   1.0000000E+00   4.3768184E+01   2.1884092E+01   6.5652276E+01   4.2166922E-01   4.2319740E-01   4.2096877E-01
