   0.0000000E+00   2.1586403E+07   1.0305219E+07   3.1891622E+07   1.8895596E-03   1.3974868E-03   1.3491282E-03
   1.4492754E-02   2.1388633E+07   1.0427215E+07   3.1815848E+07   6.2503201E-04   5.4328472E-04   3.7584870E-04
   2.8985507E-02   2.1216248E+07   1.0448810E+07   3.1665058E+07   3.2296541E-04   2.0792573E-04   2.6840016E-04
   4.3478261E-02   2.1065838E+07   1.0499452E+07   3.1565037E+07   2.7965630E-04   1.8704999E-04   2.4414049E-04
   5.7971014E-02   2.1178172E+07   1.0550915E+07   3.1729087E+07   1.2338919E-04   5.4263648E-05   9.9991800E-05
   7.2463768E-02   2.1429703E+07   1.0778198E+07   3.2207143E+07   1.1736499E-04   6.2726348E-05   8.9324918E-05
   8.6956522E-02   2.1500778E+07   1.0936035E+07   3.2436687E+07   2.7813316E-04   1.1467519E-04   1.6316092E-04
   1.0144928E-01   2.1570274E+07   1.1104956E+07   3.2674688E+07   1.2205095E-04   1.7950825E-04   1.0925780E-04
   1.1594203E-01   2.1655736E+07   1.1288856E+07   3.2944307E+07   1.0902575E-04   5.0458075E-05   7.4344812E-05
   1.3043478E-01   2.1841423E+07   1.1493855E+07   3.3334605E+07   1.4511558E-04   1.1254581E-04   1.0076770E-04
   1.4492754E-01   2.1868281E+07   1.1697560E+07   3.3565007E+07   1.3444949E-04   1.3825804E-04   1.1020864E-04
   1.5942029E-01   2.1973606E+07   1.1835365E+07   3.3808213E+07   7.3856018E-05   1.0712109E-04   4.4492321E-05
   1.7391304E-01   2.1938624E+07   1.2067462E+07   3.4005012E+07   4.5837813E-05   2.1561680E-05   2.4752171E-05
   1.8840580E-01   2.1883902E+07   1.2192158E+07   3.4074544E+07   1.6835219E-04   1.0111434E-05   1.0719693E-04
   2.0289855E-01   2.1176629E+07   1.1902203E+07   3.3077804E+07   4.3151863E-05   4.8254465E-05   1.9893415E-05
   2.1739130E-01   1.9453576E+07   1.0783199E+07   3.0235260E+07   5.0889979E-05   1.1361669E-04   1.5086113E-05
   2.3188406E-01   1.6992766E+07   9.1472552E+06   2.6138979E+07   9.9152235E-05   9.3629607E-05   8.5618809E-05
   2.4637681E-01   1.4661269E+07   7.5441156E+06   2.2204493E+07   9.5036186E-05   1.4035157E-04   9.8209762E-05
   2.6086957E-01   1.2811517E+07   6.3824161E+06   1.9193133E+07   2.5216754E-05   1.2012523E-04   2.8950063E-05
   2.7536232E-01   1.1232848E+07   5.4812279E+06   1.6713677E+07   1.5512559E-04   6.2043262E-05   1.1420864E-04
   2.8985507E-01   9.9256307E+06   4.7049007E+06   1.4630342E+07   1.7346452E-04   2.1942198E-04   1.8439940E-04
   3.0434783E-01   8.7997044E+06   4.0931492E+06   1.2892421E+07   2.6212633E-04   9.5275928E-05   2.0442073E-04
   3.1884058E-01   7.7211302E+06   3.5348416E+06   1.1255800E+07   2.0706143E-04   4.0942270E-04   2.3951241E-04
   3.3333333E-01   6.7816774E+06   3.0563144E+06   9.8377613E+06   3.8950739E-04   2.4849803E-04   2.9989163E-04
   3.4782609E-01   5.8594515E+06   2.6103397E+06   8.4696965E+06   5.1422378E-04   2.7515700E-04   4.4043709E-04
   3.6231884E-01   5.0455564E+06   2.1999521E+06   7.2454479E+06   2.8629253E-04   5.6582627E-04   3.5897676E-04
   3.7681159E-01   4.3122795E+06   1.8408338E+06   6.1530259E+06   3.0089458E-04   2.1726761E-04   2.4280744E-04
   3.9130435E-01   3.6252368E+06   1.5470177E+06   5.1721703E+06   5.3075566E-04   4.1879501E-04   4.2793572E-04
   4.0579710E-01   3.0529211E+06   1.2604408E+06   4.3133349E+06   4.6496466E-04   6.6431472E-04   5.0025151E-04
   4.2028986E-01   2.4961675E+06   1.0007611E+06   3.4969025E+06   1.0036582E-03   1.3375574E-03   1.0430315E-03
   4.3478261E-01   1.9754195E+06   7.6690530E+05   2.7422743E+06   1.0182589E-03   8.6041989E-04   8.6688062E-04
   4.4927536E-01   1.4888548E+06   5.5407662E+05   2.0429070E+06   1.1916209E-03   9.9046857E-04   1.1320241E-03
   4.6376812E-01   1.0363943E+06   3.5670454E+05   1.3930989E+06   2.1061950E-03   1.3690946E-03   1.8913783E-03
   4.7826087E-01   5.9043761E+05   1.8610472E+05   7.7654233E+05   3.1059503E-03   2.5620982E-03   2.8982045E-03
   4.9275362E-01   1.9846015E+05   5.1793531E+04   2.5025368E+05   9.2693539E-03   9.4460356E-03   9.2460473E-03
   5.0724638E-01   3.1630094E+04   6.4732362E+03   3.8103330E+04   6.9603055E-02   4.7740415E-02   6.5866352E-02
   5.2173913E-01   1.5217878E+04   2.5889337E+03   1.7806812E+04   1.4377159E-01   1.1300202E-01   1.3928924E-01
   5.3623188E-01   1.4540353E+04   3.0514261E+03   1.7591779E+04   1.5424221E-01   1.2844717E-01   1.4966042E-01
   5.5072464E-01   1.2801762E+04   2.1136865E+03   1.4915448E+04   1.6359346E-01   1.5515252E-01   1.6226644E-01
   5.6521739E-01   9.5397106E+03   2.0594894E+03   1.1599200E+04   1.8128910E-01   1.6531731E-01   1.7808599E-01
   5.7971014E-01   8.1835562E+03   1.6101905E+03   9.7937466E+03   1.7983269E-01   1.5655610E-01   1.7599703E-01
   5.9420290E-01   6.5054467E+03   1.0349574E+03   7.5404041E+03   2.0152565E-01   1.9044353E-01   1.9854395E-01
   6.0869565E-01   5.9175627E+03   7.3969533E+02   6.6572580E+03   2.0881964E-01   1.7778410E-01   2.0527630E-01
   6.2318841E-01   4.7931251E+03   8.9871095E+02   5.6918360E+03   1.9750652E-01   1.8684800E-01   1.9581362E-01
   6.3768116E-01   3.3753725E+03   6.1996638E+02   3.9953389E+03   2.2218033E-01   2.3265732E-01   2.2374648E-01
   6.5217391E-01   3.2161713E+03   6.2302794E+02   3.8391992E+03   2.2381983E-01   1.7385679E-01   2.1570741E-01
   6.6666667E-01   2.5202981E+03   5.7653878E+02   3.0968369E+03   2.0645516E-01   2.4242738E-01   2.1298211E-01
   6.8115942E-01   2.5956512E+03   4.0305143E+02   2.9987026E+03   2.2238724E-01   1.9176450E-01   2.1704877E-01
   6.9565217E-01   2.2889962E+03   3.4729598E+02   2.6362922E+03   2.3676052E-01   2.3024366E-01   2.3586738E-01
   7.1014493E-01   2.1494979E+03   2.7835225E+02   2.4278502E+03   1.8214327E-01   1.7084150E-01   1.7989723E-01
   7.2463768E-01   1.8034133E+03   2.1216627E+02   2.0155796E+03   2.0744077E-01   6.3504372E-02   1.9150417E-01
   7.3913043E-01   1.7680523E+03   2.5257889E+02   2.0206312E+03   1.5665057E-01   1.5515477E-01   1.5507442E-01
   7.5362319E-01   1.7486231E+03   2.0400603E+02   1.9526291E+03   1.6535166E-01   1.1155295E-01   1.5959702E-01
   7.6811594E-01   1.4439888E+03   2.4304762E+02   1.6870364E+03   1.6090723E-01   1.7627035E-01   1.6295577E-01
   7.8260870E-01   1.2909588E+03   2.2451457E+02   1.5154734E+03   1.4314028E-01   7.4068665E-02   1.3289495E-01
   7.9710145E-01   1.0883854E+03   2.2043249E+02   1.3088179E+03   1.2215121E-01   5.5512682E-05   1.0156920E-01
   8.1159420E-01   9.7423288E+02   1.6237215E+02   1.1366050E+03   9.6096370E-02   8.9430547E-02   9.4741754E-02
   8.2608696E-01   8.2420481E+02   7.9761756E+01   9.0396657E+02   1.2350203E-01   1.2305979E-01   1.2345496E-01
   8.4057971E-01   7.3160783E+02   1.1757983E+02   8.4918766E+02   1.1510538E-01   1.2194647E-01   1.1605106E-01
   8.5507246E-01   5.6509176E+02   6.4214973E+01   6.2930674E+02   1.0015706E-01   5.5227054E-06   8.9936397E-02
   8.6956522E-01   5.6830251E+02   3.7886834E+01   6.0618935E+02   9.9888003E-02   1.2992126E-01   1.0105909E-01
   8.8405797E-01   5.3414225E+02   6.2109564E+01   5.9625182E+02   5.7744644E-02   1.2523446E-01   6.4706007E-02
   8.9855072E-01   2.6887431E+02   1.2221559E+01   2.8109587E+02   1.3254783E-01   2.7644927E-06   1.2678499E-01
   9.1304348E-01   3.0068916E+02   1.2027566E+01   3.1271673E+02   8.9748966E-02   5.1987874E-06   8.6297279E-02
   9.2753623E-01   2.2495308E+02   5.9198178E+01   2.8415126E+02   1.2470425E-01   1.6334121E-01   1.2943698E-01
   9.4202899E-01   2.7977970E+02   3.4972462E+01   3.1475216E+02   8.7315791E-02   3.7200255E-05   7.7617375E-02
   9.5652174E-01   1.3777031E+02   0.0000000E+00   1.3777031E+02   1.3757849E-01   0.0000000E+00   1.3757849E-01
   9.7101449E-01   1.0178552E+02   1.1309503E+01   1.1309503E+02   1.2746238E-01   1.3239344E-05   1.1471746E-01
   9.8550725E-01   5.5715933E+01   1.1143187E+01   6.6859119E+01   2.4307320E-01   1.1209381E-05   2.0255915E-01
   1.0000000E+00   6.5652276E+01   0.0000000E+00   6.5652276E+01   4.1204992E-06   0.0000000E+00   4.1204992E-06
