   0.0000000E+00   1.8900984E+07   1.0177919E+07   2.9078903E+07   4.6830198E-03   4.0186890E-04   3.1781838E-03
   1.4492754E-02   1.9463982E+07   1.0096084E+07   2.9560066E+07   3.4562629E-04   1.9294924E-04   2.2804339E-04
   2.8985507E-02   1.9882253E+07   1.0068047E+07   2.9950300E+07   5.9357661E-04   6.7993029E-05   3.7196760E-04
   4.3478261E-02   1.9998187E+07   1.0134223E+07   3.0132410E+07   5.6234689E-04   4.0169318E-05   3.8399072E-04
   5.7971014E-02   2.0471772E+07   1.0351820E+07   3.0823592E+07   4.9211879E-04   8.7312544E-05   3.0310145E-04
   7.2463768E-02   2.0835031E+07   1.0638471E+07   3.1473502E+07   3.4260920E-04   9.5450155E-05   2.4809335E-04
   8.6956522E-02   2.1599916E+07   1.0956241E+07   3.2556157E+07   3.1603752E-04   7.1296169E-05   1.8581471E-04
   1.0144928E-01   2.2214133E+07   1.1225652E+07   3.3439786E+07   2.2896291E-04   5.0335957E-05   1.5352666E-04
   1.1594203E-01   2.2879386E+07   1.1538530E+07   3.4417726E+07   2.8024113E-04   6.2759548E-05   1.7631485E-04
   1.3043478E-01   2.3532691E+07   1.1854201E+07   3.5386640E+07   2.6746901E-04   7.4172807E-05   1.9529132E-04
   1.4492754E-01   2.4316679E+07   1.2251314E+07   3.6567842E+07   4.1084153E-04   3.4748052E-05   2.8380913E-04
   1.5942029E-01   2.5038513E+07   1.2619485E+07   3.7657929E+07   7.6909599E-04   7.2433720E-05   5.3084716E-04
   1.7391304E-01   2.5770435E+07   1.2937912E+07   3.8708221E+07   7.2318885E-04   1.6801400E-05   4.8609417E-04
   1.8840580E-01   2.6255110E+07   1.3205194E+07   3.9459954E+07   5.3344874E-04   5.5962851E-05   3.7463336E-04
   2.0289855E-01   2.5591203E+07   1.2883689E+07   3.8474621E+07   9.7011677E-04   2.6116933E-05   6.4680996E-04
   2.1739130E-01   2.3122941E+07   1.1607263E+07   3.4729952E+07   5.1682811E-04   7.0546893E-05   3.3571067E-04
   2.3188406E-01   1.9216581E+07   9.6259080E+06   2.8842252E+07   5.1856606E-04   1.0991298E-04   3.1118912E-04
   2.4637681E-01   1.5476593E+07   7.8006317E+06   2.3277047E+07   8.8560674E-04   2.9735248E-04   6.5423626E-04
   2.6086957E-01   1.2652392E+07   6.3611574E+06   1.9013381E+07   6.5984717E-04   5.0624090E-04   6.0926932E-04
   2.7536232E-01   1.0576409E+07   5.2899991E+06   1.5866368E+07   7.6898219E-04   6.2886626E-04   7.2242084E-04
   2.8985507E-01   8.9104909E+06   4.4606822E+06   1.3371059E+07   9.1242853E-04   7.7215415E-04   8.4343401E-04
   3.0434783E-01   7.5831762E+06   3.8066165E+06   1.1389721E+07   1.0749066E-03   8.6449639E-04   1.0035690E-03
   3.1884058E-01   6.4862949E+06   3.2430441E+06   9.7292357E+06   1.3195479E-03   1.1197293E-03   1.1800892E-03
   3.3333333E-01   5.5259430E+06   2.7606324E+06   8.2865425E+06   1.2626100E-03   1.3001487E-03   1.2745238E-03
   3.4782609E-01   4.7219940E+06   2.3337027E+06   7.0556967E+06   1.4538310E-03   1.3467587E-03   1.4134539E-03
   3.6231884E-01   3.9567191E+06   1.9691152E+06   5.9258040E+06   2.7232934E-04   1.3647077E-03   3.9591936E-04
   3.7681159E-01   3.3147483E+06   1.6409954E+06   4.9557436E+06   1.6994806E-03   1.5577077E-03   1.6407495E-03
   3.9130435E-01   2.7159528E+06   1.3383594E+06   4.0543122E+06   9.4806657E-04   1.6502681E-03   1.0125835E-03
   4.0579710E-01   2.1589542E+06   1.0700324E+06   3.2289866E+06   4.0104863E-04   1.7624807E-03   6.9247539E-04
   4.2028986E-01   1.6900402E+06   8.2488783E+05   2.5149281E+06   7.0652003E-04   2.0714903E-03   4.6389925E-04
   4.3478261E-01   1.2444057E+06   6.1083680E+05   1.8552425E+06   7.9999072E-04   2.2539962E-03   1.2775800E-03
   4.4927536E-01   8.4829844E+05   4.2086162E+05   1.2691601E+06   7.6825331E-04   2.7096180E-03   1.1852881E-03
   4.6376812E-01   5.0342131E+05   2.4718791E+05   7.5060922E+05   1.3252284E-03   3.3650352E-03   1.0812420E-03
   4.7826087E-01   2.2585146E+05   1.0902224E+05   3.3487369E+05   1.4986667E-03   3.4100574E-03   1.9658393E-03
   4.9275362E-01   5.5114201E+04   2.3890992E+04   7.9005192E+04   1.6665537E-02   3.9975134E-03   1.2834460E-02
   5.0724638E-01   1.1084605E+04   2.8361002E+03   1.3920705E+04   6.4538472E-02   5.1883423E-04   5.1488202E-02
   5.2173913E-01   9.3454191E+03   1.9785347E+03   1.1323954E+04   1.1659384E-01   1.6146698E-05   9.6221610E-02
   5.3623188E-01   9.2771545E+03   1.8021845E+03   1.1079339E+04   1.2538124E-01   4.1788831E-06   1.0498687E-01
   5.5072464E-01   8.7737932E+03   1.7547586E+03   1.0528552E+04   1.2541400E-01   4.7636035E-06   1.0451183E-01
   5.6521739E-01   7.3053588E+03   1.2240362E+03   8.5293950E+03   1.5095954E-01   1.4747661E-05   1.2929700E-01
   5.7971014E-01   6.8575170E+03   1.0608314E+03   7.9183483E+03   1.1143248E-01   9.2381036E-05   9.6491376E-02
   5.9420290E-01   5.4889706E+03   5.5444148E+02   6.0434121E+03   1.0100614E-01   8.1881032E-05   9.1732552E-02
   6.0869565E-01   5.0335365E+03   5.4124049E+02   5.5747770E+03   8.6581806E-02   7.5348455E-06   7.8175177E-02
   6.2318841E-01   4.2820934E+03   2.6432675E+02   4.5464201E+03   7.3643802E-02   6.3880283E-06   6.9361826E-02
   6.3768116E-01   4.3053221E+03   2.2387675E+02   4.5291988E+03   3.8865723E-02   5.7482486E-05   3.6947402E-02
   6.5217391E-01   4.3106798E+03   1.5154734E+02   4.4622271E+03   2.5627010E-02   1.2214733E-05   2.4756261E-02
   6.6666667E-01   3.8545736E+03   1.4825283E+02   4.0028264E+03   2.0809903E-02   1.6357728E-05   2.0038569E-02
   6.8115942E-01   4.2239790E+03   6.4488228E+01   4.2884672E+03   1.4111291E-02   1.1489402E-05   1.3898920E-02
   6.9565217E-01   4.4359168E+03   4.7358543E+01   4.4832754E+03   9.2760696E-03   2.9767153E-02   9.4416078E-03
   7.1014493E-01   4.3144599E+03   0.0000000E+00   4.3144599E+03   2.5815977E-03   0.0000000E+00   2.5815977E-03
   7.2463768E-01   3.9856950E+03   1.5154734E+01   4.0008497E+03   5.6968531E-03   4.6314242E-06   5.6752632E-03
   7.3913043E-01   4.4572746E+03   2.9715164E+01   4.4869898E+03   5.0702130E-03   3.6775675E-06   5.0366597E-03
   7.5362319E-01   4.7358543E+03   1.4571859E+01   4.7504261E+03   1.3033228E-03   3.4443530E-08   1.2993248E-03
   7.6811594E-01   4.1889971E+03   0.0000000E+00   4.1889971E+03   1.4398793E-03   0.0000000E+00   1.4398793E-03
   7.8260870E-01   4.5885166E+03   0.0000000E+00   4.5885166E+03   1.6101354E-06   0.0000000E+00   1.6101354E-06
   7.9710145E-01   4.6290823E+03   0.0000000E+00   4.6290823E+03   1.1865061E-03   0.0000000E+00   1.1865061E-03
   8.1159420E-01   4.8711644E+03   0.0000000E+00   4.8711644E+03   3.3484053E-04   0.0000000E+00   3.3484053E-04
   8.2608696E-01   5.1845142E+03   0.0000000E+00   5.1845142E+03   2.1498797E-05   0.0000000E+00   2.1498797E-05
   8.4057971E-01   4.3635181E+03   0.0000000E+00   4.3635181E+03   8.0982465E-05   0.0000000E+00   8.0982465E-05
   8.5507246E-01   4.7904370E+03   0.0000000E+00   4.7904370E+03   1.5966992E-06   0.0000000E+00   1.5966992E-06
   8.6956522E-01   4.5843069E+03   0.0000000E+00   4.5843069E+03   1.1850375E-04   0.0000000E+00   1.1850375E-04
   8.8405797E-01   4.2607161E+03   0.0000000E+00   4.2607161E+03   1.2811200E-05   0.0000000E+00   1.2811200E-05
   8.9855072E-01   4.3386536E+03   0.0000000E+00   4.3386536E+03   1.5695838E-05   0.0000000E+00   1.5695838E-05
   9.1304348E-01   4.2818136E+03   0.0000000E+00   4.2818136E+03   1.4971662E-04   0.0000000E+00   1.4971662E-04
   9.2753623E-01   4.0846743E+03   0.0000000E+00   4.0846743E+03   9.2486604E-06   0.0000000E+00   9.2486604E-06
   9.4202899E-01   3.8119984E+03   0.0000000E+00   3.8119984E+03   5.5146230E-06   0.0000000E+00   5.5146230E-06
   9.5652174E-01   3.4787002E+03   0.0000000E+00   3.4787002E+03   7.8298454E-06   0.0000000E+00   7.8298454E-06
   9.7101449E-01   2.7368997E+03   0.0000000E+00   2.7368997E+03   1.4068744E-05   0.0000000E+00   1.4068744E-05
   9.8550725E-01   1.8163394E+03   0.0000000E+00   1.8163394E+03   5.2178436E-06   0.0000000E+00   5.2178436E-06
   1.0000000E+00   7.2217503E+02   0.0000000E+00   7.2217503E+02   3.7999809E-06   0.0000000E+00   3.7999809E-06
