   0.0000000E+00   1.8294794E+07   9.6687201E+06   2.7963515E+07   2.7593328E-03   1.9828380E-03   1.2740650E-03
   1.4492754E-02   1.8842638E+07   9.7611640E+06   2.8603802E+07   8.5945134E-04   1.4201195E-04   5.3219546E-04
   2.8985507E-02   1.9069959E+07   9.7047126E+06   2.8774672E+07   3.7761506E-04   3.2559658E-04   1.7019322E-04
   4.3478261E-02   1.9282125E+07   9.8111746E+06   2.9093300E+07   3.4904045E-04   1.0681608E-04   2.6722207E-04
   5.7971014E-02   1.9572717E+07   1.0105555E+07   2.9677894E+07   5.5426564E-05   6.5619163E-04   1.8731858E-04
   7.2463768E-02   1.9979698E+07   1.0219746E+07   3.0199444E+07   1.0530329E-04   1.7698071E-04   4.3123629E-05
   8.6956522E-02   2.0291304E+07   1.0468637E+07   3.0759942E+07   2.6322311E-04   5.6237593E-05   1.5764537E-04
   1.0144928E-01   2.0684912E+07   1.0663195E+07   3.1347891E+07   1.4072996E-04   1.9872205E-04   1.0129631E-04
   1.1594203E-01   2.1060628E+07   1.0847948E+07   3.1908671E+07   1.1667799E-05   2.3788222E-04   8.6017202E-05
   1.3043478E-01   2.1390822E+07   1.1079036E+07   3.2469017E+07   5.6099435E-05   1.2182558E-04   7.0354298E-06
   1.4492754E-01   2.1920110E+07   1.1370142E+07   3.3289797E+07   1.0428791E-04   2.1133366E-04   9.2107110E-05
   1.5942029E-01   2.2246529E+07   1.1619617E+07   3.3865939E+07   7.8775969E-05   5.1903358E-05   6.7026876E-05
   1.7391304E-01   2.2637383E+07   1.1889520E+07   3.4526840E+07   1.2467645E-04   1.3059269E-04   1.2598508E-04
   1.8840580E-01   2.2839175E+07   1.2012225E+07   3.4850875E+07   1.3835803E-04   1.9848020E-04   1.4641366E-04
   2.0289855E-01   2.2355072E+07   1.1796986E+07   3.4151246E+07   8.7648845E-05   1.4733808E-04   6.2654051E-05
   2.1739130E-01   2.0301534E+07   1.0626752E+07   3.0927780E+07   1.4214685E-05   1.1226841E-04   4.7843545E-05
   2.3188406E-01   1.7310116E+07   8.9994965E+06   2.6309375E+07   1.6670515E-04   1.0921175E-04   1.3671266E-04
   2.4637681E-01   1.4471523E+07   7.3894927E+06   2.1860926E+07   3.6753125E-04   4.3586514E-05   2.3040161E-04
   2.6086957E-01   1.2276008E+07   6.1747120E+06   1.8450299E+07   2.3741987E-04   4.6363667E-04   2.9393842E-04
   2.7536232E-01   1.0682213E+07   5.2932294E+06   1.5975442E+07   2.3357643E-04   3.1947724E-04   2.5518822E-04
   2.8985507E-01   9.4087406E+06   4.6206404E+06   1.4029229E+07   1.1665550E-04   1.5450782E-04   4.1891621E-05
   3.0434783E-01   8.3065621E+06   4.0243395E+06   1.2330866E+07   2.8536296E-04   3.2005415E-04   1.9632755E-04
   3.1884058E-01   7.3858317E+06   3.5495831E+06   1.0935380E+07   4.0980274E-04   3.1076085E-04   3.7362488E-04
   3.3333333E-01   6.5759684E+06   3.1098831E+06   9.6857527E+06   6.0954121E-04   2.4655930E-04   4.8298986E-04
   3.4782609E-01   5.8336884E+06   2.7292728E+06   8.5629297E+06   4.0944394E-04   3.9285242E-04   2.4002999E-04
   3.6231884E-01   5.1445471E+06   2.3910836E+06   7.5356004E+06   4.7120095E-04   7.5751776E-04   5.6119486E-04
   3.7681159E-01   4.5148283E+06   2.0617432E+06   6.5765424E+06   6.6284923E-04   5.2658815E-04   6.1365738E-04
   3.9130435E-01   3.8768615E+06   1.7690626E+06   5.6458960E+06   6.1117010E-04   5.3251207E-04   5.3530430E-04
   4.0579710E-01   3.3247862E+06   1.4821871E+06   4.8069733E+06   9.1507857E-04   1.9224669E-04   6.5360783E-04
   4.2028986E-01   2.7540854E+06   1.2098181E+06   3.9639035E+06   8.4810404E-04   9.1250732E-04   8.4504495E-04
   4.3478261E-01   2.2280237E+06   9.4373578E+05   3.1717847E+06   1.6978513E-03   1.4374237E-03   1.6196202E-03
   4.4927536E-01   1.6792912E+06   7.0066200E+05   2.3799532E+06   1.2667839E-03   1.7813483E-03   1.4181229E-03
   4.6376812E-01   1.0811245E+06   4.4448360E+05   1.5256081E+06   1.8213863E-03   1.9081926E-03   1.8196141E-03
   4.7826087E-01   5.4148323E+05   2.1161519E+05   7.5309842E+05   7.1737215E-03   6.9676932E-03   7.1034379E-03
   4.9275362E-01   1.7031246E+05   6.3204154E+04   2.3351662E+05   1.8095222E-02   1.2559877E-02   1.6593803E-02
   5.0724638E-01   3.2214634E+04   9.8938761E+03   4.2108510E+04   5.0785197E-02   5.1300471E-02   5.0797121E-02
   5.2173913E-01   1.8880272E+04   5.8724593E+03   2.4752732E+04   8.8457843E-02   7.8989828E-02   8.5743873E-02
   5.3623188E-01   1.9148211E+04   6.5943571E+03   2.5742568E+04   9.8198570E-02   8.3030957E-02   9.4118411E-02
   5.5072464E-01   1.9083000E+04   6.4208214E+03   2.5503822E+04   1.1716945E-01   9.3562961E-02   1.1111561E-01
   5.6521739E-01   1.8846271E+04   6.1396101E+03   2.4985881E+04   1.1139927E-01   1.0735688E-01   1.1040569E-01
   5.7971014E-01   2.0439947E+04   6.5733657E+03   2.7013313E+04   1.2769867E-01   1.0198410E-01   1.2138930E-01
   5.9420290E-01   1.7760609E+04   5.4520078E+03   2.3212616E+04   1.4125638E-01   1.0364441E-01   1.3231797E-01
   6.0869565E-01   1.8293929E+04   5.9897281E+03   2.4283657E+04   1.4208059E-01   1.3460240E-01   1.4023488E-01
   6.2318841E-01   1.6088688E+04   4.4583112E+03   2.0546999E+04   1.6030033E-01   1.3093669E-01   1.5392837E-01
   6.3768116E-01   1.3949244E+04   4.1675518E+03   1.8116795E+04   1.6079512E-01   1.4513014E-01   1.5714260E-01
   6.5217391E-01   1.2022755E+04   3.5024273E+03   1.5525183E+04   1.7720272E-01   1.5104454E-01   1.7107178E-01
   6.6666667E-01   1.0245918E+04   2.9156390E+03   1.3161557E+04   1.9412430E-01   1.6220492E-01   1.8700967E-01
   6.8115942E-01   9.8022107E+03   2.5472850E+03   1.2349496E+04   1.9087460E-01   1.7710855E-01   1.8801254E-01
   6.9565217E-01   8.0193799E+03   2.1942791E+03   1.0213659E+04   1.9477775E-01   1.6632862E-01   1.8862788E-01
   7.1014493E-01   6.5722059E+03   1.9020737E+03   8.4742797E+03   2.1807776E-01   1.8557157E-01   2.1076659E-01
   7.2463768E-01   5.5466325E+03   1.6367112E+03   7.1833438E+03   2.0847383E-01   2.0191623E-01   2.0679336E-01
   7.3913043E-01   5.2447265E+03   1.5451885E+03   6.7899150E+03   2.1112900E-01   1.7382244E-01   2.0249449E-01
   7.5362319E-01   4.6921387E+03   1.0928894E+03   5.7850281E+03   2.2533721E-01   2.4678239E-01   2.2938830E-01
   7.6811594E-01   3.9888403E+03   9.8648738E+02   4.9753277E+03   2.3280644E-01   2.0286960E-01   2.2685275E-01
   7.8260870E-01   3.5501367E+03   9.1209045E+02   4.4622271E+03   2.5411222E-01   2.3955360E-01   2.5098324E-01
   7.9710145E-01   2.7002980E+03   7.7151371E+02   3.4718117E+03   2.6905468E-01   2.2968238E-01   2.6028792E-01
   8.1159420E-01   3.0174157E+03   6.0889555E+02   3.6263113E+03   2.8299962E-01   2.5437304E-01   2.7815091E-01
   8.2608696E-01   2.4593208E+03   5.7162592E+02   3.0309467E+03   2.7291457E-01   2.9351693E-01   2.7671410E-01
   8.4057971E-01   2.0903081E+03   5.3564145E+02   2.6259495E+03   2.8727235E-01   2.4572326E-01   2.7869890E-01
   8.5507246E-01   1.5540024E+03   5.0087679E+02   2.0548791E+03   3.0807963E-01   2.3480500E-01   2.9000514E-01
   8.6956522E-01   1.3007813E+03   4.4201307E+02   1.7427944E+03   3.1158358E-01   3.0479106E-01   3.0946957E-01
   8.8405797E-01   1.2546132E+03   2.8570400E+02   1.5403172E+03   3.2620761E-01   3.1535370E-01   3.2301232E-01
   8.9855072E-01   9.7772475E+02   2.6887431E+02   1.2465991E+03   3.0987889E-01   3.6188380E-01   3.2076508E-01
   9.1304348E-01   9.8626045E+02   1.3230323E+02   1.1185637E+03   3.2152493E-01   3.6648262E-01   3.2671790E-01
   9.2753623E-01   1.0182087E+03   3.1967016E+02   1.3378788E+03   3.5504009E-01   3.4388534E-01   3.5125102E-01
   9.4202899E-01   6.5281930E+02   1.3988985E+02   7.9270915E+02   3.3977750E-01   3.7010938E-01   3.4507291E-01
   9.5652174E-01   4.0183006E+02   8.0366012E+01   4.8219607E+02   3.5842234E-01   3.2537344E-01   3.5291173E-01
   9.7101449E-01   3.7321359E+02   1.8095204E+02   5.5416563E+02   3.2860976E-01   3.4526238E-01   3.2995577E-01
   9.8550725E-01   2.2286373E+02   4.4572746E+01   2.6743648E+02   3.7791702E-01   3.9513837E-01   3.8070037E-01
   1.0000000E+00   1.3130455E+02   4.3768184E+01   1.7507274E+02   3.1342828E-01   4.1372012E-01   3.3480789E-01
