   0.0000000E+00   1.9658721E+07   9.8263293E+06   2.9485050E+07   1.3150141E-03   1.6596896E-03   1.2431803E-03
   1.4492754E-02   1.9618560E+07   1.0014248E+07   2.9632809E+07   4.0576446E-04   8.5047139E-04   4.9148300E-04
   2.8985507E-02   1.9446175E+07   1.0103661E+07   2.9549836E+07   3.8207602E-04   6.9327449E-04   4.5456264E-04
   4.3478261E-02   1.9498586E+07   1.0179182E+07   2.9677768E+07   1.8853473E-04   1.7710442E-04   6.8960827E-05
   5.7971014E-02   1.9752301E+07   1.0257292E+07   3.0009593E+07   5.9804910E-04   1.7044297E-04   3.9556045E-04
   7.2463768E-02   1.9996520E+07   1.0434640E+07   3.0431160E+07   1.3040909E-04   2.0430538E-04   8.4988972E-05
   8.6956522E-02   2.0116899E+07   1.0654030E+07   3.0770803E+07   3.1849006E-04   3.0392999E-04   2.9687206E-04
   1.0144928E-01   2.0313297E+07   1.0851006E+07   3.1164086E+07   3.0431361E-05   3.4012342E-04   9.9038584E-05
   1.1594203E-01   2.0431423E+07   1.1042213E+07   3.1473067E+07   1.7791681E-05   2.0286428E-04   8.1406843E-05
   1.3043478E-01   2.0615742E+07   1.1140497E+07   3.1755902E+07   1.8202819E-04   2.5040926E-04   2.0596310E-04
   1.4492754E-01   2.0660448E+07   1.1482590E+07   3.2142129E+07   1.0013072E-04   9.8862844E-05   7.3184782E-05
   1.5942029E-01   2.0759919E+07   1.1633256E+07   3.2392761E+07   4.7542667E-05   1.7969698E-04   9.4743087E-05
   1.7391304E-01   2.0732939E+07   1.1832374E+07   3.2564934E+07   1.0399427E-04   1.1144297E-04   8.5764819E-05
   1.8840580E-01   2.0636667E+07   1.1927591E+07   3.2563268E+07   7.1381336E-05   1.7953370E-04   1.0914639E-04
   2.0289855E-01   2.0015073E+07   1.1622544E+07   3.1636914E+07   1.5086823E-04   1.7596824E-04   3.7736570E-05
   2.1739130E-01   1.8365921E+07   1.0514253E+07   2.8879770E+07   1.2802810E-04   1.2270131E-04   3.6813470E-05
   2.3188406E-01   1.6128141E+07   8.9493438E+06   2.5077153E+07   1.6495575E-04   6.3353180E-05   8.5975078E-05
   2.4637681E-01   1.4013404E+07   7.3783495E+06   2.1391575E+07   8.4193676E-05   8.7999648E-05   8.0563583E-05
   2.6086957E-01   1.2277313E+07   6.1978651E+06   1.8474715E+07   2.7389168E-04   7.9348309E-05   1.9439123E-04
   2.7536232E-01   1.0919105E+07   5.3655733E+06   1.6284360E+07   2.0437437E-04   1.0777437E-04   1.7120495E-04
   2.8985507E-01   9.7594212E+06   4.6486009E+06   1.4407946E+07   7.4736298E-04   1.3788498E-04   4.9778168E-04
   3.0434783E-01   8.8152199E+06   4.0482263E+06   1.2863194E+07   2.9209838E-04   1.5056962E-04   2.2258379E-04
   3.1884058E-01   7.9542031E+06   3.5842667E+06   1.1538332E+07   5.4985070E-04   3.7718885E-04   4.8816731E-04
   3.3333333E-01   7.1455558E+06   3.1389077E+06   1.0284365E+07   7.4260907E-04   4.0696728E-04   6.3202741E-04
   3.4782609E-01   6.4208712E+06   2.7252000E+06   9.1458818E+06   6.8763106E-04   1.1448299E-04   5.0416462E-04
   3.6231884E-01   5.7318537E+06   2.3814149E+06   8.1131473E+06   9.2286180E-04   6.8871889E-04   7.8050091E-04
   3.7681159E-01   5.0826354E+06   2.0620638E+06   7.1446701E+06   5.8318062E-04   1.8164426E-04   4.6718058E-04
   3.9130435E-01   4.4774661E+06   1.7472285E+06   6.2246385E+06   8.2222176E-04   8.2830967E-04   8.2362885E-04
   4.0579710E-01   3.8665950E+06   1.4638931E+06   5.3304340E+06   5.3421398E-04   8.5425366E-04   5.3709179E-04
   4.2028986E-01   3.2772373E+06   1.1896727E+06   4.4668578E+06   5.0440355E-04   4.2510132E-04   4.5879779E-04
   4.3478261E-01   2.6669553E+06   9.2625732E+05   3.5932126E+06   1.1513307E-03   1.3473795E-03   1.1692591E-03
   4.4927536E-01   2.0356963E+06   6.7199022E+05   2.7076620E+06   1.1691462E-03   1.3487297E-03   1.1718746E-03
   4.6376812E-01   1.3534598E+06   4.3432520E+05   1.7877850E+06   2.0926333E-03   1.4683797E-03   1.9027641E-03
   4.7826087E-01   6.8035570E+05   2.0148907E+05   8.8184477E+05   6.4992627E-03   3.3430400E-03   5.7780824E-03
   4.9275362E-01   2.2883648E+05   6.0618935E+04   2.8945541E+05   1.8804506E-02   1.1305011E-02   1.7225086E-02
   5.0724638E-01   4.3688932E+04   1.0543365E+04   5.4232297E+04   4.8711805E-02   2.4779888E-02   4.4054607E-02
   5.2173913E-01   2.4100236E+04   4.7358543E+03   2.8836090E+04   7.7911282E-02   5.0594287E-02   7.3416619E-02
   5.3623188E-01   2.5210104E+04   4.5259407E+03   2.9736045E+04   8.1691887E-02   5.9903505E-02   7.8268933E-02
   5.5072464E-01   2.5244596E+04   5.4237994E+03   3.0668395E+04   9.5281403E-02   4.7625959E-02   8.6843010E-02
   5.6521739E-01   2.5801906E+04   4.9350030E+03   3.0736909E+04   1.0024188E-01   5.7140866E-02   9.3276166E-02
   5.7971014E-01   2.5630443E+04   5.3420436E+03   3.0972487E+04   1.0844929E-01   7.2723663E-02   1.0227632E-01
   5.9420290E-01   2.2325510E+04   4.2322366E+03   2.6557747E+04   1.1353128E-01   5.8944636E-02   1.0482872E-01
   6.0869565E-01   1.9899609E+04   4.6185855E+03   2.4518194E+04   1.3043574E-01   9.0855383E-02   1.2297783E-01
   6.2318841E-01   1.8273789E+04   3.6653309E+03   2.1939120E+04   1.3263299E-01   8.7639914E-02   1.2510832E-01
   6.3768116E-01   1.7066297E+04   2.8070700E+03   1.9873367E+04   1.3881083E-01   7.9808190E-02   1.3047370E-01
   6.5217391E-01   1.4262288E+04   2.4079188E+03   1.6670207E+04   1.6129539E-01   8.3754225E-02   1.5007500E-01
   6.6666667E-01   1.2387348E+04   2.1249572E+03   1.4512305E+04   1.5308175E-01   1.2945550E-01   1.4958590E-01
   6.8115942E-01   1.0285872E+04   1.4671072E+03   1.1752980E+04   1.7436199E-01   1.1304661E-01   1.6670596E-01
   6.9565217E-01   9.0296955E+03   1.6259766E+03   1.0655672E+04   1.8214331E-01   1.3051087E-01   1.7422667E-01
   7.1014493E-01   7.8247911E+03   1.3453692E+03   9.1701603E+03   1.7265989E-01   1.4831595E-01   1.6908835E-01
   7.2463768E-01   5.9406556E+03   1.0759861E+03   7.0166417E+03   2.0205473E-01   9.1870483E-02   1.8515561E-01
   7.3913043E-01   5.2744416E+03   6.3887603E+02   5.9133177E+03   1.9577429E-01   1.0441853E-01   1.8572513E-01
   7.5362319E-01   4.7795699E+03   6.8487739E+02   5.4644472E+03   2.0992059E-01   1.0532694E-01   1.9673508E-01
   7.6811594E-01   3.7457927E+03   5.7187674E+02   4.3176694E+03   2.1926239E-01   1.6465835E-01   2.1197110E-01
   7.8260870E-01   3.2414291E+03   3.7886834E+02   3.6202975E+03   2.3186270E-01   1.6945713E-01   2.2513701E-01
   7.9710145E-01   2.7691832E+03   3.0309467E+02   3.0722778E+03   2.5132045E-01   1.9752277E-01   2.4538374E-01
   8.1159420E-01   2.3814581E+03   2.5708923E+02   2.6385474E+03   2.5823872E-01   2.3862890E-01   2.5540181E-01
   8.2608696E-01   2.2333292E+03   2.2599164E+02   2.4593208E+03   2.6252620E-01   1.4513365E-01   2.5173197E-01
   8.4057971E-01   1.8159552E+03   1.4370868E+02   1.9596638E+03   2.9305322E-01   2.0442871E-01   2.8655404E-01
   8.5507246E-01   1.1815555E+03   8.9900963E+01   1.2714565E+03   2.7798149E-01   2.6533981E-01   2.7697042E-01
   8.6956522E-01   1.3007813E+03   1.0103156E+02   1.4018129E+03   2.9953339E-01   2.1363596E-01   2.9206831E-01
   8.8405797E-01   9.6890920E+02   1.1179722E+02   1.0807064E+03   3.0545026E-01   3.0351349E-01   3.0521458E-01
   8.9855072E-01   8.6773072E+02   8.5550916E+01   9.5328163E+02   3.1773138E-01   2.0656359E-01   3.0754764E-01
   9.1304348E-01   7.5773668E+02   4.8110266E+01   8.0584695E+02   3.3408465E-01   2.8992127E-01   3.3142357E-01
   9.2753623E-01   4.4990616E+02   9.4717086E+01   5.4462324E+02   3.1388217E-01   2.4556285E-01   3.0093835E-01
   9.4202899E-01   4.4298452E+02   3.4972462E+01   4.7795699E+02   3.1898740E-01   3.3601603E-01   3.1962826E-01
   9.5652174E-01   3.5590662E+02   1.1480859E+01   3.6738748E+02   3.3397362E-01   2.4842898E-01   3.3060970E-01
   9.7101449E-01   3.6190409E+02   1.1309503E+01   3.7321359E+02   3.3642891E-01   3.5112118E-01   3.3653474E-01
   9.8550725E-01   1.7829098E+02   2.2286373E+01   2.0057736E+02   3.5117157E-01   2.1261516E-01   3.3472560E-01
   1.0000000E+00   6.5652276E+01   0.0000000E+00   6.5652276E+01   2.7876899E-01   0.0000000E+00   2.7876899E-01
