   0.0000000E+00   2.0143672E+07   9.9839385E+06   3.0127611E+07   1.9945522E-03   1.7802079E-03   1.2050922E-03
   1.4492754E-02   1.9553395E+07   9.9074071E+06   2.9460802E+07   1.1292779E-03   1.8777576E-04   6.8637104E-04
   2.8985507E-02   1.9598859E+07   9.8339067E+06   2.9432766E+07   1.6033684E-04   3.3592874E-04   1.7949513E-04
   4.3478261E-02   1.9900186E+07   1.0029403E+07   2.9929336E+07   2.0118193E-04   4.4890672E-04   2.5786684E-04
   5.7971014E-02   2.0358490E+07   1.0183413E+07   3.0541903E+07   1.4860602E-05   1.6170210E-04   6.3821106E-05
   7.2463768E-02   2.0941872E+07   1.0487076E+07   3.1428948E+07   2.5131977E-04   1.3775800E-04   1.5948603E-04
   8.6956522E-02   2.1653589E+07   1.0751526E+07   3.2405367E+07   1.6083389E-04   3.0373299E-05   1.1007311E-04
   1.0144928E-01   2.2203309E+07   1.1134724E+07   3.3337383E+07   7.8207356E-05   1.1239607E-04   4.0317161E-05
   1.1594203E-01   2.2954780E+07   1.1458115E+07   3.4412612E+07   1.4766411E-04   1.6821432E-04   1.2364334E-04
   1.3043478E-01   2.3622610E+07   1.1769671E+07   3.5392533E+07   8.9750551E-05   4.8796844E-04   2.0643253E-04
   1.4492754E-01   2.4366235E+07   1.2242600E+07   3.6608608E+07   1.2981135E-04   4.7948201E-04   2.3995974E-04
   1.5942029E-01   2.5193023E+07   1.2632297E+07   3.7825251E+07   2.2594953E-04   2.2382197E-04   1.6202549E-04
   1.7391304E-01   2.6093357E+07   1.3036228E+07   3.9128954E+07   1.1135531E-04   1.2101125E-04   1.0507522E-04
   1.8840580E-01   2.6804877E+07   1.3446504E+07   4.0250740E+07   2.0577396E-04   2.0158519E-04   2.0036176E-04
   2.0289855E-01   2.6394242E+07   1.3248106E+07   3.9642131E+07   4.2232177E-05   1.7003284E-05   3.2706173E-05
   2.1739130E-01   2.3689627E+07   1.1866561E+07   3.5556491E+07   2.2982141E-04   6.3823445E-05   1.7249167E-04
   2.3188406E-01   1.9337393E+07   9.7305703E+06   2.9067490E+07   1.9985819E-04   2.3486210E-04   5.7473570E-05
   2.4637681E-01   1.5301556E+07   7.6689193E+06   2.2970208E+07   2.8831586E-04   3.0488515E-04   2.9132857E-04
   2.6086957E-01   1.2379776E+07   6.2203867E+06   1.8599952E+07   6.2168964E-04   7.9346784E-04   6.7884162E-04
   2.7536232E-01   1.0368909E+07   5.1773356E+06   1.5546005E+07   8.6494301E-04   7.5141656E-04   8.1792374E-04
   2.8985507E-01   8.7598149E+06   4.3960851E+06   1.3155862E+07   1.4282600E-03   1.4315074E-03   1.4210335E-03
   3.0434783E-01   7.4700930E+06   3.7473326E+06   1.1217390E+07   1.4967495E-03   1.4812561E-03   1.4864963E-03
   3.1884058E-01   6.4103146E+06   3.2046062E+06   9.6147486E+06   2.0100117E-03   1.8264499E-03   1.9455275E-03
   3.3333333E-01   5.4457547E+06   2.7304218E+06   8.1761765E+06   2.2654903E-03   2.0992837E-03   2.2095576E-03
   3.4782609E-01   4.6385167E+06   2.3323135E+06   6.9707986E+06   2.4522999E-03   2.0330916E-03   2.3118669E-03
   3.6231884E-01   3.9248032E+06   1.9657205E+06   5.8904934E+06   2.8264542E-03   2.9375887E-03   2.8635510E-03
   3.7681159E-01   3.2741802E+06   1.6226348E+06   4.8967567E+06   3.2817828E-03   2.8969221E-03   3.1491699E-03
   3.9130435E-01   2.6800585E+06   1.3400152E+06   4.0200738E+06   3.6918192E-03   3.6680653E-03   3.6830237E-03
   4.0579710E-01   2.1585212E+06   1.0837258E+06   3.2422200E+06   4.3198035E-03   3.3360780E-03   3.9902983E-03
   4.2028986E-01   1.6679091E+06   8.3808290E+05   2.5059920E+06   4.5867913E-03   3.7474335E-03   4.3054983E-03
   4.3478261E-01   1.2410211E+06   6.1477703E+05   1.8557982E+06   5.7463288E-03   5.2245626E-03   5.5707404E-03
   4.4927536E-01   8.4448531E+05   4.2533471E+05   1.2698200E+06   7.3709293E-03   7.3140215E-03   7.3506160E-03
   4.6376812E-01   4.9636489E+05   2.4931905E+05   7.4568393E+05   9.0795274E-03   9.4861458E-03   9.1947212E-03
   4.7826087E-01   2.2720620E+05   1.1418862E+05   3.4139482E+05   1.3743896E-02   1.5073069E-02   1.4148926E-02
   4.9275362E-01   5.1280944E+04   2.5049883E+04   7.6330828E+04   2.6720946E-02   2.3376676E-02   2.5619292E-02
   5.0724638E-01   3.0958956E+03   7.5773668E+02   3.8536323E+03   1.8708520E-02   7.4846514E-02   2.4313590E-02
   5.2173913E-01   3.3677186E+02   1.8943417E+02   5.2620603E+02   5.6156037E-02   1.3787118E-01   8.1753698E-02
   5.3623188E-01   2.2527307E+02   1.0239685E+02   3.2766992E+02   7.5057495E-02   8.3370742E-02   6.2691301E-02
   5.5072464E-01   3.3898746E+02   1.7946395E+02   5.1845142E+02   1.2407238E-01   4.2055034E-02   9.2271397E-02
   5.6521739E-01   2.1372060E+02   5.8287437E+01   2.7200804E+02   1.3032593E-01   6.9075419E-02   1.1485244E-01
   5.7971014E-01   2.0837759E+02   1.1366050E+02   3.2203809E+02   1.0582086E-01   1.7168118E-01   9.1558490E-02
   5.9420290E-01   3.8810903E+02   5.5444148E+01   4.4355318E+02   6.0861510E-02   1.5905315E-02   5.5187923E-02
   6.0869565E-01   1.2628945E+02   1.6237215E+02   2.8866159E+02   1.2364204E-01   1.4804212E-01   1.3163783E-01
   6.2318841E-01   2.2908318E+02   1.5859605E+02   3.8767923E+02   8.1893924E-02   1.0692698E-01   9.1328152E-02
   6.3768116E-01   1.5499159E+02   8.6106441E+01   2.4109804E+02   1.9661305E-01   1.1456520E-01   1.5886985E-01
   6.5217391E-01   1.8522452E+02   1.0103156E+02   2.8625608E+02   3.6208368E-02   1.1986949E-01   3.9190432E-02
   6.6666667E-01   1.4825283E+02   3.2945073E+01   1.8119790E+02   1.3338057E-01   2.1700121E-01   1.3467659E-01
   6.8115942E-01   1.1285440E+02   6.4488228E+01   1.7734263E+02   1.6118342E-01   3.8249274E-02   1.1582013E-01
   6.9565217E-01   9.4717086E+01   4.7358543E+01   1.4207563E+02   1.0199475E-01   1.2509820E-01   1.0957819E-01
   7.1014493E-01   9.2784084E+01   6.1856056E+01   1.5464014E+02   1.3815453E-01   2.5487896E-02   7.7446689E-02
   7.2463768E-01   1.3639260E+02   7.5773668E+01   2.1216627E+02   1.3652633E-01   7.1223816E-02   1.0368093E-01
   7.3913043E-01   8.9145492E+01   8.9145492E+01   1.7829098E+02   1.5880604E-01   8.8197225E-02   1.2270394E-01
   7.5362319E-01   2.9143719E+01   1.4571859E+02   1.7486231E+02   5.7666948E-02   1.1545580E-01   1.0214133E-01
   7.6811594E-01   8.5781511E+01   2.8593837E+01   1.1437535E+02   1.8512096E-01   1.9756432E-01   1.8194623E-01
   7.8260870E-01   1.2628945E+02   4.2096482E+01   1.6838593E+02   2.3102339E-01   4.8501767E-05   1.7325626E-01
   7.9710145E-01   1.2399328E+02   1.3777031E+01   1.3777031E+02   2.3807193E-01   1.7050360E-01   2.3074780E-01
   8.1159420E-01   6.7655061E+01   2.7062024E+01   9.4717086E+01   2.4805083E-01   4.1363473E-01   2.9484226E-01
   8.2608696E-01   9.3055382E+01   6.6468130E+01   1.5952351E+02   1.4041924E-01   6.7047279E-02   1.0908195E-01
   8.4057971E-01   1.5677311E+02   1.3064426E+01   1.6983753E+02   4.7622074E-02   7.9976759E-06   4.3958544E-02
   8.5507246E-01   1.1558695E+02   1.2842995E+01   1.2842995E+02   1.9956978E-01   4.6380805E-01   2.2285483E-01
   8.6956522E-01   5.0515779E+01   8.8402613E+01   1.3891839E+02   1.8138829E-01   2.2760485E-01   2.0885329E-01
   8.8405797E-01   6.2109564E+01   1.2421913E+01   7.4531477E+01   2.0676946E-01   7.0301999E-06   1.7230904E-01
   8.9855072E-01   3.6664678E+01   4.8886238E+01   8.5550916E+01   1.0601178E-01   1.0681112E-01   1.0646757E-01
   9.1304348E-01   7.2165398E+01   2.4055133E+01   9.6220531E+01   2.2092382E-01   1.7052945E-01   2.0789069E-01
   9.2753623E-01   8.2877450E+01   1.1839636E+01   9.4717086E+01   9.4449479E-02   3.3924279E-01   1.1402244E-01
   9.4202899E-01   6.9944925E+01   0.0000000E+00   6.9944925E+01   7.1527882E-02   0.0000000E+00   7.1527882E-02
   9.5652174E-01   4.5923435E+01   3.4442577E+01   8.0366012E+01   2.3014918E-01   3.3798488E-01   2.4151206E-01
   9.7101449E-01   2.2619005E+01   1.1309503E+01   3.3928508E+01   6.0310942E-01   3.8578033E-01   5.1132223E-01
   9.8550725E-01   2.2286373E+01   1.1143187E+01   3.3429560E+01   2.0734661E-01   3.8514650E-01   2.1498161E-01
   1.0000000E+00   2.1884092E+01   0.0000000E+00   2.1884092E+01   4.5022830E-01   0.0000000E+00   4.5022830E-01
