   0.0000000E+00   1.7997762E+07   9.2746970E+06   2.7272459E+07   7.5578275E-04   1.8811197E-03   6.4115619E-04
   1.4492754E-02   1.8241753E+07   9.3110684E+06   2.7552821E+07   5.2146781E-04   8.8756783E-04   4.7371101E-04
   2.8985507E-02   1.8248951E+07   9.4898942E+06   2.7738846E+07   7.7781248E-04   3.9126738E-04   6.2249944E-04
   4.3478261E-02   1.8282166E+07   9.5469771E+06   2.7828637E+07   6.6379701E-04   5.5490964E-04   4.0350500E-04
   5.7971014E-02   1.8870296E+07   9.6713722E+06   2.8541668E+07   3.0895164E-05   6.3111940E-04   2.0127736E-04
   7.2463768E-02   1.9238934E+07   9.9328671E+06   2.9171498E+07   2.2256666E-04   3.5922662E-04   5.1319484E-05
   8.6956522E-02   1.9476864E+07   1.0180824E+07   2.9657309E+07   2.4014553E-04   2.3602855E-04   2.3683974E-04
   1.0144928E-01   2.0023408E+07   1.0363348E+07   3.0386540E+07   2.4214402E-04   8.0838634E-05   1.4092337E-04
   1.1594203E-01   2.0397987E+07   1.0694317E+07   3.1091736E+07   1.8697257E-04   2.5413509E-04   1.8351634E-04
   1.3043478E-01   2.0853419E+07   1.0920585E+07   3.1772741E+07   8.4007597E-05   7.3217102E-05   7.6535944E-05
   1.4492754E-01   2.1417655E+07   1.1212760E+07   3.2629581E+07   1.3913553E-04   5.4893653E-05   7.7326493E-05
   1.5942029E-01   2.1999438E+07   1.1540399E+07   3.3538941E+07   1.6652241E-04   3.6690306E-04   1.1000714E-04
   1.7391304E-01   2.2558200E+07   1.1819682E+07   3.4377061E+07   6.8446244E-05   1.8577221E-04   2.5884862E-05
   1.8840580E-01   2.2935582E+07   1.2058447E+07   3.4992630E+07   5.0308447E-05   1.5738602E-04   6.6029249E-05
   2.0289855E-01   2.2540177E+07   1.1877306E+07   3.4416346E+07   1.1559306E-04   1.0961343E-04   1.0007297E-04
   2.1739130E-01   2.0575228E+07   1.0746272E+07   3.1320187E+07   2.6302538E-04   9.5460532E-05   1.9073972E-04
   2.3188406E-01   1.7387073E+07   9.0008226E+06   2.6386949E+07   1.9353315E-04   1.8979498E-04   1.9161755E-04
   2.4637681E-01   1.4522380E+07   7.3720202E+06   2.1894088E+07   3.5278018E-04   3.0071329E-04   1.9785728E-04
   2.6086957E-01   1.2298529E+07   6.1837628E+06   1.8481913E+07   1.5974060E-04   8.5670271E-05   1.3474335E-04
   2.7536232E-01   1.0701954E+07   5.3260913E+06   1.6027567E+07   3.8022894E-04   2.6736097E-04   3.3930839E-04
   2.8985507E-01   9.4152951E+06   4.6301879E+06   1.4045218E+07   4.2830424E-04   2.5801533E-04   3.6544694E-04
   3.0434783E-01   8.3186859E+06   4.0720409E+06   1.2390402E+07   2.0095964E-04   5.2023899E-04   2.6919127E-04
   3.1884058E-01   7.4317781E+06   3.5598469E+06   1.0991522E+07   3.1836172E-04   2.8815306E-04   3.0265549E-04
   3.3333333E-01   6.6016326E+06   3.1481983E+06   9.7497320E+06   4.6141945E-05   3.0407042E-04   1.2343578E-04
   3.4782609E-01   5.8761533E+06   2.7550674E+06   8.6310944E+06   8.5027480E-04   1.6241772E-04   5.6757311E-04
   3.6231884E-01   5.1997407E+06   2.4213627E+06   7.6208912E+06   1.5792055E-04   4.9512993E-05   1.2172519E-04
   3.7681159E-01   4.5405914E+06   2.0895755E+06   6.6300503E+06   5.0988363E-04   4.0384089E-04   4.7429225E-04
   3.9130435E-01   3.9552452E+06   1.8032730E+06   5.7584059E+06   6.3692605E-04   6.7011892E-04   6.4682300E-04
   4.0579710E-01   3.3929825E+06   1.5137685E+06   4.9067239E+06   7.3514255E-04   7.5481858E-04   7.3833356E-04
   4.2028986E-01   2.8542634E+06   1.2537929E+06   4.1080302E+06   9.2691513E-04   6.0477839E-04   7.8426060E-04
   4.3478261E-01   2.3144057E+06   9.8917473E+05   3.3035299E+06   5.2598969E-04   1.1210444E-03   6.9643848E-04
   4.4927536E-01   1.7643043E+06   7.5052596E+05   2.5147814E+06   1.2787375E-03   2.0636505E-03   1.2706986E-03
   4.6376812E-01   1.1835847E+06   4.8184949E+05   1.6653868E+06   1.2640861E-03   1.2870677E-03   1.2384750E-03
   4.7826087E-01   6.0529384E+05   2.3978922E+05   8.4508306E+05   3.6850590E-03   3.7934369E-03   3.6532543E-03
   4.9275362E-01   1.8105449E+05   6.6368819E+04   2.4742331E+05   1.7163184E-02   1.4033366E-02   1.6299286E-02
   5.0724638E-01   4.2498203E+04   1.4202150E+04   5.6700354E+04   6.3366246E-02   5.2371540E-02   6.0304739E-02
   5.2173913E-01   2.8730849E+04   1.0292590E+04   3.9023439E+04   1.0107208E-01   8.0796986E-02   9.5717435E-02
   5.3623188E-01   3.2214049E+04   9.7481800E+03   4.1962229E+04   1.1106178E-01   8.9741004E-02   1.0609932E-01
   5.5072464E-01   3.1007383E+04   1.0688075E+04   4.1695458E+04   1.1928934E-01   9.7414006E-02   1.1365825E-01
   5.6521739E-01   2.9066002E+04   9.3648482E+03   3.8430850E+04   1.2837770E-01   1.1163242E-01   1.2427866E-01
   5.7971014E-01   2.6823879E+04   8.2972167E+03   3.5121095E+04   1.3147602E-01   1.1647008E-01   1.2792743E-01
   5.9420290E-01   2.4358462E+04   7.1522950E+03   3.1510757E+04   1.4115462E-01   1.0836006E-01   1.3370989E-01
   6.0869565E-01   2.0134146E+04   6.3685964E+03   2.6502743E+04   1.4162691E-01   1.1760649E-01   1.3578238E-01
   6.2318841E-01   1.8203302E+04   5.2689132E+03   2.3472215E+04   1.5439770E-01   1.2389434E-01   1.4746490E-01
   6.3768116E-01   1.6256896E+04   4.9080672E+03   2.1164963E+04   1.5150088E-01   1.3793021E-01   1.4834783E-01
   6.5217391E-01   1.3403520E+04   4.6642903E+03   1.8067810E+04   1.7099938E-01   1.4957796E-01   1.6546305E-01
   6.6666667E-01   1.1580193E+04   3.2615622E+03   1.4841755E+04   1.7235038E-01   1.4560518E-01   1.6647264E-01
   6.8115942E-01   9.5281358E+03   2.9664585E+03   1.2494594E+04   1.7911071E-01   1.5896549E-01   1.7431599E-01
   6.9565217E-01   9.0928402E+03   2.6678646E+03   1.1760705E+04   1.9455445E-01   1.4987498E-01   1.8441909E-01
   7.1014493E-01   7.4691187E+03   2.1031059E+03   9.5722246E+03   1.9310551E-01   1.4093939E-01   1.8163811E-01
   7.2463768E-01   6.1376671E+03   1.7427944E+03   7.8804615E+03   1.9768085E-01   1.9163131E-01   1.9634277E-01
   7.3913043E-01   5.5121629E+03   1.5451885E+03   7.0573515E+03   1.9088461E-01   1.9253659E-01   1.9124630E-01
   7.5362319E-01   5.0710070E+03   1.4426141E+03   6.5136211E+03   2.1271836E-01   1.9690298E-01   2.0917519E-01
   7.6811594E-01   4.7036862E+03   1.0150812E+03   5.7187674E+03   2.3083875E-01   1.7797944E-01   2.2133266E-01
   7.8260870E-01   3.7606191E+03   1.0664442E+03   4.8270633E+03   2.1901267E-01   2.4438785E-01   2.2461162E-01
   7.9710145E-01   3.1411630E+03   7.8529075E+02   3.9264537E+03   2.4074019E-01   1.9819593E-01   2.3222032E-01
   8.1159420E-01   2.5979543E+03   7.3067466E+02   3.3286290E+03   2.5937883E-01   2.3180626E-01   2.5331212E-01
   8.2608696E-01   2.6454316E+03   6.6468130E+02   3.3101129E+03   2.4369184E-01   1.8756319E-01   2.3235402E-01
   8.4057971E-01   2.2470812E+03   5.7483473E+02   2.8219159E+03   2.8270286E-01   2.9929183E-01   2.8593885E-01
   8.5507246E-01   1.7081183E+03   4.3666182E+02   2.1447801E+03   2.8743133E-01   2.4136836E-01   2.7804354E-01
   8.6956522E-01   1.6417628E+03   3.6623940E+02   2.0080022E+03   2.9530205E-01   3.0372179E-01   2.9635817E-01
   8.8405797E-01   1.1925036E+03   4.8445460E+02   1.6769582E+03   2.8128285E-01   2.7202389E-01   2.7858010E-01
   8.9855072E-01   1.2710422E+03   2.4443119E+02   1.5154734E+03   3.1741254E-01   2.6443025E-01   3.0885566E-01
   9.1304348E-01   1.1907291E+03   1.9244106E+02   1.3831701E+03   3.1355904E-01   3.5244602E-01   3.1891167E-01
   9.2753623E-01   6.6301960E+02   2.2495308E+02   8.8797268E+02   3.3676561E-01   3.2689099E-01   3.3358551E-01
   9.4202899E-01   6.1784683E+02   1.8651980E+02   8.0436663E+02   3.4427116E-01   2.4029577E-01   3.1974099E-01
   9.5652174E-01   5.9700466E+02   1.4925117E+02   7.4625583E+02   3.5012243E-01   3.1798272E-01   3.4347967E-01
   9.7101449E-01   3.7321359E+02   6.7857016E+01   4.4107061E+02   3.3179407E-01   3.6424201E-01   3.3669344E-01
   9.8550725E-01   1.6714780E+02   5.5715933E+01   2.2286373E+02   3.4483447E-01   3.2762326E-01   3.4047642E-01
   1.0000000E+00   1.0942046E+02   6.5652276E+01   1.7507274E+02   3.8214368E-01   4.1842964E-01   3.9519069E-01
