   0.0000000E+00   1.7543120E+07   9.4141206E+06   2.6957240E+07   2.3357549E-03   3.2713880E-03   2.0368358E-03
   1.4492754E-02   1.7890921E+07   9.4573116E+06   2.7348232E+07   7.2008091E-04   8.2883803E-04   5.1637752E-04
   2.8985507E-02   1.8285702E+07   9.6031759E+06   2.7888878E+07   3.9958563E-04   7.9470042E-04   4.8521873E-04
   4.3478261E-02   1.8315253E+07   9.6573540E+06   2.7972355E+07   2.5483215E-04   4.4791381E-04   8.3071093E-05
   5.7971014E-02   1.8466422E+07   9.8956622E+06   2.8361895E+07   1.9957485E-04   2.5629387E-04   1.7959848E-04
   7.2463768E-02   1.8731705E+07   1.0017582E+07   2.8749439E+07   6.1617981E-04   3.5179336E-04   3.5059207E-04
   8.6956522E-02   1.9151037E+07   1.0132202E+07   2.9283239E+07   3.2419768E-04   2.7282471E-04   3.0390590E-04
   1.0144928E-01   1.9441683E+07   1.0475601E+07   2.9917176E+07   5.9879260E-04   1.1544320E-04   3.4868777E-04
   1.1594203E-01   1.9807995E+07   1.0614186E+07   3.0422086E+07   1.8806259E-04   1.4509564E-04   8.0246077E-05
   1.3043478E-01   2.0137526E+07   1.0877226E+07   3.1014499E+07   1.6543838E-04   8.0508925E-05   1.2885300E-04
   1.4492754E-01   2.0570050E+07   1.1124863E+07   3.1694989E+07   1.9244074E-04   1.8191068E-04   8.3652542E-05
   1.5942029E-01   2.0968021E+07   1.1415028E+07   3.2382704E+07   6.0151913E-05   8.6354254E-05   4.8320893E-05
   1.7391304E-01   2.1409092E+07   1.1669461E+07   3.3078553E+07   1.4305947E-04   1.1162708E-04   1.2690595E-04
   1.8840580E-01   2.1687765E+07   1.1888189E+07   3.3574904E+07   1.8893928E-04   3.3954365E-04   2.2231083E-04
   2.0289855E-01   2.1249047E+07   1.1679050E+07   3.2927610E+07   3.2268944E-04   1.8677215E-04   2.6626792E-04
   2.1739130E-01   1.9471054E+07   1.0611345E+07   3.0081995E+07   1.4210492E-04   2.0635511E-04   4.5761377E-05
   2.3188406E-01   1.6785620E+07   8.9412929E+06   2.5726534E+07   5.5921448E-05   1.9123522E-04   3.1148844E-05
   2.4637681E-01   1.4270812E+07   7.3797759E+06   2.1650320E+07   3.7824399E-04   1.2054618E-04   2.0848984E-04
   2.6086957E-01   1.2342520E+07   6.2047689E+06   1.8546952E+07   1.1528924E-04   5.1619619E-04   1.4954974E-04
   2.7536232E-01   1.0870451E+07   5.3656531E+06   1.6235825E+07   2.4690303E-04   4.7186570E-04   3.0680206E-04
   2.8985507E-01   9.6564448E+06   4.6569360E+06   1.4313343E+07   2.6924015E-04   5.0532255E-05   1.6784559E-04
   3.0434783E-01   8.6890387E+06   4.0644996E+06   1.2753394E+07   3.8018055E-04   2.8233606E-04   3.3318044E-04
   3.1884058E-01   7.7476165E+06   3.6282155E+06   1.1375832E+07   2.6074923E-04   5.0196447E-04   3.2622626E-04
   3.3333333E-01   6.9978630E+06   3.1703703E+06   1.0168266E+07   1.0692497E-04   1.9072033E-04   1.2660773E-04
   3.4782609E-01   6.2484230E+06   2.7932069E+06   9.0416298E+06   1.0020171E-04   2.6119444E-04   1.1058250E-05
   3.6231884E-01   5.5759721E+06   2.4530361E+06   8.0289779E+06   5.6263060E-04   3.1703362E-04   4.8752315E-04
   3.7681159E-01   4.9322538E+06   2.1207010E+06   7.0529256E+06   7.6611835E-04   2.5425507E-04   5.9508065E-04
   3.9130435E-01   4.3469108E+06   1.8179787E+06   6.1649176E+06   6.5541383E-04   6.8621940E-04   6.5294384E-04
   4.0579710E-01   3.7684681E+06   1.5378807E+06   5.3063488E+06   9.7041666E-04   7.3688389E-04   8.9212075E-04
   4.2028986E-01   3.1976749E+06   1.2553084E+06   4.4529572E+06   7.2132649E-04   3.7565258E-04   6.2231223E-04
   4.3478261E-01   2.6233097E+06   1.0045315E+06   3.6278412E+06   1.6907748E-03   6.1928738E-04   1.3305129E-03
   4.4927536E-01   2.0273612E+06   7.5279917E+05   2.7801603E+06   1.1882429E-03   1.7241768E-03   1.3254528E-03
   4.6376812E-01   1.3669570E+06   4.8978205E+05   1.8567390E+06   1.4875050E-03   1.7574312E-03   1.5548461E-03
   4.7826087E-01   7.1796699E+05   2.4307274E+05   9.6106269E+05   5.1572246E-03   2.6026661E-03   4.4433874E-03
   4.9275362E-01   2.2268544E+05   6.7438565E+04   2.9012400E+05   1.9092640E-02   1.5829737E-02   1.8326431E-02
   5.0724638E-01   5.1461146E+04   1.2924823E+04   6.4385969E+04   6.7349347E-02   3.9158416E-02   6.1690307E-02
   5.2173913E-01   3.4350730E+04   8.7350201E+03   4.3085750E+04   9.3031743E-02   6.8843873E-02   8.8122129E-02
   5.3623188E-01   3.6412320E+04   9.5843451E+03   4.5996665E+04   1.0197536E-01   7.6512217E-02   9.6666088E-02
   5.5072464E-01   3.8046358E+04   9.7907556E+03   4.7837113E+04   1.1295954E-01   7.7346268E-02   1.0562004E-01
   5.6521739E-01   3.4894746E+04   9.1511276E+03   4.4045873E+04   1.2195089E-01   8.6521700E-02   1.1457067E-01
   5.7971014E-01   3.0309467E+04   8.4487640E+03   3.8758231E+04   1.3051944E-01   9.7501382E-02   1.2331606E-01
   5.9420290E-01   2.7167632E+04   7.7252179E+03   3.4892850E+04   1.4146053E-01   9.8650012E-02   1.3196963E-01
   6.0869565E-01   2.3381589E+04   5.4484876E+03   2.8830077E+04   1.2925042E-01   1.1991419E-01   1.2730755E-01
   6.2318841E-01   2.1287114E+04   5.0926954E+03   2.6379810E+04   1.4343790E-01   1.1316924E-01   1.3758587E-01
   6.3768116E-01   1.7841255E+04   3.9781176E+03   2.1819372E+04   1.4518146E-01   9.8942683E-02   1.3666389E-01
   6.5217391E-01   1.5457828E+04   3.2498484E+03   1.8707677E+04   1.5650662E-01   1.0994183E-01   1.4840730E-01
   6.6666667E-01   1.2881524E+04   2.7838587E+03   1.5665382E+04   1.5795265E-01   1.2544240E-01   1.5215677E-01
   6.8115942E-01   1.0850144E+04   2.4989189E+03   1.3349063E+04   1.6877960E-01   1.2664506E-01   1.6088393E-01
   6.9565217E-01   9.4717086E+03   2.1784930E+03   1.1650202E+04   1.7233073E-01   1.2845876E-01   1.6394975E-01
   7.1014493E-01   9.1546963E+03   1.7474336E+03   1.0902130E+04   1.7615776E-01   1.5788491E-01   1.7308136E-01
   7.2463768E-01   7.0621059E+03   1.3790808E+03   8.4411867E+03   1.7874453E-01   1.7413547E-01   1.7798892E-01
   7.3913043E-01   5.9578904E+03   1.3074672E+03   7.2653576E+03   2.0026323E-01   1.4559498E-01   1.9038882E-01
   7.5362319E-01   5.4353035E+03   1.0200302E+03   6.4553337E+03   1.9489054E-01   1.7677192E-01   1.9201902E-01
   7.6811594E-01   4.6322016E+03   8.2922128E+02   5.4614229E+03   2.3611740E-01   1.7677900E-01   2.2663612E-01
   7.8260870E-01   3.7325548E+03   8.1386533E+02   4.5464201E+03   2.1714080E-01   2.0686503E-01   2.1528063E-01
   7.9710145E-01   3.2376022E+03   6.6129747E+02   3.8988997E+03   2.2484716E-01   1.9103205E-01   2.1897913E-01
   8.1159420E-01   2.8821056E+03   3.9239935E+02   3.2745050E+03   2.3971106E-01   2.3312761E-01   2.3874177E-01
   8.2608696E-01   2.4327336E+03   4.7857054E+02   2.9113041E+03   2.5267125E-01   2.1305459E-01   2.4588488E-01
   8.4057971E-01   1.9596638E+03   3.7886834E+02   2.3385322E+03   2.4458198E-01   2.1636872E-01   2.4000761E-01
   8.5507246E-01   1.8879202E+03   2.3117390E+02   2.1190941E+03   2.6812254E-01   2.5313461E-01   2.6642712E-01
   8.6956522E-01   1.5786181E+03   2.7783678E+02   1.8564549E+03   2.8785009E-01   3.0889976E-01   2.9059419E-01
   8.8405797E-01   1.3788323E+03   1.6148487E+02   1.5403172E+03   3.0167181E-01   3.2283092E-01   3.0361193E-01
   8.9855072E-01   1.2099344E+03   1.8332339E+02   1.3932578E+03   2.8131121E-01   3.6211405E-01   2.9192127E-01
   9.1304348E-01   1.0103156E+03   2.4055133E+02   1.2508669E+03   3.2054351E-01   2.8249087E-01   3.1299914E-01
   9.2753623E-01   8.4061413E+02   1.0655672E+02   9.4717086E+02   3.0801219E-01   2.5277402E-01   3.0111434E-01
   9.4202899E-01   6.7613427E+02   9.3259900E+01   7.6939417E+02   3.3574633E-01   3.3296040E-01   3.3540792E-01
   9.5652174E-01   5.2811951E+02   6.8885153E+01   5.9700466E+02   3.4928702E-01   2.7588879E-01   3.4075698E-01
   9.7101449E-01   5.3154663E+02   2.2619005E+01   5.5416563E+02   3.5441189E-01   3.9291960E-01   3.5423326E-01
   9.8550725E-01   2.7857966E+02   1.1143187E+01   2.8972285E+02   3.4586247E-01   4.2687772E-01   3.4678613E-01
   1.0000000E+00   6.5652276E+01   0.0000000E+00   6.5652276E+01   3.6875168E-01   0.0000000E+00   3.6875168E-01
