   0.0000000E+00   2.2726039E+07   9.4080587E+06   3.2134097E+07   2.4207015E-03   2.9533465E-04   1.6609147E-03
   1.4492754E-02   2.2560094E+07   9.5482400E+06   3.2108334E+07   4.0728295E-04   1.7136880E-04   3.3294819E-04
   2.8985507E-02   2.2634731E+07   9.7156998E+06   3.2350431E+07   1.2153036E-04   8.0315998E-05   1.0863402E-04
   4.3478261E-02   2.2622481E+07   9.8955359E+06   3.2517765E+07   1.7559064E-04   6.5189114E-05   1.3824421E-04
   5.7971014E-02   2.2818483E+07   1.0047210E+07   3.2865503E+07   6.0850158E-05   6.7701260E-05   3.6805106E-05
   7.2463768E-02   2.3057776E+07   1.0426305E+07   3.3483626E+07   1.8427555E-04   3.0995175E-05   1.3236475E-04
   8.6956522E-02   2.3566495E+07   1.0723868E+07   3.4289984E+07   1.0432573E-04   4.0006283E-05   8.1073391E-05
   1.0144928E-01   2.3916010E+07   1.1034162E+07   3.4949414E+07   5.0064466E-05   4.1166445E-05   4.5999397E-05
   1.1594203E-01   2.4067801E+07   1.1549517E+07   3.5616276E+07   8.4825256E-05   4.3597139E-05   5.7767874E-05
   1.3043478E-01   2.4099057E+07   1.1922313E+07   3.6020360E+07   9.7519969E-05   2.0378367E-05   7.1328795E-05
   1.4492754E-01   2.3732540E+07   1.2400967E+07   3.6132295E+07   4.4945363E-05   3.1838878E-05   3.3569151E-05
   1.5942029E-01   2.3128190E+07   1.2965977E+07   3.6093203E+07   5.5328559E-05   3.2190927E-05   3.9331802E-05
   1.7391304E-01   2.2339088E+07   1.3533240E+07   3.5871002E+07   4.8429972E-05   4.0926625E-05   4.5512804E-05
   1.8840580E-01   2.1332677E+07   1.3836039E+07   3.5167317E+07   3.2546582E-05   5.9824512E-06   1.9473692E-05
   2.0289855E-01   2.0097883E+07   1.3619451E+07   3.3715981E+07   4.4092004E-05   3.1908632E-06   2.7532256E-05
   2.1739130E-01   1.8760196E+07   1.2152379E+07   3.0911363E+07   9.0176494E-05   1.8930381E-05   5.1174851E-05
   2.3188406E-01   1.7346203E+07   9.8690941E+06   2.7214302E+07   4.8987876E-05   5.4143534E-05   2.4474030E-05
   2.4637681E-01   1.5791010E+07   7.7542761E+06   2.3544216E+07   3.2420855E-05   2.7876076E-05   2.9464216E-05
   2.6086957E-01   1.4203353E+07   6.2071263E+06   2.0409385E+07   4.1510441E-05   1.1500969E-04   5.5852289E-05
   2.7536232E-01   1.2494520E+07   5.1025988E+06   1.7596680E+07   1.5063273E-05   1.3328108E-04   3.2662278E-05
   2.8985507E-01   1.0823928E+07   4.2827656E+06   1.5106466E+07   2.4023746E-05   7.7598129E-05   3.7944374E-05
   3.0434783E-01   9.0723092E+06   3.6466980E+06   1.2718466E+07   1.2499338E-04   9.0247899E-05   9.6822553E-05
   3.1884058E-01   7.5297328E+06   3.0901880E+06   1.0619680E+07   8.9199391E-05   1.3225877E-04   5.8898601E-05
   3.3333333E-01   6.2219736E+06   2.6323114E+06   8.8540214E+06   2.5420606E-04   1.3395886E-04   2.1039160E-04
   3.4782609E-01   5.1135544E+06   2.2156852E+06   7.3290818E+06   2.1980124E-04   5.6863223E-05   1.5855112E-04
   3.6231884E-01   4.2576618E+06   1.8583947E+06   6.1159959E+06   1.1236732E-04   2.5710026E-04   8.5893841E-05
   3.7681159E-01   3.4985577E+06   1.5578775E+06   5.0563769E+06   2.8811143E-04   2.0121713E-04   2.5541937E-04
   3.9130435E-01   2.8604279E+06   1.2654764E+06   4.1258482E+06   8.1067378E-05   1.2246878E-04   4.2943660E-05
   4.0579710E-01   2.3165905E+06   1.0106313E+06   3.3271947E+06   3.8947583E-04   1.5088880E-04   3.0479580E-04
   4.2028986E-01   1.8256228E+06   7.7542592E+05   2.6010226E+06   5.9948301E-04   3.3501883E-04   5.2060929E-04
   4.3478261E-01   1.4026464E+06   5.6251846E+05   1.9651648E+06   1.7776266E-04   2.1264077E-04   1.6638727E-04
   4.4927536E-01   1.0481698E+06   3.7033769E+05   1.4184831E+06   3.9420925E-04   2.5886568E-04   3.5397972E-04
   4.6376812E-01   7.1449833E+05   2.0982202E+05   9.2432036E+05   6.9955481E-04   3.5372130E-04   4.8405092E-04
   4.7826087E-01   4.0323072E+05   8.5486475E+04   4.8871720E+05   7.0745367E-04   7.4752622E-04   6.6488730E-04
   4.9275362E-01   1.3213591E+05   1.4553002E+04   1.4668891E+05   2.9087651E-03   3.9761858E-06   2.6205618E-03
   5.0724638E-01   1.3769158E+04   4.5464201E+02   1.4223800E+04   5.0486742E-03   1.5264310E-05   4.8876575E-03
   5.2173913E-01   2.2100653E+03   0.0000000E+00   2.2100653E+03   5.1791441E-03   0.0000000E+00   5.1791441E-03
   5.3623188E-01   1.7612258E+03   0.0000000E+00   1.7612258E+03   4.2299486E-03   0.0000000E+00   4.2299486E-03
   5.5072464E-01   1.3758903E+03   0.0000000E+00   1.3758903E+03   1.1645747E-05   0.0000000E+00   1.1645747E-05
   5.6521739E-01   6.6059096E+02   0.0000000E+00   6.6059096E+02   1.2512190E-02   0.0000000E+00   1.2512190E-02
   5.7971014E-01   3.5992492E+02   0.0000000E+00   3.5992492E+02   6.6183104E-06   0.0000000E+00   6.6183104E-06
   5.9420290E-01   1.2936968E+02   0.0000000E+00   1.2936968E+02   4.3385225E-06   0.0000000E+00   4.3385225E-06
   6.0869565E-01   7.2165398E+01   0.0000000E+00   7.2165398E+01   6.9955943E-05   0.0000000E+00   6.9955943E-05
   6.2318841E-01   1.7621783E+01   0.0000000E+00   1.7621783E+01   1.4653435E-05   0.0000000E+00   1.4653435E-05
   6.3768116E-01   0.0000000E+00   0.0000000E+00   0.0000000E+00   0.0000000E+00   0.0000000E+00   0.0000000E+00
   6.5217391E-01   0.0000000E+00   0.0000000E+00   0.0000000E+00   0.0000000E+00   0.0000000E+00   0.0000000E+00
   6.6666667E-01   0.0000000E+00   0.0000000E+00   0.0000000E+00   0.0000000E+00   0.0000000E+00   0.0000000E+00
   6.8115942E-01   1.6122057E+01   0.0000000E+00   1.6122057E+01   8.8786871E-06   0.0000000E+00   8.8786871E-06
   6.9565217E-01   0.0000000E+00   0.0000000E+00   0.0000000E+00   0.0000000E+00   0.0000000E+00   0.0000000E+00
   7.1014493E-01   0.0000000E+00   0.0000000E+00   0.0000000E+00   0.0000000E+00   0.0000000E+00   0.0000000E+00
   7.2463768E-01   1.5154734E+01   0.0000000E+00   1.5154734E+01   5.0893279E-04   0.0000000E+00   5.0893279E-04
   7.3913043E-01   0.0000000E+00   0.0000000E+00   0.0000000E+00   0.0000000E+00   0.0000000E+00   0.0000000E+00
   7.5362319E-01   0.0000000E+00   0.0000000E+00   0.0000000E+00   0.0000000E+00   0.0000000E+00   0.0000000E+00
   7.6811594E-01   0.0000000E+00   0.0000000E+00   0.0000000E+00   0.0000000E+00   0.0000000E+00   0.0000000E+00
   7.8260870E-01   0.0000000E+00   0.0000000E+00   0.0000000E+00   0.0000000E+00   0.0000000E+00   0.0000000E+00
   7.9710145E-01   0.0000000E+00   0.0000000E+00   0.0000000E+00   0.0000000E+00   0.0000000E+00   0.0000000E+00
   8.1159420E-01   0.0000000E+00   0.0000000E+00   0.0000000E+00   0.0000000E+00   0.0000000E+00   0.0000000E+00
   8.2608696E-01   0.0000000E+00   0.0000000E+00   0.0000000E+00   0.0000000E+00   0.0000000E+00   0.0000000E+00
   8.4057971E-01   0.0000000E+00   0.0000000E+00   0.0000000E+00   0.0000000E+00   0.0000000E+00   0.0000000E+00
   8.5507246E-01   0.0000000E+00   0.0000000E+00   0.0000000E+00   0.0000000E+00   0.0000000E+00   0.0000000E+00
   8.6956522E-01   0.0000000E+00   0.0000000E+00   0.0000000E+00   0.0000000E+00   0.0000000E+00   0.0000000E+00
   8.8405797E-01   0.0000000E+00   0.0000000E+00   0.0000000E+00   0.0000000E+00   0.0000000E+00   0.0000000E+00
   8.9855072E-01   0.0000000E+00   0.0000000E+00   0.0000000E+00   0.0000000E+00   0.0000000E+00   0.0000000E+00
   9.1304348E-01   0.0000000E+00   0.0000000E+00   0.0000000E+00   0.0000000E+00   0.0000000E+00   0.0000000E+00
   9.2753623E-01   0.0000000E+00   0.0000000E+00   0.0000000E+00   0.0000000E+00   0.0000000E+00   0.0000000E+00
   9.4202899E-01   0.0000000E+00   0.0000000E+00   0.0000000E+00   0.0000000E+00   0.0000000E+00   0.0000000E+00
   9.5652174E-01   0.0000000E+00   0.0000000E+00   0.0000000E+00   0.0000000E+00   0.0000000E+00   0.0000000E+00
   9.7101449E-01   0.0000000E+00   0.0000000E+00   0.0000000E+00   0.0000000E+00   0.0000000E+00   0.0000000E+00
   9.8550725E-01   0.0000000E+00   0.0000000E+00   0.0000000E+00   0.0000000E+00   0.0000000E+00   0.0000000E+00
   1.0000000E+00   0.0000000E+00   0.0000000E+00   0.0000000E+00   0.0000000E+00   0.0000000E+00   0.0000000E+00
