   0.0000000E+00   2.1380298E+07   9.9718148E+06   3.1352113E+07   1.0572039E-03   4.2757135E-04   6.7878480E-04
   1.4492754E-02   2.0890043E+07   1.0028645E+07   3.0918688E+07   2.7422001E-04   1.2503681E-04   1.5488364E-04
   2.8985507E-02   2.0904440E+07   1.0237023E+07   3.1141462E+07   8.4072759E-05   3.0580037E-04   4.4625843E-05
   4.3478261E-02   2.0960765E+07   1.0366090E+07   3.1326350E+07   4.7150518E-05   1.5458305E-04   6.8344585E-05
   5.7971014E-02   2.1148999E+07   1.0536897E+07   3.1685517E+07   9.9720063E-05   5.4479774E-05   8.1164947E-05
   7.2463768E-02   2.1463043E+07   1.0682572E+07   3.2144554E+07   4.2940049E-05   1.0962385E-04   2.0134709E-05
   8.6956522E-02   2.1713955E+07   1.0930478E+07   3.2643928E+07   5.0795106E-05   5.6873914E-05   1.8442548E-05
   1.0144928E-01   2.2076658E+07   1.1248385E+07   3.3324393E+07   4.5889104E-05   1.3289755E-04   7.3725527E-05
   1.1594203E-01   2.2249801E+07   1.1378174E+07   3.3627312E+07   6.7767558E-05   1.3947179E-04   7.7924630E-05
   1.3043478E-01   2.2444750E+07   1.1682868E+07   3.4126355E+07   8.8986668E-05   7.9236733E-05   6.9847549E-05
   1.4492754E-01   2.2565853E+07   1.1890025E+07   3.4454211E+07   7.9996660E-05   4.4297687E-05   4.4443116E-05
   1.5942029E-01   2.2737887E+07   1.2195910E+07   3.4931661E+07   1.0457260E-04   1.8139961E-05   7.2938202E-05
   1.7391304E-01   2.2771692E+07   1.2316441E+07   3.5086997E+07   4.1480408E-05   7.1741332E-05   7.4560956E-06
   1.8840580E-01   2.2561785E+07   1.2473628E+07   3.5034130E+07   3.6152868E-05   4.8592575E-05   4.0296052E-05
   2.0289855E-01   2.1890905E+07   1.2111988E+07   3.4001052E+07   7.1249046E-05   2.5256785E-05   5.4788590E-05
   2.1739130E-01   2.0053653E+07   1.0999205E+07   3.1051544E+07   2.9762629E-05   4.4854019E-05   2.9910733E-05
   2.3188406E-01   1.7492872E+07   9.2648938E+06   2.6756393E+07   9.5792987E-05   9.1394434E-05   9.4174625E-05
   2.4637681E-01   1.4996233E+07   7.6458306E+06   2.2641128E+07   1.6179754E-05   1.0892132E-04   3.8625216E-05
   2.6086957E-01   1.2976535E+07   6.4204292E+06   1.9395996E+07   4.7656806E-05   6.2509038E-05   5.2493300E-05
   2.7536232E-01   1.1318353E+07   5.4514369E+06   1.6769391E+07   5.8915043E-05   1.2128442E-04   4.4201149E-05
   2.8985507E-01   9.8451212E+06   4.6961489E+06   1.4540891E+07   5.4335161E-05   1.1885218E-04   5.8020412E-05
   3.0434783E-01   8.5528265E+06   4.0057569E+06   1.2558042E+07   2.3096576E-05   8.0300727E-05   2.4672728E-05
   3.1884058E-01   7.4186899E+06   3.4349237E+06   1.0853407E+07   2.4891052E-05   2.6255292E-04   6.6079766E-05
   3.3333333E-01   6.4391475E+06   2.9260496E+06   9.3650324E+06   2.4182754E-04   6.8538564E-05   1.7987600E-04
   3.4782609E-01   5.5567673E+06   2.5190956E+06   8.0756419E+06   6.0870408E-05   1.2518326E-04   7.9909953E-05
   3.6231884E-01   4.7510393E+06   2.0996884E+06   6.8506064E+06   1.9762331E-04   3.4552920E-04   2.2916024E-04
   3.7681159E-01   4.0557856E+06   1.7582114E+06   5.8137930E+06   6.2744761E-04   5.3695734E-04   5.5934141E-04
   3.9130435E-01   3.4033322E+06   1.4543773E+06   4.8575973E+06   2.2003681E-04   1.4446722E-04   1.2940274E-04
   4.0579710E-01   2.8051412E+06   1.1843424E+06   3.9893483E+06   5.0511401E-04   7.0452624E-04   5.6416452E-04
   4.2028986E-01   2.2474993E+06   9.4447958E+05   3.1919788E+06   6.7097187E-04   3.2649469E-04   3.7623001E-04
   4.3478261E-01   1.7676229E+06   7.1191887E+05   2.4795418E+06   6.8724760E-04   4.3236761E-04   6.1342634E-04
   4.4927536E-01   1.3236682E+06   5.0355269E+05   1.8271476E+06   8.6066110E-04   1.0842873E-03   8.0279489E-04
   4.6376812E-01   8.9853363E+05   3.2364828E+05   1.2221819E+06   1.0583606E-03   1.1506449E-03   1.0824269E-03
   4.7826087E-01   5.1668457E+05   1.7175365E+05   6.8843822E+05   9.7943906E-04   2.1562122E-03   1.2618830E-03
   4.9275362E-01   1.8760669E+05   5.3554154E+04   2.4116084E+05   7.4832663E-03   7.9594118E-03   7.5444436E-03
   5.0724638E-01   2.6845528E+04   6.3649881E+03   3.3210516E+04   7.3090068E-02   5.3612149E-02   6.9322504E-02
   5.2173913E-01   9.8084804E+03   2.0837759E+03   1.1892256E+04   1.4554435E-01   1.4443090E-01   1.4510944E-01
   5.3623188E-01   8.0074336E+03   1.2902003E+03   9.2976339E+03   1.7757433E-01   1.2713633E-01   1.7041058E-01
   5.5072464E-01   6.8196302E+03   1.3958307E+03   8.2154609E+03   1.7945461E-01   1.6526795E-01   1.7700382E-01
   5.6521739E-01   4.9738613E+03   9.7145729E+02   5.9453186E+03   1.8453922E-01   1.8904502E-01   1.8515147E-01
   5.7971014E-01   3.9212873E+03   6.2513276E+02   4.5464201E+03   1.9938747E-01   1.9414988E-01   1.9812998E-01
   5.9420290E-01   3.2527233E+03   6.8381115E+02   3.9365345E+03   1.9337002E-01   2.0004663E-01   1.9366682E-01
   6.0869565E-01   2.7422851E+03   4.5103374E+02   3.1933189E+03   2.1320993E-01   2.4305722E-01   2.1712159E-01
   6.2318841E-01   2.1674794E+03   4.0530102E+02   2.5727804E+03   1.8951135E-01   1.8066167E-01   1.8811709E-01
   6.3768116E-01   2.1526610E+03   3.6164705E+02   2.5143081E+03   1.8869788E-01   1.6399588E-01   1.8440078E-01
   6.5217391E-01   1.8690838E+03   2.3574030E+02   2.1048241E+03   1.5713662E-01   1.4912891E-01   1.5556015E-01
   6.6666667E-01   2.1249572E+03   2.6356059E+02   2.3885178E+03   1.3241354E-01   8.5050155E-02   1.2636769E-01
   6.8115942E-01   1.4671072E+03   2.0958674E+02   1.6766939E+03   1.3733371E-01   9.4406692E-02   1.3083884E-01
   6.9565217E-01   1.3260392E+03   2.0522035E+02   1.5312595E+03   1.0037145E-01   7.6576807E-02   9.6196522E-02
   7.1014493E-01   1.0515529E+03   1.0824810E+02   1.1598010E+03   1.4581399E-01   5.8159338E-02   1.3743612E-01
   7.2463768E-01   7.7289142E+02   1.6670207E+02   9.3959349E+02   1.2713464E-01   9.5415871E-02   1.2080022E-01
   7.3913043E-01   8.1716701E+02   1.4857582E+02   9.6574283E+02   9.7414946E-02   7.3969643E-02   9.3218175E-02
   7.5362319E-01   6.8487739E+02   1.0200302E+02   7.8688040E+02   1.1799912E-01   5.7483401E-02   1.0976777E-01
   7.6811594E-01   4.8609523E+02   1.0007843E+02   5.8617366E+02   1.4081667E-01   1.4113690E-01   1.4066884E-01
   7.8260870E-01   3.7886834E+02   7.0160804E+01   4.4902915E+02   6.7631793E-02   2.2034877E-01   8.9716675E-02
   7.9710145E-01   3.1687170E+02   2.7554061E+01   3.4442577E+02   9.5441702E-02   1.9177345E-05   8.7807882E-02
   8.1159420E-01   2.7062024E+02   4.0593037E+01   3.1121328E+02   1.8797651E-01   3.7757498E-05   1.6345313E-01
   8.2608696E-01   1.9940439E+02   1.3293626E+01   2.1269802E+02   1.4005856E-01   5.1483440E-06   1.3130522E-01
   8.4057971E-01   1.6983753E+02   1.3064426E+01   1.8290196E+02   1.4376877E-01   4.2641983E-01   1.6049252E-01
   8.5507246E-01   1.0274396E+02   0.0000000E+00   1.0274396E+02   2.4697987E-01   0.0000000E+00   2.4697987E-01
   8.6956522E-01   8.8402613E+01   0.0000000E+00   8.8402613E+01   8.6280438E-02   0.0000000E+00   8.6280438E-02
   8.8405797E-01   8.6953390E+01   0.0000000E+00   8.6953390E+01   1.5773192E-01   0.0000000E+00   1.5773192E-01
   8.9855072E-01   6.1107797E+01   0.0000000E+00   6.1107797E+01   2.3114380E-01   0.0000000E+00   2.3114380E-01
   9.1304348E-01   3.6082699E+01   0.0000000E+00   3.6082699E+01   2.5674430E-05   0.0000000E+00   2.5674430E-05
   9.2753623E-01   5.9198178E+01   1.1839636E+01   7.1037814E+01   1.6114601E-01   2.1107528E-05   1.3429093E-01
   9.4202899E-01   2.3314975E+01   0.0000000E+00   2.3314975E+01   2.1423821E-01   0.0000000E+00   2.1423821E-01
   9.5652174E-01   8.0366012E+01   0.0000000E+00   8.0366012E+01   6.0983846E-02   0.0000000E+00   6.0983846E-02
   9.7101449E-01   2.2619005E+01   0.0000000E+00   2.2619005E+01   9.4782558E-06   0.0000000E+00   9.4782558E-06
   9.8550725E-01   2.2286373E+01   0.0000000E+00   2.2286373E+01   1.1911445E-05   0.0000000E+00   1.1911445E-05
   1.0000000E+00   0.0000000E+00   0.0000000E+00   0.0000000E+00   0.0000000E+00   0.0000000E+00   0.0000000E+00
