   0.0000000E+00   2.0192167E+07   1.0244600E+07   3.0436767E+07   1.5756148E-03   1.1855960E-03   1.3922780E-03
   1.4492754E-02   2.0274760E+07   1.0080929E+07   3.0355689E+07   4.6540837E-04   8.3135145E-04   2.5554034E-04
   2.8985507E-02   2.0230812E+07   1.0154429E+07   3.0385241E+07   5.1325118E-04   4.1476529E-04   2.3044632E-04
   4.3478261E-02   2.0334116E+07   1.0292590E+07   3.0626454E+07   4.0644865E-04   1.7155812E-04   2.4826771E-04
   5.7971014E-02   2.0345041E+07   1.0401641E+07   3.0746681E+07   1.5514690E-04   3.2226568E-04   1.9956742E-05
   7.2463768E-02   2.0616500E+07   1.0491016E+07   3.1107061E+07   8.7032733E-05   4.2604693E-05   5.8651379E-05
   8.6956522E-02   2.0727761E+07   1.0675752E+07   3.1402881E+07   3.2555255E-04   1.2388553E-04   2.0707478E-04
   1.0144928E-01   2.0902166E+07   1.0856202E+07   3.1757610E+07   2.1116745E-04   1.6460682E-04   1.2579406E-04
   1.1594203E-01   2.1112628E+07   1.1028194E+07   3.2139875E+07   2.5268260E-04   1.0909358E-04   1.9286809E-04
   1.3043478E-01   2.1331887E+07   1.1145886E+07   3.2476594E+07   1.4793868E-04   4.3624688E-05   8.9926738E-05
   1.4492754E-01   2.1516691E+07   1.1355972E+07   3.2871602E+07   8.2950143E-05   1.6111292E-04   6.4383184E-05
   1.5942029E-01   2.1738777E+07   1.1621614E+07   3.3359220E+07   6.9148735E-05   5.1758615E-05   6.0457746E-05
   1.7391304E-01   2.1947401E+07   1.1769671E+07   3.3715557E+07   1.4687724E-04   1.1453326E-04   1.0590411E-04
   1.8840580E-01   2.2184140E+07   1.1896175E+07   3.4078858E+07   1.0961555E-04   1.2058938E-04   1.0882019E-04
   2.0289855E-01   2.1570274E+07   1.1660214E+07   3.3229135E+07   1.2938853E-05   9.6049484E-06   1.1961538E-05
   2.1739130E-01   1.9834768E+07   1.0604575E+07   3.0438182E+07   9.7782019E-05   1.4744362E-04   1.0763301E-04
   2.3188406E-01   1.7095676E+07   8.9736861E+06   2.6068415E+07   7.2655182E-05   1.3684992E-04   9.4374741E-06
   2.4637681E-01   1.4484360E+07   7.4127151E+06   2.1896228E+07   1.3016546E-04   5.1507236E-05   1.0339232E-04
   2.6086957E-01   1.2520715E+07   6.2888356E+06   1.8809045E+07   5.7267045E-05   1.4228434E-04   8.4219011E-05
   2.7536232E-01   1.1003932E+07   5.3958828E+06   1.6399376E+07   1.4507072E-04   1.9022267E-04   1.5965576E-04
   2.8985507E-01   9.7009997E+06   4.7037262E+06   1.4404423E+07   1.9229820E-04   2.7293102E-04   2.1863182E-04
   3.0434783E-01   8.6216002E+06   4.1172886E+06   1.2738636E+07   1.7134691E-04   9.6861793E-05   1.1645142E-04
   3.1884058E-01   7.6068497E+06   3.5819935E+06   1.1188533E+07   2.4537404E-04   3.9757795E-04   2.7362528E-04
   3.3333333E-01   6.7209597E+06   3.1495490E+06   9.8703769E+06   1.2183486E-04   6.5101585E-04   1.6159904E-04
   3.4782609E-01   5.9368038E+06   2.7377026E+06   8.6743486E+06   3.2312587E-04   2.2653514E-04   2.7823479E-04
   3.6231884E-01   5.1648545E+06   2.3531967E+06   7.5179906E+06   2.4951566E-04   9.1584060E-06   1.7403268E-04
   3.7681159E-01   4.4711419E+06   1.9989385E+06   6.4699347E+06   2.2736820E-04   6.7502580E-05   1.5038071E-04
   3.9130435E-01   3.8356631E+06   1.6794251E+06   5.5150602E+06   4.4763620E-04   4.0293903E-04   3.9293414E-04
   4.0579710E-01   3.1941307E+06   1.3888231E+06   4.5828997E+06   6.3009914E-04   3.5039592E-04   4.2977621E-04
   4.2028986E-01   2.6358785E+06   1.1238019E+06   3.7596543E+06   4.9685307E-04   1.4175651E-03   6.7504397E-04
   4.3478261E-01   2.1400252E+06   8.7836836E+05   3.0183178E+06   2.3649760E-04   9.8551998E-04   4.4996763E-04
   4.4927536E-01   1.6441175E+06   6.5791099E+05   2.3020285E+06   7.3267750E-04   1.1378572E-03   7.8366835E-04
   4.6376812E-01   1.1810984E+06   4.4962200E+05   1.6307204E+06   2.4108280E-03   1.4256569E-03   2.1385618E-03
   4.7826087E-01   7.1955135E+05   2.6311832E+05   9.8266967E+05   3.7746342E-04   1.6311415E-03   7.0929352E-04
   4.9275362E-01   2.5930195E+05   8.6515700E+04   3.4581765E+05   6.6652108E-03   8.9284016E-03   6.4783570E-03
   5.0724638E-01   4.1112628E+04   1.2448531E+04   5.3561159E+04   7.4175448E-02   7.2844835E-02   7.3775769E-02
   5.2173913E-01   2.0101070E+04   5.5567357E+03   2.5657806E+04   1.4584978E-01   1.3516634E-01   1.4353129E-01
   5.3623188E-01   1.7427944E+04   5.0174456E+03   2.2445389E+04   1.6773261E-01   1.3528251E-01   1.6047717E-01
   5.5072464E-01   1.5413959E+04   3.5693386E+03   1.8983298E+04   1.7857098E-01   1.5494146E-01   1.7402630E-01
   5.6521739E-01   1.2551228E+04   3.3806714E+03   1.5931900E+04   1.7942008E-01   1.6444005E-01   1.7624131E-01
   5.7971014E-01   1.0437823E+04   2.4058140E+03   1.2843637E+04   1.9445761E-01   1.6644558E-01   1.8920939E-01
   5.9420290E-01   8.4829546E+03   2.2916914E+03   1.0774646E+04   2.0304650E-01   1.7093451E-01   1.9619473E-01
   6.0869565E-01   7.3969533E+03   1.8221763E+03   9.2191297E+03   2.0015696E-01   2.1304719E-01   2.0269932E-01
   6.2318841E-01   5.8856756E+03   1.3744991E+03   7.2601747E+03   2.1056154E-01   2.0653046E-01   2.0979396E-01
   6.3768116E-01   4.9252884E+03   1.1021624E+03   6.0274509E+03   2.0411488E-01   2.2864555E-01   2.0842256E-01
   6.5217391E-01   4.1254553E+03   9.4296121E+02   5.0684165E+03   2.0581679E-01   1.9482787E-01   2.0376855E-01
   6.6666667E-01   4.3981673E+03   1.0542423E+03   5.4524096E+03   2.2269306E-01   1.9533373E-01   2.1715035E-01
   6.8115942E-01   3.6435849E+03   9.1895726E+02   4.5625422E+03   2.0876487E-01   1.8573577E-01   2.0410850E-01
   6.9565217E-01   3.2677395E+03   6.3144724E+02   3.8991867E+03   2.0660578E-01   2.0344536E-01   2.0607664E-01
   7.1014493E-01   2.6598104E+03   7.1134464E+02   3.3711550E+03   1.9919363E-01   1.5315430E-01   1.8946347E-01
   7.2463768E-01   2.8490899E+03   6.8196302E+02   3.5310529E+03   1.7164204E-01   1.9467119E-01   1.7603342E-01
   7.3913043E-01   2.3326404E+03   6.2401845E+02   2.9566588E+03   1.7701845E-01   1.3941001E-01   1.6906207E-01
   7.5362319E-01   1.9526291E+03   6.5573367E+02   2.6083628E+03   1.6762179E-01   1.3278930E-01   1.5836078E-01
   7.6811594E-01   2.0873501E+03   6.0047058E+02   2.6878207E+03   1.4939133E-01   1.5131138E-01   1.4977913E-01
   7.8260870E-01   1.8101487E+03   3.9290050E+02   2.2030492E+03   1.5383159E-01   1.1119427E-01   1.4580644E-01
   7.9710145E-01   1.8047910E+03   3.3064873E+02   2.1354397E+03   1.4921864E-01   1.7141058E-01   1.5253026E-01
   8.1159420E-01   1.2583841E+03   3.1121328E+02   1.5695974E+03   1.3747788E-01   1.5886590E-01   1.4152063E-01
   8.2608696E-01   1.2230136E+03   2.5257889E+02   1.4755925E+03   1.2747910E-01   1.7315235E-01   1.3519252E-01
   8.4057971E-01   1.0451540E+03   1.6983753E+02   1.2149916E+03   1.2692249E-01   6.8840236E-02   1.1876755E-01
   8.5507246E-01   8.6048064E+02   1.5411594E+02   1.0145966E+03   1.3816296E-01   3.3982651E-02   1.2232091E-01
   8.6956522E-01   7.0722091E+02   8.8402613E+01   7.9562352E+02   1.6458928E-01   4.6790624E-06   1.4630121E-01
   8.8405797E-01   7.3289286E+02   1.8632869E+02   9.1922155E+02   1.6578994E-01   8.4568592E-02   1.4931937E-01
   8.9855072E-01   5.2552706E+02   1.7110183E+02   6.9662889E+02   1.5228999E-01   1.2176904E-01   1.4286382E-01
   9.1304348E-01   5.2921292E+02   3.6082699E+01   5.6529562E+02   1.3679819E-01   1.4119166E-01   1.3697189E-01
   9.2753623E-01   3.4334943E+02   1.1839636E+02   4.6174579E+02   1.9214951E-01   1.1532437E-01   1.7173506E-01
   9.4202899E-01   3.8469709E+02   6.9944925E+01   4.5464201E+02   1.3782453E-01   1.4062322E-01   1.3825366E-01
   9.5652174E-01   3.0998319E+02   8.0366012E+01   3.9034920E+02   1.6626411E-01   1.1300663E-01   1.5336585E-01
   9.7101449E-01   1.5833304E+02   0.0000000E+00   1.5833304E+02   1.7923405E-01   0.0000000E+00   1.7923405E-01
   9.8550725E-01   1.3371824E+02   1.1143187E+01   1.4486142E+02   1.2251810E-01   4.2722477E-01   1.4271380E-01
   1.0000000E+00   8.7536368E+01   0.0000000E+00   8.7536368E+01   1.9977079E-01   0.0000000E+00   1.9977079E-01
