   0.0000000E+00   1.9034346E+07   9.3171303E+06   2.8351476E+07   1.8483018E-03   9.2439630E-04   1.3355169E-03
   1.4492754E-02   1.9471560E+07   9.5277811E+06   2.8999341E+07   2.5154535E-04   5.5735937E-04   2.8342063E-04
   2.8985507E-02   1.9154447E+07   9.8335278E+06   2.8987596E+07   7.7362686E-05   3.2404012E-04   1.5456567E-04
   4.3478261E-02   1.9733231E+07   9.8351696E+06   2.9568653E+07   2.0633818E-04   1.1165010E-04   1.6754499E-04
   5.7971014E-02   2.0213194E+07   1.0129235E+07   3.0342239E+07   4.6551223E-05   1.8372898E-04   4.7175526E-05
   7.2463768E-02   2.0666359E+07   1.0419789E+07   3.1085238E+07   4.5788902E-05   2.0116971E-04   6.1040863E-05
   8.6956522E-02   2.1416543E+07   1.0726268E+07   3.2142180E+07   1.7901205E-04   2.8286652E-04   1.5694163E-04
   1.0144928E-01   2.2173757E+07   1.1065878E+07   3.3239419E+07   9.7561163E-05   2.8773664E-04   1.3415413E-04
   1.1594203E-01   2.2840457E+07   1.1462756E+07   3.4302266E+07   7.0494373E-05   1.2166533E-04   7.2364434E-05
   1.3043478E-01   2.3737196E+07   1.1849486E+07   3.5585672E+07   5.1634202E-05   1.5651558E-04   8.0235326E-05
   1.4492754E-01   2.4631974E+07   1.2352093E+07   3.6983006E+07   9.0927346E-05   2.0568015E-04   1.2236056E-04
   1.5942029E-01   2.5622866E+07   1.2782260E+07   3.8403955E+07   7.0499837E-05   2.1230794E-04   1.0534461E-04
   1.7391304E-01   2.6622889E+07   1.3327704E+07   3.9948762E+07   2.1245591E-04   2.4292532E-04   2.1887495E-04
   1.8840580E-01   2.7484975E+07   1.3767201E+07   4.1250427E+07   1.0709954E-04   1.2570105E-04   1.0770251E-04
   2.0289855E-01   2.7210378E+07   1.3624863E+07   4.0833402E+07   1.3773439E-04   1.1227439E-05   9.5560845E-05
   2.1739130E-01   2.4229691E+07   1.2111461E+07   3.6339637E+07   2.0829645E-05   1.1537107E-04   5.1209825E-05
   2.3188406E-01   1.9613209E+07   9.8522818E+06   2.9464354E+07   1.0371420E-04   3.8107717E-05   5.6317043E-05
   2.4637681E-01   1.5442228E+07   7.7404139E+06   2.3181929E+07   1.2692421E-04   3.2701109E-04   1.8935737E-04
   2.6086957E-01   1.2404192E+07   6.1921400E+06   1.8595784E+07   3.1591195E-04   2.3114221E-04   2.8372138E-04
   2.7536232E-01   1.0235707E+07   5.1183518E+06   1.5353779E+07   4.1594245E-04   4.3800065E-04   4.2109668E-04
   2.8985507E-01   8.6174362E+06   4.3419070E+06   1.2959116E+07   4.7822818E-04   5.0845367E-04   4.8743134E-04
   3.0434783E-01   7.2978703E+06   3.6634404E+06   1.0961058E+07   5.1672933E-04   3.5513920E-04   4.4548497E-04
   3.1884058E-01   6.1968395E+06   3.1309680E+06   9.3275319E+06   6.5601378E-04   7.4546148E-04   6.8624001E-04
   3.3333333E-01   5.3179937E+06   2.6713842E+06   7.9891803E+06   8.5242154E-04   7.9050951E-04   8.3000692E-04
   3.4782609E-01   4.4995036E+06   2.2551191E+06   6.7544964E+06   6.9419992E-04   7.7392031E-04   6.7438724E-04
   3.6231884E-01   3.7676790E+06   1.8973727E+06   5.6650213E+06   8.8100983E-04   8.8307934E-04   8.8067932E-04
   3.7681159E-01   3.1435872E+06   1.5827371E+06   4.7262368E+06   1.0710153E-03   2.6197075E-04   7.9056980E-04
   3.9130435E-01   2.5793918E+06   1.2777686E+06   3.8571604E+06   1.0356675E-03   9.0168304E-04   9.9108052E-04
   4.0579710E-01   2.0557937E+06   1.0325786E+06   3.0883453E+06   1.2304044E-03   9.5977631E-04   1.1346669E-03
   4.2028986E-01   1.5718072E+06   7.8718390E+05   2.3589649E+06   1.3828515E-03   1.3733482E-03   1.3671493E-03
   4.3478261E-01   1.1580490E+06   5.7433915E+05   1.7323881E+06   1.6406746E-03   2.0911932E-03   1.7900190E-03
   4.4927536E-01   7.7198702E+05   3.9101657E+05   1.1630036E+06   2.3209345E-03   2.2465480E-03   2.2923009E-03
   4.6376812E-01   4.4157105E+05   2.2353232E+05   6.6510337E+05   3.2525395E-03   3.5031314E-03   3.3216338E-03
   4.7826087E-01   1.7756296E+05   9.0262512E+04   2.6782548E+05   6.3733530E-03   6.8022210E-03   6.5174002E-03
   4.9275362E-01   2.9618590E+04   1.5087875E+04   4.4706464E+04   1.3563871E-02   1.8359033E-02   1.5125876E-02
   5.0724638E-01   9.5258326E+02   5.1959087E+02   1.4721741E+03   2.6926268E-02   4.2813813E-02   3.1288440E-02
   5.2173913E-01   3.3677186E+02   1.8943417E+02   5.2620603E+02   7.1554962E-02   3.9859811E-02   4.8220266E-02
   5.3623188E-01   3.6862866E+02   6.1438110E+01   4.3006677E+02   7.8779342E-02   1.4798644E-01   8.1017672E-02
   5.5072464E-01   1.7946395E+02   1.7946395E+02   3.5892790E+02   5.7380155E-02   6.5846320E-02   6.1146635E-02
   5.6521739E-01   1.5543317E+02   1.9429146E+02   3.4972462E+02   2.2427570E-02   9.2032813E-02   6.0961472E-02
   5.7971014E-01   2.2732101E+02   1.3260392E+02   3.5992492E+02   6.8306973E-02   7.6443512E-02   5.7125958E-02
   5.9420290E-01   2.5873936E+02   7.3925530E+01   3.3266489E+02   6.2001931E-02   1.1673665E-01   6.4500478E-02
   6.0869565E-01   3.7886834E+02   3.6082699E+01   4.1495104E+02   8.7571619E-02   2.3963855E-01   9.0437217E-02
   6.2318841E-01   1.4097427E+02   1.2335248E+02   2.6432675E+02   7.7848000E-02   5.0823018E-02   6.5123085E-02
   6.3768116E-01   2.0665546E+02   1.5499159E+02   3.6164705E+02   9.3045739E-02   1.5701439E-01   1.1700684E-01
   6.5217391E-01   2.1890171E+02   1.6838593E+01   2.3574030E+02   1.0385922E-01   1.1057029E-06   9.6440777E-02
   6.6666667E-01   1.1530776E+02   4.9417610E+01   1.6472537E+02   1.6197695E-01   1.9069952E-01   1.6603158E-01
   6.8115942E-01   1.2897646E+02   8.0610286E+01   2.0958674E+02   1.2054421E-01   2.7058764E-02   8.2310326E-02
   6.9565217E-01   9.4717086E+01   9.4717086E+01   1.8943417E+02   6.5323924E-02   1.4714587E-01   1.0623311E-01
   7.1014493E-01   1.8556817E+02   1.2371211E+02   3.0928028E+02   1.1139732E-01   5.4260426E-02   8.5970297E-02
   7.2463768E-01   2.5763047E+02   1.0608314E+02   3.6371361E+02   1.2724810E-01   1.7253857E-01   1.4044510E-01
   7.3913043E-01   1.0400307E+02   2.9715164E+01   1.3371824E+02   2.6887072E-01   5.7820410E-02   2.1186772E-01
   7.5362319E-01   2.1857789E+02   2.9143719E+01   2.4772161E+02   1.4716120E-01   3.4320372E-01   1.7017513E-01
   7.6811594E-01   8.5781511E+01   1.2867227E+02   2.1445378E+02   1.4342991E-01   1.2355982E-01   1.2082505E-01
   7.8260870E-01   9.8225126E+01   4.2096482E+01   1.4032161E+02   1.9148891E-01   1.7663223E-01   1.8703097E-01
   7.9710145E-01   2.0665546E+02   1.3777031E+01   2.2043249E+02   1.6821515E-01   3.5109217E-01   1.7908760E-01
   8.1159420E-01   1.0824810E+02   6.7655061E+01   1.7590316E+02   2.0996474E-01   2.1413306E-02   1.3686233E-01
   8.2608696E-01   7.9761756E+01   3.9880878E+01   1.1964263E+02   2.9934542E-01   4.3539596E-02   1.8643633E-01
   8.4057971E-01   1.8290196E+02   1.1757983E+02   3.0048179E+02   1.1752974E-01   2.0615602E-01   1.5140557E-01
   8.5507246E-01   1.7980193E+02   8.9900963E+01   2.6970289E+02   1.7955654E-01   3.0578497E-01   2.2158961E-01
   8.6956522E-01   1.6417628E+02   5.0515779E+01   2.1469206E+02   2.3790350E-01   2.9200784E-01   2.5055186E-01
   8.8405797E-01   1.1179722E+02   6.2109564E+01   1.7390678E+02   1.9741636E-01   1.5557386E-01   1.6896986E-01
   8.9855072E-01   9.7772475E+01   3.6664678E+01   1.3443715E+02   2.0507731E-01   2.5539842E-01   2.1438935E-01
   9.1304348E-01   1.9244106E+02   3.6082699E+01   2.2852376E+02   1.0811647E-01   3.6913868E-01   1.4749227E-01
   9.2753623E-01   8.2877450E+01   1.1839636E+01   9.4717086E+01   3.4831067E-01   9.6759886E-06   3.0477290E-01
   9.4202899E-01   1.1657487E+02   3.4972462E+01   1.5154734E+02   1.2358063E-01   2.0064307E-01   1.4134218E-01
   9.5652174E-01   5.7404294E+01   2.2961718E+01   8.0366012E+01   2.3393066E-01   1.8348966E-01   2.1854704E-01
   9.7101449E-01   4.5238011E+01   5.6547514E+01   1.0178552E+02   1.8105663E-01   1.8985256E-01   1.7635239E-01
   9.8550725E-01   4.4572746E+01   4.4572746E+01   8.9145492E+01   1.0438529E-01   1.2303721E-01   9.9402163E-02
   1.0000000E+00   2.1884092E+01   0.0000000E+00   2.1884092E+01   4.1826193E-01   0.0000000E+00   4.1826193E-01
