   0.0000000E+00   1.9167707E+07   9.5535441E+06   2.8721251E+07   4.5956662E-04   1.1014847E-03   1.2808966E-04
   1.4492754E-02   1.9212414E+07   9.6459880E+06   2.8858402E+07   5.1307457E-04   4.2612481E-04   4.3508439E-04
   2.8985507E-02   1.9468529E+07   9.6429570E+06   2.9111865E+07   2.2206752E-04   1.5160127E-04   1.5624769E-04
   4.3478261E-02   1.9510457E+07   9.8457779E+06   2.9356487E+07   1.4927169E-04   3.0266205E-04   1.9506506E-04
   5.7971014E-02   1.9911047E+07   1.0047967E+07   2.9958635E+07   9.9908087E-05   1.4581224E-04   5.1774805E-05
   7.2463768E-02   2.0557396E+07   1.0307037E+07   3.0864434E+07   9.4897853E-05   6.6236963E-05   5.1336547E-05
   8.6956522E-02   2.0987917E+07   1.0513344E+07   3.1501640E+07   4.2963494E-05   1.1258968E-04   4.3344965E-05
   1.0144928E-01   2.1573088E+07   1.0765382E+07   3.2337604E+07   2.0073006E-05   5.3769045E-05   3.0716487E-05
   1.1594203E-01   2.2173364E+07   1.1225490E+07   3.3398097E+07   6.9335518E-05   2.1526257E-05   4.4421567E-05
   1.3043478E-01   2.2899560E+07   1.1519702E+07   3.4419010E+07   7.6481099E-05   3.3621648E-05   4.7756980E-05
   1.4492754E-01   2.3641612E+07   1.1828345E+07   3.5469578E+07   3.5052386E-05   1.0013697E-04   2.2188239E-05
   1.5942029E-01   2.4379558E+07   1.2213407E+07   3.6592344E+07   5.0324277E-05   6.6818716E-05   2.5132765E-05
   1.7391304E-01   2.5281948E+07   1.2635638E+07   3.7917333E+07   5.5782752E-05   8.0759282E-05   2.0644176E-05
   1.8840580E-01   2.5809094E+07   1.2997749E+07   3.8805561E+07   8.6496019E-06   1.8033460E-05   1.1430368E-05
   2.0289855E-01   2.5542275E+07   1.2860036E+07   3.8401879E+07   2.6673231E-05   5.0501283E-05   1.1210705E-05
   2.1739130E-01   2.3004381E+07   1.1517446E+07   3.4521069E+07   4.0903726E-05   6.2597184E-05   4.3888624E-05
   2.3188406E-01   1.8923905E+07   9.5021601E+06   2.8425213E+07   1.7741856E-05   5.8349702E-05   1.8049276E-05
   2.4637681E-01   1.5176084E+07   7.5798183E+06   2.2755100E+07   6.5067544E-05   1.2960484E-04   1.5811046E-05
   2.6086957E-01   1.2411643E+07   6.2197132E+06   1.8630682E+07   1.1088712E-04   3.2961190E-05   8.2870186E-05
   2.7536232E-01   1.0492380E+07   5.2446944E+06   1.5736955E+07   3.5529816E-05   1.8112286E-04   8.0753822E-05
   2.8985507E-01   8.9572053E+06   4.4965231E+06   1.3453653E+07   2.4049033E-04   1.7177174E-04   1.9890055E-04
   3.0434783E-01   7.7483988E+06   3.8430600E+06   1.1591351E+07   1.4538347E-04   1.0756452E-04   1.0359657E-04
   3.1884058E-01   6.7059008E+06   3.3223309E+06   1.0028197E+07   7.4804085E-05   5.5667710E-05   3.7116679E-05
   3.3333333E-01   5.7698683E+06   2.8896783E+06   8.6593160E+06   3.4438256E-04   3.4207488E-04   3.3818050E-04
   3.4782609E-01   4.9405379E+06   2.4668118E+06   7.4072234E+06   1.8415592E-04   3.5594153E-04   2.3866058E-04
   3.6231884E-01   4.2332021E+06   2.1155099E+06   6.3486513E+06   2.5161436E-04   1.9148775E-04   1.8516164E-04
   3.7681159E-01   3.5533187E+06   1.7844990E+06   5.3377595E+06   2.5312247E-04   2.8381652E-04   2.6197940E-04
   3.9130435E-01   2.9441999E+06   1.4705143E+06   4.4146581E+06   4.5308062E-04   6.5558004E-04   5.1832134E-04
   4.0579710E-01   2.4080331E+06   1.2067227E+06   3.6147017E+06   4.4121644E-04   5.6408731E-04   4.5784492E-04
   4.2028986E-01   1.9245205E+06   9.4238928E+05   2.8668576E+06   6.6412799E-04   5.4644462E-04   6.0701567E-04
   4.3478261E-01   1.4634926E+06   7.1798077E+05   2.1814481E+06   1.1528087E-03   5.2227648E-04   9.4377735E-04
   4.4927536E-01   1.0496853E+06   5.1237666E+05   1.5620620E+06   7.7131194E-04   1.3524611E-03   8.8683834E-04
   4.6376812E-01   6.5885205E+05   3.2239328E+05   9.8126901E+05   1.9459619E-03   1.6330502E-03   1.8453799E-03
   4.7826087E-01   3.3533293E+05   1.6098460E+05   4.9631753E+05   3.3427511E-03   3.2281676E-03   3.1953612E-03
   4.9275362E-01   9.4405076E+04   4.5798497E+04   1.4020357E+05   1.6882072E-02   1.3799717E-02   1.5733603E-02
   5.0724638E-01   1.3985654E+04   7.0794256E+03   2.1065080E+04   8.4024199E-02   1.0638348E-01   9.1458491E-02
   5.2173913E-01   7.9772834E+03   3.4308633E+03   1.1408147E+04   1.6020070E-01   1.5823220E-01   1.5953202E-01
   5.3623188E-01   8.0893511E+03   4.1163533E+03   1.2205704E+04   1.7245681E-01   1.9344180E-01   1.7953329E-01
   5.5072464E-01   8.2752822E+03   3.1306489E+03   1.1405931E+04   1.7970443E-01   2.0241223E-01   1.8593232E-01
   5.6521739E-01   6.4116181E+03   3.1669508E+03   9.5785689E+03   2.0380929E-01   1.9711643E-01   2.0150450E-01
   5.7971014E-01   5.8914027E+03   2.9551731E+03   8.8465758E+03   2.1600960E-01   1.8519545E-01   2.0556789E-01
   5.9420290E-01   5.0638988E+03   2.2916914E+03   7.3555903E+03   2.3379309E-01   2.2616483E-01   2.3121175E-01
   6.0869565E-01   4.1675518E+03   2.0747552E+03   6.2423070E+03   2.1992374E-01   2.1394957E-01   2.1788567E-01
   6.2318841E-01   3.2247864E+03   1.8502873E+03   5.0750736E+03   2.2563724E-01   2.2710037E-01   2.2609551E-01
   6.3768116E-01   3.7025770E+03   1.4465882E+03   5.1491652E+03   2.2834168E-01   2.2374704E-01   2.2645123E-01
   6.5217391E-01   3.0814625E+03   1.3302488E+03   4.4117114E+03   2.4213182E-01   2.1810508E-01   2.3474165E-01
   6.6666667E-01   2.3720453E+03   1.3836931E+03   3.7557383E+03   2.4562929E-01   2.5372751E-01   2.4860508E-01
   6.8115942E-01   2.1281115E+03   1.1124219E+03   3.2405335E+03   2.2237220E-01   2.6892730E-01   2.3833432E-01
   6.9565217E-01   1.9417003E+03   7.5773668E+02   2.6994369E+03   2.5114586E-01   2.3500513E-01   2.4661511E-01
   7.1014493E-01   1.7938256E+03   9.5876887E+02   2.7525945E+03   2.1333431E-01   2.3438408E-01   2.2044026E-01
   7.2463768E-01   1.9246512E+03   1.0305219E+03   2.9551731E+03   2.3901120E-01   2.1937900E-01   2.3216434E-01
   7.3913043E-01   1.8126250E+03   8.9145492E+02   2.7040799E+03   2.1227666E-01   2.0201978E-01   2.0844223E-01
   7.5362319E-01   1.7631950E+03   7.8688040E+02   2.5500754E+03   2.1582312E-01   1.9006746E-01   2.0658841E-01
   7.6811594E-01   1.7013333E+03   6.2906442E+02   2.3303977E+03   2.0903083E-01   2.3195604E-01   2.1506042E-01
   7.8260870E-01   1.5154734E+03   7.4370452E+02   2.2591779E+03   2.1976663E-01   1.9302587E-01   2.1071613E-01
   7.9710145E-01   1.3225949E+03   7.0262856E+02   2.0252235E+03   1.7582821E-01   2.1256368E-01   1.8843918E-01
   8.1159420E-01   1.1095430E+03   6.0889555E+02   1.7184386E+03   1.8940570E-01   1.4019263E-01   1.7196762E-01
   8.2608696E-01   9.9702195E+02   4.3868966E+02   1.4357116E+03   2.0717004E-01   1.8378722E-01   1.9961049E-01
   8.4057971E-01   1.0190252E+03   4.5725490E+02   1.4762801E+03   2.3925180E-01   2.2564126E-01   2.3483807E-01
   8.5507246E-01   8.4763765E+02   4.3666182E+02   1.2842995E+03   1.8387366E-01   2.7551357E-01   2.1499336E-01
   8.6956522E-01   1.0229445E+03   4.1675518E+02   1.4396997E+03   1.8186959E-01   1.9914684E-01   1.8680624E-01
   8.8405797E-01   7.0804903E+02   4.3476695E+02   1.1428160E+03   2.3102299E-01   2.1419390E-01   2.2450508E-01
   8.9855072E-01   5.1330550E+02   2.8109587E+02   7.9440136E+02   2.0571867E-01   2.4625759E-01   2.1967737E-01
   9.1304348E-01   4.9313022E+02   3.0068916E+02   7.9381938E+02   2.0931191E-01   1.8951058E-01   2.0119864E-01
   9.2753623E-01   5.3278361E+02   1.0655672E+02   6.3934033E+02   2.4699481E-01   2.1534669E-01   2.4137651E-01
   9.4202899E-01   3.6138211E+02   1.1657487E+02   4.7795699E+02   2.1612975E-01   1.5697792E-01   1.9995956E-01
   9.5652174E-01   3.6738748E+02   1.9517460E+02   5.6256208E+02   2.6575339E-01   1.1092072E-01   2.1200339E-01
   9.7101449E-01   2.7142807E+02   7.9166519E+01   3.5059459E+02   2.5018538E-01   2.4709802E-01   2.4911584E-01
   9.8550725E-01   6.6859119E+01   8.9145492E+01   1.5600461E+02   1.1823075E-01   2.0487704E-01   1.6769675E-01
   1.0000000E+00   4.3768184E+01   0.0000000E+00   4.3768184E+01   3.9670718E-01   0.0000000E+00   3.9670718E-01
