   0.0000000E+00   1.8355413E+07   9.2989446E+06   2.7654358E+07   2.6774428E-03   9.4030785E-04   1.7349725E-03
   1.4492754E-02   1.8868401E+07   9.5671834E+06   2.8435585E+07   3.7389535E-04   3.0845339E-04   1.7484967E-04
   2.8985507E-02   1.9162782E+07   9.7626794E+06   2.8925461E+07   2.7258053E-04   3.7845526E-04   6.5379017E-05
   4.3478261E-02   1.9582189E+07   9.7210039E+06   2.9302940E+07   3.5528185E-04   3.3363362E-04   1.3044553E-04
   5.7971014E-02   2.0051039E+07   1.0058954E+07   3.0109804E+07   4.3991048E-04   1.2936927E-04   3.2980995E-04
   7.2463768E-02   2.0649385E+07   1.0310372E+07   3.0959605E+07   2.8158387E-05   3.5505666E-04   1.0173018E-04
   8.6956522E-02   2.1422732E+07   1.0741296E+07   3.2163396E+07   7.6151161E-05   1.1590900E-04   6.1264261E-05
   1.0144928E-01   2.2068323E+07   1.1028857E+07   3.3095665E+07   8.8572405E-05   1.8541657E-04   4.4076147E-05
   1.1594203E-01   2.2726323E+07   1.1383099E+07   3.4108854E+07   6.7012499E-05   2.8917822E-04   1.0375399E-04
   1.3043478E-01   2.3595836E+07   1.1829533E+07   3.5424358E+07   7.4814818E-05   1.3205617E-04   1.0698169E-05
   1.4492754E-01   2.4573704E+07   1.2237826E+07   3.6810697E+07   1.8289244E-04   2.5357757E-05   1.2858891E-04
   1.5942029E-01   2.5432950E+07   1.2809745E+07   3.8241111E+07   2.6398158E-04   1.4412084E-04   1.2832139E-04
   1.7391304E-01   2.6478098E+07   1.3244669E+07   3.9721630E+07   2.0423253E-04   1.9654217E-04   2.0157947E-04
   1.8840580E-01   2.7289362E+07   1.3654124E+07   4.0941854E+07   1.8871455E-04   1.4725509E-04   1.2835114E-04
   2.0289855E-01   2.6991068E+07   1.3485061E+07   4.0474451E+07   1.3153836E-04   3.0891886E-04   1.8641591E-04
   2.1739130E-01   2.4167456E+07   1.2057914E+07   3.6224360E+07   1.8695664E-05   2.8802069E-05   2.1769362E-05
   2.3188406E-01   1.9573617E+07   9.7640055E+06   2.9337007E+07   6.0794828E-05   1.7488774E-04   7.0104321E-05
   2.4637681E-01   1.5428277E+07   7.7329703E+06   2.3160489E+07   2.8271220E-04   3.4284619E-04   3.0330073E-04
   2.6086957E-01   1.2433154E+07   6.2037165E+06   1.8636239E+07   3.1248984E-04   4.1973616E-04   3.0961996E-04
   2.7536232E-01   1.0245916E+07   5.1410440E+06   1.5386521E+07   3.9988195E-04   4.8770129E-04   4.2467210E-04
   2.8985507E-01   8.6232708E+06   4.3217891E+06   1.2944681E+07   5.6819940E-04   6.8806122E-04   6.0037204E-04
   3.0434783E-01   7.3490716E+06   3.6774405E+06   1.1026043E+07   6.6387192E-04   4.9641042E-04   5.9585670E-04
   3.1884058E-01   6.2674468E+06   3.1445039E+06   9.4117785E+06   4.2033520E-04   3.2501147E-04   3.7701752E-04
   3.3333333E-01   5.3386173E+06   2.6734927E+06   8.0119124E+06   4.2666006E-04   4.3399280E-04   4.1374669E-04
   3.4782609E-01   4.5578809E+06   2.2954054E+06   6.8531284E+06   5.9952887E-04   3.1377609E-04   5.0361478E-04
   3.6231884E-01   3.8491205E+06   1.9231660E+06   5.7721956E+06   4.7270485E-04   4.7732607E-04   4.7340707E-04
   3.7681159E-01   3.1882937E+06   1.6085001E+06   4.7967355E+06   7.2932914E-04   1.1760359E-03   8.7096907E-04
   3.9130435E-01   2.6389724E+06   1.3073764E+06   3.9462646E+06   8.1655841E-04   8.2268359E-04   8.1203659E-04
   4.0579710E-01   2.0965762E+06   1.0523880E+06   3.1489101E+06   1.0154990E-03   1.0941977E-03   1.0315876E-03
   4.2028986E-01   1.6332622E+06   8.1913948E+05   2.4524278E+06   1.2848038E-03   4.5212615E-04   9.9989917E-04
   4.3478261E-01   1.1987899E+06   6.0149138E+05   1.8002813E+06   1.1400782E-03   1.1207647E-03   1.1086475E-03
   4.4927536E-01   7.9608794E+05   4.0145378E+05   1.1975417E+06   2.1739622E-03   1.6069491E-03   1.8737092E-03
   4.6376812E-01   4.5985145E+05   2.3122808E+05   6.9105586E+05   2.9902271E-03   3.8345844E-03   3.2727918E-03
   4.7826087E-01   1.9108741E+05   9.5589631E+04   2.8667705E+05   6.4092274E-03   6.0330716E-03   6.2829880E-03
   4.9275362E-01   3.8555425E+04   1.9701154E+04   5.8256579E+04   1.9249141E-02   1.2274910E-02   1.6872670E-02
   5.0724638E-01   2.7062024E+03   1.1907291E+03   3.8969315E+03   6.7968258E-02   5.4484859E-02   6.3832653E-02
   5.2173913E-01   1.5154734E+03   8.6297789E+02   2.3784513E+03   5.8178032E-02   9.2739802E-02   7.0711931E-02
   5.3623188E-01   1.9455401E+03   7.3725731E+02   2.6827974E+03   7.7032677E-02   5.6505465E-02   6.8857549E-02
   5.5072464E-01   1.7148778E+03   7.9761756E+02   2.5124953E+03   1.0645762E-01   7.7554134E-02   9.4317152E-02
   5.6521739E-01   1.9234854E+03   6.8002010E+02   2.6035055E+03   9.7613700E-02   1.1343120E-01   1.0154803E-01
   5.7971014E-01   1.8185680E+03   7.5773668E+02   2.5763047E+03   1.0105937E-01   1.0364854E-01   1.0180989E-01
   5.9420290E-01   1.8851010E+03   8.3166221E+02   2.7167632E+03   1.1452890E-01   7.3992573E-02   1.0191001E-01
   6.0869565E-01   1.4613493E+03   6.8557129E+02   2.1469206E+03   1.0354763E-01   9.4961613E-02   9.9887404E-02
   6.2318841E-01   2.0088833E+03   4.9340993E+02   2.5022932E+03   1.2413268E-01   8.9668171E-02   1.1717735E-01
   6.3768116E-01   1.9976694E+03   8.2662184E+02   2.8242913E+03   1.4712051E-01   1.1421019E-01   1.3703213E-01
   6.5217391E-01   1.4312804E+03   8.2509106E+02   2.2563715E+03   1.3443570E-01   1.3282767E-01   1.3205150E-01
   6.6666667E-01   1.6801987E+03   8.0715429E+02   2.4873530E+03   1.1611895E-01   1.1514384E-01   1.1424415E-01
   6.8115942E-01   1.5315954E+03   9.8344548E+02   2.5150409E+03   1.5798258E-01   1.3984528E-01   1.4946365E-01
   6.9565217E-01   1.3260392E+03   8.3666759E+02   2.1627068E+03   1.2372749E-01   1.7732677E-01   1.4424436E-01
   7.1014493E-01   1.3762972E+03   6.0309654E+02   1.9793938E+03   1.6210054E-01   1.6227179E-01   1.6124281E-01
   7.2463768E-01   1.8488775E+03   8.9412929E+02   2.7430068E+03   1.6942674E-01   1.4928815E-01   1.6280077E-01
   7.3913043E-01   1.7680523E+03   6.5373361E+02   2.4217859E+03   1.4176747E-01   1.3795763E-01   1.3957991E-01
   7.5362319E-01   1.5154734E+03   7.8688040E+02   2.3023538E+03   1.5957510E-01   1.6348214E-01   1.6058722E-01
   7.6811594E-01   1.5583641E+03   6.4336134E+02   2.2017255E+03   1.5382864E-01   1.9330567E-01   1.6513711E-01
   7.8260870E-01   1.3751518E+03   6.8757588E+02   2.0627276E+03   1.8864149E-01   1.6280859E-01   1.7995591E-01
   7.9710145E-01   1.4879193E+03   6.6129747E+02   2.1492168E+03   1.7370022E-01   1.7088480E-01   1.7264312E-01
   8.1159420E-01   1.4748803E+03   7.5773668E+02   2.2326170E+03   2.1288420E-01   1.4827677E-01   1.9090825E-01
   8.2608696E-01   1.4091244E+03   7.7103031E+02   2.1801547E+03   2.0675670E-01   1.7113805E-01   1.9407847E-01
   8.4057971E-01   1.2541849E+03   4.8338375E+02   1.7375686E+03   2.1609112E-01   1.5953250E-01   2.0028974E-01
   8.5507246E-01   1.2329275E+03   5.5224877E+02   1.7851763E+03   2.2424320E-01   2.4579705E-01   2.3063541E-01
   8.6956522E-01   9.9768663E+02   5.8093146E+02   1.5786181E+03   1.8554053E-01   1.9322079E-01   1.8810995E-01
   8.8405797E-01   1.0807064E+03   4.9687651E+02   1.5775829E+03   2.2718946E-01   2.6161567E-01   2.3779676E-01
   8.9855072E-01   8.4328760E+02   4.3997614E+02   1.2832637E+03   2.1089886E-01   2.0025797E-01   2.0702920E-01
   9.1304348E-01   9.0206748E+02   3.7285456E+02   1.2749220E+03   2.1687210E-01   2.7097470E-01   2.3257507E-01
   9.2753623E-01   4.3806652E+02   3.5518907E+02   7.9325559E+02   2.1669931E-01   2.2119220E-01   2.1866605E-01
   9.4202899E-01   5.4790191E+02   2.6812221E+02   8.1602412E+02   2.0693258E-01   2.4223668E-01   2.1850147E-01
   9.5652174E-01   4.9367693E+02   2.0665546E+02   7.0033239E+02   2.5122562E-01   2.3796139E-01   2.4730794E-01
   9.7101449E-01   3.5059459E+02   1.9226155E+02   5.4285613E+02   2.5725225E-01   1.4342887E-01   2.1671809E-01
   9.8550725E-01   2.4515010E+02   1.2257505E+02   3.6772516E+02   2.2472449E-01   2.1199342E-01   2.2046764E-01
   1.0000000E+00   2.1884092E+02   1.0942046E+02   3.2826138E+02   2.2489482E-01   2.7891478E-01   2.4039229E-01
