   0.0000000E+00   1.6700517E+07   9.5838536E+06   2.6284370E+07   6.1946311E-03   1.0505616E-03   4.0529110E-03
   1.4492754E-02   1.6766440E+07   9.2693929E+06   2.6035832E+07   1.0470040E-03   9.8852008E-04   4.8728161E-04
   2.8985507E-02   1.7129395E+07   9.3167514E+06   2.6446147E+07   5.8266372E-04   5.4874266E-04   4.4638689E-04
   4.3478261E-02   1.7149602E+07   9.3135942E+06   2.6463196E+07   3.4338786E-04   3.7921932E-04   1.2259597E-04
   5.7971014E-02   1.7599003E+07   9.5006920E+06   2.7099316E+07   6.5938945E-04   3.0889587E-04   5.3612215E-04
   7.2463768E-02   1.7910016E+07   9.8373923E+06   2.7747105E+07   2.9113835E-04   3.0600768E-04   2.4562195E-04
   8.6956522E-02   1.8373094E+07   9.9441574E+06   2.8317125E+07   2.4456636E-04   3.6540162E-04   2.8692298E-04
   1.0144928E-01   1.8793602E+07   1.0270255E+07   2.9063532E+07   2.4278667E-04   2.9261406E-04   2.5957775E-04
   1.1594203E-01   1.9261193E+07   1.0484613E+07   2.9745617E+07   1.2586401E-04   2.0665135E-04   5.8505724E-05
   1.3043478E-01   1.9820539E+07   1.0825868E+07   3.0645902E+07   1.9262088E-04   1.6399496E-04   1.6997561E-04
   1.4492754E-01   2.0398196E+07   1.1136077E+07   3.1533818E+07   4.5627665E-04   3.9449211E-04   4.0229570E-04
   1.5942029E-01   2.0945426E+07   1.1423087E+07   3.2367962E+07   1.7212822E-04   2.5565540E-04   8.7043025E-05
   1.7391304E-01   2.1691854E+07   1.1791393E+07   3.3482679E+07   6.4094833E-05   8.3433541E-05   4.6113125E-05
   1.8840580E-01   2.2234034E+07   1.2030760E+07   3.4263804E+07   1.0478284E-04   1.5996112E-04   7.7022794E-05
   2.0289855E-01   2.1960887E+07   1.1937925E+07   3.3898108E+07   2.5692808E-04   2.1561261E-04   2.3087622E-04
   2.1739130E-01   2.0175851E+07   1.0797647E+07   3.0972689E+07   2.6906580E-04   2.3284739E-04   2.3869945E-04
   2.3188406E-01   1.7239978E+07   9.0960132E+06   2.6335423E+07   1.3666234E-04   2.8868093E-04   1.2408750E-04
   2.4637681E-01   1.4454184E+07   7.4142752E+06   2.1868102E+07   3.9644203E-04   2.2287878E-04   3.2795229E-04
   2.6086957E-01   1.2383522E+07   6.2085155E+06   1.8591659E+07   1.0714789E-04   1.0993070E-04   6.9599043E-05
   2.7536232E-01   1.0799542E+07   5.3522132E+06   1.6151636E+07   1.4988327E-04   5.0804958E-05   9.8031196E-05
   2.8985507E-01   9.5976823E+06   4.6335598E+06   1.4231015E+07   5.4804844E-04   3.8241379E-04   4.6668181E-04
   3.0434783E-01   8.5858061E+06   4.0721852E+06   1.2657811E+07   4.1095032E-04   1.3846465E-04   2.4175656E-04
   3.1884058E-01   7.6858265E+06   3.5944617E+06   1.1280185E+07   3.2460405E-04   5.5015402E-04   2.9597557E-04
   3.3333333E-01   6.9075276E+06   3.1462215E+06   1.0053683E+07   2.3628769E-04   1.7340287E-04   1.7290175E-04
   3.4782609E-01   6.1908666E+06   2.7743266E+06   8.9650984E+06   5.3215954E-04   2.3101966E-04   4.1042862E-04
   3.6231884E-01   5.4954095E+06   2.4062383E+06   7.9016478E+06   3.1532784E-04   3.6770068E-04   3.0257990E-04
   3.7681159E-01   4.8741412E+06   2.0905081E+06   6.9645619E+06   8.8779176E-04   4.0636724E-04   5.9898523E-04
   3.9130435E-01   4.2631950E+06   1.7831789E+06   6.0462616E+06   7.5796595E-04   4.1133516E-04   6.5407289E-04
   4.0579710E-01   3.6696376E+06   1.4981537E+06   5.1677912E+06   1.3880258E-03   6.8608071E-04   1.1819579E-03
   4.2028986E-01   3.0889528E+06   1.2411988E+06   4.3301516E+06   1.2743915E-03   1.0905667E-03   1.2216845E-03
   4.3478261E-01   2.5095481E+06   9.8099117E+05   3.4905393E+06   1.3245470E-03   4.6232634E-04   1.0822014E-03
   4.4927536E-01   1.9581627E+06   7.2710946E+05   2.6852721E+06   1.3237811E-03   1.6018753E-03   1.3968053E-03
   4.6376812E-01   1.3976216E+06   4.9967998E+05   1.8973016E+06   3.1327684E-03   1.9825671E-03   2.7818482E-03
   4.7826087E-01   8.2258057E+05   2.7597689E+05   1.0985575E+06   4.1809645E-03   5.4073245E-04   3.2537361E-03
   4.9275362E-01   2.8932170E+05   8.7585446E+04   3.7690714E+05   1.6506313E-02   8.7065166E-03   1.4623335E-02
   5.0724638E-01   7.6618004E+04   2.0761985E+04   9.7379989E+04   7.3328637E-02   4.6215521E-02   6.7547950E-02
   5.2173913E-01   6.4618101E+04   1.5407313E+04   8.0025413E+04   1.0883097E-01   6.9988898E-02   1.0133824E-01
   5.3623188E-01   6.4100428E+04   1.4274121E+04   7.8374548E+04   1.1375108E-01   7.1756155E-02   1.0609400E-01
   5.5072464E-01   5.7627869E+04   1.3639260E+04   7.1267129E+04   1.1921151E-01   8.5966286E-02   1.1283143E-01
   5.6521739E-01   4.9602609E+04   1.1424338E+04   6.1026947E+04   1.2358841E-01   8.1676335E-02   1.1574180E-01
   5.7971014E-01   4.2887896E+04   9.9831808E+03   5.2871077E+04   1.3386236E-01   7.1640755E-02   1.2210945E-01
   5.9420290E-01   3.8829385E+04   8.4644732E+03   4.7293858E+04   1.2446853E-01   8.1964140E-02   1.1683618E-01
   6.0869565E-01   3.2510512E+04   7.4330360E+03   3.9943548E+04   1.3022323E-01   7.4674131E-02   1.1973214E-01
   6.2318841E-01   3.0080384E+04   6.2909767E+03   3.6371361E+04   1.3283184E-01   9.4877572E-02   1.2625623E-01
   6.3768116E-01   2.5315294E+04   5.6313613E+03   3.0946655E+04   1.3897326E-01   8.1483410E-02   1.2850747E-01
   6.5217391E-01   2.2294297E+04   5.6914444E+03   2.7985742E+04   1.3703864E-01   8.2048985E-02   1.2584766E-01
   6.6666667E-01   2.0129440E+04   4.0357715E+03   2.4165211E+04   1.2827378E-01   8.5706546E-02   1.2100299E-01
   6.8115942E-01   1.7976094E+04   3.9337819E+03   2.1909876E+04   1.3726455E-01   1.0473271E-01   1.3141306E-01
   6.9565217E-01   1.5817753E+04   3.3782427E+03   1.9195996E+04   1.3628209E-01   7.6186517E-02   1.2569960E-01
   7.1014493E-01   1.4489781E+04   3.2319789E+03   1.7721760E+04   1.2973910E-01   8.5277797E-02   1.2163006E-01
   7.2463768E-01   1.2517810E+04   2.6975426E+03   1.5215353E+04   1.4323922E-01   8.0549668E-02   1.3210252E-01
   7.3913043E-01   1.1083756E+04   2.1097766E+03   1.3193533E+04   1.4423296E-01   7.5184779E-02   1.3319031E-01
   7.5362319E-01   9.5591397E+03   1.9234854E+03   1.1482625E+04   1.5178320E-01   9.4090587E-02   1.4204001E-01
   7.6811594E-01   7.9347898E+03   1.6155518E+03   9.5503416E+03   1.4227508E-01   8.6882916E-02   1.3275120E-01
   7.8260870E-01   7.5493025E+03   1.2488623E+03   8.7981648E+03   1.4555783E-01   1.2515880E-01   1.4263352E-01
   7.9710145E-01   6.6129747E+03   1.0608314E+03   7.6738061E+03   1.5624318E-01   8.3936107E-02   1.4604892E-01
   8.1159420E-01   5.7236182E+03   8.7951579E+02   6.6031340E+03   1.5444922E-01   8.7727353E-02   1.4528007E-01
   8.2608696E-01   5.5168548E+03   1.0369028E+03   6.5537576E+03   1.6612731E-01   7.6048457E-02   1.5187520E-01
   8.4057971E-01   4.5986778E+03   5.2257702E+02   5.1212548E+03   1.6883553E-01   8.6293510E-02   1.6029033E-01
   8.5507246E-01   3.8015264E+03   5.6509176E+02   4.3666182E+03   1.6756505E-01   1.1063337E-01   1.6018285E-01
   8.6956522E-01   3.2330099E+03   5.4304462E+02   3.7760545E+03   1.7738929E-01   1.1949199E-01   1.6893216E-01
   8.8405797E-01   2.5216483E+03   4.3476695E+02   2.9564153E+03   1.8923210E-01   4.3274263E-02   1.6636670E-01
   8.9855072E-01   2.0898867E+03   3.6664678E+02   2.4565334E+03   2.0375072E-01   1.0788523E-01   1.8943645E-01
   9.1304348E-01   2.2130722E+03   3.6082699E+02   2.5738992E+03   1.9602824E-01   1.1615548E-01   1.8469088E-01
   9.2753623E-01   1.3970770E+03   2.2495308E+02   1.6220301E+03   2.3528539E-01   1.1930984E-01   2.1890142E-01
   9.4202899E-01   1.2823236E+03   1.5154734E+02   1.4338710E+03   2.1299049E-01   9.4698213E-02   2.0011323E-01
   9.5652174E-01   1.0792007E+03   1.3777031E+02   1.2169710E+03   2.1674850E-01   1.1612945E-01   2.0528379E-01
   9.7101449E-01   8.8214121E+02   9.0476022E+01   9.7261724E+02   2.3714575E-01   1.4724088E-01   2.2876793E-01
   9.8550725E-01   5.0144339E+02   1.2257505E+02   6.2401845E+02   2.2281681E-01   1.7855096E-01   2.1362654E-01
   1.0000000E+00   1.7507274E+02   2.1884092E+01   1.9695683E+02   3.0855535E-01   3.6609742E-01   3.1444701E-01
