   0.0000000E+00   2.2986700E+07   9.6626582E+06   3.2649358E+07   9.2283545E-04   1.8888944E-04   6.7258244E-04
   1.4492754E-02   2.3423914E+07   9.5194460E+06   3.2943360E+07   3.6494697E-04   2.0990836E-04   2.2788381E-04
   2.8985507E-02   2.3427324E+07   9.7179730E+06   3.3145297E+07   2.9038440E-04   1.7813806E-05   2.0646355E-04
   4.3478261E-02   2.3532776E+07   9.7955147E+06   3.3327785E+07   1.0785252E-04   1.5118755E-04   8.7899001E-05
   5.7971014E-02   2.3832145E+07   1.0132266E+07   3.3964221E+07   5.7138047E-05   4.5116083E-05   4.8159158E-05
   7.2463768E-02   2.4031164E+07   1.0381296E+07   3.4412460E+07   2.0123839E-04   7.4807172E-05   1.1817500E-04
   8.6956522E-02   2.4139344E+07   1.0739655E+07   3.4878241E+07   1.1320649E-04   6.8612543E-05   9.5468849E-05
   1.0144928E-01   2.3909299E+07   1.1124657E+07   3.5033306E+07   1.6409737E-04   6.3242681E-05   1.3206225E-04
   1.1594203E-01   2.3585028E+07   1.1533131E+07   3.5117780E+07   4.9768051E-05   2.2031815E-05   3.3181534E-05
   1.3043478E-01   2.3021388E+07   1.1901012E+07   3.4921979E+07   6.5382543E-05   3.3943044E-05   4.9410572E-05
   1.4492754E-01   2.2315118E+07   1.2374598E+07   3.4689185E+07   3.3900368E-05   7.6518651E-06   2.1129734E-05
   1.5942029E-01   2.1503740E+07   1.2892959E+07   3.4396079E+07   6.3056135E-05   3.2213425E-05   4.3147538E-05
   1.7391304E-01   2.0540284E+07   1.3409856E+07   3.3949634E+07   8.2284162E-05   3.3986738E-05   5.1496660E-05
   1.8840580E-01   1.9505425E+07   1.3928016E+07   3.3432741E+07   1.2580800E-05   8.0761735E-05   2.9787709E-05
   2.0289855E-01   1.8505229E+07   1.3748753E+07   3.2253170E+07   6.9447180E-06   2.6731525E-05   1.1153367E-05
   2.1739130E-01   1.7495887E+07   1.2230123E+07   2.9725252E+07   4.4758961E-05   5.0566062E-05   8.2761561E-06
   2.3188406E-01   1.6305262E+07   9.9438259E+06   2.6248709E+07   2.2631209E-05   2.9795129E-05   2.5106024E-05
   2.4637681E-01   1.5098661E+07   7.7611403E+06   2.2859534E+07   2.1711909E-05   4.7121917E-05   1.0856650E-05
   2.6086957E-01   1.3861109E+07   6.1880145E+06   2.0048913E+07   5.0848415E-05   5.5956227E-05   2.0635065E-05
   2.7536232E-01   1.2554102E+07   5.0939447E+06   1.7647488E+07   7.2856527E-05   9.0026717E-05   7.7220163E-05
   2.8985507E-01   1.1242918E+07   4.2432118E+06   1.5485940E+07   8.3827288E-05   9.1692238E-05   8.4874029E-05
   3.0434783E-01   9.8636027E+06   3.5898677E+06   1.3453254E+07   1.3336801E-04   1.2559724E-04   8.2984233E-05
   3.1884058E-01   8.4462842E+06   3.0728634E+06   1.1519113E+07   2.6529147E-05   5.5579941E-05   2.5670174E-05
   3.3333333E-01   7.0438873E+06   2.6290168E+06   9.6727723E+06   1.5799232E-04   1.2201800E-04   8.6275178E-05
   3.4782609E-01   5.7885084E+06   2.2247149E+06   8.0131602E+06   8.4552040E-05   9.0111582E-05   8.5933134E-05
   3.6231884E-01   4.7178808E+06   1.8677603E+06   6.5855804E+06   1.5328215E-04   1.4254999E-04   1.3403925E-04
   3.7681159E-01   3.8636994E+06   1.5470360E+06   5.4106771E+06   2.4502075E-04   2.0849405E-04   2.3433541E-04
   3.9130435E-01   3.1452247E+06   1.2619964E+06   4.4071369E+06   2.7216779E-04   2.0119052E-04   1.9297032E-04
   4.0579710E-01   2.5647222E+06   1.0061390E+06   3.5708612E+06   3.8468734E-04   2.9831073E-04   3.5800322E-04
   4.2028986E-01   2.0832533E+06   7.6787468E+05   2.8511019E+06   7.1939481E-04   3.4478179E-04   5.3317497E-04
   4.3478261E-01   1.6334025E+06   5.5999267E+05   2.1933951E+06   3.3536264E-04   1.8303894E-04   2.4197719E-04
   4.4927536E-01   1.2452058E+06   3.7305088E+05   1.6182567E+06   6.7313437E-04   2.1126720E-04   5.5838144E-04
   4.6376812E-01   8.7681974E+05   2.1185844E+05   1.0886782E+06   6.2475875E-04   3.8305313E-04   5.2119263E-04
   4.7826087E-01   5.3677607E+05   8.1123749E+04   6.1789982E+05   2.8810156E-04   2.9929457E-04   2.1105897E-04
   4.9275362E-01   1.9567436E+05   1.3327251E+04   2.0900161E+05   6.4152468E-04   1.2744424E-03   6.7066986E-04
   5.0724638E-01   2.0025898E+04   1.9484658E+02   2.0220745E+04   1.2004807E-03   6.4999339E-06   1.1889553E-03
   5.2173913E-01   3.1782844E+03   0.0000000E+00   3.1782844E+03   1.0240000E-05   0.0000000E+00   1.0240000E-05
   5.3623188E-01   2.4575244E+03   0.0000000E+00   2.4575244E+03   8.9330138E-06   0.0000000E+00   8.9330138E-06
   5.5072464E-01   1.4556521E+03   0.0000000E+00   1.4556521E+03   6.0347719E-06   0.0000000E+00   6.0347719E-06
   5.6521739E-01   6.8002010E+02   0.0000000E+00   6.8002010E+02   2.6142289E-06   0.0000000E+00   2.6142289E-06
   5.7971014E-01   5.1147226E+02   0.0000000E+00   5.1147226E+02   1.6406820E-06   0.0000000E+00   1.6406820E-06
   5.9420290E-01   2.2177659E+02   0.0000000E+00   2.2177659E+02   1.1078046E-05   0.0000000E+00   1.1078046E-05
   6.0869565E-01   1.4433080E+02   0.0000000E+00   1.4433080E+02   4.2714147E-05   0.0000000E+00   4.2714147E-05
   6.2318841E-01   5.2865350E+01   0.0000000E+00   5.2865350E+01   2.4969710E-06   0.0000000E+00   2.4969710E-06
   6.3768116E-01   1.7221288E+01   0.0000000E+00   1.7221288E+01   2.1995097E-05   0.0000000E+00   2.1995097E-05
   6.5217391E-01   0.0000000E+00   0.0000000E+00   0.0000000E+00   0.0000000E+00   0.0000000E+00   0.0000000E+00
   6.6666667E-01   0.0000000E+00   0.0000000E+00   0.0000000E+00   0.0000000E+00   0.0000000E+00   0.0000000E+00
   6.8115942E-01   0.0000000E+00   0.0000000E+00   0.0000000E+00   0.0000000E+00   0.0000000E+00   0.0000000E+00
   6.9565217E-01   0.0000000E+00   0.0000000E+00   0.0000000E+00   0.0000000E+00   0.0000000E+00   0.0000000E+00
   7.1014493E-01   0.0000000E+00   0.0000000E+00   0.0000000E+00   0.0000000E+00   0.0000000E+00   0.0000000E+00
   7.2463768E-01   0.0000000E+00   0.0000000E+00   0.0000000E+00   0.0000000E+00   0.0000000E+00   0.0000000E+00
   7.3913043E-01   0.0000000E+00   0.0000000E+00   0.0000000E+00   0.0000000E+00   0.0000000E+00   0.0000000E+00
   7.5362319E-01   0.0000000E+00   0.0000000E+00   0.0000000E+00   0.0000000E+00   0.0000000E+00   0.0000000E+00
   7.6811594E-01   0.0000000E+00   0.0000000E+00   0.0000000E+00   0.0000000E+00   0.0000000E+00   0.0000000E+00
   7.8260870E-01   0.0000000E+00   0.0000000E+00   0.0000000E+00   0.0000000E+00   0.0000000E+00   0.0000000E+00
   7.9710145E-01   0.0000000E+00   0.0000000E+00   0.0000000E+00   0.0000000E+00   0.0000000E+00   0.0000000E+00
   8.1159420E-01   0.0000000E+00   0.0000000E+00   0.0000000E+00   0.0000000E+00   0.0000000E+00   0.0000000E+00
   8.2608696E-01   0.0000000E+00   0.0000000E+00   0.0000000E+00   0.0000000E+00   0.0000000E+00   0.0000000E+00
   8.4057971E-01   0.0000000E+00   0.0000000E+00   0.0000000E+00   0.0000000E+00   0.0000000E+00   0.0000000E+00
   8.5507246E-01   0.0000000E+00   0.0000000E+00   0.0000000E+00   0.0000000E+00   0.0000000E+00   0.0000000E+00
   8.6956522E-01   0.0000000E+00   0.0000000E+00   0.0000000E+00   0.0000000E+00   0.0000000E+00   0.0000000E+00
   8.8405797E-01   0.0000000E+00   0.0000000E+00   0.0000000E+00   0.0000000E+00   0.0000000E+00   0.0000000E+00
   8.9855072E-01   0.0000000E+00   0.0000000E+00   0.0000000E+00   0.0000000E+00   0.0000000E+00   0.0000000E+00
   9.1304348E-01   0.0000000E+00   0.0000000E+00   0.0000000E+00   0.0000000E+00   0.0000000E+00   0.0000000E+00
   9.2753623E-01   0.0000000E+00   0.0000000E+00   0.0000000E+00   0.0000000E+00   0.0000000E+00   0.0000000E+00
   9.4202899E-01   0.0000000E+00   0.0000000E+00   0.0000000E+00   0.0000000E+00   0.0000000E+00   0.0000000E+00
   9.5652174E-01   0.0000000E+00   0.0000000E+00   0.0000000E+00   0.0000000E+00   0.0000000E+00   0.0000000E+00
   9.7101449E-01   0.0000000E+00   0.0000000E+00   0.0000000E+00   0.0000000E+00   0.0000000E+00   0.0000000E+00
   9.8550725E-01   0.0000000E+00   0.0000000E+00   0.0000000E+00   0.0000000E+00   0.0000000E+00   0.0000000E+00
   1.0000000E+00   0.0000000E+00   0.0000000E+00   0.0000000E+00   0.0000000E+00   0.0000000E+00   0.0000000E+00
