   0.0000000E+00   2.0083053E+07   9.9536291E+06   3.0036682E+07   3.1687026E-03   3.7849448E-04   2.0038348E-03
   1.4492754E-02   1.9717066E+07   1.0042284E+07   2.9759351E+07   1.5272461E-03   2.2093308E-04   1.0777535E-03
   2.8985507E-02   1.9740556E+07   1.0063122E+07   2.9804057E+07   1.0125042E-03   8.6218447E-05   6.9568246E-04
   4.3478261E-02   1.9889830E+07   1.0160239E+07   3.0050069E+07   7.8843837E-04   7.6607374E-05   5.4784326E-04
   5.7971014E-02   2.0184211E+07   1.0446537E+07   3.0630937E+07   6.5774607E-04   7.4988444E-05   4.5051302E-04
   7.2463768E-02   2.0641960E+07   1.0520265E+07   3.1162224E+07   1.2310487E-03   1.5933476E-04   8.2871535E-04
   8.6956522E-02   2.1105114E+07   1.0730057E+07   3.1835044E+07   2.1812198E-04   7.8154567E-05   1.6981280E-04
   1.0144928E-01   2.1463216E+07   1.0984584E+07   3.2447692E+07   6.0982505E-04   5.1606812E-05   4.2059356E-04
   1.1594203E-01   2.2009599E+07   1.1231078E+07   3.3240772E+07   2.0760605E-04   2.7718166E-05   1.4084425E-04
   1.3043478E-01   2.2647318E+07   1.1484005E+07   3.4131070E+07   3.8013274E-04   3.8279635E-05   2.4959295E-04
   1.4492754E-01   2.3179014E+07   1.1741509E+07   3.4920674E+07   2.5713528E-04   5.9439223E-05   1.7383789E-04
   1.5942029E-01   2.3727973E+07   1.1970793E+07   3.5698904E+07   2.6119497E-04   1.6265655E-05   1.7799368E-04
   1.7391304E-01   2.4268727E+07   1.2251592E+07   3.6520446E+07   4.8325066E-04   2.3394425E-05   3.2858492E-04
   1.8840580E-01   2.4508993E+07   1.2426532E+07   3.6935234E+07   5.4575650E-04   2.3001330E-05   3.6156004E-04
   2.0289855E-01   2.4051537E+07   1.2129145E+07   3.6180736E+07   2.7123950E-04   4.3876926E-05   1.7913778E-04
   2.1739130E-01   2.1803368E+07   1.0977129E+07   3.2780598E+07   3.5751061E-04   4.8288644E-05   2.5303814E-04
   2.3188406E-01   1.8330361E+07   9.2427300E+06   2.7573185E+07   3.8259767E-04   9.5806155E-05   2.7398186E-04
   2.4637681E-01   1.5035412E+07   7.5485283E+06   2.2583985E+07   7.3214887E-04   2.5019518E-04   5.1363063E-04
   2.6086957E-01   1.2575524E+07   6.3035694E+06   1.8878883E+07   3.0013216E-04   3.4998136E-04   3.0777246E-04
   2.7536232E-01   1.0719063E+07   5.3721138E+06   1.6091296E+07   2.4189514E-04   5.5705312E-04   3.4519866E-04
   2.8985507E-01   9.2044927E+06   4.5893838E+06   1.3793914E+07   7.0756469E-04   5.4932635E-04   6.4353160E-04
   3.0434783E-01   7.9966117E+06   3.9986126E+06   1.1995260E+07   1.3372987E-03   6.7153611E-04   1.0859323E-03
   3.1884058E-01   6.9402825E+06   3.4548315E+06   1.0395114E+07   8.2230136E-04   7.8046411E-04   7.8931482E-04
   3.3333333E-01   6.0100709E+06   2.9943777E+06   9.0045145E+06   4.7656688E-04   8.9281348E-04   6.1462648E-04
   3.4782609E-01   5.1748680E+06   2.5730843E+06   7.7479523E+06   3.9538855E-04   1.0369233E-03   2.0102957E-04
   3.6231884E-01   4.4287588E+06   2.2028012E+06   6.6314993E+06   1.2921027E-03   8.1555839E-04   9.5486101E-04
   3.7681159E-01   3.7666799E+06   1.8545605E+06   5.6212113E+06   1.1439364E-03   1.0727008E-03   1.0428778E-03
   3.9130435E-01   3.1669464E+06   1.5528831E+06   4.7198295E+06   8.0101532E-04   1.3080805E-03   9.5883241E-04
   4.0579710E-01   2.6170872E+06   1.2810892E+06   3.8981764E+06   5.9612919E-04   1.1517875E-03   7.6717990E-04
   4.2028986E-01   2.0985648E+06   1.0137994E+06   3.1123642E+06   9.4082878E-04   1.5394594E-03   1.1355346E-03
   4.3478261E-01   1.6194096E+06   7.7892805E+05   2.3983376E+06   1.7492402E-03   1.7743398E-03   1.7504326E-03
   4.4927536E-01   1.1777184E+06   5.5092346E+05   1.7286418E+06   7.4747375E-04   1.5659743E-03   8.0469927E-04
   4.6376812E-01   7.5799716E+05   3.4810897E+05   1.1061061E+06   4.0250727E-03   1.5462719E-03   3.2387906E-03
   4.7826087E-01   3.8109563E+05   1.7317727E+05   5.5427290E+05   7.1302889E-03   1.6379299E-03   5.4052559E-03
   4.9275362E-01   1.1468568E+05   4.3592146E+04   1.5827782E+05   2.9127884E-02   9.0722676E-04   2.1353401E-02
   5.0724638E-01   3.5050734E+04   8.4650012E+03   4.3515735E+04   1.0316611E-01   3.0532110E-05   8.3093047E-02
   5.2173913E-01   3.1172445E+04   7.0722091E+03   3.8244654E+04   1.3305056E-01   3.9063444E-05   1.0844999E-01
   5.3623188E-01   3.3033224E+04   7.7616812E+03   4.0794905E+04   1.5213922E-01   2.9530803E-07   1.2319302E-01
   5.5072464E-01   3.2782082E+04   7.2782603E+03   4.0060342E+04   1.5748963E-01   1.2189759E-06   1.2887646E-01
   5.6521739E-01   3.2155236E+04   5.6538814E+03   3.7809118E+04   1.6729768E-01   2.5044500E-05   1.4228065E-01
   5.7971014E-01   2.7486898E+04   5.0768358E+03   3.2563734E+04   1.7603741E-01   3.4353743E-06   1.4859186E-01
   5.9420290E-01   2.4617202E+04   4.1028669E+03   2.8720068E+04   1.6343355E-01   3.7093269E-06   1.4008560E-01
   6.0869565E-01   2.1306834E+04   2.9046573E+03   2.4211491E+04   1.6934278E-01   1.1503105E-05   1.4902627E-01
   6.2318841E-01   1.8908174E+04   2.6785111E+03   2.1586685E+04   1.4444700E-01   5.7645039E-06   1.2652313E-01
   6.3768116E-01   1.6050241E+04   2.1871036E+03   1.8237344E+04   1.3288654E-01   2.9117235E-04   1.1698412E-01
   6.5217391E-01   1.3790808E+04   1.8017294E+03   1.5592537E+04   1.2179000E-01   8.4841556E-05   1.0772677E-01
   6.6666667E-01   1.2403820E+04   1.4001656E+03   1.3803986E+04   1.0906324E-01   9.7116718E-06   9.7999767E-02
   6.8115942E-01   1.2091543E+04   1.1607881E+03   1.3252331E+04   1.0392175E-01   3.5300543E-06   9.4818923E-02
   6.9565217E-01   1.0781962E+04   8.2088141E+02   1.1602843E+04   8.4575141E-02   5.9346395E-06   7.8591367E-02
   7.1014493E-01   1.0546458E+04   6.1856056E+02   1.1165018E+04   7.5186565E-02   8.3780001E-06   7.1021568E-02
   7.2463768E-01   9.4413991E+03   4.3948728E+02   9.8808864E+03   6.6146604E-02   5.8956958E-06   6.3204669E-02
   7.3913043E-01   9.0185523E+03   4.1601230E+02   9.4345646E+03   4.3688158E-02   2.4432080E-06   4.1761855E-02
   7.5362319E-01   8.1165256E+03   3.7886834E+02   8.4953940E+03   4.7160397E-02   2.6886364E-05   4.5056082E-02
   7.6811594E-01   8.4494789E+03   3.1453221E+02   8.7640111E+03   4.2638450E-02   2.9194055E-06   4.1108113E-02
   7.8260870E-01   7.5913990E+03   2.1048241E+02   7.8018814E+03   3.9683168E-02   2.6810597E-06   3.8612507E-02
   7.9710145E-01   7.0951708E+03   1.5154734E+02   7.2467181E+03   3.3900600E-02   4.6479288E-06   3.3191745E-02
   8.1159420E-01   7.3067466E+03   9.4717086E+01   7.4014637E+03   2.5750830E-02   5.8771794E-06   2.5421280E-02
   8.2608696E-01   6.4607023E+03   1.3293626E+02   6.5936385E+03   2.4920021E-02   5.2107793E-04   2.4428067E-02
   8.4057971E-01   6.5975349E+03   1.9596638E+02   6.7935013E+03   1.9297702E-02   6.1183760E-06   1.8740884E-02
   8.5507246E-01   6.1774804E+03   1.4127294E+02   6.3187534E+03   1.5201104E-02   1.5467674E-05   1.4860900E-02
   8.6956522E-01   6.0492645E+03   6.3144724E+01   6.1124093E+03   1.3911072E-02   8.4849792E-07   1.3767354E-02
   8.8405797E-01   5.2296253E+03   1.2421913E+01   5.2420472E+03   1.5288495E-02   1.2596020E-05   1.5252296E-02
   8.9855072E-01   4.9497316E+03   7.3329357E+01   5.0230609E+03   7.3529079E-03   4.2834661E-06   7.2456285E-03
   9.1304348E-01   4.8110266E+03   1.2027566E+01   4.8230541E+03   5.6349431E-03   1.1160625E-05   5.6209187E-03
   9.2753623E-01   4.5109012E+03   2.3679271E+01   4.5345805E+03   8.5731021E-03   1.2098212E-06   8.5283298E-03
   9.4202899E-01   3.4972462E+03   1.1657487E+01   3.5089037E+03   5.4500209E-03   1.5027548E-04   5.4314157E-03
   9.5652174E-01   3.4442577E+03   0.0000000E+00   3.4442577E+03   4.1153137E-03   0.0000000E+00   4.1153137E-03
   9.7101449E-01   2.7368997E+03   1.1309503E+01   2.7482092E+03   3.2634213E-03   1.3302693E-05   3.2499398E-03
   9.8550725E-01   1.6603348E+03   0.0000000E+00   1.6603348E+03   2.8402137E-03   0.0000000E+00   2.8402137E-03
   1.0000000E+00   8.5347959E+02   0.0000000E+00   8.5347959E+02   5.0692233E-06   0.0000000E+00   5.0692233E-06
