   0.0000000E+00   1.8585765E+07   9.6020393E+06   2.8187805E+07   4.8384373E-03   3.6906993E-04   3.1408632E-03
   1.4492754E-02   1.8436491E+07   9.5656679E+06   2.8002159E+07   1.2117951E-03   4.8995827E-04   7.0644449E-04
   2.8985507E-02   1.8345942E+07   9.6702356E+06   2.8016177E+07   1.2026091E-03   4.0201122E-04   6.5567157E-04
   4.3478261E-02   1.8578441E+07   9.8005663E+06   2.8378754E+07   4.0211441E-04   1.0099800E-04   2.4614387E-04
   5.7971014E-02   1.8875221E+07   9.9642374E+06   2.8839458E+07   9.4165298E-04   4.7373021E-05   6.3141613E-04
   7.2463768E-02   1.9244542E+07   1.0149428E+07   2.9393667E+07   1.7963126E-04   8.5470803E-05   9.3354892E-05
   8.6956522E-02   1.9674128E+07   1.0344874E+07   3.0018749E+07   2.4372103E-04   9.4119286E-05   1.2660362E-04
   1.0144928E-01   2.0104811E+07   1.0552241E+07   3.0657052E+07   2.5792141E-04   1.0695283E-04   1.6679276E-04
   1.1594203E-01   2.0685927E+07   1.0886687E+07   3.1572709E+07   2.8301051E-04   1.1836960E-04   2.1911119E-04
   1.3043478E-01   2.1275225E+07   1.1126942E+07   3.2402673E+07   4.1919543E-04   6.1512072E-05   2.5641690E-04
   1.4492754E-01   2.1733782E+07   1.1467435E+07   3.3201218E+07   5.8278487E-04   5.4192074E-05   3.6518542E-04
   1.5942029E-01   2.2377342E+07   1.1811117E+07   3.4188941E+07   9.8635525E-05   1.1322582E-04   5.9444922E-05
   1.7391304E-01   2.3020230E+07   1.2144814E+07   3.5165170E+07   2.2673547E-04   8.2224160E-05   1.7610176E-04
   1.8840580E-01   2.3527607E+07   1.2359326E+07   3.5886584E+07   3.4463655E-04   2.1052859E-05   2.2607706E-04
   2.0289855E-01   2.3170722E+07   1.2185921E+07   3.5356751E+07   2.9167483E-04   3.2109569E-05   1.9732195E-04
   2.1739130E-01   2.1236076E+07   1.1082000E+07   3.2318328E+07   5.2687408E-04   8.3491794E-05   3.2562015E-04
   2.3188406E-01   1.7920899E+07   9.2054588E+06   2.7126547E+07   1.4056968E-04   1.1470254E-04   9.7116585E-05
   2.4637681E-01   1.4827436E+07   7.4998103E+06   2.2327157E+07   3.0290877E-04   1.8047572E-04   2.3592542E-04
   2.6086957E-01   1.2424356E+07   6.2687135E+06   1.8692690E+07   3.5916508E-04   2.3805197E-04   3.1687069E-04
   2.7536232E-01   1.0760300E+07   5.2638372E+06   1.6024017E+07   4.3704664E-04   4.0718331E-04   3.0390376E-04
   2.8985507E-01   9.3719146E+06   4.5894595E+06   1.3961450E+07   2.9380732E-04   4.2023501E-04   3.2134908E-04
   3.0434783E-01   8.2361287E+06   3.9997311E+06   1.2236040E+07   7.6186999E-04   6.7570774E-04   6.4007896E-04
   3.1884058E-01   7.2545021E+06   3.4679541E+06   1.0722456E+07   2.3872030E-04   4.7494761E-04   2.8196229E-04
   3.3333333E-01   6.4072567E+06   3.0256096E+06   9.4328334E+06   3.1472588E-04   5.6278079E-04   3.9415667E-04
   3.4782609E-01   5.6081986E+06   2.6407439E+06   8.2489741E+06   7.8763836E-04   6.9982140E-04   7.5975481E-04
   3.6231884E-01   4.9098306E+06   2.2603285E+06   7.1701591E+06   6.7643508E-04   4.4839292E-04   5.7148088E-04
   3.7681159E-01   4.2611905E+06   1.9451101E+06   6.2062715E+06   1.3022218E-03   8.2534791E-04   1.1451060E-03
   3.9130435E-01   3.6518418E+06   1.6523150E+06   5.3041568E+06   1.1412409E-03   6.9327819E-04   1.0015153E-03
   4.0579710E-01   3.0917010E+06   1.3663346E+06   4.4580355E+06   1.2706564E-03   8.4957321E-04   1.0818829E-03
   4.2028986E-01   2.5360663E+06   1.1064523E+06   3.6425186E+06   2.4309939E-03   9.1115737E-04   1.9691588E-03
   4.3478261E-01   2.0132559E+06   8.5298419E+05   2.8663411E+06   2.5881169E-03   5.0708351E-04   1.9717118E-03
   4.4927536E-01   1.5074560E+06   6.1806870E+05   2.1255247E+06   3.5488137E-03   8.7106395E-04   2.7698666E-03
   4.6376812E-01   1.0229682E+06   4.0055855E+05   1.4235031E+06   3.5643277E-03   1.0475795E-03   2.8384801E-03
   4.7826087E-01   5.3955444E+05   2.0001952E+05   7.3957397E+05   9.7191698E-03   8.4134541E-04   7.2920438E-03
   4.9275362E-01   1.7994018E+05   5.6027942E+04   2.3596812E+05   3.5655698E-02   7.9456524E-04   2.7373671E-02
   5.0724638E-01   6.3714830E+04   1.3964005E+04   7.7678835E+04   1.0695982E-01   9.4376990E-04   8.7649103E-02
   5.2173913E-01   5.6409286E+04   1.1176616E+04   6.7585903E+04   1.2786940E-01   1.4192979E-03   1.0694869E-01
   5.3623188E-01   5.9861198E+04   1.0710710E+04   7.0571908E+04   1.3817665E-01   8.1807316E-04   1.1725549E-01
   5.5072464E-01   6.3889167E+04   1.2123787E+04   7.6012954E+04   1.5370918E-01   7.5568949E-06   1.2919414E-01
   5.6521739E-01   6.1434959E+04   1.1171759E+04   7.2606718E+04   1.6636536E-01   3.2861857E-03   1.4123578E-01
   5.7971014E-01   5.7587988E+04   9.7558598E+03   6.7343848E+04   1.6445854E-01   3.4459706E-03   1.4100593E-01
   5.9420290E-01   4.7829818E+04   9.3146168E+03   5.7144435E+04   1.6916131E-01   4.0409841E-03   1.4224645E-01
   6.0869565E-01   4.4273472E+04   7.8660284E+03   5.2139500E+04   1.6290519E-01   1.0967796E-05   1.3832709E-01
   6.2318841E-01   3.9860474E+04   6.5729252E+03   4.6433399E+04   1.6632560E-01   1.3345423E-03   1.4296887E-01
   6.3768116E-01   3.3805389E+04   5.1147226E+03   3.8920111E+04   1.6092706E-01   3.8581299E-03   1.4023632E-01
   6.5217391E-01   3.1824941E+04   4.9842235E+03   3.6809164E+04   1.6037899E-01   3.3961425E-03   1.3908934E-01
   6.6666667E-01   2.6833762E+04   4.3487497E+03   3.1182512E+04   1.5898948E-01   7.9744116E-06   1.3681552E-01
   6.8115942E-01   2.4908578E+04   3.4339982E+03   2.8342576E+04   1.5719244E-01   2.6364371E-03   1.3844038E-01
   6.9565217E-01   2.2069081E+04   3.3624565E+03   2.5431537E+04   1.4827390E-01   3.0275344E-06   1.2867005E-01
   7.1014493E-01   2.0412498E+04   2.5206343E+03   2.2933133E+04   1.4545616E-01   9.7311091E-06   1.2946829E-01
   7.2463768E-01   1.8655477E+04   2.2883648E+03   2.0943842E+04   1.4286411E-01   4.8799527E-06   1.2725503E-01
   7.3913043E-01   1.5719322E+04   2.2880676E+03   1.8007389E+04   1.4066080E-01   1.4338754E-04   1.2277343E-01
   7.5362319E-01   1.5242165E+04   1.7049075E+03   1.6947072E+04   1.2683021E-01   2.9564063E-03   1.1436827E-01
   7.6811594E-01   1.3396213E+04   1.6155518E+03   1.5011764E+04   1.2547251E-01   9.3843143E-06   1.1196981E-01
   7.8260870E-01   1.2600880E+04   1.3330553E+03   1.3933936E+04   1.2796659E-01   5.3180880E-06   1.1572456E-01
   7.9710145E-01   1.1131841E+04   1.3225949E+03   1.2454436E+04   1.2071847E-01   2.3980567E-03   1.0813952E-01
   8.1159420E-01   1.0094135E+04   9.4717086E+02   1.1041306E+04   1.1403335E-01   6.0684716E-03   1.0470046E-01
   8.2608696E-01   9.6644661E+03   9.7043470E+02   1.0634901E+04   1.1978852E-01   8.9582162E-07   1.0885774E-01
   8.4057971E-01   8.2697814E+03   7.7080111E+02   9.0405825E+03   1.1049163E-01   4.5334388E-05   1.0106725E-01
   8.5507246E-01   7.9498137E+03   8.2195166E+02   8.7717653E+03   1.0780070E-01   1.6346534E-05   9.7697967E-02
   8.6956522E-01   7.1606117E+03   6.5670513E+02   7.8173168E+03   1.0178680E-01   8.1693293E-06   9.3236701E-02
   8.8405797E-01   6.0370496E+03   4.5961078E+02   6.4966604E+03   9.5125639E-02   7.5656680E-06   8.8395379E-02
   8.9855072E-01   6.0496719E+03   5.2552706E+02   6.5751990E+03   9.9278701E-02   3.1499179E-06   9.1344036E-02
   9.1304348E-01   5.1357709E+03   4.5704752E+02   5.5928184E+03   9.9217673E-02   7.2893414E-06   9.1110156E-02
   9.2753623E-01   4.4161841E+03   3.0783053E+02   4.7240146E+03   8.4367705E-02   6.9302078E-07   7.8870017E-02
   9.4202899E-01   4.0218332E+03   3.0309467E+02   4.3249278E+03   8.1483077E-02   1.3279205E-04   7.5780468E-02
   9.5652174E-01   3.4442577E+03   2.5257889E+02   3.6968365E+03   8.1488852E-02   5.2243665E-06   7.5921634E-02
   9.7101449E-01   2.4541621E+03   1.6964254E+02   2.6238046E+03   6.4219448E-02   2.1239938E-05   6.0066062E-02
   9.8550725E-01   1.6269052E+03   1.3371824E+02   1.7606235E+03   6.3188584E-02   2.5696372E-04   5.8373802E-02
   1.0000000E+00   6.1275457E+02   1.0942046E+02   7.2217503E+02   1.0149738E-01   2.3516129E-06   8.6119344E-02
