   0.0000000E+00   1.7894710E+07   1.0111238E+07   2.8005948E+07   2.4851561E-03   1.3295725E-03   1.2511116E-03
   1.4492754E-02   1.7879555E+07   9.5740030E+06   2.7453558E+07   2.1632920E-04   2.7204168E-04   1.9212232E-04
   2.8985507E-02   1.7833712E+07   9.7085013E+06   2.7542213E+07   4.8546114E-04   7.3795382E-04   5.5685934E-04
   4.3478261E-02   1.7897488E+07   9.6497767E+06   2.7547265E+07   7.3421632E-04   1.1466412E-04   4.3881090E-04
   5.7971014E-02   1.8080166E+07   9.8820230E+06   2.7962189E+07   8.2298832E-05   4.6866348E-04   1.9846551E-04
   7.2463768E-02   1.8313132E+07   1.0040314E+07   2.8353597E+07   1.4401679E-04   4.3385873E-05   9.9949725E-05
   8.6956522E-02   1.8469200E+07   1.0170847E+07   2.8639795E+07   1.2989395E-04   3.4707146E-04   7.2877593E-05
   1.0144928E-01   1.8728761E+07   1.0441395E+07   2.9169831E+07   1.1767499E-04   1.7296457E-04   6.0845371E-05
   1.1594203E-01   1.8895206E+07   1.0691191E+07   2.9586208E+07   1.4453744E-04   1.8695346E-04   1.5498622E-04
   1.3043478E-01   1.9274380E+07   1.0816270E+07   3.0090313E+07   2.7094880E-04   1.7614502E-04   1.1290647E-04
   1.4492754E-01   1.9591358E+07   1.1046361E+07   3.0637037E+07   1.6252702E-04   3.6396792E-04   2.1099197E-04
   1.5942029E-01   1.9768110E+07   1.1310804E+07   3.1078708E+07   4.4083045E-04   1.6708144E-05   2.7881779E-04
   1.7391304E-01   2.0063604E+07   1.1558642E+07   3.1621741E+07   2.3303287E-04   8.7174252E-05   1.2006659E-04
   1.8840580E-01   2.0206856E+07   1.1671010E+07   3.1877225E+07   3.5853381E-04   2.2569554E-04   2.5913359E-04
   2.0289855E-01   1.9817683E+07   1.1463528E+07   3.1280345E+07   2.2625766E-04   2.1284694E-04   2.2011135E-04
   2.1739130E-01   1.8310353E+07   1.0438025E+07   2.8747924E+07   5.8390163E-05   2.8052921E-05   2.6367725E-05
   2.3188406E-01   1.6097832E+07   8.8056106E+06   2.4903206E+07   1.2435710E-04   1.2543771E-04   8.2572234E-05
   2.4637681E-01   1.3973511E+07   7.3393929E+06   2.1312592E+07   3.6038684E-04   6.7259832E-05   2.2587132E-04
   2.6086957E-01   1.2292510E+07   6.2263644E+06   1.8518369E+07   1.6482792E-04   6.1640459E-05   1.2030226E-04
   2.7536232E-01   1.0936055E+07   5.3548853E+06   1.6290820E+07   3.2926640E-04   1.9046340E-04   2.6461159E-04
   2.8985507E-01   9.8476596E+06   4.7026275E+06   1.4549832E+07   2.9366201E-04   3.0095860E-04   2.6794664E-04
   3.0434783E-01   8.9339320E+06   4.1453609E+06   1.3079112E+07   6.7333043E-04   1.4857743E-04   4.4820087E-04
   3.1884058E-01   8.0756132E+06   3.6443001E+06   1.1719776E+07   4.1014706E-04   3.6563947E-04   3.9215407E-04
   3.3333333E-01   7.3213177E+06   3.2265746E+06   1.0547695E+07   7.0625666E-04   3.5906371E-04   5.9975395E-04
   3.4782609E-01   6.6127996E+06   2.8210221E+06   9.4338533E+06   5.5271284E-04   2.0814993E-04   4.1894255E-04
   3.6231884E-01   5.9606295E+06   2.4685849E+06   8.4291235E+06   9.5279805E-04   5.8611696E-04   8.4412212E-04
   3.7681159E-01   5.3229545E+06   2.1350688E+06   7.4578776E+06   9.8179295E-04   1.0083867E-03   9.8183564E-04
   3.9130435E-01   4.7013352E+06   1.8372028E+06   6.5385098E+06   4.6282006E-04   5.0382251E-04   3.0932198E-04
   4.0579710E-01   4.1532360E+06   1.5577713E+06   5.7110073E+06   7.6147525E-04   2.9281459E-04   6.0584251E-04
   4.2028986E-01   3.5865768E+06   1.2992049E+06   4.8857555E+06   1.0640676E-03   7.1210014E-04   9.6131464E-04
   4.3478261E-01   3.0078610E+06   1.0400441E+06   4.0479051E+06   9.9028234E-04   1.0554751E-03   9.4616605E-04
   4.4927536E-01   2.3927369E+06   7.8635958E+05   3.1790965E+06   1.0549542E-03   9.4377396E-04   1.0179613E-03
   4.6376812E-01   1.7533080E+06   5.4377079E+05   2.2970788E+06   1.5661325E-03   2.1332010E-03   1.6532753E-03
   4.7826087E-01   1.0912786E+06   3.1655024E+05   1.4078288E+06   4.0939111E-03   1.3969983E-03   3.4744150E-03
   4.9275362E-01   4.1546257E+05   1.1089699E+05   5.2635956E+05   8.9995647E-03   2.7710243E-03   7.6801683E-03
   5.0724638E-01   8.6338683E+04   2.0264044E+04   1.0660273E+05   6.7588104E-02   3.6135375E-02   6.1596187E-02
   5.2173913E-01   5.8682497E+04   1.2313221E+04   7.0995718E+04   1.1002955E-01   7.6893517E-02   1.0428186E-01
   5.3623188E-01   5.4987108E+04   9.8505769E+03   6.4837685E+04   1.1387384E-01   6.8413302E-02   1.0687264E-01
   5.5072464E-01   4.4088311E+04   9.1526615E+03   5.3240972E+04   1.2099930E-01   6.9415166E-02   1.1207017E-01
   5.6521739E-01   3.8741717E+04   7.1499256E+03   4.5891642E+04   1.2120373E-01   6.9627049E-02   1.1304197E-01
   5.7971014E-01   3.0574675E+04   5.9292896E+03   3.6503965E+04   1.2200293E-01   7.0564751E-02   1.1361428E-01
   5.9420290E-01   2.6613191E+04   4.7866781E+03   3.1399869E+04   1.2389583E-01   8.2321722E-02   1.1753104E-01
   6.0869565E-01   2.2281067E+04   3.9330142E+03   2.6214081E+04   1.2601726E-01   9.7436795E-02   1.2172496E-01
   6.2318841E-01   1.8590981E+04   3.6653309E+03   2.2256312E+04   1.3218958E-01   9.8069850E-02   1.2651503E-01
   6.3768116E-01   1.6343003E+04   2.8587339E+03   1.9201736E+04   1.3767967E-01   6.7435905E-02   1.2722044E-01
   6.5217391E-01   1.4481190E+04   2.8120450E+03   1.7293235E+04   1.4855645E-01   9.2627054E-02   1.3944280E-01
   6.6666667E-01   1.1992007E+04   1.6472537E+03   1.3639260E+04   1.5304350E-01   9.2068347E-02   1.4561788E-01
   6.8115942E-01   1.0656680E+04   1.4348631E+03   1.2091543E+04   1.5102569E-01   1.0314438E-01   1.4520126E-01
   6.9565217E-01   8.4298206E+03   1.3260392E+03   9.7558598E+03   1.7066306E-01   1.1261321E-01   1.6277096E-01
   7.1014493E-01   7.4536547E+03   1.0515529E+03   8.5052077E+03   1.6835357E-01   6.6039965E-02   1.5570166E-01
   7.2463768E-01   5.4253947E+03   6.5165355E+02   6.0770482E+03   1.8427020E-01   1.3993940E-01   1.7944430E-01
   7.3913043E-01   4.9178597E+03   7.4287910E+02   5.6607388E+03   1.8951350E-01   1.3141259E-01   1.8151115E-01
   7.5362319E-01   4.5318482E+03   5.5373065E+02   5.0855789E+03   1.7790721E-01   1.2037818E-01   1.7155966E-01
   7.6811594E-01   3.7457927E+03   5.0039215E+02   4.2461848E+03   2.0582694E-01   6.5317576E-02   1.8926583E-01
   7.8260870E-01   3.4940080E+03   3.9290050E+02   3.8869085E+03   2.0117305E-01   1.4876920E-01   1.9580331E-01
   7.9710145E-01   2.6176358E+03   5.5108122E+02   3.1687170E+03   1.9213031E-01   1.1078905E-01   1.7759667E-01
   8.1159420E-01   2.2461480E+03   1.3531012E+02   2.3814581E+03   1.9773720E-01   1.0653677E-01   1.9254622E-01
   8.2608696E-01   2.0206312E+03   2.3928527E+02   2.2599164E+03   1.9432522E-01   1.1089236E-01   1.8492263E-01
   8.4057971E-01   1.7375686E+03   2.7435294E+02   2.0119215E+03   2.2130820E-01   1.5267953E-01   2.1193187E-01
   8.5507246E-01   1.6182173E+03   1.2842995E+02   1.7466473E+03   2.1985165E-01   1.6900038E-01   2.1589014E-01
   8.6956522E-01   1.3007813E+03   8.8402613E+01   1.3891839E+03   2.5203776E-01   5.8675437E-02   2.3909768E-01
   8.8405797E-01   8.0742434E+02   1.2421913E+02   9.3164346E+02   2.5453042E-01   1.5418774E-01   2.4098543E-01
   8.9855072E-01   8.3106604E+02   3.6664678E+01   8.6773072E+02   2.8203359E-01   2.2582088E-01   2.7965835E-01
   9.1304348E-01   8.4192965E+02   9.6220531E+01   9.3815018E+02   2.8645518E-01   2.1230703E-01   2.7872058E-01
   9.2753623E-01   5.6830251E+02   4.7358543E+01   6.1566106E+02   2.0868826E-01   2.0468738E-01   2.0835145E-01
   9.4202899E-01   5.0127196E+02   3.4972462E+01   5.3624442E+02   2.1191703E-01   2.5405663E-01   2.1465265E-01
   9.5652174E-01   5.1663865E+02   2.2961718E+01   5.3960037E+02   2.1917356E-01   1.4013516E-01   2.1566486E-01
   9.7101449E-01   2.7142807E+02   4.5238011E+01   3.1666608E+02   2.2365089E-01   1.0586458E-01   2.0561803E-01
   9.8550725E-01   3.3429560E+02   0.0000000E+00   3.3429560E+02   1.4874883E-01   0.0000000E+00   1.4874883E-01
   1.0000000E+00   2.8449320E+02   2.1884092E+01   3.0637729E+02   2.4678734E-01   9.6199955E-06   2.2916033E-01
