   0.0000000E+00   2.2956391E+07   9.1716448E+06   3.2128035E+07   1.0341527E-03   1.6501428E-04   7.8550040E-04
   1.4492754E-02   2.3426945E+07   9.5823381E+06   3.3008525E+07   3.2389131E-04   1.1134630E-04   2.5126300E-04
   2.8985507E-02   2.3622820E+07   9.7168364E+06   3.3339656E+07   2.7284934E-04   1.1318650E-04   2.2616627E-04
   4.3478261E-02   2.3780556E+07   9.7952621E+06   3.3575818E+07   8.4541825E-05   6.4528094E-05   5.4303071E-05
   5.7971014E-02   2.3752582E+07   1.0142684E+07   3.3895267E+07   1.8408614E-05   7.7184893E-05   3.5713980E-05
   7.2463768E-02   2.3852945E+07   1.0408271E+07   3.4261064E+07   1.8312006E-04   7.5362567E-05   1.4594223E-04
   8.6956522E-02   2.3821094E+07   1.0697853E+07   3.4518695E+07   8.1192594E-05   9.4498221E-05   8.5072411E-05
   1.0144928E-01   2.3443724E+07   1.1117080E+07   3.4560695E+07   1.5027763E-04   2.5773698E-05   9.4139072E-05
   1.1594203E-01   2.3029891E+07   1.1547812E+07   3.4577325E+07   6.2128228E-05   2.9877360E-05   3.9817331E-05
   1.3043478E-01   2.2295813E+07   1.1916083E+07   3.4211727E+07   1.0497224E-04   3.8756219E-05   6.9409928E-05
   1.4492754E-01   2.1672254E+07   1.2405210E+07   3.4076707E+07   1.5726096E-04   5.6535946E-05   9.0805100E-05
   1.5942029E-01   2.0883499E+07   1.2933463E+07   3.3816342E+07   8.7225512E-05   4.4288303E-05   3.9457578E-05
   1.7391304E-01   2.0031464E+07   1.3384850E+07   3.3416125E+07   6.6626749E-05   4.9931506E-05   5.5818719E-05
   1.8840580E-01   1.9028750E+07   1.3781773E+07   3.2809882E+07   8.9506280E-05   1.9599411E-05   5.6357498E-05
   2.0289855E-01   1.8106280E+07   1.3527873E+07   3.1633666E+07   7.8306671E-05   7.9831903E-06   4.2648339E-05
   2.1739130E-01   1.6984163E+07   1.2071554E+07   2.9055060E+07   8.1616251E-05   3.3003834E-05   3.9682971E-05
   2.3188406E-01   1.5885950E+07   9.9102013E+06   2.5795725E+07   8.1983267E-05   2.7085569E-05   4.0105334E-05
   2.4637681E-01   1.4761513E+07   7.8300943E+06   2.2591251E+07   6.4236842E-05   3.8806735E-05   4.9597815E-05
   2.6086957E-01   1.3593544E+07   6.2392039E+06   1.9832453E+07   5.4074704E-05   3.5903067E-05   2.7812125E-05
   2.7536232E-01   1.2360440E+07   5.1394488E+06   1.7499570E+07   1.2125798E-04   8.9583642E-05   1.1194555E-04
   2.8985507E-01   1.1136759E+07   4.3226226E+06   1.5459230E+07   1.4442123E-04   1.1833964E-04   1.1854645E-04
   3.0434783E-01   9.8819328E+06   3.6414660E+06   1.3523254E+07   1.3960761E-04   7.6748464E-05   1.2171467E-04
   3.1884058E-01   8.6105408E+06   3.0798208E+06   1.1690189E+07   1.5884770E-04   4.9425587E-05   1.2930432E-04
   3.3333333E-01   7.4091164E+06   2.6302688E+06   1.0039220E+07   2.3178558E-04   9.5531362E-05   1.9604984E-04
   3.4782609E-01   6.1771957E+06   2.2335867E+06   8.4107509E+06   3.0721023E-04   1.3134204E-04   2.4637953E-04
   3.6231884E-01   5.1179051E+06   1.8720036E+06   6.9899087E+06   4.1464379E-04   2.0328526E-04   3.5771200E-04
   3.7681159E-01   4.2014168E+06   1.5567117E+06   5.7580993E+06   5.0422537E-04   1.4266707E-04   4.0530054E-04
   3.9130435E-01   3.4228369E+06   1.2767582E+06   4.6995390E+06   1.8273050E-04   2.5258128E-04   2.0167105E-04
   4.0579710E-01   2.7735057E+06   1.0018361E+06   3.7753418E+06   1.4598084E-04   2.5594241E-04   1.7511601E-04
   4.2028986E-01   2.2416464E+06   7.8718390E+05   3.0288303E+06   4.6459290E-04   8.7346639E-05   3.4870947E-04
   4.3478261E-01   1.7740384E+06   5.7201542E+05   2.3460538E+06   2.3141783E-04   3.1348559E-04   2.4297062E-04
   4.4927536E-01   1.3685213E+06   3.7928388E+05   1.7478052E+06   5.0859479E-04   5.0080635E-04   5.0456813E-04
   4.6376812E-01   9.9822336E+05   2.1408429E+05   1.2123077E+06   1.2645738E-04   5.0075632E-04   1.6431110E-04
   4.7826087E-01   6.4060896E+05   8.9918087E+04   7.3052705E+05   3.5479862E-04   2.8068797E-04   3.4366291E-04
   4.9275362E-01   2.8261350E+05   1.8898844E+04   3.0151234E+05   7.3036274E-04   2.7312580E-04   7.0140779E-04
   5.0724638E-01   2.7581615E+04   6.7113821E+02   2.8252754E+04   5.7585139E-03   5.1956588E-06   5.6218309E-03
   5.2173913E-01   3.6202975E+03   2.1048241E+01   3.6413457E+03   3.3029008E-03   2.0602778E-06   3.2838070E-03
   5.3623188E-01   2.2732101E+03   0.0000000E+00   2.2732101E+03   5.2317022E-03   0.0000000E+00   5.2317022E-03
   5.5072464E-01   1.5354138E+03   0.0000000E+00   1.5354138E+03   8.3862362E-06   0.0000000E+00   8.3862362E-06
   5.6521739E-01   9.7145729E+02   0.0000000E+00   9.7145729E+02   4.0781956E-06   0.0000000E+00   4.0781956E-06
   5.7971014E-01   6.0618935E+02   0.0000000E+00   6.0618935E+02   3.7634543E-06   0.0000000E+00   3.7634543E-06
   5.9420290E-01   3.1418350E+02   0.0000000E+00   3.1418350E+02   7.2256597E-05   0.0000000E+00   7.2256597E-05
   6.0869565E-01   7.2165398E+01   0.0000000E+00   7.2165398E+01   1.5870074E-05   0.0000000E+00   1.5870074E-05
   6.2318841E-01   1.4097427E+02   0.0000000E+00   1.4097427E+02   1.7647329E-05   0.0000000E+00   1.7647329E-05
   6.3768116E-01   8.6106441E+01   0.0000000E+00   8.6106441E+01   3.4823647E-06   0.0000000E+00   3.4823647E-06
   6.5217391E-01   1.6838593E+01   0.0000000E+00   1.6838593E+01   1.6323280E-05   0.0000000E+00   1.6323280E-05
   6.6666667E-01   1.6472537E+01   0.0000000E+00   1.6472537E+01   6.3038251E-06   0.0000000E+00   6.3038251E-06
   6.8115942E-01   0.0000000E+00   0.0000000E+00   0.0000000E+00   0.0000000E+00   0.0000000E+00   0.0000000E+00
   6.9565217E-01   0.0000000E+00   0.0000000E+00   0.0000000E+00   0.0000000E+00   0.0000000E+00   0.0000000E+00
   7.1014493E-01   0.0000000E+00   0.0000000E+00   0.0000000E+00   0.0000000E+00   0.0000000E+00   0.0000000E+00
   7.2463768E-01   0.0000000E+00   0.0000000E+00   0.0000000E+00   0.0000000E+00   0.0000000E+00   0.0000000E+00
   7.3913043E-01   0.0000000E+00   0.0000000E+00   0.0000000E+00   0.0000000E+00   0.0000000E+00   0.0000000E+00
   7.5362319E-01   0.0000000E+00   0.0000000E+00   0.0000000E+00   0.0000000E+00   0.0000000E+00   0.0000000E+00
   7.6811594E-01   0.0000000E+00   0.0000000E+00   0.0000000E+00   0.0000000E+00   0.0000000E+00   0.0000000E+00
   7.8260870E-01   0.0000000E+00   0.0000000E+00   0.0000000E+00   0.0000000E+00   0.0000000E+00   0.0000000E+00
   7.9710145E-01   0.0000000E+00   0.0000000E+00   0.0000000E+00   0.0000000E+00   0.0000000E+00   0.0000000E+00
   8.1159420E-01   0.0000000E+00   0.0000000E+00   0.0000000E+00   0.0000000E+00   0.0000000E+00   0.0000000E+00
   8.2608696E-01   0.0000000E+00   0.0000000E+00   0.0000000E+00   0.0000000E+00   0.0000000E+00   0.0000000E+00
   8.4057971E-01   0.0000000E+00   0.0000000E+00   0.0000000E+00   0.0000000E+00   0.0000000E+00   0.0000000E+00
   8.5507246E-01   0.0000000E+00   0.0000000E+00   0.0000000E+00   0.0000000E+00   0.0000000E+00   0.0000000E+00
   8.6956522E-01   0.0000000E+00   0.0000000E+00   0.0000000E+00   0.0000000E+00   0.0000000E+00   0.0000000E+00
   8.8405797E-01   0.0000000E+00   0.0000000E+00   0.0000000E+00   0.0000000E+00   0.0000000E+00   0.0000000E+00
   8.9855072E-01   0.0000000E+00   0.0000000E+00   0.0000000E+00   0.0000000E+00   0.0000000E+00   0.0000000E+00
   9.1304348E-01   0.0000000E+00   0.0000000E+00   0.0000000E+00   0.0000000E+00   0.0000000E+00   0.0000000E+00
   9.2753623E-01   0.0000000E+00   0.0000000E+00   0.0000000E+00   0.0000000E+00   0.0000000E+00   0.0000000E+00
   9.4202899E-01   0.0000000E+00   0.0000000E+00   0.0000000E+00   0.0000000E+00   0.0000000E+00   0.0000000E+00
   9.5652174E-01   0.0000000E+00   0.0000000E+00   0.0000000E+00   0.0000000E+00   0.0000000E+00   0.0000000E+00
   9.7101449E-01   0.0000000E+00   0.0000000E+00   0.0000000E+00   0.0000000E+00   0.0000000E+00   0.0000000E+00
   9.8550725E-01   0.0000000E+00   0.0000000E+00   0.0000000E+00   0.0000000E+00   0.0000000E+00   0.0000000E+00
   1.0000000E+00   0.0000000E+00   0.0000000E+00   0.0000000E+00   0.0000000E+00   0.0000000E+00   0.0000000E+00
