   0.0000000E+00   1.8616075E+07   1.0135486E+07   2.8751561E+07   3.2486023E-03   2.1506673E-04   2.0467209E-03
   1.4492754E-02   1.8618348E+07   1.0209744E+07   2.8828092E+07   2.3867993E-03   1.6563921E-04   1.4845702E-03
   2.8985507E-02   1.8804751E+07   1.0125635E+07   2.8930387E+07   6.5784944E-04   1.9121677E-04   4.2239939E-04
   4.3478261E-02   1.9074253E+07   1.0186507E+07   2.9260760E+07   7.1240111E-04   6.1505263E-05   4.6825008E-04
   5.7971014E-02   1.9533315E+07   1.0498821E+07   3.0032136E+07   5.1498671E-04   3.3030589E-05   3.2587182E-04
   7.2463768E-02   1.9814208E+07   1.0621195E+07   3.0435403E+07   1.4903641E-04   5.3412362E-05   8.0363759E-05
   8.6956522E-02   2.0402187E+07   1.0816312E+07   3.1218625E+07   5.8682102E-04   7.0202804E-05   4.0185342E-04
   1.0144928E-01   2.0911259E+07   1.1164059E+07   3.2075210E+07   6.4240196E-04   1.5204430E-05   4.1458183E-04
   1.1594203E-01   2.1499452E+07   1.1322007E+07   3.2821270E+07   2.3434690E-04   5.3418100E-05   1.3569587E-04
   1.3043478E-01   2.2067818E+07   1.1595476E+07   3.3662873E+07   3.2702538E-04   3.1254561E-05   2.1291285E-04
   1.4492754E-01   2.2692622E+07   1.1848425E+07   3.4540669E+07   4.8287249E-04   2.8375715E-05   3.2275917E-04
   1.5942029E-01   2.3257212E+07   1.2153959E+07   3.5410826E+07   6.1293896E-04   2.5237630E-05   4.0629680E-04
   1.7391304E-01   2.3968916E+07   1.2395183E+07   3.6363910E+07   2.4209232E-04   3.8621672E-05   1.4701804E-04
   1.8840580E-01   2.4378021E+07   1.2490881E+07   3.6868203E+07   4.1786943E-04   2.1434524E-05   2.8079569E-04
   2.0289855E-01   2.3929866E+07   1.2200102E+07   3.6129426E+07   7.7942261E-04   2.1520705E-05   5.2002528E-04
   2.1739130E-01   2.1708701E+07   1.1063612E+07   3.2771910E+07   3.0463233E-04   5.9336471E-05   1.9079877E-04
   2.3188406E-01   1.8338033E+07   9.2766861E+06   2.7614435E+07   1.9011913E-04   1.4279943E-04   1.3736093E-04
   2.4637681E-01   1.4976175E+07   7.6283135E+06   2.2604088E+07   3.4699599E-04   2.2876871E-04   2.9147797E-04
   2.6086957E-01   1.2651130E+07   6.3242388E+06   1.8975326E+07   4.8896424E-04   2.9344201E-04   3.8016094E-04
   2.7536232E-01   1.0770549E+07   5.3784947E+06   1.6148804E+07   4.6095551E-04   4.0525177E-04   4.3001038E-04
   2.8985507E-01   9.2929964E+06   4.5760476E+06   1.3868817E+07   6.7260072E-04   4.8669246E-04   5.6279294E-04
   3.0434783E-01   8.0561121E+06   3.9706846E+06   1.2026761E+07   9.0399086E-05   6.2230230E-04   2.5501683E-04
   3.1884058E-01   7.0006603E+06   3.4194246E+06   1.0420016E+07   1.3632645E-03   7.2518222E-04   1.1533861E-03
   3.3333333E-01   6.0885131E+06   2.9373827E+06   9.0257970E+06   2.5632933E-04   7.7820773E-04   3.6766899E-04
   3.4782609E-01   5.2769098E+06   2.5302722E+06   7.8070873E+06   1.6699681E-03   7.6281831E-04   1.3738097E-03
   3.6231884E-01   4.5410553E+06   2.1507598E+06   6.6918151E+06   1.5291921E-04   9.6348629E-04   4.1091405E-04
   3.7681159E-01   3.8927556E+06   1.8147794E+06   5.7075350E+06   1.6732297E-04   8.8218916E-04   3.0213702E-04
   3.9130435E-01   3.2721035E+06   1.4977928E+06   4.7698963E+06   1.4977137E-04   1.0128003E-03   3.7355211E-04
   4.0579710E-01   2.7158365E+06   1.2278040E+06   3.9435864E+06   1.0806217E-03   1.1240878E-03   9.4676189E-04
   4.2028986E-01   2.1988212E+06   9.7329971E+05   3.1720425E+06   1.0616270E-03   1.3249738E-03   1.0049107E-03
   4.3478261E-01   1.7105653E+06   7.3730305E+05   2.4478684E+06   1.2352917E-03   1.3770688E-03   1.2376070E-03
   4.4927536E-01   1.2712866E+06   5.1665420E+05   1.7879408E+06   1.0468563E-03   1.4825699E-03   9.8026050E-04
   4.6376812E-01   8.4745744E+05   3.2208545E+05   1.1695429E+06   1.9396711E-03   1.1541697E-03   1.5449290E-03
   4.7826087E-01   4.5794850E+05   1.6197196E+05   6.1992045E+05   4.8277573E-03   1.3436354E-03   3.9082339E-03
   4.9275362E-01   1.4987586E+05   4.1185217E+04   1.9106108E+05   1.6095035E-02   1.5645240E-03   1.2931926E-02
   5.0724638E-01   4.7239470E+04   7.1227248E+03   5.4362195E+04   5.5457116E-02   2.2599182E-05   4.8187982E-02
   5.2173913E-01   4.2854219E+04   4.9673849E+03   4.7821604E+04   7.2947226E-02   1.4940390E-04   6.5354793E-02
   5.3623188E-01   4.5013655E+04   5.3451155E+03   5.0358770E+04   7.9231299E-02   6.2126264E-06   7.0822165E-02
   5.5072464E-01   4.5623725E+04   4.8654671E+03   5.0489192E+04   8.0387327E-02   1.0034098E-05   7.2641453E-02
   5.6521739E-01   4.0704060E+04   3.7498251E+03   4.4453885E+04   7.7396993E-02   3.8913828E-06   7.0868581E-02
   5.7971014E-01   3.7204871E+04   2.9172862E+03   4.0122157E+04   6.8919055E-02   1.0796494E-05   6.3908701E-02
   5.9420290E-01   3.5761475E+04   2.0144707E+03   3.7775946E+04   5.3983247E-02   2.3051776E-04   5.1095601E-02
   6.0869565E-01   3.0868749E+04   1.7680523E+03   3.2636801E+04   4.5936656E-02   3.1909754E-05   4.3446589E-02
   6.2318841E-01   2.8600154E+04   1.3216338E+03   2.9921788E+04   3.9815418E-02   4.8885552E-06   3.8056836E-02
   6.3768116E-01   2.9620616E+04   8.7828570E+02   3.0498902E+04   3.4061920E-02   2.0902902E-06   3.3081003E-02
   6.5217391E-01   2.5409437E+04   5.5567357E+02   2.5965110E+04   3.0275357E-02   4.6655836E-06   2.9627508E-02
   6.6666667E-01   2.4774695E+04   4.1181342E+02   2.5186508E+04   2.5193716E-02   1.1409498E-05   2.4781938E-02
   6.8115942E-01   2.3796156E+04   3.7080731E+02   2.4166964E+04   1.8945612E-02   1.5524051E-04   1.8657112E-02
   6.9565217E-01   2.2148012E+04   4.1044070E+02   2.2558453E+04   1.6174520E-02   1.0593501E-06   1.5880234E-02
   7.1014493E-01   2.1479515E+04   2.9381627E+02   2.1773332E+04   1.2773660E-02   5.4141462E-07   1.2601295E-02
   7.2463768E-01   1.9761773E+04   2.1216627E+02   1.9973939E+04   1.1237262E-02   8.2843289E-06   1.1117860E-02
   7.3913043E-01   1.7665665E+04   1.7829098E+02   1.7843956E+04   8.9158014E-03   3.9969305E-05   8.8267374E-03
   7.5362319E-01   1.6509917E+04   5.8287437E+01   1.6568204E+04   9.1680787E-03   1.1876669E-05   9.1357915E-03
   7.6811594E-01   1.5655126E+04   1.1437535E+02   1.5769501E+04   6.7532811E-03   1.5139073E-05   6.7043259E-03
   7.8260870E-01   1.4607479E+04   7.0160804E+01   1.4677640E+04   4.8533939E-03   1.9543677E-06   4.8301992E-03
   7.9710145E-01   1.4286781E+04   4.1331092E+01   1.4328112E+04   2.4328071E-03   5.5803851E-05   2.4259497E-03
   8.1159420E-01   1.2827400E+04   1.3531012E+01   1.2840931E+04   2.0547446E-03   5.1969425E-06   2.0525740E-03
   8.2608696E-01   1.1459106E+04   5.3174504E+01   1.1512280E+04   2.0841981E-03   2.4868719E-05   2.0746861E-03
   8.4057971E-01   1.0307832E+04   1.3064426E+01   1.0320896E+04   2.3203695E-03   8.2148246E-06   2.3174427E-03
   8.5507246E-01   9.5166590E+03   1.2842995E+01   9.5295020E+03   9.1452877E-04   1.7258239E-05   9.1327314E-04
   8.6956522E-01   8.7518587E+03   2.5257889E+01   8.7771166E+03   5.4790730E-04   2.5146946E-06   5.4633727E-04
   8.8405797E-01   8.0990872E+03   1.2421913E+01   8.1115091E+03   6.3745411E-04   5.0080715E-06   6.3647036E-04
   8.9855072E-01   7.0640613E+03   0.0000000E+00   7.0640613E+03   1.3095870E-03   0.0000000E+00   1.3095870E-03
   9.1304348E-01   6.1941967E+03   1.2027566E+01   6.2062243E+03   1.7016765E-03   1.4061258E-05   1.6983519E-03
   9.2753623E-01   5.1502415E+03   1.1839636E+01   5.1620812E+03   5.1885600E-06   7.1565761E-06   5.1679770E-06
   9.4202899E-01   4.4531602E+03   0.0000000E+00   4.4531602E+03   2.3364745E-05   0.0000000E+00   2.3364745E-05
   9.5652174E-01   4.3971689E+03   0.0000000E+00   4.3971689E+03   1.0444530E-03   0.0000000E+00   1.0444530E-03
   9.7101449E-01   2.7142807E+03   1.1309503E+01   2.7255902E+03   3.8088399E-06   1.8444058E-06   3.7885102E-06
   9.8550725E-01   2.3177828E+03   0.0000000E+00   2.3177828E+03   3.7798164E-03   0.0000000E+00   3.7798164E-03
   1.0000000E+00   9.6290005E+02   0.0000000E+00   9.6290005E+02   1.8644613E-05   0.0000000E+00   1.8644613E-05
