   0.0000000E+00   1.8046257E+07   9.7354009E+06   2.7781658E+07   8.2582631E-04   1.1892306E-03   9.1001669E-04
   1.4492754E-02   1.8343290E+07   9.4686776E+06   2.7811967E+07   5.7508345E-04   1.0518224E-03   5.6923422E-04
   2.8985507E-02   1.8520979E+07   9.3811590E+06   2.7902138E+07   3.2163121E-04   4.7008287E-04   3.5134839E-04
   4.3478261E-02   1.8835818E+07   9.5858742E+06   2.8421693E+07   4.9760239E-04   4.0772620E-04   3.1896488E-04
   5.7971014E-02   1.9101784E+07   9.8102274E+06   2.8912011E+07   1.4515859E-04   1.4099631E-04   8.4051656E-05
   7.2463768E-02   1.9622955E+07   1.0055924E+07   2.9678273E+07   2.3676372E-04   2.7577545E-04   1.5140329E-04
   8.6956522E-02   2.0052617E+07   1.0219847E+07   3.0271833E+07   1.6518715E-04   3.5918755E-04   5.3157398E-05
   1.0144928E-01   2.0648541E+07   1.0549318E+07   3.1197535E+07   4.3062863E-05   2.8098397E-04   1.1923222E-04
   1.1594203E-01   2.1231403E+07   1.0788750E+07   3.2019584E+07   7.1293001E-05   3.4672381E-04   1.6344508E-04
   1.3043478E-01   2.1762955E+07   1.1088045E+07   3.2849990E+07   2.8350963E-04   1.1751227E-04   1.4857251E-04
   1.4492754E-01   2.2371191E+07   1.1435914E+07   3.3806271E+07   2.0528600E-04   7.7676256E-05   1.6126548E-04
   1.5942029E-01   2.3196524E+07   1.1805538E+07   3.5001304E+07   2.9434406E-05   2.5000516E-04   1.0382717E-04
   1.7391304E-01   2.3844395E+07   1.2169630E+07   3.6013015E+07   1.7393529E-04   3.8951957E-05   1.2107361E-04
   1.8840580E-01   2.4253986E+07   1.2457483E+07   3.6709836E+07   1.4528016E-04   2.4743871E-04   2.5549328E-05
   2.0289855E-01   2.3912167E+07   1.2193769E+07   3.6104746E+07   2.2173452E-04   4.8614744E-05   1.4057918E-04
   2.1739130E-01   2.1668743E+07   1.1052751E+07   3.2719878E+07   1.5624540E-04   4.0839847E-05   1.0021805E-04
   2.3188406E-01   1.8124351E+07   9.1667669E+06   2.7290408E+07   1.4408320E-04   2.8402425E-04   1.9164907E-04
   2.4637681E-01   1.4883197E+07   7.5241470E+06   2.2406586E+07   1.2854625E-04   3.6211749E-04   2.0549043E-04
   2.6086957E-01   1.2405497E+07   6.2176505E+06   1.8622894E+07   2.9241193E-04   2.2699918E-04   2.6929284E-04
   2.7536232E-01   1.0601095E+07   5.3166794E+06   1.5917535E+07   3.9439567E-04   4.1945584E-04   4.0200350E-04
   2.8985507E-01   9.2115397E+06   4.5697205E+06   1.3781071E+07   4.2235207E-04   5.5102667E-04   4.6375229E-04
   3.0434783E-01   8.0622101E+06   3.9738959E+06   1.2035781E+07   4.8017004E-04   3.1642364E-04   4.1016894E-04
   3.1884058E-01   7.1196594E+06   3.4703996E+06   1.0589852E+07   2.6603008E-04   3.1669077E-04   2.3895699E-04
   3.3333333E-01   6.2336361E+06   3.0466286E+06   9.2801000E+06   3.4571157E-04   2.1220329E-04   1.8167064E-04
   3.4782609E-01   5.5098192E+06   2.6397336E+06   8.1494265E+06   2.4472599E-04   6.8528171E-04   3.8429961E-04
   3.6231884E-01   4.8015349E+06   2.3120062E+06   7.1134501E+06   4.8840272E-04   6.2144613E-04   5.1049784E-04
   3.7681159E-01   4.1525427E+06   1.9838421E+06   6.1361517E+06   1.1373747E-03   6.9233484E-04   9.9335856E-04
   3.9130435E-01   3.5557776E+06   1.6916331E+06   5.2472985E+06   7.7920504E-04   1.3212399E-03   8.0300720E-04
   4.0579710E-01   2.9815585E+06   1.4046544E+06   4.3861859E+06   4.8269501E-04   2.4735155E-04   3.6657252E-04
   4.2028986E-01   2.4568436E+06   1.1529356E+06   3.6097530E+06   1.4678983E-03   3.0352321E-04   1.0384142E-03
   4.3478261E-01   1.9113403E+06   8.8455655E+05   2.7958716E+06   1.1877629E-03   2.1301593E-03   1.2813736E-03
   4.4927536E-01   1.3771009E+06   6.2779706E+05   2.0048735E+06   1.4243317E-03   1.8255392E-03   1.5494675E-03
   4.6376812E-01   8.6114406E+05   3.8950033E+05   1.2506444E+06   2.7623310E-03   4.2453611E-03   3.0720935E-03
   4.7826087E-01   4.1489528E+05   1.8351005E+05   5.9840532E+05   7.1019442E-03   5.4762191E-03   6.5645495E-03
   4.9275362E-01   1.3180161E+05   5.5270205E+04   1.8707182E+05   1.9276433E-02   1.4888778E-02   1.7945545E-02
   5.0724638E-01   2.3706333E+04   9.9155258E+03   3.3621859E+04   4.4195203E-02   4.3339138E-02   4.3930351E-02
   5.2173913E-01   1.5680940E+04   5.4725427E+03   2.1153482E+04   7.3081980E-02   6.8216038E-02   7.1820282E-02
   5.3623188E-01   1.4519873E+04   6.3486047E+03   2.0868478E+04   8.6017847E-02   7.6978636E-02   8.3246309E-02
   5.5072464E-01   1.4476759E+04   6.5604044E+03   2.1037163E+04   9.2861531E-02   8.2205162E-02   8.9535018E-02
   5.6521739E-01   1.5135305E+04   6.1978975E+03   2.1333202E+04   1.0085694E-01   7.7393072E-02   9.4033225E-02
   5.7971014E-01   1.5382055E+04   6.1376671E+03   2.1519722E+04   1.0398758E-01   1.0339117E-01   1.0380684E-01
   5.9420290E-01   1.5117771E+04   5.1563057E+03   2.0274077E+04   1.1429846E-01   8.7049177E-02   1.0731385E-01
   6.0869565E-01   1.4523286E+04   5.8814800E+03   2.0404766E+04   1.1566955E-01   9.9294606E-02   1.1093648E-01
   6.2318841E-01   1.3674504E+04   5.6565925E+03   1.9331096E+04   1.2128049E-01   1.2176283E-01   1.2136711E-01
   6.3768116E-01   1.3897580E+04   5.2008291E+03   1.9098409E+04   1.4161464E-01   1.2260703E-01   1.3629206E-01
   6.5217391E-01   1.2157464E+04   4.9168691E+03   1.7074333E+04   1.4029985E-01   1.2336988E-01   1.3541701E-01
   6.6666667E-01   1.1151907E+04   4.2004968E+03   1.5352404E+04   1.4449665E-01   1.3837346E-01   1.4274714E-01
   6.8115942E-01   1.0705046E+04   3.5629746E+03   1.4268021E+04   1.5436683E-01   1.3122285E-01   1.4846188E-01
   6.9565217E-01   9.4243500E+03   3.2519533E+03   1.2676303E+04   1.6384057E-01   1.5562594E-01   1.6173090E-01
   7.1014493E-01   8.1959274E+03   3.0309467E+03   1.1226874E+04   1.6583509E-01   1.5249338E-01   1.6219444E-01
   7.2463768E-01   7.6379858E+03   2.5611500E+03   1.0199136E+04   1.7873864E-01   1.6563607E-01   1.7539550E-01
   7.3913043E-01   6.2401845E+03   2.1543494E+03   8.3945339E+03   1.8108452E-01   1.6769408E-01   1.7763575E-01
   7.5362319E-01   5.6684533E+03   2.0837759E+03   7.7522292E+03   1.8553970E-01   1.6567463E-01   1.8014173E-01
   7.6811594E-01   5.0754061E+03   1.6870364E+03   6.7624425E+03   1.9550621E-01   1.7362403E-01   1.9004723E-01
   7.8260870E-01   3.9711015E+03   1.6978915E+03   5.6689930E+03   2.0905146E-01   1.7207740E-01   1.9778591E-01
   7.9710145E-01   4.1882173E+03   1.2399328E+03   5.4281501E+03   2.0995985E-01   1.9196352E-01   2.0563858E-01
   8.1159420E-01   3.2068499E+03   1.2313221E+03   4.4381720E+03   2.2079598E-01   2.0508011E-01   2.1630079E-01
   8.2608696E-01   3.0974149E+03   1.0900773E+03   4.1874922E+03   2.2255751E-01   2.2287317E-01   2.2218110E-01
   8.4057971E-01   2.5214341E+03   1.0190252E+03   3.5404593E+03   2.4248118E-01   2.5776834E-01   2.4687804E-01
   8.5507246E-01   2.0805651E+03   7.3205069E+02   2.8126158E+03   2.4209453E-01   2.3790917E-01   2.4099591E-01
   8.6956522E-01   1.6796496E+03   6.6933407E+02   2.3489837E+03   2.5981866E-01   2.3917474E-01   2.5340118E-01
   8.8405797E-01   1.7266459E+03   4.7203269E+02   2.1986786E+03   2.6410658E-01   2.0897279E-01   2.5226022E-01
   8.9855072E-01   1.3321500E+03   3.6664678E+02   1.6987968E+03   2.9020914E-01   2.4174187E-01   2.7974607E-01
   9.1304348E-01   1.4553355E+03   3.7285456E+02   1.8281901E+03   2.8102875E-01   2.8666462E-01   2.8092545E-01
   9.2753623E-01   1.0182087E+03   3.0783053E+02   1.3260392E+03   2.9512280E-01   2.6834168E-01   2.8791513E-01
   9.4202899E-01   9.2094151E+02   2.7977970E+02   1.2007212E+03   3.1915146E-01   2.4107035E-01   3.0095589E-01
   9.5652174E-01   6.5440895E+02   2.7554061E+02   9.2994957E+02   3.3282177E-01   2.8767003E-01   3.1799004E-01
   9.7101449E-01   3.9583260E+02   2.3749956E+02   6.3333215E+02   3.1465621E-01   3.5216551E-01   3.2531317E-01
   9.8550725E-01   2.8972285E+02   1.0028868E+02   3.9001153E+02   3.0103987E-01   3.9000294E-01   3.2358171E-01
   1.0000000E+00   8.7536368E+01   4.3768184E+01   1.3130455E+02   3.0977371E-01   3.8811533E-01   3.1399372E-01
