   0.0000000E+00   0.0000000E+00   0.0000000E+00   5.6321671E+10   0.0000000E+00   0.0000000E+00   1.1425802E-07
   1.4492754E-02   0.0000000E+00   0.0000000E+00   2.3535301E+06   0.0000000E+00   0.0000000E+00   3.0744063E-03
   2.8985507E-02   0.0000000E+00   0.0000000E+00   1.9970150E+06   0.0000000E+00   0.0000000E+00   1.9364029E-03
   4.3478261E-02   0.0000000E+00   0.0000000E+00   1.8895427E+06   0.0000000E+00   0.0000000E+00   4.0916207E-04
   5.7971014E-02   0.0000000E+00   0.0000000E+00   1.8350488E+06   0.0000000E+00   0.0000000E+00   6.8861795E-04
   7.2463768E-02   0.0000000E+00   0.0000000E+00   1.8549394E+06   0.0000000E+00   0.0000000E+00   1.6944655E-03
   8.6956522E-02   0.0000000E+00   0.0000000E+00   1.8365011E+06   0.0000000E+00   0.0000000E+00   8.4108587E-04
   1.0144928E-01   0.0000000E+00   0.0000000E+00   1.8280939E+06   0.0000000E+00   0.0000000E+00   1.8217249E-03
   1.1594203E-01   0.0000000E+00   0.0000000E+00   1.8536134E+06   0.0000000E+00   0.0000000E+00   9.5749796E-04
   1.3043478E-01   0.0000000E+00   0.0000000E+00   1.8696732E+06   0.0000000E+00   0.0000000E+00   1.2577062E-03
   1.4492754E-01   0.0000000E+00   0.0000000E+00   1.8769138E+06   0.0000000E+00   0.0000000E+00   4.9789720E-04
   1.5942029E-01   0.0000000E+00   0.0000000E+00   1.8605191E+06   0.0000000E+00   0.0000000E+00   3.4850937E-04
   1.7391304E-01   0.0000000E+00   0.0000000E+00   1.8466674E+06   0.0000000E+00   0.0000000E+00   5.4871881E-04
   1.8840580E-01   0.0000000E+00   0.0000000E+00   1.8264368E+06   0.0000000E+00   0.0000000E+00   5.8415807E-04
   2.0289855E-01   0.0000000E+00   0.0000000E+00   1.7923720E+06   0.0000000E+00   0.0000000E+00   4.1341739E-04
   2.1739130E-01   0.0000000E+00   0.0000000E+00   1.7444109E+06   0.0000000E+00   0.0000000E+00   1.9479806E-04
   2.3188406E-01   0.0000000E+00   0.0000000E+00   1.7023502E+06   0.0000000E+00   0.0000000E+00   3.0015624E-04
   2.4637681E-01   0.0000000E+00   0.0000000E+00   1.6298916E+06   0.0000000E+00   0.0000000E+00   2.5927023E-04
   2.6086957E-01   0.0000000E+00   0.0000000E+00   1.5532760E+06   0.0000000E+00   0.0000000E+00   1.9658989E-04
   2.7536232E-01   0.0000000E+00   0.0000000E+00   1.4882347E+06   0.0000000E+00   0.0000000E+00   6.0549269E-05
   2.8985507E-01   0.0000000E+00   0.0000000E+00   1.4240903E+06   0.0000000E+00   0.0000000E+00   4.0158882E-04
   3.0434783E-01   0.0000000E+00   0.0000000E+00   1.3516218E+06   0.0000000E+00   0.0000000E+00   4.1715968E-04
   3.1884058E-01   0.0000000E+00   0.0000000E+00   1.2722399E+06   0.0000000E+00   0.0000000E+00   2.2355041E-04
   3.3333333E-01   0.0000000E+00   0.0000000E+00   1.2159368E+06   0.0000000E+00   0.0000000E+00   1.0704575E-04
   3.4782609E-01   0.0000000E+00   0.0000000E+00   1.1514125E+06   0.0000000E+00   0.0000000E+00   3.7955822E-04
   3.6231884E-01   0.0000000E+00   0.0000000E+00   1.0884433E+06   0.0000000E+00   0.0000000E+00   6.0323602E-04
   3.7681159E-01   0.0000000E+00   0.0000000E+00   1.0290064E+06   0.0000000E+00   0.0000000E+00   4.4888672E-04
   3.9130435E-01   0.0000000E+00   0.0000000E+00   9.7495453E+05   0.0000000E+00   0.0000000E+00   2.9817172E-04
   4.0579710E-01   0.0000000E+00   0.0000000E+00   9.2495293E+05   0.0000000E+00   0.0000000E+00   2.7154306E-04
   4.2028986E-01   0.0000000E+00   0.0000000E+00   8.6854914E+05   0.0000000E+00   0.0000000E+00   3.2077939E-04
   4.3478261E-01   0.0000000E+00   0.0000000E+00   8.1918913E+05   0.0000000E+00   0.0000000E+00   6.1461567E-04
   4.4927536E-01   0.0000000E+00   0.0000000E+00   7.8584627E+05   0.0000000E+00   0.0000000E+00   3.9967498E-04
   4.6376812E-01   0.0000000E+00   0.0000000E+00   7.3872223E+05   0.0000000E+00   0.0000000E+00   1.6189534E-04
   4.7826087E-01   0.0000000E+00   0.0000000E+00   6.9114770E+05   0.0000000E+00   0.0000000E+00   1.5131961E-04
   4.9275362E-01   0.0000000E+00   0.0000000E+00   6.5967664E+05   0.0000000E+00   0.0000000E+00   6.6422969E-04
   5.0724638E-01   0.0000000E+00   0.0000000E+00   6.1513064E+05   0.0000000E+00   0.0000000E+00   6.9809239E-04
   5.2173913E-01   0.0000000E+00   0.0000000E+00   5.6777631E+05   0.0000000E+00   0.0000000E+00   2.3366449E-04
   5.3623188E-01   0.0000000E+00   0.0000000E+00   5.2990369E+05   0.0000000E+00   0.0000000E+00   5.3053579E-05
   5.5072464E-01   0.0000000E+00   0.0000000E+00   4.9871038E+05   0.0000000E+00   0.0000000E+00   9.7176227E-05
   5.6521739E-01   0.0000000E+00   0.0000000E+00   4.5926615E+05   0.0000000E+00   0.0000000E+00   4.3450843E-04
   5.7971014E-01   0.0000000E+00   0.0000000E+00   4.1724771E+05   0.0000000E+00   0.0000000E+00   8.8605729E-04
   5.9420290E-01   0.0000000E+00   0.0000000E+00   3.8590975E+05   0.0000000E+00   0.0000000E+00   9.1550134E-04
   6.0869565E-01   0.0000000E+00   0.0000000E+00   3.5862595E+05   0.0000000E+00   0.0000000E+00   4.0338247E-04
   6.2318841E-01   0.0000000E+00   0.0000000E+00   3.3000314E+05   0.0000000E+00   0.0000000E+00   4.4298368E-04
   6.3768116E-01   0.0000000E+00   0.0000000E+00   3.0120033E+05   0.0000000E+00   0.0000000E+00   3.7474367E-04
   6.5217391E-01   0.0000000E+00   0.0000000E+00   2.7744950E+05   0.0000000E+00   0.0000000E+00   1.6714173E-03
   6.6666667E-01   0.0000000E+00   0.0000000E+00   2.6057906E+05   0.0000000E+00   0.0000000E+00   1.7831493E-03
   6.8115942E-01   0.0000000E+00   0.0000000E+00   2.4046048E+05   0.0000000E+00   0.0000000E+00   2.4257833E-03
   6.9565217E-01   0.0000000E+00   0.0000000E+00   2.2459000E+05   0.0000000E+00   0.0000000E+00   2.3545426E-03
   7.1014493E-01   0.0000000E+00   0.0000000E+00   2.1403742E+05   0.0000000E+00   0.0000000E+00   1.7996401E-03
   7.2463768E-01   0.0000000E+00   0.0000000E+00   2.0051228E+05   0.0000000E+00   0.0000000E+00   2.2959921E-03
   7.3913043E-01   0.0000000E+00   0.0000000E+00   1.8834957E+05   0.0000000E+00   0.0000000E+00   2.3570914E-03
   7.5362319E-01   0.0000000E+00   0.0000000E+00   1.7576577E+05   0.0000000E+00   0.0000000E+00   1.9354382E-03
   7.6811594E-01   0.0000000E+00   0.0000000E+00   1.6740262E+05   0.0000000E+00   0.0000000E+00   1.8673977E-03
   7.8260870E-01   0.0000000E+00   0.0000000E+00   1.5713214E+05   0.0000000E+00   0.0000000E+00   1.2041527E-03
   7.9710145E-01   0.0000000E+00   0.0000000E+00   1.4683559E+05   0.0000000E+00   0.0000000E+00   3.8119613E-04
   8.1159420E-01   0.0000000E+00   0.0000000E+00   1.3907174E+05   0.0000000E+00   0.0000000E+00   3.4659592E-04
   8.2608696E-01   0.0000000E+00   0.0000000E+00   1.3070293E+05   0.0000000E+00   0.0000000E+00   1.3961268E-03
   8.4057971E-01   0.0000000E+00   0.0000000E+00   1.2372011E+05   0.0000000E+00   0.0000000E+00   3.8150706E-03
   8.5507246E-01   0.0000000E+00   0.0000000E+00   1.1475216E+05   0.0000000E+00   0.0000000E+00   4.5589951E-03
   8.6956522E-01   0.0000000E+00   0.0000000E+00   1.0657566E+05   0.0000000E+00   0.0000000E+00   4.8060383E-03
   8.8405797E-01   0.0000000E+00   0.0000000E+00   9.8679676E+04   0.0000000E+00   0.0000000E+00   4.3440098E-03
   8.9855072E-01   0.0000000E+00   0.0000000E+00   9.2113893E+04   0.0000000E+00   0.0000000E+00   5.7192735E-03
   9.1304348E-01   0.0000000E+00   0.0000000E+00   8.4229048E+04   0.0000000E+00   0.0000000E+00   6.6536964E-03
   9.2753623E-01   0.0000000E+00   0.0000000E+00   7.4471308E+04   0.0000000E+00   0.0000000E+00   1.0993683E-02
   9.4202899E-01   0.0000000E+00   0.0000000E+00   6.5316902E+04   0.0000000E+00   0.0000000E+00   8.9856856E-03
   9.5652174E-01   0.0000000E+00   0.0000000E+00   5.2811951E+04   0.0000000E+00   0.0000000E+00   5.2441173E-03
   9.7101449E-01   0.0000000E+00   0.0000000E+00   3.6733265E+04   0.0000000E+00   0.0000000E+00   8.8110567E-03
   9.8550725E-01   0.0000000E+00   0.0000000E+00   1.6982216E+04   0.0000000E+00   0.0000000E+00   1.9049889E-02
   1.0000000E+00   0.0000000E+00   0.0000000E+00   6.2807344E+03   0.0000000E+00   0.0000000E+00   5.4254933E-02
