   0.0000000E+00   0.0000000E+00   0.0000000E+00   5.9167966E+10   0.0000000E+00   0.0000000E+00   2.8436895E-07
   1.4492754E-02   0.0000000E+00   0.0000000E+00   8.8579418E+05   0.0000000E+00   0.0000000E+00   9.3300953E-03
   2.8985507E-02   0.0000000E+00   0.0000000E+00   7.5963103E+05   0.0000000E+00   0.0000000E+00   4.8694414E-03
   4.3478261E-02   0.0000000E+00   0.0000000E+00   7.1277764E+05   0.0000000E+00   0.0000000E+00   5.0485162E-03
   5.7971014E-02   0.0000000E+00   0.0000000E+00   6.7874263E+05   0.0000000E+00   0.0000000E+00   3.3178450E-03
   7.2463768E-02   0.0000000E+00   0.0000000E+00   6.6135258E+05   0.0000000E+00   0.0000000E+00   2.8129370E-03
   8.6956522E-02   0.0000000E+00   0.0000000E+00   6.3725655E+05   0.0000000E+00   0.0000000E+00   5.7092246E-03
   1.0144928E-01   0.0000000E+00   0.0000000E+00   6.3628232E+05   0.0000000E+00   0.0000000E+00   5.0520336E-03
   1.1594203E-01   0.0000000E+00   0.0000000E+00   6.3005805E+05   0.0000000E+00   0.0000000E+00   3.9266219E-03
   1.3043478E-01   0.0000000E+00   0.0000000E+00   6.1149350E+05   0.0000000E+00   0.0000000E+00   4.7554146E-03
   1.4492754E-01   0.0000000E+00   0.0000000E+00   6.1134196E+05   0.0000000E+00   0.0000000E+00   6.8607940E-03
   1.5942029E-01   0.0000000E+00   0.0000000E+00   6.0136739E+05   0.0000000E+00   0.0000000E+00   8.7421837E-03
   1.7391304E-01   0.0000000E+00   0.0000000E+00   5.9071889E+05   0.0000000E+00   0.0000000E+00   1.1272609E-02
   1.8840580E-01   0.0000000E+00   0.0000000E+00   5.7698734E+05   0.0000000E+00   0.0000000E+00   1.1716153E-02
   2.0289855E-01   0.0000000E+00   0.0000000E+00   5.5276891E+05   0.0000000E+00   0.0000000E+00   1.3603309E-02
   2.1739130E-01   0.0000000E+00   0.0000000E+00   5.4067038E+05   0.0000000E+00   0.0000000E+00   1.5479195E-02
   2.3188406E-01   0.0000000E+00   0.0000000E+00   5.3145757E+05   0.0000000E+00   0.0000000E+00   1.6600696E-02
   2.4637681E-01   0.0000000E+00   0.0000000E+00   5.2114455E+05   0.0000000E+00   0.0000000E+00   1.7400570E-02
   2.6086957E-01   0.0000000E+00   0.0000000E+00   5.0574714E+05   0.0000000E+00   0.0000000E+00   1.7326130E-02
   2.7536232E-01   0.0000000E+00   0.0000000E+00   4.9125266E+05   0.0000000E+00   0.0000000E+00   1.7282538E-02
   2.8985507E-01   0.0000000E+00   0.0000000E+00   4.7657849E+05   0.0000000E+00   0.0000000E+00   1.9427154E-02
   3.0434783E-01   0.0000000E+00   0.0000000E+00   4.6045133E+05   0.0000000E+00   0.0000000E+00   2.2964086E-02
   3.1884058E-01   0.0000000E+00   0.0000000E+00   4.4334485E+05   0.0000000E+00   0.0000000E+00   2.4255125E-02
   3.3333333E-01   0.0000000E+00   0.0000000E+00   4.2459610E+05   0.0000000E+00   0.0000000E+00   2.2493832E-02
   3.4782609E-01   0.0000000E+00   0.0000000E+00   4.0321063E+05   0.0000000E+00   0.0000000E+00   2.3018110E-02
   3.6231884E-01   0.0000000E+00   0.0000000E+00   3.8195991E+05   0.0000000E+00   0.0000000E+00   2.3878642E-02
   3.7681159E-01   0.0000000E+00   0.0000000E+00   3.6782287E+05   0.0000000E+00   0.0000000E+00   2.2170512E-02
   3.9130435E-01   0.0000000E+00   0.0000000E+00   3.4825017E+05   0.0000000E+00   0.0000000E+00   2.2736285E-02
   4.0579710E-01   0.0000000E+00   0.0000000E+00   3.2785643E+05   0.0000000E+00   0.0000000E+00   2.5543642E-02
   4.2028986E-01   0.0000000E+00   0.0000000E+00   3.1098559E+05   0.0000000E+00   0.0000000E+00   2.8939605E-02
   4.3478261E-01   0.0000000E+00   0.0000000E+00   2.9736113E+05   0.0000000E+00   0.0000000E+00   3.0954389E-02
   4.4927536E-01   0.0000000E+00   0.0000000E+00   2.7806492E+05   0.0000000E+00   0.0000000E+00   3.1930122E-02
   4.6376812E-01   0.0000000E+00   0.0000000E+00   2.5902755E+05   0.0000000E+00   0.0000000E+00   3.3407081E-02
   4.7826087E-01   0.0000000E+00   0.0000000E+00   2.4759620E+05   0.0000000E+00   0.0000000E+00   3.3308172E-02
   4.9275362E-01   0.0000000E+00   0.0000000E+00   2.3128798E+05   0.0000000E+00   0.0000000E+00   3.6391850E-02
   5.0724638E-01   0.0000000E+00   0.0000000E+00   2.1214462E+05   0.0000000E+00   0.0000000E+00   3.9047402E-02
   5.2173913E-01   0.0000000E+00   0.0000000E+00   1.9909531E+05   0.0000000E+00   0.0000000E+00   3.8775992E-02
   5.3623188E-01   0.0000000E+00   0.0000000E+00   1.8775486E+05   0.0000000E+00   0.0000000E+00   4.0864922E-02
   5.5072464E-01   0.0000000E+00   0.0000000E+00   1.7404015E+05   0.0000000E+00   0.0000000E+00   4.3147997E-02
   5.6521739E-01   0.0000000E+00   0.0000000E+00   1.6102876E+05   0.0000000E+00   0.0000000E+00   4.4400393E-02
   5.7971014E-01   0.0000000E+00   0.0000000E+00   1.5162311E+05   0.0000000E+00   0.0000000E+00   4.1843413E-02
   5.9420290E-01   0.0000000E+00   0.0000000E+00   1.4141954E+05   0.0000000E+00   0.0000000E+00   4.2477759E-02
   6.0869565E-01   0.0000000E+00   0.0000000E+00   1.2915802E+05   0.0000000E+00   0.0000000E+00   4.4995831E-02
   6.2318841E-01   0.0000000E+00   0.0000000E+00   1.1799546E+05   0.0000000E+00   0.0000000E+00   4.6798321E-02
   6.3768116E-01   0.0000000E+00   0.0000000E+00   1.0902798E+05   0.0000000E+00   0.0000000E+00   4.9483346E-02
   6.5217391E-01   0.0000000E+00   0.0000000E+00   1.0263122E+05   0.0000000E+00   0.0000000E+00   4.9997987E-02
   6.6666667E-01   0.0000000E+00   0.0000000E+00   9.4733558E+04   0.0000000E+00   0.0000000E+00   4.9237398E-02
   6.8115942E-01   0.0000000E+00   0.0000000E+00   8.8751924E+04   0.0000000E+00   0.0000000E+00   4.9052204E-02
   6.9565217E-01   0.0000000E+00   0.0000000E+00   8.1567197E+04   0.0000000E+00   0.0000000E+00   5.3218995E-02
   7.1014493E-01   0.0000000E+00   0.0000000E+00   7.3082930E+04   0.0000000E+00   0.0000000E+00   5.3249234E-02
   7.2463768E-01   0.0000000E+00   0.0000000E+00   6.7105161E+04   0.0000000E+00   0.0000000E+00   5.8547721E-02
   7.3913043E-01   0.0000000E+00   0.0000000E+00   6.1554962E+04   0.0000000E+00   0.0000000E+00   6.3287773E-02
   7.5362319E-01   0.0000000E+00   0.0000000E+00   5.7063401E+04   0.0000000E+00   0.0000000E+00   5.7362685E-02
   7.6811594E-01   0.0000000E+00   0.0000000E+00   5.2927193E+04   0.0000000E+00   0.0000000E+00   5.7283719E-02
   7.8260870E-01   0.0000000E+00   0.0000000E+00   4.8719662E+04   0.0000000E+00   0.0000000E+00   5.8854799E-02
   7.9710145E-01   0.0000000E+00   0.0000000E+00   4.4375816E+04   0.0000000E+00   0.0000000E+00   5.8949917E-02
   8.1159420E-01   0.0000000E+00   0.0000000E+00   4.0038265E+04   0.0000000E+00   0.0000000E+00   6.3452707E-02
   8.2608696E-01   0.0000000E+00   0.0000000E+00   3.6491003E+04   0.0000000E+00   0.0000000E+00   6.8904306E-02
   8.4057971E-01   0.0000000E+00   0.0000000E+00   3.4124280E+04   0.0000000E+00   0.0000000E+00   6.9569305E-02
   8.5507246E-01   0.0000000E+00   0.0000000E+00   3.0258095E+04   0.0000000E+00   0.0000000E+00   6.5320248E-02
   8.6956522E-01   0.0000000E+00   0.0000000E+00   2.7228005E+04   0.0000000E+00   0.0000000E+00   6.2034402E-02
   8.8405797E-01   0.0000000E+00   0.0000000E+00   2.5862423E+04   0.0000000E+00   0.0000000E+00   6.4235667E-02
   8.9855072E-01   0.0000000E+00   0.0000000E+00   2.3355400E+04   0.0000000E+00   0.0000000E+00   6.8223404E-02
   9.1304348E-01   0.0000000E+00   0.0000000E+00   1.9917650E+04   0.0000000E+00   0.0000000E+00   7.4146738E-02
   9.2753623E-01   0.0000000E+00   0.0000000E+00   1.7262189E+04   0.0000000E+00   0.0000000E+00   7.3049413E-02
   9.4202899E-01   0.0000000E+00   0.0000000E+00   1.5399541E+04   0.0000000E+00   0.0000000E+00   6.8627533E-02
   9.5652174E-01   0.0000000E+00   0.0000000E+00   1.3099660E+04   0.0000000E+00   0.0000000E+00   6.7225325E-02
   9.7101449E-01   0.0000000E+00   0.0000000E+00   1.0178552E+04   0.0000000E+00   0.0000000E+00   6.7698916E-02
   9.8550725E-01   0.0000000E+00   0.0000000E+00   5.3710159E+03   0.0000000E+00   0.0000000E+00   5.9934554E-02
   1.0000000E+00   0.0000000E+00   0.0000000E+00   2.2978297E+03   0.0000000E+00   0.0000000E+00   3.0854155E-02
