   0.0000000E+00   0.0000000E+00   0.0000000E+00   5.8289598E+10   0.0000000E+00   0.0000000E+00   8.9826727E-07
   1.4492754E-02   0.0000000E+00   0.0000000E+00   2.1678847E+06   0.0000000E+00   0.0000000E+00   1.9298398E-03
   2.8985507E-02   0.0000000E+00   0.0000000E+00   1.7549182E+06   0.0000000E+00   0.0000000E+00   5.7302702E-03
   4.3478261E-02   0.0000000E+00   0.0000000E+00   1.6579279E+06   0.0000000E+00   0.0000000E+00   6.4208898E-03
   5.7971014E-02   0.0000000E+00   0.0000000E+00   1.6444780E+06   0.0000000E+00   0.0000000E+00   1.1621901E-02
   7.2463768E-02   0.0000000E+00   0.0000000E+00   1.6106451E+06   0.0000000E+00   0.0000000E+00   1.8969017E-02
   8.6956522E-02   0.0000000E+00   0.0000000E+00   1.5937728E+06   0.0000000E+00   0.0000000E+00   2.2420161E-02
   1.0144928E-01   0.0000000E+00   0.0000000E+00   1.6001234E+06   0.0000000E+00   0.0000000E+00   2.7182902E-02
   1.1594203E-01   0.0000000E+00   0.0000000E+00   1.6093380E+06   0.0000000E+00   0.0000000E+00   3.2362389E-02
   1.3043478E-01   0.0000000E+00   0.0000000E+00   1.5696936E+06   0.0000000E+00   0.0000000E+00   3.4818999E-02
   1.4492754E-01   0.0000000E+00   0.0000000E+00   1.5349472E+06   0.0000000E+00   0.0000000E+00   3.4682817E-02
   1.5942029E-01   0.0000000E+00   0.0000000E+00   1.4897103E+06   0.0000000E+00   0.0000000E+00   3.4098052E-02
   1.7391304E-01   0.0000000E+00   0.0000000E+00   1.4267550E+06   0.0000000E+00   0.0000000E+00   3.1694899E-02
   1.8840580E-01   0.0000000E+00   0.0000000E+00   1.3600208E+06   0.0000000E+00   0.0000000E+00   2.7655255E-02
   2.0289855E-01   0.0000000E+00   0.0000000E+00   1.2530800E+06   0.0000000E+00   0.0000000E+00   2.6101893E-02
   2.1739130E-01   0.0000000E+00   0.0000000E+00   1.1600949E+06   0.0000000E+00   0.0000000E+00   2.5356427E-02
   2.3188406E-01   0.0000000E+00   0.0000000E+00   1.0744706E+06   0.0000000E+00   0.0000000E+00   2.2085846E-02
   2.4637681E-01   0.0000000E+00   0.0000000E+00   9.8224961E+05   0.0000000E+00   0.0000000E+00   2.0197434E-02
   2.6086957E-01   0.0000000E+00   0.0000000E+00   8.9071947E+05   0.0000000E+00   0.0000000E+00   1.8674727E-02
   2.7536232E-01   0.0000000E+00   0.0000000E+00   8.0168541E+05   0.0000000E+00   0.0000000E+00   1.7363485E-02
   2.8985507E-01   0.0000000E+00   0.0000000E+00   7.2602540E+05   0.0000000E+00   0.0000000E+00   1.6231109E-02
   3.0434783E-01   0.0000000E+00   0.0000000E+00   6.5407109E+05   0.0000000E+00   0.0000000E+00   1.3941581E-02
   3.1884058E-01   0.0000000E+00   0.0000000E+00   5.8745259E+05   0.0000000E+00   0.0000000E+00   1.3650758E-02
   3.3333333E-01   0.0000000E+00   0.0000000E+00   5.3819072E+05   0.0000000E+00   0.0000000E+00   1.3630604E-02
   3.4782609E-01   0.0000000E+00   0.0000000E+00   4.8814029E+05   0.0000000E+00   0.0000000E+00   1.1641658E-02
   3.6231884E-01   0.0000000E+00   0.0000000E+00   4.3603200E+05   0.0000000E+00   0.0000000E+00   8.6707363E-03
   3.7681159E-01   0.0000000E+00   0.0000000E+00   4.0110500E+05   0.0000000E+00   0.0000000E+00   6.6664982E-03
   3.9130435E-01   0.0000000E+00   0.0000000E+00   3.7154355E+05   0.0000000E+00   0.0000000E+00   5.1514860E-03
   4.0579710E-01   0.0000000E+00   0.0000000E+00   3.4355240E+05   0.0000000E+00   0.0000000E+00   5.5313469E-03
   4.2028986E-01   0.0000000E+00   0.0000000E+00   3.1958198E+05   0.0000000E+00   0.0000000E+00   3.3167628E-03
   4.3478261E-01   0.0000000E+00   0.0000000E+00   3.0155394E+05   0.0000000E+00   0.0000000E+00   1.6859476E-03
   4.4927536E-01   0.0000000E+00   0.0000000E+00   2.8361351E+05   0.0000000E+00   0.0000000E+00   1.3460830E-03
   4.6376812E-01   0.0000000E+00   0.0000000E+00   2.6722058E+05   0.0000000E+00   0.0000000E+00   3.9142629E-03
   4.7826087E-01   0.0000000E+00   0.0000000E+00   2.5547207E+05   0.0000000E+00   0.0000000E+00   4.7183102E-03
   4.9275362E-01   0.0000000E+00   0.0000000E+00   2.4082655E+05   0.0000000E+00   0.0000000E+00   2.0597032E-03
   5.0724638E-01   0.0000000E+00   0.0000000E+00   2.2857668E+05   0.0000000E+00   0.0000000E+00   2.8782016E-03
   5.2173913E-01   0.0000000E+00   0.0000000E+00   2.1921743E+05   0.0000000E+00   0.0000000E+00   3.1184828E-03
   5.3623188E-01   0.0000000E+00   0.0000000E+00   2.0895101E+05   0.0000000E+00   0.0000000E+00   1.8628250E-03
   5.5072464E-01   0.0000000E+00   0.0000000E+00   1.9713118E+05   0.0000000E+00   0.0000000E+00   1.5646340E-03
   5.6521739E-01   0.0000000E+00   0.0000000E+00   1.8962846E+05   0.0000000E+00   0.0000000E+00   1.2266064E-03
   5.7971014E-01   0.0000000E+00   0.0000000E+00   1.8445205E+05   0.0000000E+00   0.0000000E+00   2.8732388E-03
   5.9420290E-01   0.0000000E+00   0.0000000E+00   1.7740279E+05   0.0000000E+00   0.0000000E+00   4.5944029E-03
   6.0869565E-01   0.0000000E+00   0.0000000E+00   1.6924590E+05   0.0000000E+00   0.0000000E+00   4.3223768E-03
   6.2318841E-01   0.0000000E+00   0.0000000E+00   1.6236711E+05   0.0000000E+00   0.0000000E+00   1.4030445E-03
   6.3768116E-01   0.0000000E+00   0.0000000E+00   1.5511214E+05   0.0000000E+00   0.0000000E+00   4.1883268E-03
   6.5217391E-01   0.0000000E+00   0.0000000E+00   1.4908890E+05   0.0000000E+00   0.0000000E+00   5.2525967E-03
   6.6666667E-01   0.0000000E+00   0.0000000E+00   1.4275100E+05   0.0000000E+00   0.0000000E+00   4.3593379E-03
   6.8115942E-01   0.0000000E+00   0.0000000E+00   1.3826276E+05   0.0000000E+00   0.0000000E+00   3.2586866E-03
   6.9565217E-01   0.0000000E+00   0.0000000E+00   1.3588745E+05   0.0000000E+00   0.0000000E+00   3.2268953E-03
   7.1014493E-01   0.0000000E+00   0.0000000E+00   1.3116577E+05   0.0000000E+00   0.0000000E+00   3.7809464E-03
   7.2463768E-01   0.0000000E+00   0.0000000E+00   1.2516295E+05   0.0000000E+00   0.0000000E+00   2.6612202E-03
   7.3913043E-01   0.0000000E+00   0.0000000E+00   1.2114872E+05   0.0000000E+00   0.0000000E+00   2.8423732E-03
   7.5362319E-01   0.0000000E+00   0.0000000E+00   1.1637087E+05   0.0000000E+00   0.0000000E+00   4.5439670E-03
   7.6811594E-01   0.0000000E+00   0.0000000E+00   1.0811330E+05   0.0000000E+00   0.0000000E+00   5.2978414E-03
   7.8260870E-01   0.0000000E+00   0.0000000E+00   1.0414670E+05   0.0000000E+00   0.0000000E+00   5.0668237E-03
   7.9710145E-01   0.0000000E+00   0.0000000E+00   1.0130251E+05   0.0000000E+00   0.0000000E+00   2.8562598E-03
   8.1159420E-01   0.0000000E+00   0.0000000E+00   9.4784741E+04   0.0000000E+00   0.0000000E+00   4.0514736E-03
   8.2608696E-01   0.0000000E+00   0.0000000E+00   8.8309558E+04   0.0000000E+00   0.0000000E+00   6.6815988E-03
   8.4057971E-01   0.0000000E+00   0.0000000E+00   8.0881859E+04   0.0000000E+00   0.0000000E+00   5.6773531E-03
   8.5507246E-01   0.0000000E+00   0.0000000E+00   7.4848973E+04   0.0000000E+00   0.0000000E+00   4.4671347E-03
   8.6956522E-01   0.0000000E+00   0.0000000E+00   6.8688830E+04   0.0000000E+00   0.0000000E+00   2.9408088E-03
   8.8405797E-01   0.0000000E+00   0.0000000E+00   6.0581669E+04   0.0000000E+00   0.0000000E+00   6.0115752E-03
   8.9855072E-01   0.0000000E+00   0.0000000E+00   5.4251502E+04   0.0000000E+00   0.0000000E+00   1.1702033E-02
   9.1304348E-01   0.0000000E+00   0.0000000E+00   4.7484832E+04   0.0000000E+00   0.0000000E+00   1.3903770E-02
   9.2753623E-01   0.0000000E+00   0.0000000E+00   4.0645469E+04   0.0000000E+00   0.0000000E+00   1.5427168E-02
   9.4202899E-01   0.0000000E+00   0.0000000E+00   3.4191411E+04   0.0000000E+00   0.0000000E+00   1.7476918E-02
   9.5652174E-01   0.0000000E+00   0.0000000E+00   2.7048903E+04   0.0000000E+00   0.0000000E+00   2.4555396E-02
   9.7101449E-01   0.0000000E+00   0.0000000E+00   1.9689844E+04   0.0000000E+00   0.0000000E+00   2.9656014E-02
   9.8550725E-01   0.0000000E+00   0.0000000E+00   1.1143187E+04   0.0000000E+00   0.0000000E+00   3.1356980E-02
   1.0000000E+00   0.0000000E+00   0.0000000E+00   5.9743571E+03   0.0000000E+00   0.0000000E+00   4.2181852E-02
