   0.0000000E+00   0.0000000E+00   0.0000000E+00   5.8128933E+10   0.0000000E+00   0.0000000E+00   4.5626225E-07
   1.4492754E-02   0.0000000E+00   0.0000000E+00   1.4904681E+06   0.0000000E+00   0.0000000E+00   1.9911031E-03
   2.8985507E-02   0.0000000E+00   0.0000000E+00   1.2608738E+06   0.0000000E+00   0.0000000E+00   6.5325853E-03
   4.3478261E-02   0.0000000E+00   0.0000000E+00   1.1962136E+06   0.0000000E+00   0.0000000E+00   1.2656497E-02
   5.7971014E-02   0.0000000E+00   0.0000000E+00   1.2118104E+06   0.0000000E+00   0.0000000E+00   2.1505131E-02
   7.2463768E-02   0.0000000E+00   0.0000000E+00   1.2413242E+06   0.0000000E+00   0.0000000E+00   3.1411194E-02
   8.6956522E-02   0.0000000E+00   0.0000000E+00   1.2771652E+06   0.0000000E+00   0.0000000E+00   3.8559466E-02
   1.0144928E-01   0.0000000E+00   0.0000000E+00   1.3121834E+06   0.0000000E+00   0.0000000E+00   4.5925209E-02
   1.1594203E-01   0.0000000E+00   0.0000000E+00   1.3472558E+06   0.0000000E+00   0.0000000E+00   5.0283418E-02
   1.3043478E-01   0.0000000E+00   0.0000000E+00   1.3656941E+06   0.0000000E+00   0.0000000E+00   5.0916460E-02
   1.4492754E-01   0.0000000E+00   0.0000000E+00   1.3640018E+06   0.0000000E+00   0.0000000E+00   4.7693161E-02
   1.5942029E-01   0.0000000E+00   0.0000000E+00   1.3272102E+06   0.0000000E+00   0.0000000E+00   3.9598291E-02
   1.7391304E-01   0.0000000E+00   0.0000000E+00   1.2515284E+06   0.0000000E+00   0.0000000E+00   3.3556678E-02
   1.8840580E-01   0.0000000E+00   0.0000000E+00   1.1789217E+06   0.0000000E+00   0.0000000E+00   2.7642742E-02
   2.0289855E-01   0.0000000E+00   0.0000000E+00   1.1113291E+06   0.0000000E+00   0.0000000E+00   1.9551349E-02
   2.1739130E-01   0.0000000E+00   0.0000000E+00   1.0266827E+06   0.0000000E+00   0.0000000E+00   1.4496623E-02
   2.3188406E-01   0.0000000E+00   0.0000000E+00   9.0748440E+05   0.0000000E+00   0.0000000E+00   9.9522986E-03
   2.4637681E-01   0.0000000E+00   0.0000000E+00   8.1109026E+05   0.0000000E+00   0.0000000E+00   6.3954369E-03
   2.6086957E-01   0.0000000E+00   0.0000000E+00   7.5748411E+05   0.0000000E+00   0.0000000E+00   5.9998064E-03
   2.7536232E-01   0.0000000E+00   0.0000000E+00   6.9209276E+05   0.0000000E+00   0.0000000E+00   5.9503868E-03
   2.8985507E-01   0.0000000E+00   0.0000000E+00   6.3225549E+05   0.0000000E+00   0.0000000E+00   4.4882193E-03
   3.0434783E-01   0.0000000E+00   0.0000000E+00   5.7797268E+05   0.0000000E+00   0.0000000E+00   2.5930156E-03
   3.1884058E-01   0.0000000E+00   0.0000000E+00   5.3220669E+05   0.0000000E+00   0.0000000E+00   8.6827599E-04
   3.3333333E-01   0.0000000E+00   0.0000000E+00   5.0626694E+05   0.0000000E+00   0.0000000E+00   7.3216534E-04
   3.4782609E-01   0.0000000E+00   0.0000000E+00   4.7061763E+05   0.0000000E+00   0.0000000E+00   2.8675189E-04
   3.6231884E-01   0.0000000E+00   0.0000000E+00   4.4085120E+05   0.0000000E+00   0.0000000E+00   9.2847895E-04
   3.7681159E-01   0.0000000E+00   0.0000000E+00   4.2060215E+05   0.0000000E+00   0.0000000E+00   7.6844251E-04
   3.9130435E-01   0.0000000E+00   0.0000000E+00   3.9520178E+05   0.0000000E+00   0.0000000E+00   1.7125100E-03
   4.0579710E-01   0.0000000E+00   0.0000000E+00   3.7651395E+05   0.0000000E+00   0.0000000E+00   9.3655474E-04
   4.2028986E-01   0.0000000E+00   0.0000000E+00   3.6580392E+05   0.0000000E+00   0.0000000E+00   1.1378582E-03
   4.3478261E-01   0.0000000E+00   0.0000000E+00   3.5100889E+05   0.0000000E+00   0.0000000E+00   1.2126041E-03
   4.4927536E-01   0.0000000E+00   0.0000000E+00   3.2934658E+05   0.0000000E+00   0.0000000E+00   8.6337122E-04
   4.6376812E-01   0.0000000E+00   0.0000000E+00   3.1303997E+05   0.0000000E+00   0.0000000E+00   3.1164981E-04
   4.7826087E-01   0.0000000E+00   0.0000000E+00   3.0111997E+05   0.0000000E+00   0.0000000E+00   6.6690599E-04
   4.9275362E-01   0.0000000E+00   0.0000000E+00   2.9199606E+05   0.0000000E+00   0.0000000E+00   2.9349626E-04
   5.0724638E-01   0.0000000E+00   0.0000000E+00   2.8348012E+05   0.0000000E+00   0.0000000E+00   8.1617238E-04
   5.2173913E-01   0.0000000E+00   0.0000000E+00   2.7211166E+05   0.0000000E+00   0.0000000E+00   1.6956602E-03
   5.3623188E-01   0.0000000E+00   0.0000000E+00   2.6180826E+05   0.0000000E+00   0.0000000E+00   1.9560757E-03
   5.5072464E-01   0.0000000E+00   0.0000000E+00   2.5282483E+05   0.0000000E+00   0.0000000E+00   1.0579461E-03
   5.6521739E-01   0.0000000E+00   0.0000000E+00   2.4572041E+05   0.0000000E+00   0.0000000E+00   9.0061006E-04
   5.7971014E-01   0.0000000E+00   0.0000000E+00   2.3844079E+05   0.0000000E+00   0.0000000E+00   1.4020062E-03
   5.9420290E-01   0.0000000E+00   0.0000000E+00   2.2804178E+05   0.0000000E+00   0.0000000E+00   1.9285774E-03
   6.0869565E-01   0.0000000E+00   0.0000000E+00   2.2015859E+05   0.0000000E+00   0.0000000E+00   2.0382270E-03
   6.2318841E-01   0.0000000E+00   0.0000000E+00   2.1547917E+05   0.0000000E+00   0.0000000E+00   1.4828741E-03
   6.3768116E-01   0.0000000E+00   0.0000000E+00   2.0722376E+05   0.0000000E+00   0.0000000E+00   1.1195247E-03
   6.5217391E-01   0.0000000E+00   0.0000000E+00   1.9808921E+05   0.0000000E+00   0.0000000E+00   1.2912227E-03
   6.6666667E-01   0.0000000E+00   0.0000000E+00   1.9261337E+05   0.0000000E+00   0.0000000E+00   1.8150439E-03
   6.8115942E-01   0.0000000E+00   0.0000000E+00   1.9028864E+05   0.0000000E+00   0.0000000E+00   2.3345033E-03
   6.9565217E-01   0.0000000E+00   0.0000000E+00   1.8264611E+05   0.0000000E+00   0.0000000E+00   1.9760283E-03
   7.1014493E-01   0.0000000E+00   0.0000000E+00   1.7782070E+05   0.0000000E+00   0.0000000E+00   8.5912000E-04
   7.2463768E-01   0.0000000E+00   0.0000000E+00   1.7597677E+05   0.0000000E+00   0.0000000E+00   1.0262559E-03
   7.3913043E-01   0.0000000E+00   0.0000000E+00   1.6891585E+05   0.0000000E+00   0.0000000E+00   1.7216029E-03
   7.5362319E-01   0.0000000E+00   0.0000000E+00   1.6112105E+05   0.0000000E+00   0.0000000E+00   8.8830525E-04
   7.6811594E-01   0.0000000E+00   0.0000000E+00   1.5313429E+05   0.0000000E+00   0.0000000E+00   2.2900712E-03
   7.8260870E-01   0.0000000E+00   0.0000000E+00   1.4987751E+05   0.0000000E+00   0.0000000E+00   9.3262094E-04
   7.9710145E-01   0.0000000E+00   0.0000000E+00   1.4487925E+05   0.0000000E+00   0.0000000E+00   1.3219694E-03
   8.1159420E-01   0.0000000E+00   0.0000000E+00   1.3805692E+05   0.0000000E+00   0.0000000E+00   2.4312939E-03
   8.2608696E-01   0.0000000E+00   0.0000000E+00   1.3329519E+05   0.0000000E+00   0.0000000E+00   2.0390240E-03
   8.4057971E-01   0.0000000E+00   0.0000000E+00   1.2463462E+05   0.0000000E+00   0.0000000E+00   2.0452244E-03
   8.5507246E-01   0.0000000E+00   0.0000000E+00   1.1661439E+05   0.0000000E+00   0.0000000E+00   1.8975131E-03
   8.6956522E-01   0.0000000E+00   0.0000000E+00   1.0969501E+05   0.0000000E+00   0.0000000E+00   2.9894666E-03
   8.8405797E-01   0.0000000E+00   0.0000000E+00   9.9661007E+04   0.0000000E+00   0.0000000E+00   2.9050473E-03
   8.9855072E-01   0.0000000E+00   0.0000000E+00   8.9412929E+04   0.0000000E+00   0.0000000E+00   2.5920546E-03
   9.1304348E-01   0.0000000E+00   0.0000000E+00   7.9923179E+04   0.0000000E+00   0.0000000E+00   3.9334837E-03
   9.2753623E-01   0.0000000E+00   0.0000000E+00   6.9238190E+04   0.0000000E+00   0.0000000E+00   2.7409216E-03
   9.4202899E-01   0.0000000E+00   0.0000000E+00   5.5862680E+04   0.0000000E+00   0.0000000E+00   2.4255959E-03
   9.5652174E-01   0.0000000E+00   0.0000000E+00   4.1824769E+04   0.0000000E+00   0.0000000E+00   7.4313644E-03
   9.7101449E-01   0.0000000E+00   0.0000000E+00   2.8296376E+04   0.0000000E+00   0.0000000E+00   1.0957774E-02
   9.8550725E-01   0.0000000E+00   0.0000000E+00   1.3583544E+04   0.0000000E+00   0.0000000E+00   1.4204440E-02
   1.0000000E+00   0.0000000E+00   0.0000000E+00   5.8868207E+03   0.0000000E+00   0.0000000E+00   1.5357198E-02
