   0.0000000E+00   0.0000000E+00   0.0000000E+00   5.8816152E+10   0.0000000E+00   0.0000000E+00   4.0844194E-07
   1.4492754E-02   0.0000000E+00   0.0000000E+00   7.2022872E+06   0.0000000E+00   0.0000000E+00   1.1254616E-03
   2.8985507E-02   0.0000000E+00   0.0000000E+00   5.8815521E+06   0.0000000E+00   0.0000000E+00   3.4023584E-03
   4.3478261E-02   0.0000000E+00   0.0000000E+00   5.3569458E+06   0.0000000E+00   0.0000000E+00   5.6117377E-03
   5.7971014E-02   0.0000000E+00   0.0000000E+00   5.0853603E+06   0.0000000E+00   0.0000000E+00   6.2755040E-03
   7.2463768E-02   0.0000000E+00   0.0000000E+00   4.8169321E+06   0.0000000E+00   0.0000000E+00   7.3762789E-03
   8.6956522E-02   0.0000000E+00   0.0000000E+00   4.5437680E+06   0.0000000E+00   0.0000000E+00   7.3669872E-03
   1.0144928E-01   0.0000000E+00   0.0000000E+00   4.2710369E+06   0.0000000E+00   0.0000000E+00   1.0512787E-02
   1.1594203E-01   0.0000000E+00   0.0000000E+00   4.0084271E+06   0.0000000E+00   0.0000000E+00   1.3577670E-02
   1.3043478E-01   0.0000000E+00   0.0000000E+00   3.7399357E+06   0.0000000E+00   0.0000000E+00   1.4880068E-02
   1.4492754E-01   0.0000000E+00   0.0000000E+00   3.4332291E+06   0.0000000E+00   0.0000000E+00   1.9321360E-02
   1.5942029E-01   0.0000000E+00   0.0000000E+00   3.0644249E+06   0.0000000E+00   0.0000000E+00   2.4307915E-02
   1.7391304E-01   0.0000000E+00   0.0000000E+00   2.6463954E+06   0.0000000E+00   0.0000000E+00   2.6721190E-02
   1.8840580E-01   0.0000000E+00   0.0000000E+00   2.2434252E+06   0.0000000E+00   0.0000000E+00   2.9348143E-02
   2.0289855E-01   0.0000000E+00   0.0000000E+00   1.8814602E+06   0.0000000E+00   0.0000000E+00   3.4123718E-02
   2.1739130E-01   0.0000000E+00   0.0000000E+00   1.5635139E+06   0.0000000E+00   0.0000000E+00   4.0851824E-02
   2.3188406E-01   0.0000000E+00   0.0000000E+00   1.2399887E+06   0.0000000E+00   0.0000000E+00   4.7701201E-02
   2.4637681E-01   0.0000000E+00   0.0000000E+00   9.6771889E+05   0.0000000E+00   0.0000000E+00   5.4031575E-02
   2.6086957E-01   0.0000000E+00   0.0000000E+00   7.4085599E+05   0.0000000E+00   0.0000000E+00   6.0683556E-02
   2.7536232E-01   0.0000000E+00   0.0000000E+00   5.2890021E+05   0.0000000E+00   0.0000000E+00   6.7615853E-02
   2.8985507E-01   0.0000000E+00   0.0000000E+00   3.4734650E+05   0.0000000E+00   0.0000000E+00   7.3739376E-02
   3.0434783E-01   0.0000000E+00   0.0000000E+00   1.8283104E+05   0.0000000E+00   0.0000000E+00   7.7106459E-02
   3.1884058E-01   0.0000000E+00   0.0000000E+00   6.1342229E+04   0.0000000E+00   0.0000000E+00   7.4847616E-02
   3.3333333E-01   0.0000000E+00   0.0000000E+00   7.2479161E+03   0.0000000E+00   0.0000000E+00   6.9866542E-02
   3.4782609E-01   0.0000000E+00   0.0000000E+00   1.8943417E+02   0.0000000E+00   0.0000000E+00   3.7183584E-06
   3.6231884E-01   0.0000000E+00   0.0000000E+00   1.2123787E+02   0.0000000E+00   0.0000000E+00   6.5571886E-06
   3.7681159E-01   0.0000000E+00   0.0000000E+00   2.9143719E+01   0.0000000E+00   0.0000000E+00   2.1587869E-01
   3.9130435E-01   0.0000000E+00   0.0000000E+00   2.8064322E+01   0.0000000E+00   0.0000000E+00   2.1587869E-01
   4.0579710E-01   0.0000000E+00   0.0000000E+00   2.7062024E+01   0.0000000E+00   0.0000000E+00   3.5118310E-04
   4.2028986E-01   0.0000000E+00   0.0000000E+00   2.6128851E+01   0.0000000E+00   0.0000000E+00   3.5118310E-04
   4.3478261E-01   0.0000000E+00   0.0000000E+00   2.5257889E+01   0.0000000E+00   0.0000000E+00   8.1347088E-06
   4.4927536E-01   0.0000000E+00   0.0000000E+00   7.3329357E+01   0.0000000E+00   0.0000000E+00   9.0384181E-02
   4.6376812E-01   0.0000000E+00   0.0000000E+00   4.7358543E+01   0.0000000E+00   0.0000000E+00   1.3557283E-01
   4.7826087E-01   0.0000000E+00   0.0000000E+00   0.0000000E+00   0.0000000E+00   0.0000000E+00   0.0000000E+00
   4.9275362E-01   0.0000000E+00   0.0000000E+00   0.0000000E+00   0.0000000E+00   0.0000000E+00   0.0000000E+00
   5.0724638E-01   0.0000000E+00   0.0000000E+00   0.0000000E+00   0.0000000E+00   0.0000000E+00   0.0000000E+00
   5.2173913E-01   0.0000000E+00   0.0000000E+00   0.0000000E+00   0.0000000E+00   0.0000000E+00   0.0000000E+00
   5.3623188E-01   0.0000000E+00   0.0000000E+00   0.0000000E+00   0.0000000E+00   0.0000000E+00   0.0000000E+00
   5.5072464E-01   0.0000000E+00   0.0000000E+00   1.9940439E+01   0.0000000E+00   0.0000000E+00   2.0063077E-05
   5.6521739E-01   0.0000000E+00   0.0000000E+00   1.9429146E+01   0.0000000E+00   0.0000000E+00   2.0063077E-05
   5.7971014E-01   0.0000000E+00   0.0000000E+00   0.0000000E+00   0.0000000E+00   0.0000000E+00   0.0000000E+00
   5.9420290E-01   0.0000000E+00   0.0000000E+00   0.0000000E+00   0.0000000E+00   0.0000000E+00   0.0000000E+00
   6.0869565E-01   0.0000000E+00   0.0000000E+00   1.8041350E+01   0.0000000E+00   0.0000000E+00   1.6315996E-05
   6.2318841E-01   0.0000000E+00   0.0000000E+00   1.7621783E+01   0.0000000E+00   0.0000000E+00   1.6315996E-05
   6.3768116E-01   0.0000000E+00   0.0000000E+00   0.0000000E+00   0.0000000E+00   0.0000000E+00   0.0000000E+00
   6.5217391E-01   0.0000000E+00   0.0000000E+00   0.0000000E+00   0.0000000E+00   0.0000000E+00   0.0000000E+00
   6.6666667E-01   0.0000000E+00   0.0000000E+00   0.0000000E+00   0.0000000E+00   0.0000000E+00   0.0000000E+00
   6.8115942E-01   0.0000000E+00   0.0000000E+00   0.0000000E+00   0.0000000E+00   0.0000000E+00   0.0000000E+00
   6.9565217E-01   0.0000000E+00   0.0000000E+00   1.5786181E+01   0.0000000E+00   0.0000000E+00   1.6192303E-05
   7.1014493E-01   0.0000000E+00   0.0000000E+00   4.6392042E+01   0.0000000E+00   0.0000000E+00   1.8635285E-02
   7.2463768E-01   0.0000000E+00   0.0000000E+00   3.0309467E+01   0.0000000E+00   0.0000000E+00   2.7945589E-02
   7.3913043E-01   0.0000000E+00   0.0000000E+00   0.0000000E+00   0.0000000E+00   0.0000000E+00   0.0000000E+00
   7.5362319E-01   0.0000000E+00   0.0000000E+00   0.0000000E+00   0.0000000E+00   0.0000000E+00   0.0000000E+00
   7.6811594E-01   0.0000000E+00   0.0000000E+00   0.0000000E+00   0.0000000E+00   0.0000000E+00   0.0000000E+00
   7.8260870E-01   0.0000000E+00   0.0000000E+00   0.0000000E+00   0.0000000E+00   0.0000000E+00   0.0000000E+00
   7.9710145E-01   0.0000000E+00   0.0000000E+00   0.0000000E+00   0.0000000E+00   0.0000000E+00   0.0000000E+00
   8.1159420E-01   0.0000000E+00   0.0000000E+00   0.0000000E+00   0.0000000E+00   0.0000000E+00   0.0000000E+00
   8.2608696E-01   0.0000000E+00   0.0000000E+00   0.0000000E+00   0.0000000E+00   0.0000000E+00   0.0000000E+00
   8.4057971E-01   0.0000000E+00   0.0000000E+00   0.0000000E+00   0.0000000E+00   0.0000000E+00   0.0000000E+00
   8.5507246E-01   0.0000000E+00   0.0000000E+00   0.0000000E+00   0.0000000E+00   0.0000000E+00   0.0000000E+00
   8.6956522E-01   0.0000000E+00   0.0000000E+00   0.0000000E+00   0.0000000E+00   0.0000000E+00   0.0000000E+00
   8.8405797E-01   0.0000000E+00   0.0000000E+00   0.0000000E+00   0.0000000E+00   0.0000000E+00   0.0000000E+00
   8.9855072E-01   0.0000000E+00   0.0000000E+00   0.0000000E+00   0.0000000E+00   0.0000000E+00   0.0000000E+00
   9.1304348E-01   0.0000000E+00   0.0000000E+00   0.0000000E+00   0.0000000E+00   0.0000000E+00   0.0000000E+00
   9.2753623E-01   0.0000000E+00   0.0000000E+00   0.0000000E+00   0.0000000E+00   0.0000000E+00   0.0000000E+00
   9.4202899E-01   0.0000000E+00   0.0000000E+00   0.0000000E+00   0.0000000E+00   0.0000000E+00   0.0000000E+00
   9.5652174E-01   0.0000000E+00   0.0000000E+00   0.0000000E+00   0.0000000E+00   0.0000000E+00   0.0000000E+00
   9.7101449E-01   0.0000000E+00   0.0000000E+00   0.0000000E+00   0.0000000E+00   0.0000000E+00   0.0000000E+00
   9.8550725E-01   0.0000000E+00   0.0000000E+00   0.0000000E+00   0.0000000E+00   0.0000000E+00   0.0000000E+00
   1.0000000E+00   0.0000000E+00   0.0000000E+00   0.0000000E+00   0.0000000E+00   0.0000000E+00   0.0000000E+00
