   0.0000000E+00   0.0000000E+00   0.0000000E+00   5.8756763E+10   0.0000000E+00   0.0000000E+00   4.7368855E-05
   1.4492754E-02   0.0000000E+00   0.0000000E+00   3.5152163E+07   0.0000000E+00   0.0000000E+00   2.6836291E-02
   2.8985507E-02   0.0000000E+00   0.0000000E+00   2.1550031E+07   0.0000000E+00   0.0000000E+00   1.7968528E-02
   4.3478261E-02   0.0000000E+00   0.0000000E+00   1.2115957E+07   0.0000000E+00   0.0000000E+00   6.2783898E-03
   5.7971014E-02   0.0000000E+00   0.0000000E+00   7.8279882E+06   0.0000000E+00   0.0000000E+00   2.4219897E-03
   7.2463768E-02   0.0000000E+00   0.0000000E+00   5.8488179E+06   0.0000000E+00   0.0000000E+00   1.1707292E-03
   8.6956522E-02   0.0000000E+00   0.0000000E+00   4.6173948E+06   0.0000000E+00   0.0000000E+00   1.9971266E-03
   1.0144928E-01   0.0000000E+00   0.0000000E+00   3.7826215E+06   0.0000000E+00   0.0000000E+00   1.8345834E-03
   1.1594203E-01   0.0000000E+00   0.0000000E+00   3.1784212E+06   0.0000000E+00   0.0000000E+00   2.0630391E-03
   1.3043478E-01   0.0000000E+00   0.0000000E+00   2.7046990E+06   0.0000000E+00   0.0000000E+00   4.2375032E-03
   1.4492754E-01   0.0000000E+00   0.0000000E+00   2.3114758E+06   0.0000000E+00   0.0000000E+00   4.9664071E-03
   1.5942029E-01   0.0000000E+00   0.0000000E+00   1.9814814E+06   0.0000000E+00   0.0000000E+00   5.6851662E-03
   1.7391304E-01   0.0000000E+00   0.0000000E+00   1.7099591E+06   0.0000000E+00   0.0000000E+00   6.5013650E-03
   1.8840580E-01   0.0000000E+00   0.0000000E+00   1.4948979E+06   0.0000000E+00   0.0000000E+00   5.8943404E-03
   2.0289855E-01   0.0000000E+00   0.0000000E+00   1.3204644E+06   0.0000000E+00   0.0000000E+00   5.3798646E-03
   2.1739130E-01   0.0000000E+00   0.0000000E+00   1.1524165E+06   0.0000000E+00   0.0000000E+00   6.0679613E-03
   2.3188406E-01   0.0000000E+00   0.0000000E+00   9.9258770E+05   0.0000000E+00   0.0000000E+00   5.4128551E-03
   2.4637681E-01   0.0000000E+00   0.0000000E+00   8.4813021E+05   0.0000000E+00   0.0000000E+00   5.7245502E-03
   2.6086957E-01   0.0000000E+00   0.0000000E+00   7.1732406E+05   0.0000000E+00   0.0000000E+00   5.3781196E-03
   2.7536232E-01   0.0000000E+00   0.0000000E+00   5.8684712E+05   0.0000000E+00   0.0000000E+00   5.2522712E-03
   2.8985507E-01   0.0000000E+00   0.0000000E+00   4.4914842E+05   0.0000000E+00   0.0000000E+00   8.3945402E-03
   3.0434783E-01   0.0000000E+00   0.0000000E+00   2.8952758E+05   0.0000000E+00   0.0000000E+00   1.1741481E-02
   3.1884058E-01   0.0000000E+00   0.0000000E+00   1.2347664E+05   0.0000000E+00   0.0000000E+00   2.3648557E-02
   3.3333333E-01   0.0000000E+00   0.0000000E+00   3.4822942E+04   0.0000000E+00   0.0000000E+00   1.0239770E-01
   3.4782609E-01   0.0000000E+00   0.0000000E+00   2.4121284E+04   0.0000000E+00   0.0000000E+00   1.8151565E-01
   3.6231884E-01   0.0000000E+00   0.0000000E+00   2.3429218E+04   0.0000000E+00   0.0000000E+00   1.8559057E-01
   3.7681159E-01   0.0000000E+00   0.0000000E+00   2.0050878E+04   0.0000000E+00   0.0000000E+00   1.7575474E-01
   3.9130435E-01   0.0000000E+00   0.0000000E+00   1.6473757E+04   0.0000000E+00   0.0000000E+00   1.8887279E-01
   4.0579710E-01   0.0000000E+00   0.0000000E+00   1.3693384E+04   0.0000000E+00   0.0000000E+00   1.9044540E-01
   4.2028986E-01   0.0000000E+00   0.0000000E+00   1.1444437E+04   0.0000000E+00   0.0000000E+00   1.7015073E-01
   4.3478261E-01   0.0000000E+00   0.0000000E+00   8.8402613E+03   0.0000000E+00   0.0000000E+00   1.6475484E-01
   4.4927536E-01   0.0000000E+00   0.0000000E+00   7.2107201E+03   0.0000000E+00   0.0000000E+00   1.5320644E-01
   4.6376812E-01   0.0000000E+00   0.0000000E+00   6.1092520E+03   0.0000000E+00   0.0000000E+00   1.4875228E-01
   4.7826087E-01   0.0000000E+00   0.0000000E+00   5.0975013E+03   0.0000000E+00   0.0000000E+00   1.6125974E-01
   4.9275362E-01   0.0000000E+00   0.0000000E+00   4.7247111E+03   0.0000000E+00   0.0000000E+00   1.5945310E-01
   5.0724638E-01   0.0000000E+00   0.0000000E+00   4.2000262E+03   0.0000000E+00   0.0000000E+00   1.4991841E-01
   5.2173913E-01   0.0000000E+00   0.0000000E+00   3.8097317E+03   0.0000000E+00   0.0000000E+00   1.3764368E-01
   5.3623188E-01   0.0000000E+00   0.0000000E+00   3.3790960E+03   0.0000000E+00   0.0000000E+00   1.5045045E-01
   5.5072464E-01   0.0000000E+00   0.0000000E+00   2.3529718E+03   0.0000000E+00   0.0000000E+00   1.8364467E-01
   5.6521739E-01   0.0000000E+00   0.0000000E+00   1.6126191E+03   0.0000000E+00   0.0000000E+00   2.1967358E-01
   5.7971014E-01   0.0000000E+00   0.0000000E+00   1.5154734E+03   0.0000000E+00   0.0000000E+00   2.1871376E-01
   5.9420290E-01   0.0000000E+00   0.0000000E+00   1.1828085E+03   0.0000000E+00   0.0000000E+00   2.0208996E-01
   6.0869565E-01   0.0000000E+00   0.0000000E+00   9.0206748E+02   0.0000000E+00   0.0000000E+00   1.9877338E-01
   6.2318841E-01   0.0000000E+00   0.0000000E+00   9.5157630E+02   0.0000000E+00   0.0000000E+00   2.1664840E-01
   6.3768116E-01   0.0000000E+00   0.0000000E+00   8.9550699E+02   0.0000000E+00   0.0000000E+00   2.6674094E-01
   6.5217391E-01   0.0000000E+00   0.0000000E+00   7.4089809E+02   0.0000000E+00   0.0000000E+00   3.0660106E-01
   6.6666667E-01   0.0000000E+00   0.0000000E+00   5.7653878E+02   0.0000000E+00   0.0000000E+00   3.0830334E-01
   6.8115942E-01   0.0000000E+00   0.0000000E+00   4.3529554E+02   0.0000000E+00   0.0000000E+00   2.6498710E-01
   6.9565217E-01   0.0000000E+00   0.0000000E+00   5.3673015E+02   0.0000000E+00   0.0000000E+00   2.9909221E-01
   7.1014493E-01   0.0000000E+00   0.0000000E+00   5.2577647E+02   0.0000000E+00   0.0000000E+00   3.1698471E-01
   7.2463768E-01   0.0000000E+00   0.0000000E+00   3.6371361E+02   0.0000000E+00   0.0000000E+00   2.9467865E-01
   7.3913043E-01   0.0000000E+00   0.0000000E+00   3.4172439E+02   0.0000000E+00   0.0000000E+00   3.3120385E-01
   7.5362319E-01   0.0000000E+00   0.0000000E+00   2.4772161E+02   0.0000000E+00   0.0000000E+00   3.4278422E-01
   7.6811594E-01   0.0000000E+00   0.0000000E+00   2.2875070E+02   0.0000000E+00   0.0000000E+00   2.8991390E-01
   7.8260870E-01   0.0000000E+00   0.0000000E+00   2.1048241E+02   0.0000000E+00   0.0000000E+00   2.6462807E-01
   7.9710145E-01   0.0000000E+00   0.0000000E+00   1.3777031E+02   0.0000000E+00   0.0000000E+00   2.4702921E-01
   8.1159420E-01   0.0000000E+00   0.0000000E+00   1.7590316E+02   0.0000000E+00   0.0000000E+00   2.7092283E-01
   8.2608696E-01   0.0000000E+00   0.0000000E+00   1.9940439E+02   0.0000000E+00   0.0000000E+00   3.4216909E-01
   8.4057971E-01   0.0000000E+00   0.0000000E+00   1.8290196E+02   0.0000000E+00   0.0000000E+00   3.3249051E-01
   8.5507246E-01   0.0000000E+00   0.0000000E+00   1.6695893E+02   0.0000000E+00   0.0000000E+00   2.5980375E-01
   8.6956522E-01   0.0000000E+00   0.0000000E+00   1.3891839E+02   0.0000000E+00   0.0000000E+00   2.6556827E-01
   8.8405797E-01   0.0000000E+00   0.0000000E+00   8.6953390E+01   0.0000000E+00   0.0000000E+00   3.2884210E-01
   8.9855072E-01   0.0000000E+00   0.0000000E+00   1.0999403E+02   0.0000000E+00   0.0000000E+00   3.1602963E-01
   9.1304348E-01   0.0000000E+00   0.0000000E+00   1.2027566E+02   0.0000000E+00   0.0000000E+00   3.1998937E-01
   9.2753623E-01   0.0000000E+00   0.0000000E+00   1.4207563E+02   0.0000000E+00   0.0000000E+00   2.7052649E-01
   9.4202899E-01   0.0000000E+00   0.0000000E+00   1.2823236E+02   0.0000000E+00   0.0000000E+00   2.2776813E-01
   9.5652174E-01   0.0000000E+00   0.0000000E+00   4.5923435E+01   0.0000000E+00   0.0000000E+00   1.0604129E-01
   9.7101449E-01   0.0000000E+00   0.0000000E+00   5.6547514E+01   0.0000000E+00   0.0000000E+00   1.7002659E-01
   9.8550725E-01   0.0000000E+00   0.0000000E+00   3.3429560E+01   0.0000000E+00   0.0000000E+00   2.8338276E-01
   1.0000000E+00   0.0000000E+00   0.0000000E+00   0.0000000E+00   0.0000000E+00   0.0000000E+00   0.0000000E+00
