   0.0000000E+00   0.0000000E+00   0.0000000E+00   5.9488816E+10   0.0000000E+00   0.0000000E+00   1.3222170E-06
   1.4492754E-02   0.0000000E+00   0.0000000E+00   5.7807732E+06   0.0000000E+00   0.0000000E+00   2.5662078E-03
   2.8985507E-02   0.0000000E+00   0.0000000E+00   4.7464626E+06   0.0000000E+00   0.0000000E+00   4.5047271E-03
   4.3478261E-02   0.0000000E+00   0.0000000E+00   4.3266765E+06   0.0000000E+00   0.0000000E+00   6.1088699E-03
   5.7971014E-02   0.0000000E+00   0.0000000E+00   4.0205508E+06   0.0000000E+00   0.0000000E+00   8.2184107E-03
   7.2463768E-02   0.0000000E+00   0.0000000E+00   3.7748926E+06   0.0000000E+00   0.0000000E+00   1.0996069E-02
   8.6956522E-02   0.0000000E+00   0.0000000E+00   3.4930398E+06   0.0000000E+00   0.0000000E+00   1.3747643E-02
   1.0144928E-01   0.0000000E+00   0.0000000E+00   3.1847673E+06   0.0000000E+00   0.0000000E+00   1.5891562E-02
   1.1594203E-01   0.0000000E+00   0.0000000E+00   2.9036470E+06   0.0000000E+00   0.0000000E+00   1.7211276E-02
   1.3043478E-01   0.0000000E+00   0.0000000E+00   2.6185696E+06   0.0000000E+00   0.0000000E+00   2.0547457E-02
   1.4492754E-01   0.0000000E+00   0.0000000E+00   2.3165526E+06   0.0000000E+00   0.0000000E+00   2.6047926E-02
   1.5942029E-01   0.0000000E+00   0.0000000E+00   1.9785194E+06   0.0000000E+00   0.0000000E+00   3.2115829E-02
   1.7391304E-01   0.0000000E+00   0.0000000E+00   1.6071595E+06   0.0000000E+00   0.0000000E+00   3.9344581E-02
   1.8840580E-01   0.0000000E+00   0.0000000E+00   1.2449614E+06   0.0000000E+00   0.0000000E+00   4.6684363E-02
   2.0289855E-01   0.0000000E+00   0.0000000E+00   9.4522239E+05   0.0000000E+00   0.0000000E+00   5.4962820E-02
   2.1739130E-01   0.0000000E+00   0.0000000E+00   7.0914050E+05   0.0000000E+00   0.0000000E+00   6.2331924E-02
   2.3188406E-01   0.0000000E+00   0.0000000E+00   5.1630283E+05   0.0000000E+00   0.0000000E+00   6.8007894E-02
   2.4637681E-01   0.0000000E+00   0.0000000E+00   3.6901777E+05   0.0000000E+00   0.0000000E+00   7.6665710E-02
   2.6086957E-01   0.0000000E+00   0.0000000E+00   2.6533413E+05   0.0000000E+00   0.0000000E+00   8.3813197E-02
   2.7536232E-01   0.0000000E+00   0.0000000E+00   1.8185680E+05   0.0000000E+00   0.0000000E+00   9.2658033E-02
   2.8985507E-01   0.0000000E+00   0.0000000E+00   1.1335741E+05   0.0000000E+00   0.0000000E+00   1.0220660E-01
   3.0434783E-01   0.0000000E+00   0.0000000E+00   6.1845746E+04   0.0000000E+00   0.0000000E+00   1.0601755E-01
   3.1884058E-01   0.0000000E+00   0.0000000E+00   2.2766543E+04   0.0000000E+00   0.0000000E+00   9.8153003E-02
   3.3333333E-01   0.0000000E+00   0.0000000E+00   3.0638918E+03   0.0000000E+00   0.0000000E+00   5.7185393E-02
   3.4782609E-01   0.0000000E+00   0.0000000E+00   6.3144724E+01   0.0000000E+00   0.0000000E+00   2.4274429E-01
   3.6231884E-01   0.0000000E+00   0.0000000E+00   6.0618935E+01   0.0000000E+00   0.0000000E+00   2.4274429E-01
   3.7681159E-01   0.0000000E+00   0.0000000E+00   2.9143719E+01   0.0000000E+00   0.0000000E+00   2.0600101E-01
   3.9130435E-01   0.0000000E+00   0.0000000E+00   5.6128643E+01   0.0000000E+00   0.0000000E+00   1.0300084E-01
   4.0579710E-01   0.0000000E+00   0.0000000E+00   2.7062024E+01   0.0000000E+00   0.0000000E+00   2.6112548E-06
   4.2028986E-01   0.0000000E+00   0.0000000E+00   2.6128851E+01   0.0000000E+00   0.0000000E+00   4.4940407E-06
   4.3478261E-01   0.0000000E+00   0.0000000E+00   2.5257889E+01   0.0000000E+00   0.0000000E+00   4.4940407E-06
   4.4927536E-01   0.0000000E+00   0.0000000E+00   0.0000000E+00   0.0000000E+00   0.0000000E+00   0.0000000E+00
   4.6376812E-01   0.0000000E+00   0.0000000E+00   4.7358543E+01   0.0000000E+00   0.0000000E+00   9.6265346E-02
   4.7826087E-01   0.0000000E+00   0.0000000E+00   4.5923435E+01   0.0000000E+00   0.0000000E+00   9.6265346E-02
   4.9275362E-01   0.0000000E+00   0.0000000E+00   0.0000000E+00   0.0000000E+00   0.0000000E+00   0.0000000E+00
   5.0724638E-01   0.0000000E+00   0.0000000E+00   0.0000000E+00   0.0000000E+00   0.0000000E+00   0.0000000E+00
   5.2173913E-01   0.0000000E+00   0.0000000E+00   0.0000000E+00   0.0000000E+00   0.0000000E+00   0.0000000E+00
   5.3623188E-01   0.0000000E+00   0.0000000E+00   2.0479370E+01   0.0000000E+00   0.0000000E+00   4.1084244E-01
   5.5072464E-01   0.0000000E+00   0.0000000E+00   1.9940439E+01   0.0000000E+00   0.0000000E+00   4.1084244E-01
   5.6521739E-01   0.0000000E+00   0.0000000E+00   1.9429146E+01   0.0000000E+00   0.0000000E+00   3.5444975E-01
   5.7971014E-01   0.0000000E+00   0.0000000E+00   5.6830251E+01   0.0000000E+00   0.0000000E+00   1.3919836E-01
   5.9420290E-01   0.0000000E+00   0.0000000E+00   3.6962765E+01   0.0000000E+00   0.0000000E+00   3.4753277E-02
   6.0869565E-01   0.0000000E+00   0.0000000E+00   1.8041350E+01   0.0000000E+00   0.0000000E+00   3.7712686E-01
   6.2318841E-01   0.0000000E+00   0.0000000E+00   1.7621783E+01   0.0000000E+00   0.0000000E+00   3.7712686E-01
   6.3768116E-01   0.0000000E+00   0.0000000E+00   0.0000000E+00   0.0000000E+00   0.0000000E+00   0.0000000E+00
   6.5217391E-01   0.0000000E+00   0.0000000E+00   1.6838593E+01   0.0000000E+00   0.0000000E+00   4.6756229E-01
   6.6666667E-01   0.0000000E+00   0.0000000E+00   1.6472537E+01   0.0000000E+00   0.0000000E+00   4.6756229E-01
   6.8115942E-01   0.0000000E+00   0.0000000E+00   1.6122057E+01   0.0000000E+00   0.0000000E+00   3.4803688E-06
   6.9565217E-01   0.0000000E+00   0.0000000E+00   4.7358543E+01   0.0000000E+00   0.0000000E+00   1.2091859E-01
   7.1014493E-01   0.0000000E+00   0.0000000E+00   3.0928028E+01   0.0000000E+00   0.0000000E+00   1.8137936E-01
   7.2463768E-01   0.0000000E+00   0.0000000E+00   0.0000000E+00   0.0000000E+00   0.0000000E+00   0.0000000E+00
   7.3913043E-01   0.0000000E+00   0.0000000E+00   0.0000000E+00   0.0000000E+00   0.0000000E+00   0.0000000E+00
   7.5362319E-01   0.0000000E+00   0.0000000E+00   1.4571859E+01   0.0000000E+00   0.0000000E+00   1.3409396E-05
   7.6811594E-01   0.0000000E+00   0.0000000E+00   1.4296919E+01   0.0000000E+00   0.0000000E+00   1.3409396E-05
   7.8260870E-01   0.0000000E+00   0.0000000E+00   0.0000000E+00   0.0000000E+00   0.0000000E+00   0.0000000E+00
   7.9710145E-01   0.0000000E+00   0.0000000E+00   0.0000000E+00   0.0000000E+00   0.0000000E+00   0.0000000E+00
   8.1159420E-01   0.0000000E+00   0.0000000E+00   0.0000000E+00   0.0000000E+00   0.0000000E+00   0.0000000E+00
   8.2608696E-01   0.0000000E+00   0.0000000E+00   0.0000000E+00   0.0000000E+00   0.0000000E+00   0.0000000E+00
   8.4057971E-01   0.0000000E+00   0.0000000E+00   0.0000000E+00   0.0000000E+00   0.0000000E+00   0.0000000E+00
   8.5507246E-01   0.0000000E+00   0.0000000E+00   0.0000000E+00   0.0000000E+00   0.0000000E+00   0.0000000E+00
   8.6956522E-01   0.0000000E+00   0.0000000E+00   0.0000000E+00   0.0000000E+00   0.0000000E+00   0.0000000E+00
   8.8405797E-01   0.0000000E+00   0.0000000E+00   0.0000000E+00   0.0000000E+00   0.0000000E+00   0.0000000E+00
   8.9855072E-01   0.0000000E+00   0.0000000E+00   0.0000000E+00   0.0000000E+00   0.0000000E+00   0.0000000E+00
   9.1304348E-01   0.0000000E+00   0.0000000E+00   0.0000000E+00   0.0000000E+00   0.0000000E+00   0.0000000E+00
   9.2753623E-01   0.0000000E+00   0.0000000E+00   0.0000000E+00   0.0000000E+00   0.0000000E+00   0.0000000E+00
   9.4202899E-01   0.0000000E+00   0.0000000E+00   0.0000000E+00   0.0000000E+00   0.0000000E+00   0.0000000E+00
   9.5652174E-01   0.0000000E+00   0.0000000E+00   0.0000000E+00   0.0000000E+00   0.0000000E+00   0.0000000E+00
   9.7101449E-01   0.0000000E+00   0.0000000E+00   0.0000000E+00   0.0000000E+00   0.0000000E+00   0.0000000E+00
   9.8550725E-01   0.0000000E+00   0.0000000E+00   0.0000000E+00   0.0000000E+00   0.0000000E+00   0.0000000E+00
   1.0000000E+00   0.0000000E+00   0.0000000E+00   0.0000000E+00   0.0000000E+00   0.0000000E+00   0.0000000E+00
