   0.0000000E+00   0.0000000E+00   0.0000000E+00   5.9316591E+10   0.0000000E+00   0.0000000E+00   3.0316156E-06
   1.4492754E-02   0.0000000E+00   0.0000000E+00   2.6902683E+07   0.0000000E+00   0.0000000E+00   6.7896001E-03
   2.8985507E-02   0.0000000E+00   0.0000000E+00   1.9885663E+07   0.0000000E+00   0.0000000E+00   1.5310816E-02
   4.3478261E-02   0.0000000E+00   0.0000000E+00   1.4819814E+07   0.0000000E+00   0.0000000E+00   2.1399450E-02
   5.7971014E-02   0.0000000E+00   0.0000000E+00   1.0346705E+07   0.0000000E+00   0.0000000E+00   2.6884296E-02
   7.2463768E-02   0.0000000E+00   0.0000000E+00   6.8685799E+06   0.0000000E+00   0.0000000E+00   3.2682127E-02
   8.6956522E-02   0.0000000E+00   0.0000000E+00   4.4590278E+06   0.0000000E+00   0.0000000E+00   3.6108204E-02
   1.0144928E-01   0.0000000E+00   0.0000000E+00   2.9749825E+06   0.0000000E+00   0.0000000E+00   3.5722113E-02
   1.1594203E-01   0.0000000E+00   0.0000000E+00   2.0976993E+06   0.0000000E+00   0.0000000E+00   3.2351206E-02
   1.3043478E-01   0.0000000E+00   0.0000000E+00   1.5653998E+06   0.0000000E+00   0.0000000E+00   3.1750350E-02
   1.4492754E-01   0.0000000E+00   0.0000000E+00   1.1915409E+06   0.0000000E+00   0.0000000E+00   3.0091964E-02
   1.5942029E-01   0.0000000E+00   0.0000000E+00   9.0907737E+05   0.0000000E+00   0.0000000E+00   2.7042578E-02
   1.7391304E-01   0.0000000E+00   0.0000000E+00   7.0078014E+05   0.0000000E+00   0.0000000E+00   2.5720690E-02
   1.8840580E-01   0.0000000E+00   0.0000000E+00   5.4487096E+05   0.0000000E+00   0.0000000E+00   2.4857037E-02
   2.0289855E-01   0.0000000E+00   0.0000000E+00   4.4338421E+05   0.0000000E+00   0.0000000E+00   2.4037141E-02
   2.1739130E-01   0.0000000E+00   0.0000000E+00   3.7290748E+05   0.0000000E+00   0.0000000E+00   2.4285256E-02
   2.3188406E-01   0.0000000E+00   0.0000000E+00   3.0697807E+05   0.0000000E+00   0.0000000E+00   2.1909476E-02
   2.4637681E-01   0.0000000E+00   0.0000000E+00   2.5014225E+05   0.0000000E+00   0.0000000E+00   2.3627468E-02
   2.6086957E-01   0.0000000E+00   0.0000000E+00   1.9360172E+05   0.0000000E+00   0.0000000E+00   3.1153570E-02
   2.7536232E-01   0.0000000E+00   0.0000000E+00   1.3922415E+05   0.0000000E+00   0.0000000E+00   3.2591886E-02
   2.8985507E-01   0.0000000E+00   0.0000000E+00   9.3466820E+04   0.0000000E+00   0.0000000E+00   3.2400464E-02
   3.0434783E-01   0.0000000E+00   0.0000000E+00   5.3582808E+04   0.0000000E+00   0.0000000E+00   4.1999573E-02
   3.1884058E-01   0.0000000E+00   0.0000000E+00   2.2318790E+04   0.0000000E+00   0.0000000E+00   5.1481342E-02
   3.3333333E-01   0.0000000E+00   0.0000000E+00   5.8642230E+03   0.0000000E+00   0.0000000E+00   6.2744677E-02
   3.4782609E-01   0.0000000E+00   0.0000000E+00   2.2100653E+03   0.0000000E+00   0.0000000E+00   9.1066787E-02
   3.6231884E-01   0.0000000E+00   0.0000000E+00   2.0913532E+03   0.0000000E+00   0.0000000E+00   1.0881024E-01
   3.7681159E-01   0.0000000E+00   0.0000000E+00   1.8651980E+03   0.0000000E+00   0.0000000E+00   1.4037902E-01
   3.9130435E-01   0.0000000E+00   0.0000000E+00   1.9364382E+03   0.0000000E+00   0.0000000E+00   1.2882415E-01
   4.0579710E-01   0.0000000E+00   0.0000000E+00   1.7319696E+03   0.0000000E+00   0.0000000E+00   1.2014764E-01
   4.2028986E-01   0.0000000E+00   0.0000000E+00   1.6722465E+03   0.0000000E+00   0.0000000E+00   1.4253678E-01
   4.3478261E-01   0.0000000E+00   0.0000000E+00   1.7933102E+03   0.0000000E+00   0.0000000E+00   1.6333033E-01
   4.4927536E-01   0.0000000E+00   0.0000000E+00   1.9310064E+03   0.0000000E+00   0.0000000E+00   1.5841619E-01
   4.6376812E-01   0.0000000E+00   0.0000000E+00   2.3205686E+03   0.0000000E+00   0.0000000E+00   1.5007596E-01
   4.7826087E-01   0.0000000E+00   0.0000000E+00   2.1354397E+03   0.0000000E+00   0.0000000E+00   1.5287408E-01
   4.9275362E-01   0.0000000E+00   0.0000000E+00   1.7160507E+03   0.0000000E+00   0.0000000E+00   1.5282349E-01
   5.0724638E-01   0.0000000E+00   0.0000000E+00   1.6453711E+03   0.0000000E+00   0.0000000E+00   1.8160126E-01
   5.2173913E-01   0.0000000E+00   0.0000000E+00   1.4944251E+03   0.0000000E+00   0.0000000E+00   2.0477892E-01
   5.3623188E-01   0.0000000E+00   0.0000000E+00   1.3516384E+03   0.0000000E+00   0.0000000E+00   1.8318827E-01
   5.5072464E-01   0.0000000E+00   0.0000000E+00   1.3360094E+03   0.0000000E+00   0.0000000E+00   1.6761365E-01
   5.6521739E-01   0.0000000E+00   0.0000000E+00   1.4571859E+03   0.0000000E+00   0.0000000E+00   1.9686100E-01
   5.7971014E-01   0.0000000E+00   0.0000000E+00   1.5912470E+03   0.0000000E+00   0.0000000E+00   2.0248689E-01
   5.9420290E-01   0.0000000E+00   0.0000000E+00   1.6263617E+03   0.0000000E+00   0.0000000E+00   1.8415162E-01
   6.0869565E-01   0.0000000E+00   0.0000000E+00   1.5335147E+03   0.0000000E+00   0.0000000E+00   1.8817540E-01
   6.2318841E-01   0.0000000E+00   0.0000000E+00   1.3392555E+03   0.0000000E+00   0.0000000E+00   2.1267088E-01
   6.3768116E-01   0.0000000E+00   0.0000000E+00   9.4717086E+02   0.0000000E+00   0.0000000E+00   2.1716932E-01
   6.5217391E-01   0.0000000E+00   0.0000000E+00   7.0722091E+02   0.0000000E+00   0.0000000E+00   2.3037452E-01
   6.6666667E-01   0.0000000E+00   0.0000000E+00   7.0831907E+02   0.0000000E+00   0.0000000E+00   2.1777614E-01
   6.8115942E-01   0.0000000E+00   0.0000000E+00   7.0937051E+02   0.0000000E+00   0.0000000E+00   1.7064299E-01
   6.9565217E-01   0.0000000E+00   0.0000000E+00   6.3144724E+02   0.0000000E+00   0.0000000E+00   1.9821936E-01
   7.1014493E-01   0.0000000E+00   0.0000000E+00   5.7216852E+02   0.0000000E+00   0.0000000E+00   2.1996989E-01
   7.2463768E-01   0.0000000E+00   0.0000000E+00   6.2134408E+02   0.0000000E+00   0.0000000E+00   1.9618060E-01
   7.3913043E-01   0.0000000E+00   0.0000000E+00   6.0916086E+02   0.0000000E+00   0.0000000E+00   2.2321377E-01
   7.5362319E-01   0.0000000E+00   0.0000000E+00   5.5373065E+02   0.0000000E+00   0.0000000E+00   2.4462272E-01
   7.6811594E-01   0.0000000E+00   0.0000000E+00   4.5750139E+02   0.0000000E+00   0.0000000E+00   2.2262373E-01
   7.8260870E-01   0.0000000E+00   0.0000000E+00   3.5080402E+02   0.0000000E+00   0.0000000E+00   2.4377691E-01
   7.9710145E-01   0.0000000E+00   0.0000000E+00   3.3064873E+02   0.0000000E+00   0.0000000E+00   2.4175910E-01
   8.1159420E-01   0.0000000E+00   0.0000000E+00   2.8415126E+02   0.0000000E+00   0.0000000E+00   1.9347824E-01
   8.2608696E-01   0.0000000E+00   0.0000000E+00   2.1269802E+02   0.0000000E+00   0.0000000E+00   1.7549371E-01
   8.4057971E-01   0.0000000E+00   0.0000000E+00   1.8290196E+02   0.0000000E+00   0.0000000E+00   1.8268859E-01
   8.5507246E-01   0.0000000E+00   0.0000000E+00   2.5685989E+02   0.0000000E+00   0.0000000E+00   2.2302610E-01
   8.6956522E-01   0.0000000E+00   0.0000000E+00   2.1469206E+02   0.0000000E+00   0.0000000E+00   2.2638266E-01
   8.8405797E-01   0.0000000E+00   0.0000000E+00   8.6953390E+01   0.0000000E+00   0.0000000E+00   1.4615254E-01
   8.9855072E-01   0.0000000E+00   0.0000000E+00   9.7772475E+01   0.0000000E+00   0.0000000E+00   2.8218635E-01
   9.1304348E-01   0.0000000E+00   0.0000000E+00   1.2027566E+02   0.0000000E+00   0.0000000E+00   2.3147832E-01
   9.2753623E-01   0.0000000E+00   0.0000000E+00   8.2877450E+01   0.0000000E+00   0.0000000E+00   1.1826687E-01
   9.4202899E-01   0.0000000E+00   0.0000000E+00   9.3259900E+01   0.0000000E+00   0.0000000E+00   2.5755934E-01
   9.5652174E-01   0.0000000E+00   0.0000000E+00   8.0366012E+01   0.0000000E+00   0.0000000E+00   2.9472692E-01
   9.7101449E-01   0.0000000E+00   0.0000000E+00   4.5238011E+01   0.0000000E+00   0.0000000E+00   3.1565476E-01
   9.8550725E-01   0.0000000E+00   0.0000000E+00   2.2286373E+01   0.0000000E+00   0.0000000E+00   4.1973259E-01
   1.0000000E+00   0.0000000E+00   0.0000000E+00   0.0000000E+00   0.0000000E+00   0.0000000E+00   0.0000000E+00
