   0.0000000E+00   0.0000000E+00   0.0000000E+00   5.8283590E+10   0.0000000E+00   0.0000000E+00   3.7171363E-05
   1.4492754E-02   0.0000000E+00   0.0000000E+00   5.0150802E+07   0.0000000E+00   0.0000000E+00   2.2231297E-02
   2.8985507E-02   0.0000000E+00   0.0000000E+00   3.2836140E+07   0.0000000E+00   0.0000000E+00   2.2702981E-02
   4.3478261E-02   0.0000000E+00   0.0000000E+00   1.9363203E+07   0.0000000E+00   0.0000000E+00   1.6903397E-02
   5.7971014E-02   0.0000000E+00   0.0000000E+00   1.0903073E+07   0.0000000E+00   0.0000000E+00   1.0702025E-02
   7.2463768E-02   0.0000000E+00   0.0000000E+00   7.0604389E+06   0.0000000E+00   0.0000000E+00   5.9732901E-03
   8.6956522E-02   0.0000000E+00   0.0000000E+00   5.2834453E+06   0.0000000E+00   0.0000000E+00   3.1646961E-03
   1.0144928E-01   0.0000000E+00   0.0000000E+00   4.2577224E+06   0.0000000E+00   0.0000000E+00   1.8391963E-03
   1.1594203E-01   0.0000000E+00   0.0000000E+00   3.5702658E+06   0.0000000E+00   0.0000000E+00   3.1581191E-03
   1.3043478E-01   0.0000000E+00   0.0000000E+00   3.0728748E+06   0.0000000E+00   0.0000000E+00   3.0804964E-03
   1.4492754E-01   0.0000000E+00   0.0000000E+00   2.6453345E+06   0.0000000E+00   0.0000000E+00   2.8825244E-03
   1.5942029E-01   0.0000000E+00   0.0000000E+00   2.2482736E+06   0.0000000E+00   0.0000000E+00   4.6138970E-03
   1.7391304E-01   0.0000000E+00   0.0000000E+00   1.9098122E+06   0.0000000E+00   0.0000000E+00   6.2169367E-03
   1.8840580E-01   0.0000000E+00   0.0000000E+00   1.6679533E+06   0.0000000E+00   0.0000000E+00   5.3092162E-03
   2.0289855E-01   0.0000000E+00   0.0000000E+00   1.5082749E+06   0.0000000E+00   0.0000000E+00   4.5010506E-03
   2.1739130E-01   0.0000000E+00   0.0000000E+00   1.3526610E+06   0.0000000E+00   0.0000000E+00   4.6200179E-03
   2.3188406E-01   0.0000000E+00   0.0000000E+00   1.2024808E+06   0.0000000E+00   0.0000000E+00   4.3584059E-03
   2.4637681E-01   0.0000000E+00   0.0000000E+00   1.0645755E+06   0.0000000E+00   0.0000000E+00   3.0886558E-03
   2.6086957E-01   0.0000000E+00   0.0000000E+00   9.1909250E+05   0.0000000E+00   0.0000000E+00   2.4164809E-03
   2.7536232E-01   0.0000000E+00   0.0000000E+00   7.4521409E+05   0.0000000E+00   0.0000000E+00   5.6261699E-03
   2.8985507E-01   0.0000000E+00   0.0000000E+00   5.4151652E+05   0.0000000E+00   0.0000000E+00   5.7925225E-03
   3.0434783E-01   0.0000000E+00   0.0000000E+00   3.1225968E+05   0.0000000E+00   0.0000000E+00   7.5356873E-03
   3.1884058E-01   0.0000000E+00   0.0000000E+00   1.1986017E+05   0.0000000E+00   0.0000000E+00   1.9475124E-02
   3.3333333E-01   0.0000000E+00   0.0000000E+00   3.2813293E+04   0.0000000E+00   0.0000000E+00   5.6155987E-02
   3.4782609E-01   0.0000000E+00   0.0000000E+00   1.9006562E+04   0.0000000E+00   0.0000000E+00   1.0396370E-01
   3.6231884E-01   0.0000000E+00   0.0000000E+00   2.0155796E+04   0.0000000E+00   0.0000000E+00   1.1235981E-01
   3.7681159E-01   0.0000000E+00   0.0000000E+00   1.9001705E+04   0.0000000E+00   0.0000000E+00   1.2551431E-01
   3.9130435E-01   0.0000000E+00   0.0000000E+00   1.9560832E+04   0.0000000E+00   0.0000000E+00   1.3235001E-01
   4.0579710E-01   0.0000000E+00   0.0000000E+00   1.7887998E+04   0.0000000E+00   0.0000000E+00   1.4039965E-01
   4.2028986E-01   0.0000000E+00   0.0000000E+00   1.4684414E+04   0.0000000E+00   0.0000000E+00   1.4071218E-01
   4.3478261E-01   0.0000000E+00   0.0000000E+00   1.2224819E+04   0.0000000E+00   0.0000000E+00   1.4480362E-01
   4.4927536E-01   0.0000000E+00   0.0000000E+00   9.5817026E+03   0.0000000E+00   0.0000000E+00   1.5188392E-01
   4.6376812E-01   0.0000000E+00   0.0000000E+00   7.6957632E+03   0.0000000E+00   0.0000000E+00   1.4321795E-01
   4.7826087E-01   0.0000000E+00   0.0000000E+00   5.7174677E+03   0.0000000E+00   0.0000000E+00   1.6725737E-01
   4.9275362E-01   0.0000000E+00   0.0000000E+00   3.5435333E+03   0.0000000E+00   0.0000000E+00   1.9287553E-01
   5.0724638E-01   0.0000000E+00   0.0000000E+00   2.5330055E+03   0.0000000E+00   0.0000000E+00   2.2177011E-01
   5.2173913E-01   0.0000000E+00   0.0000000E+00   2.5678854E+03   0.0000000E+00   0.0000000E+00   2.4268504E-01
   5.3623188E-01   0.0000000E+00   0.0000000E+00   2.4165656E+03   0.0000000E+00   0.0000000E+00   2.6139653E-01
   5.5072464E-01   0.0000000E+00   0.0000000E+00   1.9940439E+03   0.0000000E+00   0.0000000E+00   2.7264707E-01
   5.6521739E-01   0.0000000E+00   0.0000000E+00   1.6709065E+03   0.0000000E+00   0.0000000E+00   2.6317642E-01
   5.7971014E-01   0.0000000E+00   0.0000000E+00   1.4586431E+03   0.0000000E+00   0.0000000E+00   2.5587921E-01
   5.9420290E-01   0.0000000E+00   0.0000000E+00   1.2197712E+03   0.0000000E+00   0.0000000E+00   2.7950780E-01
   6.0869565E-01   0.0000000E+00   0.0000000E+00   8.8402613E+02   0.0000000E+00   0.0000000E+00   2.9010605E-01
   6.2318841E-01   0.0000000E+00   0.0000000E+00   7.9298025E+02   0.0000000E+00   0.0000000E+00   2.8164543E-01
   6.3768116E-01   0.0000000E+00   0.0000000E+00   8.6106441E+02   0.0000000E+00   0.0000000E+00   3.0752922E-01
   6.5217391E-01   0.0000000E+00   0.0000000E+00   6.3986653E+02   0.0000000E+00   0.0000000E+00   3.1167892E-01
   6.6666667E-01   0.0000000E+00   0.0000000E+00   4.7770356E+02   0.0000000E+00   0.0000000E+00   3.1526779E-01
   6.8115942E-01   0.0000000E+00   0.0000000E+00   6.1263817E+02   0.0000000E+00   0.0000000E+00   3.0975544E-01
   6.9565217E-01   0.0000000E+00   0.0000000E+00   5.9987487E+02   0.0000000E+00   0.0000000E+00   3.1862738E-01
   7.1014493E-01   0.0000000E+00   0.0000000E+00   3.5567232E+02   0.0000000E+00   0.0000000E+00   3.5172552E-01
   7.2463768E-01   0.0000000E+00   0.0000000E+00   2.8793994E+02   0.0000000E+00   0.0000000E+00   3.6770515E-01
   7.3913043E-01   0.0000000E+00   0.0000000E+00   3.2686680E+02   0.0000000E+00   0.0000000E+00   3.2912256E-01
   7.5362319E-01   0.0000000E+00   0.0000000E+00   2.9143719E+02   0.0000000E+00   0.0000000E+00   2.8259019E-01
   7.6811594E-01   0.0000000E+00   0.0000000E+00   2.1445378E+02   0.0000000E+00   0.0000000E+00   2.8752462E-01
   7.8260870E-01   0.0000000E+00   0.0000000E+00   2.1048241E+02   0.0000000E+00   0.0000000E+00   3.1665712E-01
   7.9710145E-01   0.0000000E+00   0.0000000E+00   1.9287843E+02   0.0000000E+00   0.0000000E+00   3.2647743E-01
   8.1159420E-01   0.0000000E+00   0.0000000E+00   1.6237215E+02   0.0000000E+00   0.0000000E+00   3.5173230E-01
   8.2608696E-01   0.0000000E+00   0.0000000E+00   1.5952351E+02   0.0000000E+00   0.0000000E+00   3.4137749E-01
   8.4057971E-01   0.0000000E+00   0.0000000E+00   1.5677311E+02   0.0000000E+00   0.0000000E+00   3.7278933E-01
   8.5507246E-01   0.0000000E+00   0.0000000E+00   1.7980193E+02   0.0000000E+00   0.0000000E+00   3.1154210E-01
   8.6956522E-01   0.0000000E+00   0.0000000E+00   1.8943417E+02   0.0000000E+00   0.0000000E+00   2.8303171E-01
   8.8405797E-01   0.0000000E+00   0.0000000E+00   2.1117252E+02   0.0000000E+00   0.0000000E+00   2.8912430E-01
   8.9855072E-01   0.0000000E+00   0.0000000E+00   1.9554495E+02   0.0000000E+00   0.0000000E+00   2.6747470E-01
   9.1304348E-01   0.0000000E+00   0.0000000E+00   1.3230323E+02   0.0000000E+00   0.0000000E+00   2.8790578E-01
   9.2753623E-01   0.0000000E+00   0.0000000E+00   1.1839636E+02   0.0000000E+00   0.0000000E+00   3.2034332E-01
   9.4202899E-01   0.0000000E+00   0.0000000E+00   6.9944925E+01   0.0000000E+00   0.0000000E+00   3.3750980E-01
   9.5652174E-01   0.0000000E+00   0.0000000E+00   6.8885153E+01   0.0000000E+00   0.0000000E+00   4.1332933E-01
   9.7101449E-01   0.0000000E+00   0.0000000E+00   6.7857016E+01   0.0000000E+00   0.0000000E+00   4.1718419E-01
   9.8550725E-01   0.0000000E+00   0.0000000E+00   2.2286373E+01   0.0000000E+00   0.0000000E+00   4.2342170E-01
   1.0000000E+00   0.0000000E+00   0.0000000E+00   2.1884092E+01   0.0000000E+00   0.0000000E+00   4.2849694E-01
