   0.0000000E+00   0.0000000E+00   0.0000000E+00   5.9463362E+10   0.0000000E+00   0.0000000E+00   2.5453020E-05
   1.4492754E-02   0.0000000E+00   0.0000000E+00   2.8253728E+07   0.0000000E+00   0.0000000E+00   2.1552611E-02
   2.8985507E-02   0.0000000E+00   0.0000000E+00   1.6457283E+07   0.0000000E+00   0.0000000E+00   1.8660205E-02
   4.3478261E-02   0.0000000E+00   0.0000000E+00   8.7599412E+06   0.0000000E+00   0.0000000E+00   1.0802976E-02
   5.7971014E-02   0.0000000E+00   0.0000000E+00   5.1139649E+06   0.0000000E+00   0.0000000E+00   6.8548367E-03
   7.2463768E-02   0.0000000E+00   0.0000000E+00   3.5822759E+06   0.0000000E+00   0.0000000E+00   4.1737299E-03
   8.6956522E-02   0.0000000E+00   0.0000000E+00   2.7720534E+06   0.0000000E+00   0.0000000E+00   3.8236927E-03
   1.0144928E-01   0.0000000E+00   0.0000000E+00   2.2709368E+06   0.0000000E+00   0.0000000E+00   4.6249587E-03
   1.1594203E-01   0.0000000E+00   0.0000000E+00   1.9123380E+06   0.0000000E+00   0.0000000E+00   6.3422751E-03
   1.3043478E-01   0.0000000E+00   0.0000000E+00   1.6250084E+06   0.0000000E+00   0.0000000E+00   8.5500865E-03
   1.4492754E-01   0.0000000E+00   0.0000000E+00   1.3881736E+06   0.0000000E+00   0.0000000E+00   1.1150304E-02
   1.5942029E-01   0.0000000E+00   0.0000000E+00   1.1717365E+06   0.0000000E+00   0.0000000E+00   1.4350795E-02
   1.7391304E-01   0.0000000E+00   0.0000000E+00   9.8291077E+05   0.0000000E+00   0.0000000E+00   1.4413260E-02
   1.8840580E-01   0.0000000E+00   0.0000000E+00   8.4091286E+05   0.0000000E+00   0.0000000E+00   1.2430892E-02
   2.0289855E-01   0.0000000E+00   0.0000000E+00   7.3002517E+05   0.0000000E+00   0.0000000E+00   1.2366591E-02
   2.1739130E-01   0.0000000E+00   0.0000000E+00   6.3700397E+05   0.0000000E+00   0.0000000E+00   1.2412717E-02
   2.3188406E-01   0.0000000E+00   0.0000000E+00   5.4656494E+05   0.0000000E+00   0.0000000E+00   1.0348077E-02
   2.4637681E-01   0.0000000E+00   0.0000000E+00   4.5259166E+05   0.0000000E+00   0.0000000E+00   9.7393046E-03
   2.6086957E-01   0.0000000E+00   0.0000000E+00   3.7768964E+05   0.0000000E+00   0.0000000E+00   1.0075196E-02
   2.7536232E-01   0.0000000E+00   0.0000000E+00   3.0273575E+05   0.0000000E+00   0.0000000E+00   1.2370823E-02
   2.8985507E-01   0.0000000E+00   0.0000000E+00   2.1841760E+05   0.0000000E+00   0.0000000E+00   1.4660338E-02
   3.0434783E-01   0.0000000E+00   0.0000000E+00   1.3292866E+05   0.0000000E+00   0.0000000E+00   1.6487200E-02
   3.1884058E-01   0.0000000E+00   0.0000000E+00   5.6072515E+04   0.0000000E+00   0.0000000E+00   3.2618850E-02
   3.3333333E-01   0.0000000E+00   0.0000000E+00   1.7427944E+04   0.0000000E+00   0.0000000E+00   1.0478717E-01
   3.4782609E-01   0.0000000E+00   0.0000000E+00   1.2250076E+04   0.0000000E+00   0.0000000E+00   1.6425506E-01
   3.6231884E-01   0.0000000E+00   0.0000000E+00   1.3912046E+04   0.0000000E+00   0.0000000E+00   1.7764085E-01
   3.7681159E-01   0.0000000E+00   0.0000000E+00   1.4047272E+04   0.0000000E+00   0.0000000E+00   1.9110131E-01
   3.9130435E-01   0.0000000E+00   0.0000000E+00   1.2095723E+04   0.0000000E+00   0.0000000E+00   2.0194346E-01
   4.0579710E-01   0.0000000E+00   0.0000000E+00   1.1176616E+04   0.0000000E+00   0.0000000E+00   2.3122985E-01
   4.2028986E-01   0.0000000E+00   0.0000000E+00   9.4063864E+03   0.0000000E+00   0.0000000E+00   2.3801461E-01
   4.3478261E-01   0.0000000E+00   0.0000000E+00   7.4763353E+03   0.0000000E+00   0.0000000E+00   2.1386557E-01
   4.4927536E-01   0.0000000E+00   0.0000000E+00   6.3063247E+03   0.0000000E+00   0.0000000E+00   2.1343954E-01
   4.6376812E-01   0.0000000E+00   0.0000000E+00   4.6411372E+03   0.0000000E+00   0.0000000E+00   2.1425068E-01
   4.7826087E-01   0.0000000E+00   0.0000000E+00   3.9723772E+03   0.0000000E+00   0.0000000E+00   2.1587834E-01
   4.9275362E-01   0.0000000E+00   0.0000000E+00   3.5435333E+03   0.0000000E+00   0.0000000E+00   2.2053988E-01
   5.0724638E-01   0.0000000E+00   0.0000000E+00   3.2690926E+03   0.0000000E+00   0.0000000E+00   2.1575573E-01
   5.2173913E-01   0.0000000E+00   0.0000000E+00   2.7573196E+03   0.0000000E+00   0.0000000E+00   2.2576386E-01
   5.3623188E-01   0.0000000E+00   0.0000000E+00   2.3960863E+03   0.0000000E+00   0.0000000E+00   2.0989835E-01
   5.5072464E-01   0.0000000E+00   0.0000000E+00   2.5324358E+03   0.0000000E+00   0.0000000E+00   1.9431789E-01
   5.6521739E-01   0.0000000E+00   0.0000000E+00   1.9040563E+03   0.0000000E+00   0.0000000E+00   2.1862763E-01
   5.7971014E-01   0.0000000E+00   0.0000000E+00   1.6101905E+03   0.0000000E+00   0.0000000E+00   1.9382691E-01
   5.9420290E-01   0.0000000E+00   0.0000000E+00   1.7187686E+03   0.0000000E+00   0.0000000E+00   1.6841143E-01
   6.0869565E-01   0.0000000E+00   0.0000000E+00   1.5154734E+03   0.0000000E+00   0.0000000E+00   1.9302639E-01
   6.2318841E-01   0.0000000E+00   0.0000000E+00   1.1806595E+03   0.0000000E+00   0.0000000E+00   2.0321897E-01
   6.3768116E-01   0.0000000E+00   0.0000000E+00   9.9883472E+02   0.0000000E+00   0.0000000E+00   1.6407021E-01
   6.5217391E-01   0.0000000E+00   0.0000000E+00   9.9347699E+02   0.0000000E+00   0.0000000E+00   1.6541021E-01
   6.6666667E-01   0.0000000E+00   0.0000000E+00   9.3893459E+02   0.0000000E+00   0.0000000E+00   2.3366960E-01
   6.8115942E-01   0.0000000E+00   0.0000000E+00   8.3834697E+02   0.0000000E+00   0.0000000E+00   2.4660132E-01
   6.9565217E-01   0.0000000E+00   0.0000000E+00   7.8930905E+02   0.0000000E+00   0.0000000E+00   2.2653793E-01
   7.1014493E-01   0.0000000E+00   0.0000000E+00   8.1959274E+02   0.0000000E+00   0.0000000E+00   2.4452222E-01
   7.2463768E-01   0.0000000E+00   0.0000000E+00   7.4258195E+02   0.0000000E+00   0.0000000E+00   1.7972296E-01
   7.3913043E-01   0.0000000E+00   0.0000000E+00   6.8344877E+02   0.0000000E+00   0.0000000E+00   1.3806060E-01
   7.5362319E-01   0.0000000E+00   0.0000000E+00   4.9544322E+02   0.0000000E+00   0.0000000E+00   1.6473893E-01
   7.6811594E-01   0.0000000E+00   0.0000000E+00   4.4320448E+02   0.0000000E+00   0.0000000E+00   1.5019923E-01
   7.8260870E-01   0.0000000E+00   0.0000000E+00   4.9112563E+02   0.0000000E+00   0.0000000E+00   1.8087014E-01
   7.9710145E-01   0.0000000E+00   0.0000000E+00   4.8219607E+02   0.0000000E+00   0.0000000E+00   1.8063460E-01
   8.1159420E-01   0.0000000E+00   0.0000000E+00   3.6533733E+02   0.0000000E+00   0.0000000E+00   1.2640816E-01
   8.2608696E-01   0.0000000E+00   0.0000000E+00   3.3234065E+02   0.0000000E+00   0.0000000E+00   1.8969454E-01
   8.4057971E-01   0.0000000E+00   0.0000000E+00   3.1354621E+02   0.0000000E+00   0.0000000E+00   2.2504751E-01
   8.5507246E-01   0.0000000E+00   0.0000000E+00   3.3391786E+02   0.0000000E+00   0.0000000E+00   9.8097238E-02
   8.6956522E-01   0.0000000E+00   0.0000000E+00   3.9149729E+02   0.0000000E+00   0.0000000E+00   1.0004248E-01
   8.8405797E-01   0.0000000E+00   0.0000000E+00   2.8570400E+02   0.0000000E+00   0.0000000E+00   1.0109145E-01
   8.9855072E-01   0.0000000E+00   0.0000000E+00   2.1998807E+02   0.0000000E+00   0.0000000E+00   6.6446181E-02
   9.1304348E-01   0.0000000E+00   0.0000000E+00   1.5635836E+02   0.0000000E+00   0.0000000E+00   1.8350181E-01
   9.2753623E-01   0.0000000E+00   0.0000000E+00   1.5391526E+02   0.0000000E+00   0.0000000E+00   1.8957959E-01
   9.4202899E-01   0.0000000E+00   0.0000000E+00   2.2149226E+02   0.0000000E+00   0.0000000E+00   1.3055068E-01
   9.5652174E-01   0.0000000E+00   0.0000000E+00   1.6073202E+02   0.0000000E+00   0.0000000E+00   1.4558723E-01
   9.7101449E-01   0.0000000E+00   0.0000000E+00   7.9166519E+01   0.0000000E+00   0.0000000E+00   1.1876806E-01
   9.8550725E-01   0.0000000E+00   0.0000000E+00   4.4572746E+01   0.0000000E+00   0.0000000E+00   1.0660129E-01
   1.0000000E+00   0.0000000E+00   0.0000000E+00   0.0000000E+00   0.0000000E+00   0.0000000E+00   0.0000000E+00
