   0.0000000E+00   2.3605013E+07   1.2942143E+07   3.6547156E+07   2.5502867E-03   7.7278629E-06   1.6452920E-03
   1.4492754E-02   2.3720947E+07   1.3367233E+07   3.7088180E+07   1.8284868E-03   1.6163686E-04   1.2008939E-03
   2.8985507E-02   2.4000552E+07   1.3297521E+07   3.7298073E+07   1.4392744E-03   7.6061604E-05   9.4350614E-04
   4.3478261E-02   2.4596891E+07   1.3555152E+07   3.8151789E+07   6.8859497E-04   4.2940587E-05   4.3667912E-04
   5.7971014E-02   2.5111394E+07   1.3766560E+07   3.8877575E+07   1.4320319E-03   1.0388870E-04   8.8971078E-04
   7.2463768E-02   2.5865493E+07   1.4123909E+07   3.9988341E+07   5.1035150E-04   3.9225570E-05   3.1768529E-04
   8.6956522E-02   2.6686728E+07   1.4476812E+07   4.1163035E+07   6.6377205E-04   6.9975420E-05   4.4039307E-04
   1.0144928E-01   2.7442733E+07   1.4738844E+07   4.2180820E+07   3.8590071E-04   1.0257042E-04   2.8604389E-04
   1.1594203E-01   2.8347024E+07   1.5086727E+07   4.3432614E+07   9.4896759E-05   2.3507176E-05   5.3573367E-05
   1.3043478E-01   2.9228177E+07   1.5524509E+07   4.4751087E+07   2.1637599E-04   3.0000034E-05   1.3551685E-04
   1.4492754E-01   3.0236497E+07   1.5955737E+07   4.6190567E+07   6.7638182E-04   2.6043349E-05   4.4078952E-04
   1.5942029E-01   3.1149246E+07   1.6268951E+07   4.7416613E+07   4.3604752E-04   4.4665177E-05   2.8799894E-04
   1.7391304E-01   3.1931213E+07   1.6518218E+07   4.8446653E+07   7.6051069E-04   9.0795880E-05   4.8482254E-04
   1.8840580E-01   3.0596999E+07   1.5713768E+07   4.6308261E+07   7.0151410E-04   4.3266876E-05   4.5359969E-04
   2.0289855E-01   2.5040978E+07   1.2794925E+07   3.7834659E+07   2.8381573E-04   1.3352640E-04   1.4274622E-04
   2.1739130E-01   1.8557426E+07   9.3744657E+06   2.7930780E+07   7.6916288E-04   3.4748766E-04   6.2746857E-04
   2.3188406E-01   1.4303085E+07   7.1574860E+06   2.1459576E+07   3.6978860E-04   4.6917629E-04   3.6585823E-04
   2.4637681E-01   1.1750668E+07   5.8006526E+06   1.7550920E+07   6.1461449E-04   6.1385645E-04   6.0698076E-04
   2.6086957E-01   9.9587228E+06   4.8866860E+06   1.4845367E+07   8.2451568E-04   7.5455213E-04   8.0028386E-04
   2.7536232E-01   8.6809106E+06   4.1808720E+06   1.2861503E+07   6.3754748E-04   8.5813615E-04   6.9716236E-04
   2.8985507E-01   7.5949842E+06   3.6465699E+06   1.1241516E+07   1.9183453E-04   9.6458401E-04   4.4149492E-04
   3.0434783E-01   6.7379750E+06   3.1613496E+06   9.8990720E+06   2.0657808E-04   9.8570822E-04   4.5452890E-04
   3.1884058E-01   5.9370047E+06   2.7519963E+06   8.6889666E+06   1.4739513E-04   1.1075407E-03   4.4889320E-04
   3.3333333E-01   5.2386949E+06   2.3605804E+06   7.5991435E+06   9.8772933E-05   9.4711561E-04   3.0788320E-04
   3.4782609E-01   4.5024398E+06   2.0145377E+06   6.5169459E+06   5.1575938E-04   8.9702504E-04   3.5160308E-04
   3.6231884E-01   3.7911385E+06   1.6699910E+06   5.4611295E+06   5.1496573E-04   9.5048779E-04   3.9236855E-04
   3.7681159E-01   3.0812488E+06   1.3101850E+06   4.3914338E+06   7.4201724E-04   9.6276320E-04   6.2022923E-04
   3.9130435E-01   2.3237820E+06   9.4573957E+05   3.2694935E+06   5.0654553E-04   1.2602174E-03   6.6491588E-04
   4.0579710E-01   1.5316565E+06   5.8554102E+05   2.1171975E+06   1.5706360E-03   8.8719062E-04   1.3326204E-03
   4.2028986E-01   7.3547490E+05   2.4772764E+05   9.8320254E+05   2.2956086E-03   1.2710188E-03   2.0330617E-03
   4.3478261E-01   1.8594858E+05   4.2054386E+04   2.2800297E+05   2.1045566E-02   1.4284501E-03   1.7423641E-02
   4.4927536E-01   7.2987153E+04   8.0417861E+03   8.1028939E+04   5.0940272E-02   7.0171047E-04   4.5829985E-02
   4.6376812E-01   7.6910273E+04   7.2221778E+03   8.4132451E+04   6.4657313E-02   1.2065175E-05   5.9105947E-02
   4.7826087E-01   7.6278826E+04   6.7048216E+03   8.2983648E+04   6.5247898E-02   1.5145691E-05   5.9976973E-02
   4.9275362E-01   6.8240874E+04   4.7915702E+03   7.3032445E+04   6.0003893E-02   6.8653695E-06   5.6067376E-02
   5.0724638E-01   6.1246774E+04   3.7453842E+03   6.4992158E+04   5.1249871E-02   1.3642017E-05   4.8295699E-02
   5.2173913E-01   5.5504212E+04   2.4415960E+03   5.7945808E+04   4.5972679E-02   4.2231209E-05   4.4037167E-02
   5.3623188E-01   5.0317812E+04   2.2117719E+03   5.2529584E+04   3.6511780E-02   2.9823379E-04   3.4963021E-02
   5.5072464E-01   4.7817173E+04   1.3559499E+03   4.9173123E+04   3.1275042E-02   2.9676254E-06   3.0412551E-02
   5.6521739E-01   4.4084732E+04   9.3259900E+02   4.5017331E+04   2.0991721E-02   7.6005277E-06   2.0556877E-02
   5.7971014E-01   3.9004496E+04   7.1984985E+02   3.9724346E+04   1.9713407E-02   1.1841590E-05   1.9356390E-02
   5.9420290E-01   3.8755459E+04   4.8051595E+02   3.9235975E+04   1.5453916E-02   9.0518344E-06   1.5264545E-02
   6.0869565E-01   3.6533733E+04   2.7062024E+02   3.6804353E+04   1.2312105E-02   1.2474270E-05   1.2221488E-02
   6.2318841E-01   3.2089267E+04   8.8108917E+01   3.2177376E+04   9.9862184E-03   3.4889663E-05   9.9589591E-03
   6.3768116E-01   2.8466790E+04   1.3777031E+02   2.8604560E+04   8.9712346E-03   1.6360123E-05   8.9279726E-03
   6.5217391E-01   2.7345875E+04   6.7354372E+01   2.7413229E+04   6.8726605E-03   4.8988465E-06   6.8557863E-03
   6.6666667E-01   2.4725277E+04   6.5890146E+01   2.4791168E+04   4.4442552E-03   1.9910126E-05   4.4324891E-03
   6.8115942E-01   2.2699856E+04   4.8366171E+01   2.2748223E+04   4.4581082E-03   6.0388525E-06   4.4486233E-03
   6.9565217E-01   2.1106124E+04   6.3144724E+01   2.1169269E+04   3.4955803E-03   1.3250172E-05   3.4851187E-03
   7.1014493E-01   1.8649601E+04   6.1856056E+01   1.8711457E+04   2.2939967E-03   2.3650395E-05   2.2864902E-03
   7.2463768E-01   1.6821754E+04   4.5464201E+01   1.6867219E+04   1.5346637E-03   1.1994343E-05   1.5304986E-03
   7.3913043E-01   1.5466743E+04   1.4857582E+01   1.5481600E+04   7.8548249E-04   1.4002585E-05   7.8471574E-04
   7.5362319E-01   1.3639260E+04   2.9143719E+01   1.3668404E+04   8.9531341E-04   1.3826947E-05   8.9337934E-04
   7.6811594E-01   1.3181759E+04   0.0000000E+00   1.3181759E+04   2.0249763E-03   0.0000000E+00   2.0249763E-03
   7.8260870E-01   1.1478308E+04   1.4032161E+01   1.1492340E+04   4.8370585E-04   8.0457039E-06   4.8310560E-04
   7.9710145E-01   1.0553205E+04   1.3777031E+01   1.0566982E+04   5.6066571E-04   9.3675538E-06   5.5994611E-04
   8.1159420E-01   9.4852396E+03   0.0000000E+00   9.4852396E+03   1.1592766E-03   0.0000000E+00   1.1592766E-03
   8.2608696E-01   8.5876824E+03   0.0000000E+00   8.5876824E+03   7.2875169E-06   0.0000000E+00   7.2875169E-06
   8.4057971E-01   7.2507562E+03   0.0000000E+00   7.2507562E+03   1.3821572E-05   0.0000000E+00   1.3821572E-05
   8.5507246E-01   6.0362075E+03   0.0000000E+00   6.0362075E+03   7.4481053E-04   0.0000000E+00   7.4481053E-04
   8.6956522E-01   6.0366356E+03   0.0000000E+00   6.0366356E+03   9.4849420E-05   0.0000000E+00   9.4849420E-05
   8.8405797E-01   5.1675157E+03   0.0000000E+00   5.1675157E+03   1.1523749E-05   0.0000000E+00   1.1523749E-05
   8.9855072E-01   4.4486476E+03   0.0000000E+00   4.4486476E+03   6.5860308E-06   0.0000000E+00   6.5860308E-06
   9.1304348E-01   3.3556910E+03   0.0000000E+00   3.3556910E+03   1.4424768E-03   0.0000000E+00   1.4424768E-03
   9.2753623E-01   3.0427864E+03   0.0000000E+00   3.0427864E+03   9.2777954E-06   0.0000000E+00   9.2777954E-06
   9.4202899E-01   2.1682927E+03   0.0000000E+00   2.1682927E+03   1.7546704E-05   0.0000000E+00   1.7546704E-05
   9.5652174E-01   1.6188011E+03   0.0000000E+00   1.6188011E+03   1.6323973E-05   0.0000000E+00   1.6323973E-05
   9.7101449E-01   1.0857123E+03   0.0000000E+00   1.0857123E+03   1.9806506E-06   0.0000000E+00   1.9806506E-06
   9.8550725E-01   6.3516163E+02   0.0000000E+00   6.3516163E+02   2.2981488E-05   0.0000000E+00   2.2981488E-05
   1.0000000E+00   3.0637729E+02   0.0000000E+00   3.0637729E+02   3.2881651E-05   0.0000000E+00   3.2881651E-05
