   0.0000000E+00   2.0798357E+07   1.2881524E+07   3.3679880E+07   3.5993370E-03   5.3972727E-05   2.2057197E-03
   1.4492754E-02   2.1274215E+07   1.3384661E+07   3.4658876E+07   4.1780117E-04   1.5540937E-04   2.8261626E-04
   2.8985507E-02   2.1756893E+07   1.3322526E+07   3.5079420E+07   8.6342432E-04   8.7576493E-05   5.1972149E-04
   4.3478261E-02   2.1696274E+07   1.3584198E+07   3.5280978E+07   6.0707401E-04   3.1642942E-05   3.8408424E-04
   5.7971014E-02   2.2172512E+07   1.3859762E+07   3.6032274E+07   3.5087248E-04   6.2803945E-05   1.9189953E-04
   7.2463768E-02   2.2410062E+07   1.4248178E+07   3.6659301E+07   7.8529860E-04   2.9257004E-05   4.7044920E-04
   8.6956522E-02   2.2721240E+07   1.4657785E+07   3.7378393E+07   2.4946345E-04   6.2623404E-05   1.5411259E-04
   1.0144928E-01   2.3247361E+07   1.5158847E+07   3.8406317E+07   6.6029527E-05   2.5700776E-05   3.3514515E-05
   1.1594203E-01   2.3561064E+07   1.5607576E+07   3.9168546E+07   2.7302739E-04   2.8229506E-05   1.6409168E-04
   1.3043478E-01   2.4017054E+07   1.6200494E+07   4.0217969E+07   1.3421069E-04   6.7464050E-05   1.0593750E-04
   1.4492754E-01   2.4264547E+07   1.6752952E+07   4.1017196E+07   7.1329768E-04   1.9377556E-05   4.2884424E-04
   1.5942029E-01   2.4296069E+07   1.7395430E+07   4.1691292E+07   8.3971073E-04   7.7432603E-06   4.8662580E-04
   1.7391304E-01   2.3848310E+07   1.7386268E+07   4.1234010E+07   9.8174931E-04   6.4570246E-05   5.5836023E-04
   1.8840580E-01   2.2412219E+07   1.6420620E+07   3.8832315E+07   4.5833906E-04   5.3527809E-05   2.4853106E-04
   2.0289855E-01   2.0070117E+07   1.3366421E+07   3.3435943E+07   2.9661501E-04   1.2181577E-04   2.2422964E-04
   2.1739130E-01   1.7494170E+07   9.8062240E+06   2.7300495E+07   1.0648348E-03   1.9884825E-04   7.5143435E-04
   2.3188406E-01   1.5296667E+07   7.1569651E+06   2.2453822E+07   1.6104666E-03   2.9814770E-04   1.1934259E-03
   2.4637681E-01   1.3665157E+07   5.5361134E+06   1.9201226E+07   1.1359325E-03   4.9265486E-04   9.4823221E-04
   2.6086957E-01   1.2355023E+07   4.4975461E+06   1.6852148E+07   5.4228423E-04   5.3180590E-04   5.4430656E-04
   2.7536232E-01   1.1287565E+07   3.7831400E+06   1.5070824E+07   4.2376646E-04   6.8452443E-04   4.7233520E-04
   2.8985507E-01   1.0389858E+07   3.2507661E+06   1.3640700E+07   3.5854788E-04   7.5652658E-04   4.5219121E-04
   3.0434783E-01   9.5611936E+06   2.8311929E+06   1.2392170E+07   1.0762466E-04   9.4409772E-04   1.4557947E-04
   3.1884058E-01   8.7009526E+06   2.4843086E+06   1.1185123E+07   5.8321905E-04   6.4026639E-04   5.1733800E-04
   3.3333333E-01   7.8679753E+06   2.1396837E+06   1.0007395E+07   2.9606652E-04   6.4227621E-04   3.6934910E-04
   3.4782609E-01   7.0645054E+06   1.8047709E+06   8.8693079E+06   6.8285122E-05   6.1680837E-04   1.1643332E-04
   3.6231884E-01   6.1353939E+06   1.4654021E+06   7.6009476E+06   1.6951423E-04   6.4212409E-04   1.1159994E-05
   3.7681159E-01   5.0632840E+06   1.1356433E+06   6.1988689E+06   4.8519224E-04   6.4589150E-04   3.1481463E-04
   3.9130435E-01   3.7945489E+06   7.8349973E+05   4.5780205E+06   7.5013768E-04   7.7887258E-04   5.0725820E-04
   4.0579710E-01   2.3610804E+06   4.5726703E+05   2.8183204E+06   6.2168641E-04   1.0359621E-03   5.9398911E-04
   4.2028986E-01   1.0975947E+06   1.8467872E+05   1.2822734E+06   3.8760278E-03   1.2469354E-03   3.4968818E-03
   4.3478261E-01   3.1284422E+05   3.3163609E+04   3.4600783E+05   8.4218064E-03   1.9031405E-04   7.5971884E-03
   4.4927536E-01   4.8079615E+04   1.2221559E+03   4.9301771E+04   7.4234885E-03   3.9906179E-06   7.2393690E-03
   4.6376812E-01   4.2243820E+04   7.5773668E+02   4.3001557E+04   6.3849605E-03   5.7987523E-06   6.2725237E-03
   4.7826087E-01   4.3076182E+04   6.1996638E+02   4.3696149E+04   7.2243315E-03   1.3810270E-05   7.1218802E-03
   4.9275362E-01   4.4817896E+04   2.6743648E+02   4.5085333E+04   6.4919718E-03   1.1532626E-05   6.4534593E-03
   5.0724638E-01   4.4511618E+04   6.9278783E+02   4.5204406E+04   7.4914790E-03   3.0409722E-05   7.3767334E-03
   5.2173913E-01   4.4327596E+04   4.6306131E+02   4.4790657E+04   5.9190812E-03   4.9294891E-06   5.8579335E-03
   5.3623188E-01   4.1429765E+04   4.3006677E+02   4.1859832E+04   4.7171362E-03   4.8043804E-06   4.6687166E-03
   5.5072464E-01   3.9322546E+04   2.5922571E+02   3.9581772E+04   5.7878119E-03   2.0610211E-06   5.7498937E-03
   5.6521739E-01   3.5205612E+04   1.3600402E+02   3.5341616E+04   5.7366172E-03   1.4639933E-05   5.7145010E-03
   5.7971014E-01   3.0764109E+04   1.8943417E+02   3.0953544E+04   3.4512971E-03   2.3528515E-05   3.4302829E-03
   5.9420290E-01   2.9237547E+04   1.6633244E+02   2.9403880E+04   5.1316033E-03   2.5297871E-04   5.1012628E-03
   6.0869565E-01   2.3309424E+04   1.0824810E+02   2.3417672E+04   2.0010282E-03   2.0070014E-06   1.9917863E-03
   6.2318841E-01   2.0053589E+04   5.2865350E+01   2.0106455E+04   3.3238446E-03   4.2865476E-06   3.3151016E-03
   6.3768116E-01   1.6825199E+04   5.1663865E+01   1.6876863E+04   1.8841473E-03   3.6535395E-06   1.8783713E-03
   6.5217391E-01   1.3538229E+04   3.3677186E+01   1.3571906E+04   2.0154957E-03   1.6859483E-05   2.0104527E-03
   6.6666667E-01   1.0773039E+04   4.9417610E+01   1.0822457E+04   2.6220542E-03   4.2919434E-06   2.6101002E-03
   6.8115942E-01   8.3673476E+03   0.0000000E+00   8.3673476E+03   2.0242172E-03   0.0000000E+00   2.0242172E-03
   6.9565217E-01   6.2039691E+03   0.0000000E+00   6.2039691E+03   1.0638874E-05   0.0000000E+00   1.0638874E-05
   7.1014493E-01   5.3196208E+03   0.0000000E+00   5.3196208E+03   4.1854372E-07   0.0000000E+00   4.1854372E-07
   7.2463768E-01   3.8796118E+03   0.0000000E+00   3.8796118E+03   1.4827798E-03   0.0000000E+00   1.4827798E-03
   7.3913043E-01   2.9120861E+03   0.0000000E+00   2.9120861E+03   2.3507158E-05   0.0000000E+00   2.3507158E-05
   7.5362319E-01   2.2440663E+03   0.0000000E+00   2.2440663E+03   1.2733316E-05   0.0000000E+00   1.2733316E-05
   7.6811594E-01   2.1302409E+03   0.0000000E+00   2.1302409E+03   2.8697118E-03   0.0000000E+00   2.8697118E-03
   7.8260870E-01   1.2348302E+03   0.0000000E+00   1.2348302E+03   3.6705823E-05   0.0000000E+00   3.6705823E-05
   7.9710145E-01   1.1021624E+03   0.0000000E+00   1.1021624E+03   5.2857706E-06   0.0000000E+00   5.2857706E-06
   8.1159420E-01   7.8479871E+02   0.0000000E+00   7.8479871E+02   9.5759750E-06   0.0000000E+00   9.5759750E-06
   8.2608696E-01   4.6527691E+02   0.0000000E+00   4.6527691E+02   1.4599533E-05   0.0000000E+00   1.4599533E-05
   8.4057971E-01   3.9193277E+02   0.0000000E+00   3.9193277E+02   5.3244365E-05   0.0000000E+00   5.3244365E-05
   8.5507246E-01   2.5685989E+02   0.0000000E+00   2.5685989E+02   8.3294246E-06   0.0000000E+00   8.3294246E-06
   8.6956522E-01   2.5257889E+02   0.0000000E+00   2.5257889E+02   3.2173042E-05   0.0000000E+00   3.2173042E-05
   8.8405797E-01   1.2421913E+02   0.0000000E+00   1.2421913E+02   2.6217328E-04   0.0000000E+00   2.6217328E-04
   8.9855072E-01   1.2221559E+02   0.0000000E+00   1.2221559E+02   1.0431628E-06   0.0000000E+00   1.0431628E-06
   9.1304348E-01   3.6082699E+01   0.0000000E+00   3.6082699E+01   2.3175966E-05   0.0000000E+00   2.3175966E-05
   9.2753623E-01   5.9198178E+01   0.0000000E+00   5.9198178E+01   3.0507596E-06   0.0000000E+00   3.0507596E-06
   9.4202899E-01   3.4972462E+01   0.0000000E+00   3.4972462E+01   1.6491452E-05   0.0000000E+00   1.6491452E-05
   9.5652174E-01   5.7404294E+01   0.0000000E+00   5.7404294E+01   9.6903790E-06   0.0000000E+00   9.6903790E-06
   9.7101449E-01   0.0000000E+00   0.0000000E+00   0.0000000E+00   0.0000000E+00   0.0000000E+00   0.0000000E+00
   9.8550725E-01   0.0000000E+00   0.0000000E+00   0.0000000E+00   0.0000000E+00   0.0000000E+00   0.0000000E+00
   1.0000000E+00   0.0000000E+00   0.0000000E+00   0.0000000E+00   0.0000000E+00   0.0000000E+00   0.0000000E+00
