   0.0000000E+00   2.4296069E+07   1.1560031E+07   3.5856100E+07   7.8555646E-04   2.6910918E-03   1.2814556E-03
   1.4492754E-02   2.4361234E+07   1.2130607E+07   3.6491841E+07   2.0023713E-04   3.5883412E-04   2.5289685E-04
   2.8985507E-02   2.4369948E+07   1.2420820E+07   3.6791147E+07   5.1370065E-04   3.9663568E-04   4.3172264E-04
   4.3478261E-02   2.4872201E+07   1.2643342E+07   3.7515796E+07   7.4519873E-04   4.1942274E-04   3.7778574E-04
   5.7971014E-02   2.5589904E+07   1.2969989E+07   3.8559136E+07   2.6319735E-04   3.8151142E-04   4.7444669E-05
   7.2463768E-02   2.6271489E+07   1.3296612E+07   3.9568555E+07   1.1413327E-04   3.7768178E-04   1.0993971E-04
   8.6956522E-02   2.7079236E+07   1.3823895E+07   4.0903258E+07   1.3923685E-04   5.2478758E-06   9.2943073E-05
   1.0144928E-01   2.8062237E+07   1.4281821E+07   4.2343408E+07   2.4061886E-04   2.7294252E-04   1.9663358E-04
   1.1594203E-01   2.8893257E+07   1.4728412E+07   4.3621196E+07   2.2737860E-04   1.1428817E-04   1.8478179E-04
   1.3043478E-01   3.0058488E+07   1.5251977E+07   4.5308697E+07   1.8310751E-04   1.1974567E-04   8.1891025E-05
   1.4492754E-01   3.1206325E+07   1.5892466E+07   4.7097578E+07   8.2975599E-05   1.1217048E-04   6.4405560E-05
   1.5942029E-01   3.2471635E+07   1.6474573E+07   4.8945657E+07   1.7369891E-04   1.8460840E-04   1.6331120E-04
   1.7391304E-01   3.3570135E+07   1.7028048E+07   5.0595973E+07   2.0503151E-04   7.0536522E-05   1.5528030E-04
   1.8840580E-01   3.2354540E+07   1.6428839E+07   4.8782621E+07   7.4760262E-05   2.5029359E-04   7.3416256E-05
   2.0289855E-01   2.5982520E+07   1.3155933E+07   3.9137046E+07   9.2756207E-05   7.6096640E-05   7.0991001E-05
   2.1739130E-01   1.8255796E+07   9.1825057E+06   2.7437797E+07   3.3766667E-04   3.7734289E-04   3.1874175E-04
   2.3188406E-01   1.3615865E+07   6.8229453E+06   2.0438195E+07   4.5394498E-04   4.9982728E-04   4.7105701E-04
   2.4637681E-01   1.1052347E+07   5.4914960E+06   1.6543308E+07   6.3249180E-04   5.8980704E-04   6.1660037E-04
   2.6086957E-01   9.3907991E+06   4.6175632E+06   1.4007562E+07   4.8165521E-04   4.3043754E-04   4.5017057E-04
   2.7536232E-01   8.2164579E+06   4.0394943E+06   1.2255593E+07   4.0722146E-04   1.0230825E-03   5.4407941E-04
   2.8985507E-01   7.2458949E+06   3.5641660E+06   1.0810023E+07   6.6833687E-04   8.4726074E-04   7.0339396E-04
   3.0434783E-01   6.4444422E+06   3.1653548E+06   9.6095445E+06   7.9126469E-04   6.8788385E-04   7.4481527E-04
   3.1884058E-01   5.7296259E+06   2.8046590E+06   8.5340783E+06   5.5589045E-04   3.8217386E-04   4.7088520E-04
   3.3333333E-01   5.0756168E+06   2.4506852E+06   7.5262031E+06   9.1939850E-04   9.3611404E-04   9.1503988E-04
   3.4782609E-01   4.3722985E+06   2.1228309E+06   6.4951294E+06   8.0869899E-04   3.8902908E-04   6.6940865E-04
   3.6231884E-01   3.6985734E+06   1.7852882E+06   5.4838010E+06   1.1423395E-03   1.0268463E-03   1.0984350E-03
   3.7681159E-01   2.9757194E+06   1.4273719E+06   4.4030622E+06   1.5277265E-03   4.7189981E-04   1.1732641E-03
   3.9130435E-01   2.2041718E+06   1.0480060E+06   3.2521217E+06   1.7107193E-03   1.1085463E-03   1.5128995E-03
   4.0579710E-01   1.3854403E+06   6.4583521E+05   2.0312485E+06   2.1986659E-03   1.5458568E-03   1.9234918E-03
   4.2028986E-01   6.0561451E+05   2.7840291E+05   8.8396516E+05   7.3990057E-03   3.7510597E-03   6.2413682E-03
   4.3478261E-01   1.2901730E+05   5.2460636E+04   1.8147794E+05   3.7098576E-02   3.0618069E-02   3.5225205E-02
   4.4927536E-01   5.0597256E+04   1.8478998E+04   6.9051811E+04   1.0792912E-01   8.2735920E-02   1.0122495E-01
   4.6376812E-01   5.1739208E+04   1.8706624E+04   7.0445832E+04   1.2530389E-01   1.0467491E-01   1.1975308E-01
   4.7826087E-01   5.3845228E+04   2.0022618E+04   7.3867846E+04   1.3482925E-01   1.0961997E-01   1.2796562E-01
   4.9275362E-01   5.1682099E+04   1.8586835E+04   7.0268934E+04   1.4637225E-01   1.1175828E-01   1.3720516E-01
   5.0724638E-01   4.4922961E+04   1.6908353E+04   6.1831313E+04   1.5356199E-01   1.2549533E-01   1.4584813E-01
   5.2173913E-01   4.1696566E+04   1.3997080E+04   5.5693646E+04   1.5066010E-01   1.3996793E-01   1.4797188E-01
   5.3623188E-01   3.3934316E+04   1.3106797E+04   4.7041113E+04   1.5433719E-01   1.2485589E-01   1.4610550E-01
   5.5072464E-01   3.0967502E+04   1.1246408E+04   4.2213909E+04   1.6134708E-01   1.4218338E-01   1.5623440E-01
   5.6521739E-01   2.7492241E+04   8.9956945E+03   3.6487936E+04   1.5800647E-01   1.3337757E-01   1.5193372E-01
   5.7971014E-01   2.5100028E+04   8.8655192E+03   3.3965547E+04   1.6270968E-01   1.3082987E-01   1.5437715E-01
   5.9420290E-01   2.2399436E+04   8.0209200E+03   3.0420356E+04   1.6235971E-01   1.3475681E-01   1.5508067E-01
   6.0869565E-01   1.9755278E+04   6.4948859E+03   2.6250164E+04   1.6429106E-01   1.3012222E-01   1.5581532E-01
   6.2318841E-01   1.8467629E+04   6.2204895E+03   2.4688118E+04   1.6253040E-01   1.3888945E-01   1.5652286E-01
   6.3768116E-01   1.6394666E+04   5.7863529E+03   2.2181019E+04   1.6286356E-01   1.2863763E-01   1.5393444E-01
   6.5217391E-01   1.4531706E+04   4.9842235E+03   1.9515929E+04   1.6078723E-01   1.3494125E-01   1.5417812E-01
   6.6666667E-01   1.2766216E+04   4.7605631E+03   1.7526779E+04   1.6580193E-01   1.3550997E-01   1.5756113E-01
   6.8115942E-01   1.1704613E+04   3.8692937E+03   1.5573907E+04   1.6391342E-01   1.2760179E-01   1.5488778E-01
   6.9565217E-01   1.1287119E+04   3.7413249E+03   1.5028444E+04   1.6093433E-01   1.2553099E-01   1.5212009E-01
   7.1014493E-01   9.5567606E+03   3.5412592E+03   1.3098020E+04   1.6646960E-01   1.4760205E-01   1.6134839E-01
   7.2463768E-01   9.1534591E+03   2.9097089E+03   1.2063168E+04   1.5684478E-01   1.4231742E-01   1.5331137E-01
   7.3913043E-01   7.6962275E+03   2.7337951E+03   1.0430023E+04   1.5005201E-01   1.2628810E-01   1.4382110E-01
   7.5362319E-01   7.9270915E+03   2.5355035E+03   1.0462595E+04   1.6579056E-01   1.4060873E-01   1.5968771E-01
   7.6811594E-01   7.0626778E+03   1.9872717E+03   9.0499495E+03   1.7436929E-01   1.2082264E-01   1.6259892E-01
   7.8260870E-01   6.0197970E+03   2.2030492E+03   8.2228462E+03   1.7232501E-01   1.0114921E-01   1.5320618E-01
   7.9710145E-01   5.4694812E+03   1.9701154E+03   7.4395965E+03   1.4760003E-01   1.1168105E-01   1.3808742E-01
   8.1159420E-01   5.0741296E+03   1.9349347E+03   7.0090643E+03   1.6631753E-01   1.3252938E-01   1.5698451E-01
   8.2608696E-01   4.6394755E+03   1.5952351E+03   6.2347106E+03   1.5465435E-01   1.2693573E-01   1.4755132E-01
   8.4057971E-01   4.2198095E+03   1.2541849E+03   5.4739943E+03   1.5732509E-01   1.3296560E-01   1.5167351E-01
   8.5507246E-01   4.2895602E+03   1.3998864E+03   5.6894466E+03   1.7385551E-01   1.2883820E-01   1.6277108E-01
   8.6956522E-01   3.5234756E+03   1.0482024E+03   4.5716780E+03   1.6328449E-01   1.2432709E-01   1.5435091E-01
   8.8405797E-01   3.1924316E+03   8.6953390E+02   4.0619655E+03   1.5777802E-01   1.3356490E-01   1.5250537E-01
   8.9855072E-01   2.5176412E+03   8.0662292E+02   3.3242642E+03   1.5127714E-01   1.7394696E-01   1.5674195E-01
   9.1304348E-01   2.2972652E+03   8.4192965E+02   3.1391948E+03   1.7810271E-01   1.2395870E-01   1.6353206E-01
   9.2753623E-01   1.8233039E+03   6.2750069E+02   2.4508046E+03   1.7746029E-01   1.3070255E-01   1.6548408E-01
   9.4202899E-01   1.4222135E+03   4.8961447E+02   1.9118279E+03   1.6795441E-01   2.0334952E-01   1.7685630E-01
   9.5652174E-01   1.3777031E+03   5.5108122E+02   1.9287843E+03   1.7371163E-01   2.0681272E-01   1.8298068E-01
   9.7101449E-01   9.7261724E+02   4.0714210E+02   1.3797593E+03   2.0646765E-01   9.9086118E-02   1.7475797E-01
   9.8550725E-01   6.5744801E+02   2.6743648E+02   9.2488448E+02   1.7181441E-01   9.6643717E-02   1.5006940E-01
   1.0000000E+00   4.8145002E+02   1.3130455E+02   6.1275457E+02   1.4487202E-01   2.1320773E-01   1.5706387E-01
