   0.0000000E+00   2.4114212E+07   1.2542058E+07   3.6656270E+07   2.3546565E-03   1.7106173E-04   1.5954504E-03
   1.4492754E-02   2.4949238E+07   1.2310948E+07   3.7260186E+07   2.2630453E-04   7.8512903E-04   3.9925928E-04
   2.8985507E-02   2.5055321E+07   1.2617074E+07   3.7672395E+07   3.1870809E-04   2.0443974E-04   2.6823725E-04
   4.3478261E-02   2.5735516E+07   1.2860812E+07   3.8596076E+07   2.3100778E-04   4.0485067E-04   1.1511079E-04
   5.7971014E-02   2.6405608E+07   1.3410045E+07   3.9814516E+07   5.4854284E-05   8.9077930E-05   1.2421212E-05
   7.2463768E-02   2.7207142E+07   1.3686846E+07   4.0893382E+07   2.7106845E-04   2.4984871E-04   2.0058592E-04
   8.6956522E-02   2.8323187E+07   1.4222086E+07   4.2544263E+07   8.6930486E-05   1.5049681E-04   8.6885364E-05
   1.0144928E-01   2.9310446E+07   1.4768504E+07   4.4077759E+07   4.6412597E-05   1.6205387E-04   6.2808987E-05
   1.1594203E-01   3.0495871E+07   1.5322099E+07   4.5816738E+07   7.9954668E-05   4.9171012E-05   6.8607409E-05
   1.3043478E-01   3.1568489E+07   1.5878288E+07   4.7446356E+07   3.7907934E-05   6.6918274E-05   4.4165631E-05
   1.4492754E-01   3.3078616E+07   1.6594055E+07   4.9670094E+07   1.0208240E-04   1.5805713E-04   1.1356675E-04
   1.5942029E-01   3.4657567E+07   1.7375935E+07   5.2031298E+07   4.9989721E-05   8.9013930E-05   4.0399181E-05
   1.7391304E-01   3.5913246E+07   1.8034701E+07   5.3945611E+07   9.9266793E-05   3.0876848E-05   7.5006336E-05
   1.8840580E-01   3.4716639E+07   1.7332411E+07   5.2046660E+07   7.1794726E-05   1.2890932E-04   4.5935579E-05
   2.0289855E-01   2.7107651E+07   1.3644997E+07   4.0750700E+07   9.3585222E-05   9.3452998E-05   8.7666650E-05
   2.1739130E-01   1.8444927E+07   9.2141791E+06   2.7658349E+07   4.5045731E-04   4.7447298E-04   4.2792514E-04
   2.3188406E-01   1.3288712E+07   6.6871683E+06   1.9975644E+07   5.8942313E-04   6.4717503E-04   6.0370778E-04
   2.4637681E-01   1.0518410E+07   5.2293191E+06   1.5747239E+07   8.0170752E-04   6.9346537E-04   7.6158641E-04
   2.6086957E-01   8.7414609E+06   4.3637635E+06   1.3104888E+07   8.5832453E-04   8.6374369E-04   8.5863181E-04
   2.7536232E-01   7.5118426E+06   3.7667888E+06   1.1278591E+07   9.8953309E-04   5.7641655E-04   8.4832803E-04
   2.8985507E-01   6.5638940E+06   3.2913051E+06   9.8549339E+06   1.0110960E-03   8.0420745E-04   9.3605634E-04
   3.0434783E-01   5.7816391E+06   2.8984871E+06   8.6799459E+06   9.3262070E-04   1.0731297E-03   9.6868586E-04
   3.1884058E-01   5.1105551E+06   2.5553981E+06   7.6657809E+06   1.0389162E-03   1.0163919E-03   1.0193703E-03
   3.3333333E-01   4.4588850E+06   2.2287013E+06   6.6874545E+06   9.3571057E-04   8.8059885E-04   9.1727070E-04
   3.4782609E-01   3.8069954E+06   1.8934893E+06   5.7006109E+06   8.9669694E-04   1.5050932E-03   1.0925089E-03
   3.6231884E-01   3.1638538E+06   1.5776381E+06   4.7414312E+06   1.1257237E-03   1.0321518E-03   1.0924564E-03
   3.7681159E-01   2.4734565E+06   1.2519559E+06   3.7253833E+06   1.4021275E-03   1.1183902E-03   1.2813899E-03
   3.9130435E-01   1.7768645E+06   8.8439097E+05   2.6611993E+06   1.4180813E-03   1.5268988E-03   1.4482016E-03
   4.0579710E-01   1.0376933E+06   5.2703293E+05   1.5646992E+06   2.8678251E-03   2.1286247E-03   2.6188905E-03
   4.2028986E-01   3.9284728E+05   1.9596638E+05   5.8881366E+05   4.7936716E-03   5.0931111E-03   4.8513484E-03
   4.3478261E-01   5.4809620E+04   2.6975426E+04   8.1785046E+04   3.0385609E-02   2.4455916E-02   2.8416312E-02
   4.4927536E-01   1.4739201E+04   6.0863366E+03   2.0825537E+04   8.0940536E-02   7.0062852E-02   7.7743854E-02
   4.6376812E-01   1.4136525E+04   7.6484047E+03   2.1784930E+04   9.5033042E-02   8.4859203E-02   9.1407978E-02
   4.7826087E-01   1.5499159E+04   7.1181325E+03   2.2617292E+04   1.0503161E-01   9.3087034E-02   1.0118006E-01
   4.9275362E-01   1.6581062E+04   6.9310620E+03   2.3512124E+04   1.1371274E-01   1.0072293E-01   1.0985551E-01
   5.0724638E-01   1.5587726E+04   7.4691187E+03   2.3056845E+04   1.2399417E-01   1.1589516E-01   1.2129846E-01
   5.2173913E-01   1.6712304E+04   7.6405116E+03   2.4352815E+04   1.2840621E-01   1.2477788E-01   1.2716843E-01
   5.3623188E-01   1.6260620E+04   7.4135319E+03   2.3674152E+04   1.3373766E-01   1.1245888E-01   1.2690212E-01
   5.5072464E-01   1.7507705E+04   7.4577242E+03   2.4965430E+04   1.5415529E-01   1.4870831E-01   1.5252814E-01
   5.6521739E-01   1.4979871E+04   6.7613427E+03   2.1741214E+04   1.5922416E-01   1.5043828E-01   1.5645634E-01
   5.7971014E-01   1.3961298E+04   6.0808369E+03   2.0042135E+04   1.6384686E-01   1.4051704E-01   1.5675569E-01
   5.9420290E-01   1.3325077E+04   5.8585983E+03   1.9183675E+04   1.7482077E-01   1.4579110E-01   1.6587402E-01
   6.0869565E-01   1.2628945E+04   5.6108597E+03   1.8239804E+04   1.7977600E-01   1.4389592E-01   1.6866324E-01
   6.2318841E-01   1.0678801E+04   4.8636122E+03   1.5542413E+04   1.7910317E-01   1.6991203E-01   1.7622072E-01
   6.3768116E-01   1.0384437E+04   4.5808627E+03   1.4965300E+04   1.7646299E-01   1.5954339E-01   1.7122422E-01
   6.5217391E-01   9.2443875E+03   4.7653218E+03   1.4009709E+04   1.9119512E-01   1.6595403E-01   1.8259055E-01
   6.6666667E-01   8.6974993E+03   3.9369362E+03   1.2634436E+04   1.9279199E-01   1.5234859E-01   1.8018731E-01
   6.8115942E-01   7.4645124E+03   3.3211438E+03   1.0785656E+04   1.9148121E-01   1.7123806E-01   1.8524640E-01
   6.9565217E-01   7.1984985E+03   3.1414500E+03   1.0339949E+04   1.9890349E-01   1.6529577E-01   1.8842864E-01
   7.1014493E-01   6.1237495E+03   2.8917706E+03   9.0155201E+03   2.0860584E-01   1.7679231E-01   1.9833627E-01
   7.2463768E-01   5.3799305E+03   2.4702216E+03   7.8501520E+03   1.8531346E-01   1.7540123E-01   1.8216254E-01
   7.3913043E-01   5.0664355E+03   2.1840646E+03   7.2505000E+03   1.8755362E-01   1.8507404E-01   1.8679936E-01
   7.5362319E-01   3.8323990E+03   2.1566352E+03   5.9890342E+03   2.1085205E-01   1.8459917E-01   2.0139417E-01
   7.6811594E-01   4.0746218E+03   2.0587563E+03   6.1333781E+03   2.0078067E-01   1.8622929E-01   1.9589228E-01
   7.8260870E-01   4.0131980E+03   1.9925668E+03   6.0057648E+03   2.0261998E-01   2.1331013E-01   2.0595635E-01
   7.9710145E-01   3.2513792E+03   1.5705815E+03   4.8219607E+03   2.0003889E-01   1.8427569E-01   1.9488442E-01
   8.1159420E-01   3.2474429E+03   1.3801632E+03   4.6276062E+03   2.3657351E-01   1.6685965E-01   2.1522651E-01
   8.2608696E-01   2.9644786E+03   1.1964263E+03   4.1609049E+03   2.3064483E-01   1.9715769E-01   2.2101522E-01
   8.4057971E-01   2.5214341E+03   1.2149916E+03   3.7364257E+03   2.2942051E-01   2.2990131E-01   2.2957613E-01
   8.5507246E-01   2.5557559E+03   1.1430265E+03   3.6987825E+03   2.0826240E-01   2.0724772E-01   2.0779859E-01
   8.6956522E-01   2.1848074E+03   9.8505769E+02   3.1698651E+03   2.0197592E-01   1.6894439E-01   1.9167119E-01
   8.8405797E-01   1.9005527E+03   7.0804903E+02   2.6086017E+03   2.2797498E-01   2.0960790E-01   2.2296175E-01
   8.9855072E-01   1.6743536E+03   9.0439540E+02   2.5787490E+03   2.3487478E-01   1.8668762E-01   2.1793269E-01
   9.1304348E-01   1.5395285E+03   6.1340589E+02   2.1529344E+03   2.3915603E-01   2.0638820E-01   2.2930129E-01
   9.2753623E-01   1.3378788E+03   5.2094397E+02   1.8588228E+03   2.5826300E-01   2.1031334E-01   2.4468618E-01
   9.4202899E-01   1.0608314E+03   4.3132704E+02   1.4921584E+03   2.5451838E-01   2.0013270E-01   2.3879707E-01
   9.5652174E-01   6.8885153E+02   4.4775350E+02   1.1366050E+03   2.8685422E-01   1.8888577E-01   2.4825526E-01
   9.7101449E-01   7.1249867E+02   2.7142807E+02   9.8392674E+02   2.1539180E-01   2.0441739E-01   2.1121320E-01
   9.8550725E-01   4.3458427E+02   2.2286373E+02   6.5744801E+02   1.8348431E-01   2.3761546E-01   2.0153229E-01
   1.0000000E+00   1.3130455E+02   8.7536368E+01   2.1884092E+02   1.3941847E-01   2.0354344E-01   1.6178931E-01
