   0.0000000E+00   2.4296069E+07   1.2081354E+07   3.6377423E+07   1.1723543E-03   1.3121219E-03   1.0521464E-03
   1.4492754E-02   2.4265760E+07   1.2296551E+07   3.6563068E+07   5.3226419E-04   4.9740249E-05   3.4325681E-04
   2.8985507E-02   2.4695017E+07   1.2449235E+07   3.7142737E+07   3.2318974E-04   2.5555633E-04   1.8488133E-04
   4.3478261E-02   2.5058100E+07   1.2639806E+07   3.7695885E+07   1.4589842E-04   3.2655675E-04   3.6504039E-05
   5.7971014E-02   2.5760016E+07   1.2991964E+07   3.8750275E+07   1.7545095E-04   1.9931495E-04   1.4015782E-04
   7.2463768E-02   2.6558974E+07   1.3383448E+07   3.9940604E+07   2.0526146E-04   4.9433656E-05   1.4131567E-04
   8.6956522E-02   2.7436382E+07   1.3901437E+07   4.1335294E+07   2.2332276E-04   2.4987615E-04   2.1959797E-04
   1.0144928E-01   2.8456476E+07   1.4342981E+07   4.2796427E+07   7.1302701E-05   1.1219006E-04   3.7231858E-05
   1.1594203E-01   2.9473494E+07   1.4844914E+07   4.4314809E+07   1.4363116E-04   2.1599441E-04   1.6497685E-04
   1.3043478E-01   3.0521886E+07   1.5393926E+07   4.5909329E+07   3.6513910E-05   2.5307357E-04   8.8653637E-05
   1.4492754E-01   3.1804330E+07   1.6019917E+07   4.7816898E+07   6.2778888E-05   9.0027465E-05   6.7076860E-05
   1.5942029E-01   3.3148156E+07   1.6702583E+07   4.9843781E+07   1.2480233E-04   1.3569583E-04   7.2271861E-05
   1.7391304E-01   3.4313853E+07   1.7192098E+07   5.1498627E+07   8.5656314E-05   5.9512771E-05   7.4721167E-05
   1.8840580E-01   3.3149231E+07   1.6647184E+07   4.9786156E+07   2.8162833E-05   8.8667120E-05   4.4238817E-05
   2.0289855E-01   2.6254007E+07   1.3144512E+07   3.9392619E+07   7.5452060E-05   7.2047284E-05   7.3375619E-05
   2.1739130E-01   1.8202906E+07   9.1286559E+06   2.7327672E+07   3.3212282E-04   1.9828459E-04   2.3571509E-04
   2.3188406E-01   1.3436803E+07   6.7056855E+06   2.0140688E+07   2.0709647E-04   1.6091864E-04   1.6667783E-04
   2.4637681E-01   1.0834119E+07   5.4177727E+06   1.6250421E+07   1.6979870E-04   4.3801919E-04   2.4709777E-04
   2.6086957E-01   9.1479866E+06   4.5902425E+06   1.3737008E+07   5.6118476E-04   4.2023231E-04   5.1200348E-04
   2.7536232E-01   7.9874220E+06   3.9820259E+06   1.1968610E+07   8.9227171E-05   2.2187064E-04   8.9404497E-05
   2.8985507E-01   7.0846486E+06   3.5252563E+06   1.0609488E+07   4.2517321E-04   6.9316824E-04   4.9569313E-04
   3.0434783E-01   6.3131012E+06   3.1343237E+06   9.4466672E+06   4.0118830E-04   3.1913513E-04   3.0025729E-04
   3.1884058E-01   5.6021195E+06   2.7663244E+06   8.3679962E+06   4.0580941E-04   4.6473134E-04   3.9760023E-04
   3.3333333E-01   4.9473287E+06   2.4514429E+06   7.3983104E+06   3.5204940E-04   3.8946849E-04   3.1410956E-04
   3.4782609E-01   4.2902735E+06   2.1421216E+06   6.4321110E+06   4.6360254E-04   4.6223782E-04   4.1732110E-04
   3.6231884E-01   3.6390456E+06   1.8027465E+06   5.4414587E+06   8.5823524E-04   4.1879769E-04   6.9239785E-04
   3.7681159E-01   2.9353553E+06   1.4477434E+06   4.3828947E+06   4.3783603E-04   1.3102741E-03   7.2413791E-04
   3.9130435E-01   2.1646853E+06   1.0721974E+06   3.2367985E+06   8.5586688E-04   2.6185258E-04   5.9222914E-04
   4.0579710E-01   1.3199773E+06   6.5898736E+05   1.9789376E+06   1.3451888E-03   1.9806102E-03   1.5063647E-03
   4.2028986E-01   5.3812369E+05   2.6277786E+05   8.0090155E+05   3.2334145E-03   2.6174476E-03   2.8310422E-03
   4.3478261E-01   9.1938718E+04   4.5085333E+04   1.3702405E+05   2.1524032E-02   1.9199602E-02   2.0758427E-02
   4.4927536E-01   2.0116687E+04   9.5083732E+03   2.9625060E+04   8.4314429E-02   9.2323278E-02   8.6882217E-02
   4.6376812E-01   2.0269456E+04   9.7321805E+03   3.0001637E+04   1.0095218E-01   1.0432653E-01   1.0203655E-01
   4.7826087E-01   2.1101819E+04   8.2891801E+03   2.9390999E+04   1.1824659E-01   1.1128802E-01   1.1627106E-01
   4.9275362E-01   1.8943417E+04   8.9368356E+03   2.7880253E+04   1.3359479E-01   1.3157907E-01   1.3261019E-01
   5.0724638E-01   1.6367112E+04   8.0753081E+03   2.4442420E+04   1.5055898E-01   1.5083028E-01   1.5059263E-01
   5.2173913E-01   1.6817545E+04   7.3037397E+03   2.4121284E+04   1.4705533E-01   1.3141470E-01   1.4231012E-01
   5.3623188E-01   1.3311590E+04   6.5329190E+03   1.9844509E+04   1.6885781E-01   1.4038453E-01   1.5948365E-01
   5.5072464E-01   1.1525574E+04   5.0848120E+03   1.6610386E+04   1.5340794E-01   1.5863286E-01   1.5496650E-01
   5.6521739E-01   9.4425648E+03   4.4298452E+03   1.3872410E+04   1.6130423E-01   1.7863287E-01   1.6681990E-01
   5.7971014E-01   8.0698957E+03   3.6939663E+03   1.1763862E+04   1.7657388E-01   1.5011402E-01   1.6818664E-01
   5.9420290E-01   7.2447020E+03   3.4005744E+03   1.0645276E+04   1.7522849E-01   1.6094605E-01   1.7045019E-01
   6.0869565E-01   6.5490099E+03   2.7422851E+03   9.2912951E+03   1.8683138E-01   1.8503362E-01   1.8629662E-01
   6.2318841E-01   5.4627528E+03   2.4141843E+03   7.8769372E+03   1.9222105E-01   1.9389653E-01   1.9272505E-01
   6.3768116E-01   4.6841904E+03   2.0665546E+03   6.7507450E+03   2.0797236E-01   2.1298048E-01   2.0950363E-01
   6.5217391E-01   3.9402308E+03   2.0543083E+03   5.9945391E+03   2.1674384E-01   2.0608255E-01   2.1292777E-01
   6.6666667E-01   3.6404306E+03   1.5319459E+03   5.1723765E+03   2.2625515E-01   2.2943320E-01   2.2707115E-01
   6.8115942E-01   2.9342144E+03   1.4671072E+03   4.4013216E+03   2.4939383E-01   2.4394657E-01   2.4756205E-01
   6.9565217E-01   2.8099402E+03   1.1681774E+03   3.9781176E+03   2.4511140E-01   2.3596137E-01   2.4227168E-01
   7.1014493E-01   2.4587782E+03   1.0824810E+03   3.5412592E+03   2.4944035E-01   2.1924390E-01   2.4019096E-01
   7.2463768E-01   2.0913532E+03   1.0002124E+03   3.0915657E+03   2.5401326E-01   2.6546928E-01   2.5771925E-01
   7.3913043E-01   2.0949191E+03   8.6173976E+02   2.9566588E+03   2.7800658E-01   2.8102940E-01   2.7885088E-01
   7.5362319E-01   1.8214824E+03   7.2859297E+02   2.5500754E+03   2.7331934E-01   2.6857805E-01   2.7189794E-01
   7.6811594E-01   1.8157087E+03   6.7195517E+02   2.4876638E+03   2.8415634E-01   2.7462949E-01   2.8157852E-01
   7.8260870E-01   1.4453126E+03   7.0160804E+02   2.1469206E+03   2.9145450E-01   2.9438352E-01   2.9181979E-01
   7.9710145E-01   1.1297165E+03   7.1640559E+02   1.8461221E+03   2.9965720E-01   2.7311661E-01   2.8897242E-01
   8.1159420E-01   1.0283569E+03   5.4124049E+02   1.5695974E+03   3.1563126E-01   3.1512623E-01   3.1503799E-01
   8.2608696E-01   1.1166646E+03   5.1845142E+02   1.6351160E+03   2.9646782E-01   2.7643549E-01   2.9011476E-01
   8.4057971E-01   9.6676749E+02   3.6580392E+02   1.3325714E+03   3.2075846E-01   3.1684185E-01   3.1836316E-01
   8.5507246E-01   6.5499273E+02   3.9813283E+02   1.0531256E+03   3.2750034E-01   3.0544140E-01   3.1905280E-01
   8.6956522E-01   8.5876824E+02   4.2938412E+02   1.2881524E+03   3.2003850E-01   2.8129138E-01   3.0693115E-01
   8.8405797E-01   6.5836138E+02   2.8570400E+02   9.4406538E+02   3.1647300E-01   3.3166733E-01   3.2070521E-01
   8.9855072E-01   6.1107797E+02   3.9108990E+02   1.0021679E+03   3.2166290E-01   3.0917348E-01   3.1667314E-01
   9.1304348E-01   6.6151615E+02   1.5635836E+02   8.1787452E+02   3.0627984E-01   3.0408563E-01   3.0578054E-01
   9.2753623E-01   2.9599089E+02   2.7231162E+02   5.6830251E+02   2.8372054E-01   2.9137615E-01   2.8738885E-01
   9.4202899E-01   4.6629950E+02   3.4972462E+01   5.0127196E+02   3.2522445E-01   3.9441352E-01   3.3000784E-01
   9.5652174E-01   3.5590662E+02   1.2628945E+02   4.8219607E+02   2.6532690E-01   2.3870686E-01   2.5834329E-01
   9.7101449E-01   2.7142807E+02   5.6547514E+01   3.2797558E+02   2.2742489E-01   2.4451204E-01   2.3010554E-01
   9.8550725E-01   1.8943417E+02   1.0028868E+02   2.8972285E+02   2.4643946E-01   3.1069391E-01   2.6699142E-01
   1.0000000E+00   1.0942046E+02   0.0000000E+00   1.0942046E+02   3.1764184E-01   0.0000000E+00   3.1764184E-01
