   0.0000000E+00   2.4096027E+07   1.1844940E+07   3.5940966E+07   1.7949972E-03   8.8808923E-04   1.0609058E-03
   1.4492754E-02   2.4398363E+07   1.2340500E+07   3.6738863E+07   1.0553564E-03   3.2058536E-04   7.3153273E-04
   2.8985507E-02   2.4660919E+07   1.2509475E+07   3.7170394E+07   3.9533389E-04   2.4332193E-04   2.3313073E-04
   4.3478261E-02   2.5332653E+07   1.2770136E+07   3.8102537E+07   4.2789017E-04   2.5985499E-04   2.3464671E-04
   5.7971014E-02   2.5887506E+07   1.3200910E+07   3.9087468E+07   1.4451125E-04   2.2184627E-04   1.6884712E-04
   7.2463768E-02   2.6690365E+07   1.3496351E+07   4.0185656E+07   1.3613329E-04   1.8676391E-04   1.5261715E-04
   8.6956522E-02   2.7687698E+07   1.4063719E+07   4.1750660E+07   4.7416890E-04   1.0254973E-04   2.8321630E-04
   1.0144928E-01   2.8608998E+07   1.4478724E+07   4.3085990E+07   6.8565044E-05   7.4788941E-05   2.9572033E-05
   1.1594203E-01   2.9548700E+07   1.5046851E+07   4.4594225E+07   1.7054739E-04   1.1289592E-04   1.5104816E-04
   1.3043478E-01   3.0675117E+07   1.5569047E+07   4.6243407E+07   3.4016211E-04   2.6948664E-05   2.2585619E-04
   1.4492754E-01   3.1878134E+07   1.6223900E+07   4.8098851E+07   3.2855743E-05   8.8190053E-05   3.9045290E-05
   1.5942029E-01   3.3137410E+07   1.6961591E+07   5.0096659E+07   2.2620101E-04   6.3748910E-05   1.2890490E-04
   1.7391304E-01   3.4382176E+07   1.7448781E+07   5.1827926E+07   3.3661949E-04   1.1363511E-04   2.6020587E-04
   1.8840580E-01   3.3005553E+07   1.6764283E+07   4.9766630E+07   1.4598916E-04   5.2378954E-05   9.5046587E-05
   2.0289855E-01   2.6315924E+07   1.3368478E+07   3.9682778E+07   2.0923950E-04   2.2168784E-04   1.8342345E-04
   2.1739130E-01   1.8368143E+07   9.2443875E+06   2.7611571E+07   8.2544875E-04   2.2434136E-04   6.1019096E-04
   2.3188406E-01   1.3610656E+07   6.7797069E+06   2.0389842E+07   1.6913939E-03   7.2406905E-04   1.3691956E-03
   2.4637681E-01   1.0891885E+07   5.4057381E+06   1.6297222E+07   1.6769681E-03   9.5789869E-04   1.4374945E-03
   2.6086957E-01   9.2035961E+06   4.5594279E+06   1.3762771E+07   1.8177307E-03   8.7859328E-04   1.4912721E-03
   2.7536232E-01   7.9691566E+06   3.9247171E+06   1.1893555E+07   1.4381302E-03   1.0150021E-03   1.2952205E-03
   2.8985507E-01   6.9872036E+06   3.4234165E+06   1.0410506E+07   2.4148009E-03   6.5541842E-04   1.8359292E-03
   3.0434783E-01   6.1876778E+06   3.0365035E+06   9.2240369E+06   1.9506731E-03   8.1879017E-04   1.5800152E-03
   3.1884058E-01   5.4631437E+06   2.6795636E+06   8.1425351E+06   2.1751700E-03   1.0007217E-03   1.7877936E-03
   3.3333333E-01   4.7749930E+06   2.3409122E+06   7.1157075E+06   2.5897904E-03   5.9149003E-04   1.9328171E-03
   3.4782609E-01   4.1349691E+06   2.0047818E+06   6.1395931E+06   1.8337585E-03   8.6416601E-04   1.5053428E-03
   3.6231884E-01   3.4631294E+06   1.6819936E+06   5.1450624E+06   2.3010664E-03   9.9927127E-04   1.8660757E-03
   3.7681159E-01   2.7283766E+06   1.3272924E+06   4.0556690E+06   3.0780239E-03   1.2129668E-03   2.4689328E-03
   3.9130435E-01   1.9718834E+06   9.5003342E+05   2.9218888E+06   3.9717558E-03   1.4459319E-03   3.1221632E-03
   4.0579710E-01   1.1936788E+06   5.6021097E+05   1.7538627E+06   5.9608262E-03   1.6517933E-03   4.5813144E-03
   4.2028986E-01   4.7444768E+05   2.1679108E+05   6.9123876E+05   1.3170752E-02   2.6416632E-03   9.8238819E-03
   4.3478261E-01   9.6106269E+04   3.7103840E+04   1.3321011E+05   4.7702705E-02   1.0683130E-02   3.7290825E-02
   4.4927536E-01   3.6689121E+04   9.7772475E+03   4.6466369E+04   1.0669327E-01   2.9897326E-02   9.0528064E-02
   4.6376812E-01   3.7815796E+04   1.0418879E+04   4.8234676E+04   1.0791440E-01   2.5137450E-02   9.0029806E-02
   4.7826087E-01   3.8093490E+04   1.1297165E+04   4.9390655E+04   1.2374416E-01   3.3615170E-02   1.0293961E-01
   4.9275362E-01   4.0784063E+04   1.1120900E+04   5.1904963E+04   1.3463964E-01   3.0286238E-02   1.1223805E-01
   5.0724638E-01   4.2043561E+04   1.1257802E+04   5.3301363E+04   1.4611293E-01   3.6386421E-02   1.2292819E-01
   5.2173913E-01   4.2538496E+04   1.0860892E+04   5.3399388E+04   1.6115870E-01   4.3160100E-02   1.3713419E-01
   5.3623188E-01   4.1102095E+04   1.0997422E+04   5.2099517E+04   1.6349306E-01   5.0519555E-02   1.3963385E-01
   5.5072464E-01   4.0080282E+04   1.0648194E+04   5.0728477E+04   1.7885981E-01   3.8241501E-02   1.4927860E-01
   5.6521739E-01   3.8916579E+04   1.0686030E+04   4.9602609E+04   1.8335023E-01   5.0761786E-02   1.5478632E-01
   5.7971014E-01   3.6200870E+04   1.0077898E+04   4.6278768E+04   1.9455303E-01   5.6759911E-02   1.6454606E-01
   5.9420290E-01   3.4763481E+04   8.8895450E+03   4.3653026E+04   2.0349238E-01   4.8616954E-02   1.7184537E-01
   6.0869565E-01   3.1446072E+04   8.1907727E+03   3.9636845E+04   2.1062714E-01   5.1663787E-02   1.7777680E-01
   6.2318841E-01   2.9851301E+04   7.3659054E+03   3.7217206E+04   2.1490037E-01   5.3808494E-02   1.8298528E-01
   6.3768116E-01   2.5556392E+04   7.1123921E+03   3.2668784E+04   2.1001812E-01   4.7464688E-02   1.7462801E-01
   6.5217391E-01   2.3355128E+04   6.2639566E+03   2.9619085E+04   2.1805411E-01   5.2443373E-02   1.8302942E-01
   6.6666667E-01   2.1941419E+04   6.0783660E+03   2.8019785E+04   2.2398831E-01   4.3733079E-02   1.8488530E-01
   6.8115942E-01   1.9975229E+04   4.7398848E+03   2.4715114E+04   2.2155541E-01   4.9485365E-02   1.8853566E-01
   6.9565217E-01   1.7759454E+04   4.4201307E+03   2.2179584E+04   2.2933887E-01   5.5845738E-02   1.9475202E-01
   7.1014493E-01   1.5386694E+04   3.8350755E+03   1.9221769E+04   2.3195667E-01   5.2351136E-02   1.9611665E-01
   7.2463768E-01   1.4912258E+04   3.6674456E+03   1.8579703E+04   2.2974305E-01   3.8003370E-02   1.9189433E-01
   7.3913043E-01   1.3416397E+04   3.0309467E+03   1.6447343E+04   2.2887751E-01   5.4600357E-02   1.9666965E-01
   7.5362319E-01   1.2080071E+04   2.6375065E+03   1.4717578E+04   2.3532160E-01   4.8739010E-02   2.0181634E-01
   7.6811594E-01   1.0479641E+04   2.7450084E+03   1.3224650E+04   2.4281360E-01   4.1481697E-02   2.0101947E-01
   7.8260870E-01   1.0229445E+04   2.3994995E+03   1.2628945E+04   2.5000856E-01   6.1648131E-02   2.1419569E-01
   7.9710145E-01   8.2662184E+03   2.0803316E+03   1.0346550E+04   2.5063768E-01   4.3462508E-02   2.0897977E-01
   8.1159420E-01   8.0644833E+03   2.0567139E+03   1.0121197E+04   2.4117031E-01   5.9168501E-02   2.0417962E-01
   8.2608696E-01   7.6704222E+03   1.8212268E+03   9.4916490E+03   2.4396067E-01   5.9821001E-02   2.0861591E-01
   8.4057971E-01   6.4015685E+03   1.3848291E+03   7.7863977E+03   2.6063064E-01   6.4586660E-02   2.2574364E-01
   8.5507246E-01   5.7665046E+03   1.5411594E+03   7.3076640E+03   2.5938739E-01   5.2646262E-02   2.1578610E-01
   8.6956522E-01   5.2031252E+03   1.2755234E+03   6.4786486E+03   2.5378841E-01   6.2181322E-02   2.1606380E-01
   8.8405797E-01   4.7451707E+03   1.0558626E+03   5.8010333E+03   2.6289851E-01   5.6539408E-02   2.2528682E-01
   8.9855072E-01   4.2775458E+03   8.7995228E+02   5.1574981E+03   2.5330371E-01   5.3042164E-02   2.1913413E-01
   9.1304348E-01   3.2474429E+03   6.3746102E+02   3.8849040E+03   2.7392885E-01   5.8121951E-02   2.3848374E-01
   9.2753623E-01   3.1611827E+03   7.4589705E+02   3.9070798E+03   2.5759771E-01   4.3331296E-02   2.1667593E-01
   9.4202899E-01   2.7511670E+03   4.8961447E+02   3.2407815E+03   2.4420371E-01   7.1625282E-02   2.1812617E-01
   9.5652174E-01   2.2961718E+03   5.9700466E+02   2.8931764E+03   2.6136562E-01   4.4344444E-02   2.1653966E-01
   9.7101449E-01   1.8095204E+03   3.8452309E+02   2.1940435E+03   2.4422732E-01   6.6694067E-02   2.1289404E-01
   9.8550725E-01   8.9145492E+02   2.7857966E+02   1.1700346E+03   2.5009147E-01   6.2122584E-02   2.0533387E-01
   1.0000000E+00   5.0333412E+02   1.9695683E+02   7.0029094E+02   3.2398725E-01   4.6524067E-02   2.4433937E-01
