   0.0000000E+00   2.4756773E+07   1.2002549E+07   3.6759322E+07   6.8582535E-04   2.2597593E-03   1.1907031E-03
   1.4492754E-02   2.4314255E+07   1.2467042E+07   3.6781296E+07   4.8019356E-04   3.3390939E-04   3.1849754E-04
   2.8985507E-02   2.4882936E+07   1.2442794E+07   3.7325730E+07   3.7692308E-04   4.3226157E-04   1.2675299E-04
   4.3478261E-02   2.5600892E+07   1.2739069E+07   3.8339456E+07   3.2013999E-04   1.9669893E-04   1.7498312E-04
   5.7971014E-02   2.6354461E+07   1.3275168E+07   3.9628492E+07   3.0468149E-04   1.8294611E-04   2.2001511E-04
   7.2463768E-02   2.7146371E+07   1.3515598E+07   4.0659393E+07   3.8451534E-05   3.4212374E-04   1.1485878E-04
   8.6956522E-02   2.8188184E+07   1.4138861E+07   4.2324267E+07   1.8187004E-04   1.9388465E-04   1.2275002E-04
   1.0144928E-01   2.9228285E+07   1.4639797E+07   4.3864294E+07   1.7335854E-04   2.4808887E-04   8.2880630E-05
   1.1594203E-01   3.0460352E+07   1.5235433E+07   4.5689912E+07   9.7674352E-05   1.7157685E-04   1.1423609E-04
   1.3043478E-01   3.1659417E+07   1.5881066E+07   4.7535264E+07   4.5120015E-05   1.5177429E-04   7.3565920E-05
   1.4492754E-01   3.3094832E+07   1.6565639E+07   4.9653197E+07   1.0976999E-04   1.8208082E-04   1.2419091E-04
   1.5942029E-01   3.4706062E+07   1.7396325E+07   5.2095913E+07   6.4368763E-05   2.1322729E-04   8.5224276E-05
   1.7391304E-01   3.6059489E+07   1.8068294E+07   5.4119385E+07   6.1602293E-05   4.9492873E-05   2.6720609E-05
   1.8840580E-01   3.4733834E+07   1.7414712E+07   5.2136073E+07   7.5855616E-05   7.7136171E-05   6.3071143E-05
   2.0289855E-01   2.7299142E+07   1.3675253E+07   4.0968008E+07   4.2957563E-05   2.2127265E-04   6.7167847E-05
   2.1739130E-01   1.8467761E+07   9.2441855E+06   2.7708915E+07   1.3726873E-04   1.7647196E-04   1.0984426E-04
   2.3188406E-01   1.3223310E+07   6.6653360E+06   1.9887462E+07   7.3815209E-05   2.0300019E-04   1.1845154E-04
   2.4637681E-01   1.0487076E+07   5.2388577E+06   1.5724775E+07   4.4678325E-04   2.3239982E-04   3.7356035E-04
   2.6086957E-01   8.7441971E+06   4.3707515E+06   1.3113938E+07   2.1240962E-04   5.1705625E-04   3.0290790E-04
   2.7536232E-01   7.5021515E+06   3.7722525E+06   1.1273606E+07   2.5154469E-04   2.7883147E-04   2.6169907E-04
   2.8985507E-01   6.5910589E+06   3.2789540E+06   9.8692551E+06   4.8257223E-04   4.4908628E-04   4.2560908E-04
   3.0434783E-01   5.8261652E+06   2.8914149E+06   8.7170028E+06   5.0331011E-04   4.4551469E-04   4.4963770E-04
   3.1884058E-01   5.1106928E+06   2.5602889E+06   7.6703962E+06   3.3368024E-04   3.4750960E-04   3.3701055E-04
   3.3333333E-01   4.4844834E+06   2.2435595E+06   6.7275816E+06   3.8916007E-04   4.4731673E-04   3.5729827E-04
   3.4782609E-01   3.8486078E+06   1.9387009E+06   5.7869929E+06   2.3002053E-04   3.8221290E-04   2.5149459E-04
   3.6231884E-01   3.2077722E+06   1.6083719E+06   4.8160531E+06   4.0077040E-04   2.4302088E-04   2.2167438E-04
   3.7681159E-01   2.5184836E+06   1.2617482E+06   3.7801152E+06   1.5762816E-04   2.4615503E-04   1.4316691E-04
   3.9130435E-01   1.8049007E+06   8.9645863E+05   2.7013032E+06   5.2518068E-04   9.2981367E-04   6.5480343E-04
   4.0579710E-01   1.0598301E+06   5.2581513E+05   1.5856452E+06   1.0602814E-03   7.9491881E-04   9.5535134E-04
   4.2028986E-01   3.9506823E+05   1.9202093E+05   5.8708916E+05   2.5792761E-03   1.8226598E-03   2.2541034E-03
   4.3478261E-01   5.3066826E+04   2.5864079E+04   7.8930905E+04   1.6710035E-02   2.2724550E-02   1.8673876E-02
   4.4927536E-01   9.1906127E+03   4.5708632E+03   1.3761476E+04   8.4116070E-02   8.2111274E-02   8.3324826E-02
   4.6376812E-01   8.5482170E+03   3.7413249E+03   1.2289542E+04   7.6252743E-02   7.2485849E-02   7.4984923E-02
   4.7826087E-01   9.2076488E+03   4.2708795E+03   1.3478528E+04   1.0123305E-01   8.6762549E-02   9.6477394E-02
   4.9275362E-01   9.1819857E+03   4.5018474E+03   1.3683833E+04   1.0566653E-01   8.9316635E-02   1.0025846E-01
   5.0724638E-01   9.3959349E+03   5.0660110E+03   1.4461946E+04   1.1981308E-01   1.1986986E-01   1.1973522E-01
   5.2173913E-01   8.6508271E+03   4.9042402E+03   1.3555067E+04   1.1607877E-01   1.2271622E-01   1.1846296E-01
   5.3623188E-01   9.2976339E+03   4.7716932E+03   1.4069327E+04   1.1984700E-01   1.1732921E-01   1.1897899E-01
   5.5072464E-01   8.6342101E+03   4.0080282E+03   1.2642238E+04   1.4223190E-01   1.4908847E-01   1.4431987E-01
   5.6521739E-01   7.6745126E+03   3.5361045E+03   1.1210617E+04   1.3817318E-01   1.3874712E-01   1.3831136E-01
   5.7971014E-01   7.5205366E+03   3.3908717E+03   1.0911408E+04   1.4108375E-01   1.5203371E-01   1.4448485E-01
   5.9420290E-01   5.9694866E+03   3.2157606E+03   9.1852471E+03   1.4190807E-01   1.3068340E-01   1.3792450E-01
   6.0869565E-01   5.4124049E+03   2.7964092E+03   8.2088141E+03   1.2970287E-01   1.3227725E-01   1.3046803E-01
   6.2318841E-01   5.2160479E+03   2.6432675E+03   7.8593154E+03   1.6142570E-01   1.3676263E-01   1.5212620E-01
   6.3768116E-01   5.3558207E+03   2.5487507E+03   7.9045713E+03   1.6605353E-01   1.5407912E-01   1.6213416E-01
   6.5217391E-01   3.6202975E+03   2.0543083E+03   5.6746058E+03   1.4739028E-01   1.3637435E-01   1.4323715E-01
   6.6666667E-01   3.8381010E+03   2.0261220E+03   5.8642230E+03   1.5540081E-01   1.2955720E-01   1.4638648E-01
   6.8115942E-01   3.0309467E+03   1.4832293E+03   4.5141760E+03   1.5563803E-01   1.2152243E-01   1.4436909E-01
   6.9565217E-01   2.9993744E+03   1.3260392E+03   4.3254136E+03   1.5297695E-01   1.7535371E-01   1.5980253E-01
   7.1014493E-01   2.6134184E+03   1.2216571E+03   3.8350755E+03   1.5048934E-01   1.4944903E-01   1.5014833E-01
   7.2463768E-01   2.2883648E+03   1.1214503E+03   3.4098151E+03   1.6211045E-01   1.9250488E-01   1.7196029E-01
   7.3913043E-01   2.3177828E+03   1.1143187E+03   3.4321015E+03   1.5808391E-01   1.7309926E-01   1.6295013E-01
   7.5362319E-01   1.8943417E+03   8.7431156E+02   2.7686533E+03   1.6557797E-01   1.8465378E-01   1.7159968E-01
   7.6811594E-01   1.8871933E+03   8.4351820E+02   2.7307114E+03   1.9932823E-01   2.1233702E-01   2.0322936E-01
   7.8260870E-01   1.4733769E+03   7.4370452E+02   2.2170814E+03   1.4854140E-01   1.9218172E-01   1.6296223E-01
   7.9710145E-01   1.4190342E+03   7.5773668E+02   2.1767708E+03   1.6290068E-01   1.4249010E-01   1.5559742E-01
   8.1159420E-01   1.1907291E+03   7.9832972E+02   1.9890588E+03   1.7851618E-01   1.8391448E-01   1.8066273E-01
   8.2608696E-01   9.9702195E+02   3.7222153E+02   1.3692435E+03   1.7721870E-01   1.8870002E-01   1.7994232E-01
   8.4057971E-01   1.2149916E+03   4.8338375E+02   1.6983753E+03   1.9170612E-01   1.6305508E-01   1.8332486E-01
   8.5507246E-01   8.6048064E+02   3.4676086E+02   1.2072415E+03   2.0227186E-01   2.3862429E-01   2.1247991E-01
   8.6956522E-01   6.8196302E+02   4.7989990E+02   1.1618629E+03   2.0312298E-01   2.1002599E-01   2.0596913E-01
   8.8405797E-01   4.8445460E+02   2.4843826E+02   7.3289286E+02   1.9172736E-01   3.0257811E-01   2.2879892E-01
   8.9855072E-01   5.9885641E+02   1.7110183E+02   7.6995824E+02   1.9620638E-01   1.7051604E-01   1.9044239E-01
   9.1304348E-01   4.8110266E+02   2.1649620E+02   6.9759885E+02   2.3199119E-01   2.4797145E-01   2.3674202E-01
   9.2753623E-01   2.9599089E+02   1.7759454E+02   4.7358543E+02   2.2075738E-01   2.5694203E-01   2.3430002E-01
   9.4202899E-01   3.9635457E+02   1.7486231E+02   5.7121688E+02   2.7318932E-01   2.6492366E-01   2.7000596E-01
   9.5652174E-01   3.3294491E+02   1.7221288E+02   5.0515779E+02   2.9589038E-01   3.3120178E-01   3.0788249E-01
   9.7101449E-01   2.9404707E+02   1.0178552E+02   3.9583260E+02   2.1358358E-01   2.9229814E-01   2.3348388E-01
   9.8550725E-01   2.1172054E+02   7.8002306E+01   2.8972285E+02   2.3152986E-01   3.5475454E-01   2.6439597E-01
   1.0000000E+00   6.5652276E+01   2.1884092E+01   8.7536368E+01   2.8377151E-01   2.4299013E-05   2.1282259E-01
