   0.0000000E+00   2.4641597E+07   1.1644897E+07   3.6286494E+07   9.2370163E-04   1.4033736E-03   8.6922114E-04
   1.4492754E-02   2.4872707E+07   1.2418547E+07   3.7291253E+07   3.8939501E-04   3.2112297E-04   3.6373716E-04
   2.8985507E-02   2.5145492E+07   1.2651929E+07   3.7797421E+07   1.5795959E-04   7.7274864E-04   3.6335484E-04
   4.3478261E-02   2.5730717E+07   1.2937849E+07   3.8668313E+07   2.2054933E-04   8.8467376E-05   1.1786061E-04
   5.7971014E-02   2.6521731E+07   1.3298658E+07   3.9820010E+07   1.9619668E-04   2.8262273E-04   1.9367946E-04
   7.2463768E-02   2.7467349E+07   1.3877493E+07   4.1343477E+07   1.4875912E-04   1.7282551E-04   7.5550217E-05
   8.6956522E-02   2.8330385E+07   1.4287504E+07   4.2616627E+07   8.2652624E-05   4.0121891E-05   4.5446096E-05
   1.0144928E-01   2.9394554E+07   1.4716762E+07   4.4109368E+07   1.6228704E-04   1.1071168E-04   1.3828586E-04
   1.1594203E-01   3.0409110E+07   1.5321057E+07   4.5728556E+07   1.0557941E-04   2.4668492E-04   1.0273108E-04
   1.3043478E-01   3.1670110E+07   1.5969469E+07   4.7637727E+07   1.2897833E-04   3.7948738E-04   1.9757940E-04
   1.4492754E-01   3.2992840E+07   1.6474711E+07   4.9465430E+07   1.5624846E-04   6.9576502E-05   1.0725471E-04
   1.5942029E-01   3.4432726E+07   1.7333778E+07   5.1763611E+07   1.5696931E-04   5.9929198E-05   9.0432194E-05
   1.7391304E-01   3.5619244E+07   1.7946488E+07   5.3562070E+07   2.5610387E-04   1.6904022E-04   2.2653531E-04
   1.8840580E-01   3.4271614E+07   1.7246786E+07   5.1515136E+07   6.7132200E-05   1.7809222E-04   1.0210531E-04
   2.0289855E-01   2.7058993E+07   1.3565597E+07   4.0622697E+07   1.4105712E-04   4.9693572E-05   8.2180042E-05
   2.1739130E-01   1.8520701E+07   9.2774754E+06   2.7796813E+07   9.6608383E-04   4.6295043E-04   7.9664440E-04
   2.3188406E-01   1.3466733E+07   6.7612371E+06   2.0227165E+07   1.5700296E-03   9.6076210E-04   1.3655569E-03
   2.4637681E-01   1.0652574E+07   5.3424894E+06   1.5994618E+07   2.2383417E-03   1.4069361E-03   1.9607941E-03
   2.6086957E-01   8.8725914E+06   4.4305706E+06   1.3302615E+07   2.2920647E-03   1.8181206E-03   2.1303701E-03
   2.7536232E-01   7.6123823E+06   3.7857721E+06   1.1397875E+07   2.5351114E-03   1.9613210E-03   2.3453213E-03
   2.8985507E-01   6.6261042E+06   3.3172197E+06   9.9432102E+06   2.7373267E-03   1.8750328E-03   2.4469351E-03
   3.0434783E-01   5.8390828E+06   2.9057037E+06   8.7446422E+06   2.5447048E-03   1.6208184E-03   2.2376714E-03
   3.1884058E-01   5.1148948E+06   2.5684863E+06   7.6831744E+06   2.4008634E-03   1.8926075E-03   2.2309843E-03
   3.3333333E-01   4.4720960E+06   2.2182577E+06   6.6902219E+06   2.8328097E-03   1.5973773E-03   2.4068357E-03
   3.4782609E-01   3.8272017E+06   1.8915318E+06   5.7187019E+06   2.4767733E-03   1.7262405E-03   2.2205696E-03
   3.6231884E-01   3.1607622E+06   1.5649687E+06   4.7256703E+06   3.4662223E-03   2.0937484E-03   3.0073201E-03
   3.7681159E-01   2.4631980E+06   1.2342948E+06   3.6974636E+06   3.7343131E-03   2.1971801E-03   3.2182135E-03
   3.9130435E-01   1.7377989E+06   8.6777689E+05   2.6055477E+06   4.6151875E-03   2.4341699E-03   3.8888495E-03
   4.0579710E-01   1.0107396E+06   5.0278535E+05   1.5135249E+06   5.5087898E-03   3.2002633E-03   4.7307778E-03
   4.2028986E-01   3.8195155E+05   1.9084513E+05   5.7279668E+05   1.0036760E-02   5.8249326E-03   8.5574884E-03
   4.3478261E-01   5.2233315E+04   2.5990368E+04   7.8223684E+04   2.9150338E-02   1.6296712E-02   2.4747295E-02
   4.4927536E-01   9.2883852E+03   3.9353421E+03   1.3223727E+04   6.2557802E-02   5.4111688E-02   5.9974833E-02
   4.6376812E-01   8.9507646E+03   3.5282114E+03   1.2478976E+04   7.1956830E-02   5.3829709E-02   6.6826775E-02
   4.7826087E-01   9.4831894E+03   3.6279514E+03   1.3111141E+04   8.5907617E-02   5.4325004E-02   7.7039794E-02
   4.9275362E-01   1.0006582E+04   4.1675518E+03   1.4174133E+04   8.6300850E-02   5.8828574E-02   7.8218656E-02
   5.0724638E-01   8.8546944E+03   3.9402308E+03   1.2794925E+04   1.0569767E-01   7.0244948E-02   9.4775479E-02
   5.2173913E-01   9.2191297E+03   4.1465035E+03   1.3365633E+04   9.7497867E-02   6.4396078E-02   8.7224310E-02
   5.3623188E-01   9.0723608E+03   3.4200548E+03   1.2492416E+04   1.2439744E-01   6.6924467E-02   1.0865195E-01
   5.5072464E-01   9.0130785E+03   4.4865988E+03   1.3499677E+04   1.1302394E-01   1.0014318E-01   1.0872901E-01
   5.6521739E-01   9.6368563E+03   3.8469709E+03   1.3483827E+04   1.2390087E-01   8.0049896E-02   1.1124439E-01
   5.7971014E-01   9.8316335E+03   4.1107215E+03   1.3942355E+04   1.2599393E-01   9.0616209E-02   1.1553067E-01
   5.9420290E-01   9.7396886E+03   4.0289414E+03   1.3768630E+04   1.3202648E-01   8.5533863E-02   1.1840946E-01
   6.0869565E-01   9.6521220E+03   3.8788902E+03   1.3531012E+04   1.4092094E-01   1.0430264E-01   1.3017693E-01
   6.2318841E-01   9.7800898E+03   3.8767923E+03   1.3656882E+04   1.5522892E-01   1.0158315E-01   1.3996885E-01
   6.3768116E-01   9.0583976E+03   4.0125602E+03   1.3070958E+04   1.5643312E-01   1.1585784E-01   1.4396839E-01
   6.5217391E-01   8.9749701E+03   3.6708133E+03   1.2645783E+04   1.6898097E-01   1.1624595E-01   1.5359781E-01
   6.6666667E-01   8.8786972E+03   3.2450897E+03   1.2123787E+04   1.7091397E-01   9.8551434E-02   1.5097110E-01
   6.8115942E-01   9.0283520E+03   3.5790967E+03   1.2607449E+04   1.8193141E-01   1.2837041E-01   1.6658586E-01
   6.9565217E-01   8.4298206E+03   3.1730224E+03   1.1602843E+04   1.9169164E-01   1.2423287E-01   1.7313100E-01
   7.1014493E-01   8.4124236E+03   3.3247630E+03   1.1737187E+04   1.8652133E-01   1.5212305E-01   1.7677729E-01
   7.2463768E-01   8.3351035E+03   2.8187805E+03   1.1153884E+04   2.0466175E-01   1.4513633E-01   1.8961818E-01
   7.3913043E-01   7.5327941E+03   3.0458043E+03   1.0578598E+04   2.0278306E-01   1.2044053E-01   1.7896729E-01
   7.5362319E-01   7.2130704E+03   3.0018030E+03   1.0214873E+04   2.0083060E-01   1.4259315E-01   1.8362275E-01
   7.6811594E-01   6.4765041E+03   2.5591484E+03   9.0356525E+03   2.1913964E-01   1.3158291E-01   1.9432876E-01
   7.8260870E-01   6.0759256E+03   2.0627276E+03   8.1386533E+03   2.2303208E-01   1.5120364E-01   2.0475617E-01
   7.9710145E-01   5.5521433E+03   1.9701154E+03   7.5222587E+03   2.2433095E-01   1.5703208E-01   2.0669894E-01
   8.1159420E-01   5.1823777E+03   2.1649620E+03   7.3473396E+03   2.3567276E-01   1.4748064E-01   2.0968081E-01
   8.2608696E-01   4.1874922E+03   1.7680523E+03   5.9555445E+03   2.3556759E-01   1.5807925E-01   2.1252568E-01
   8.4057971E-01   4.5333557E+03   1.8028907E+03   6.3362464E+03   2.1957108E-01   1.7432988E-01   2.0669739E-01
   8.5507246E-01   4.1996592E+03   1.5925313E+03   5.7921906E+03   2.4280721E-01   1.5274597E-01   2.1801762E-01
   8.6956522E-01   3.1824941E+03   1.4144418E+03   4.5969359E+03   2.0865217E-01   2.1183467E-01   2.0954817E-01
   8.8405797E-01   3.2545412E+03   1.2794570E+03   4.5339982E+03   2.3015416E-01   1.6067899E-01   2.1045585E-01
   8.9855072E-01   2.9453958E+03   1.0754972E+03   4.0208930E+03   2.4909160E-01   1.7002167E-01   2.2789306E-01
   9.1304348E-01   2.4055133E+03   8.9003991E+02   3.2955532E+03   2.6054111E-01   1.8771480E-01   2.4086872E-01
   9.2753623E-01   2.1074552E+03   8.7613304E+02   2.9835882E+03   2.3471637E-01   1.9897183E-01   2.2418592E-01
   9.4202899E-01   1.7835956E+03   6.8779176E+02   2.4713873E+03   2.6046839E-01   1.4665463E-01   2.2864369E-01
   9.5652174E-01   1.4810308E+03   5.1663865E+02   1.9976694E+03   2.7231092E-01   1.8398471E-01   2.4946742E-01
   9.7101449E-01   1.1535693E+03   4.4107061E+02   1.5946399E+03   2.5932149E-01   1.7845514E-01   2.3694993E-01
   9.8550725E-01   7.8002306E+02   3.5658197E+02   1.1366050E+03   2.5846451E-01   1.6721160E-01   2.2983605E-01
   1.0000000E+00   2.8449320E+02   2.4072501E+02   5.2521821E+02   2.7832223E-01   1.3636470E-01   2.0899057E-01
