   0.0000000E+00   2.4429431E+07   1.2378386E+07   3.6807817E+07   1.1116102E-03   1.8585546E-03   1.2394634E-03
   1.4492754E-02   2.4953784E+07   1.2638290E+07   3.7592075E+07   2.8265814E-04   2.9819909E-04   2.8040181E-04
   2.8985507E-02   2.5344019E+07   1.2759907E+07   3.8103547E+07   1.5418114E-04   3.5261967E-04   1.2430219E-04
   4.3478261E-02   2.5940610E+07   1.3004024E+07   3.8944382E+07   1.6411449E-04   5.4981591E-05   1.2766707E-04
   5.7971014E-02   2.6743937E+07   1.3318927E+07   4.0062107E+07   1.1963492E-04   1.0501945E-04   1.1465039E-04
   7.2463768E-02   2.7584343E+07   1.3900831E+07   4.1483810E+07   1.0512210E-04   2.0275470E-04   1.2189494E-04
   8.6956522E-02   2.8475745E+07   1.4354311E+07   4.2828667E+07   1.1474435E-04   1.1591141E-04   4.6911356E-05
   1.0144928E-01   2.9530514E+07   1.4773917E+07   4.4300859E+07   1.6973672E-04   1.2674271E-04   1.4702428E-04
   1.1594203E-01   3.0515003E+07   1.5345778E+07   4.5859077E+07   9.5915113E-05   1.9942224E-04   9.2121787E-05
   1.3043478E-01   3.1785875E+07   1.5922405E+07   4.7705923E+07   9.1573724E-05   1.7269906E-04   1.1579049E-04
   1.4492754E-01   3.3109304E+07   1.6558138E+07   4.9664487E+07   1.7924027E-04   1.5620391E-04   1.7180665E-04
   1.5942029E-01   3.4711022E+07   1.7344317E+07   5.2052515E+07   1.5601287E-04   2.1301435E-04   1.6499777E-04
   1.7391304E-01   3.5928401E+07   1.8006223E+07   5.3931466E+07   1.7440212E-04   2.5831087E-04   1.9269157E-04
   1.8840580E-01   3.4639350E+07   1.7321802E+07   5.1955848E+07   1.7017728E-04   2.3806517E-04   1.9000497E-04
   2.0289855E-01   2.7125566E+07   1.3595690E+07   4.0718659E+07   3.3370965E-04   3.8240260E-04   3.4937913E-04
   2.1739130E-01   1.8385117E+07   9.1697757E+06   2.7553731E+07   5.4517488E-04   8.7014911E-04   6.5090694E-04
   2.3188406E-01   1.3296195E+07   6.6507970E+06   1.9946187E+07   1.1182892E-03   1.1757924E-03   1.1351415E-03
   2.4637681E-01   1.0536150E+07   5.2905175E+06   1.5826044E+07   1.3807291E-03   1.4387178E-03   1.3987502E-03
   2.6086957E-01   8.8357991E+06   4.3902001E+06   1.3225241E+07   1.7249939E-03   1.7424730E-03   1.7288139E-03
   2.7536232E-01   7.5693508E+06   3.7891221E+06   1.1357994E+07   2.0254804E-03   2.0608094E-03   2.0325511E-03
   2.8985507E-01   6.6252707E+06   3.2937677E+06   9.9187732E+06   2.3589761E-03   2.3757279E-03   2.3505837E-03
   3.0434783E-01   5.8347168E+06   2.9193429E+06   8.7538432E+06   2.9109249E-03   2.5611606E-03   2.7873925E-03
   3.1884058E-01   5.1195446E+06   2.5540893E+06   7.6734272E+06   2.9894832E-03   3.1803994E-03   3.0524088E-03
   3.3333333E-01   4.4395792E+06   2.2132171E+06   6.6526645E+06   3.5877079E-03   3.3418285E-03   3.4997568E-03
   3.4782609E-01   3.7997969E+06   1.9115802E+06   5.7112824E+06   3.5751752E-03   3.3076680E-03   3.4839077E-03
   3.6231884E-01   3.1679455E+06   1.5742434E+06   4.7421283E+06   3.8497135E-03   4.3065429E-03   4.0003553E-03
   3.7681159E-01   2.4789356E+06   1.2356645E+06   3.7145418E+06   4.5665257E-03   4.8202608E-03   4.6510030E-03
   3.9130435E-01   1.7656387E+06   8.8124776E+05   2.6468584E+06   5.1386748E-03   6.2531573E-03   5.5084213E-03
   4.0579710E-01   1.0541470E+06   5.3065924E+05   1.5848063E+06   7.0130161E-03   6.5862392E-03   6.8610560E-03
   4.2028986E-01   4.2046547E+05   2.0913532E+05   6.2960080E+05   1.0307127E-02   9.8046604E-03   1.0138153E-02
   4.3478261E-01   5.9229751E+04   2.9374925E+04   8.8604676E+04   2.3065281E-02   1.4434148E-02   2.0085796E-02
   4.4927536E-01   1.2465991E+03   7.8217980E+02   2.0287789E+03   1.9055262E-02   6.0110923E-02   3.4883555E-02
   4.6376812E-01   7.1037814E+02   1.8943417E+02   8.9981231E+02   7.5873986E-02   1.5629397E-01   8.9333099E-02
   4.7826087E-01   6.1996638E+02   2.7554061E+02   8.9550699E+02   1.1008111E-01   1.2532613E-01   1.1472430E-01
   4.9275362E-01   4.2344109E+02   2.0057736E+02   6.2401845E+02   1.4408581E-01   7.1685194E-02   1.1159058E-01
   5.0724638E-01   3.0309467E+02   1.9484658E+02   4.9794125E+02   9.2771768E-02   6.9966293E-02   7.7724319E-02
   5.2173913E-01   2.5257889E+02   8.4192965E+01   3.3677186E+02   7.3159908E-02   2.0254294E-01   1.0540647E-01
   5.3623188E-01   2.8671118E+02   1.8431433E+02   4.7102551E+02   5.2827376E-02   1.3479515E-01   7.8048710E-02
   5.5072464E-01   2.9910659E+02   1.5952351E+02   4.5863010E+02   8.8130963E-02   1.2210416E-01   9.7740550E-02
   5.6521739E-01   2.3314975E+02   1.7486231E+02   4.0801206E+02   6.7449869E-02   5.3762429E-02   6.0284174E-02
   5.7971014E-01   1.1366050E+02   1.8943417E+01   1.3260392E+02   1.8716497E-01   1.3609181E-01   1.7891470E-01
   5.9420290E-01   1.6633244E+02   9.2406913E+01   2.5873936E+02   8.9072596E-02   2.4970306E-01   1.4593622E-01
   6.0869565E-01   1.0824810E+02   5.4124049E+01   1.6237215E+02   1.1114148E-01   1.4013650E-01   1.1976073E-01
   6.2318841E-01   1.7621783E+02   7.0487133E+01   2.4670497E+02   1.9291104E-01   1.8689842E-01   1.8893609E-01
   6.3768116E-01   8.6106441E+01   5.1663865E+01   1.3777031E+02   6.2161523E-02   1.4295357E-01   9.2075234E-02
   6.5217391E-01   1.0103156E+02   5.0515779E+01   1.5154734E+02   1.5338918E-01   2.1297683E-01   1.6630556E-01
   6.6666667E-01   4.9417610E+01   0.0000000E+00   4.9417610E+01   9.1231725E-02   0.0000000E+00   9.1231725E-02
   6.8115942E-01   6.4488228E+01   0.0000000E+00   6.4488228E+01   1.8826694E-01   0.0000000E+00   1.8826694E-01
   6.9565217E-01   6.3144724E+01   1.5786181E+01   7.8930905E+01   2.2810706E-01   1.4903552E-05   1.8248267E-01
   7.1014493E-01   4.6392042E+01   1.5464014E+01   6.1856056E+01   1.3141787E-06   1.3457289E-01   3.3643965E-02
   7.2463768E-01   6.0618935E+01   1.5154734E+01   7.5773668E+01   1.7911874E-01   4.5167359E-01   1.8587409E-01
   7.3913043E-01   1.0400307E+02   2.9715164E+01   1.3371824E+02   1.4164202E-01   1.2185957E-01   1.3686749E-01
   7.5362319E-01   4.3715578E+01   5.8287437E+01   1.0200302E+02   1.2018358E-01   1.2090468E-01   1.1396796E-01
   7.6811594E-01   4.2890756E+01   0.0000000E+00   4.2890756E+01   2.2756957E-01   0.0000000E+00   2.2756957E-01
   7.8260870E-01   1.4032161E+01   0.0000000E+00   1.4032161E+01   8.0167027E-06   0.0000000E+00   8.0167027E-06
   7.9710145E-01   4.1331092E+01   1.3777031E+01   5.5108122E+01   2.4711929E-01   1.7070660E-06   1.8533904E-01
   8.1159420E-01   2.7062024E+01   1.3531012E+01   4.0593037E+01   2.2674717E-01   4.0134325E-01   2.7112311E-01
   8.2608696E-01   2.6587252E+01   1.3293626E+01   3.9880878E+01   2.9045979E-01   4.4874885E-05   1.9365395E-01
   8.4057971E-01   1.3064426E+01   0.0000000E+00   1.3064426E+01   3.6102172E-01   0.0000000E+00   3.6102172E-01
   8.5507246E-01   1.2842995E+01   0.0000000E+00   1.2842995E+01   1.3063617E-06   0.0000000E+00   1.3063617E-06
   8.6956522E-01   0.0000000E+00   1.2628945E+01   1.2628945E+01   0.0000000E+00   4.2008420E-05   4.2008420E-05
   8.8405797E-01   1.2421913E+01   1.2421913E+01   2.4843826E+01   1.3003216E-05   1.1953243E-05   6.2252509E-06
   8.9855072E-01   2.4443119E+01   0.0000000E+00   2.4443119E+01   2.2944148E-01   0.0000000E+00   2.2944148E-01
   9.1304348E-01   3.6082699E+01   1.2027566E+01   4.8110266E+01   1.2048691E-01   4.5700545E-06   9.0364122E-02
   9.2753623E-01   3.5518907E+01   1.1839636E+01   4.7358543E+01   1.2025679E-01   4.5978521E-01   1.9764076E-01
   9.4202899E-01   0.0000000E+00   0.0000000E+00   0.0000000E+00   0.0000000E+00   0.0000000E+00   0.0000000E+00
   9.5652174E-01   1.1480859E+01   0.0000000E+00   1.1480859E+01   4.4719021E-01   0.0000000E+00   4.4719021E-01
   9.7101449E-01   1.1309503E+01   0.0000000E+00   1.1309503E+01   4.3115485E-01   0.0000000E+00   4.3115485E-01
   9.8550725E-01   0.0000000E+00   0.0000000E+00   0.0000000E+00   0.0000000E+00   0.0000000E+00   0.0000000E+00
   1.0000000E+00   0.0000000E+00   0.0000000E+00   0.0000000E+00   0.0000000E+00   0.0000000E+00   0.0000000E+00
