   0.0000000E+00   2.5308405E+07   1.2093477E+07   3.7401883E+07   2.0646789E-03   3.6265574E-04   1.2813930E-03
   1.4492754E-02   2.5048502E+07   1.2668600E+07   3.7717101E+07   2.1119805E-03   3.3066716E-04   1.5134020E-03
   2.8985507E-02   2.5467151E+07   1.2829619E+07   3.8296770E+07   5.1541385E-04   6.3083859E-05   3.5896128E-04
   4.3478261E-02   2.5884538E+07   1.2949720E+07   3.8834258E+07   3.3992881E-04   7.4340068E-05   2.4939259E-04
   5.7971014E-02   2.6587654E+07   1.3327073E+07   3.9914727E+07   4.4170400E-04   5.6420717E-05   2.7652371E-04
   7.2463768E-02   2.7065445E+07   1.3620317E+07   4.0685610E+07   2.8480669E-04   5.0920055E-05   1.8081702E-04
   8.6956522E-02   2.7885215E+07   1.4084557E+07   4.1969519E+07   5.3426499E-04   5.6413021E-05   3.7272081E-04
   1.0144928E-01   2.8846386E+07   1.4493230E+07   4.3339291E+07   2.2930674E-04   1.1889024E-04   1.1228541E-04
   1.1594203E-01   2.9612065E+07   1.4955070E+07   4.4566378E+07   4.2648046E-04   5.1824073E-05   2.7167305E-04
   1.3043478E-01   3.0475833E+07   1.5461028E+07   4.5936439E+07   5.3632732E-04   4.8042861E-05   3.4343377E-04
   1.4492754E-01   3.1602697E+07   1.5994836E+07   4.7596321E+07   7.0641355E-04   5.4641960E-05   4.6207353E-04
   1.5942029E-01   3.2536800E+07   1.6555513E+07   4.9091280E+07   9.3829013E-04   4.9120224E-05   6.3716662E-04
   1.7391304E-01   3.3069397E+07   1.6858883E+07   4.9928091E+07   8.3362329E-04   5.3681407E-05   5.3963722E-04
   1.8840580E-01   3.1531230E+07   1.6074801E+07   4.7604924E+07   1.0731597E-03   1.6525592E-04   6.5509479E-04
   2.0289855E-01   2.5664271E+07   1.3024195E+07   3.8687491E+07   2.8184491E-04   2.6249623E-04   2.1573017E-04
   2.1739130E-01   1.8695991E+07   9.4087659E+06   2.8104252E+07   2.9392882E-03   4.6302546E-04   2.1095434E-03
   2.3188406E-01   1.4197381E+07   7.0397053E+06   2.1236707E+07   5.7663002E-03   7.9756512E-04   4.1185184E-03
   2.4637681E-01   1.1432062E+07   5.6581535E+06   1.7089993E+07   7.1774656E-03   1.0480980E-03   5.1472683E-03
   2.6086957E-01   9.5886947E+06   4.7481044E+06   1.4336631E+07   7.8002032E-03   1.3900463E-03   5.6774574E-03
   2.7536232E-01   8.2801477E+06   4.0693252E+06   1.2349433E+07   8.6965101E-03   1.4928816E-03   6.3205638E-03
   2.8985507E-01   7.2334680E+06   3.5599985E+06   1.0793467E+07   8.3219506E-03   1.5259849E-03   6.0812261E-03
   3.0434783E-01   6.3376375E+06   3.1253030E+06   9.4628683E+06   8.1319219E-03   1.6831627E-03   5.9946470E-03
   3.1884058E-01   5.5876192E+06   2.7371860E+06   8.3247708E+06   9.1669916E-03   1.8613658E-03   6.7645953E-03
   3.3333333E-01   4.8341624E+06   2.3991591E+06   7.2333214E+06   8.3283571E-03   1.6929041E-03   6.1281910E-03
   3.4782609E-01   4.1422623E+06   2.0374592E+06   6.1796900E+06   8.0517257E-03   1.8103203E-03   5.9933671E-03
   3.6231884E-01   3.4330321E+06   1.6938749E+06   5.1269070E+06   9.2913830E-03   1.8370355E-03   6.8278781E-03
   3.7681159E-01   2.6809307E+06   1.3156057E+06   3.9965073E+06   9.5958570E-03   1.8134043E-03   7.0346923E-03
   3.9130435E-01   1.9212273E+06   9.5101567E+05   2.8722430E+06   1.0833185E-02   1.8624296E-03   7.8597303E-03
   4.0579710E-01   1.1445342E+06   5.6197000E+05   1.7065042E+06   1.7474906E-02   1.9842807E-03   1.2365899E-02
   4.2028986E-01   4.8003925E+05   2.3215484E+05   7.1219410E+05   2.8796274E-02   2.1466464E-03   2.0104578E-02
   4.3478261E-01   9.5702143E+04   4.5539975E+04   1.4124212E+05   6.1634085E-02   2.7184339E-03   4.2633811E-02
   4.4927536E-01   2.5347514E+04   7.9440136E+03   3.3291528E+04   8.7258815E-02   2.3673026E-06   6.6437264E-02
   4.6376812E-01   2.5313141E+04   7.2695363E+03   3.2582677E+04   1.0327968E-01   1.8951118E-06   8.0236961E-02
   4.7826087E-01   2.5579354E+04   7.2099794E+03   3.2789333E+04   1.1175102E-01   5.0410938E-06   8.7179115E-02
   4.9275362E-01   2.5473324E+04   7.1762121E+03   3.2649537E+04   1.2489923E-01   6.0815253E-04   9.7533004E-02
   5.0724638E-01   2.4918712E+04   7.0361264E+03   3.1954838E+04   1.2604031E-01   6.5659644E-06   9.8286175E-02
   5.2173913E-01   2.4584346E+04   7.4931739E+03   3.2077520E+04   1.5268796E-01   3.1995489E-05   1.1701993E-01
   5.3623188E-01   2.6500305E+04   7.5773668E+03   3.4077671E+04   1.5697127E-01   5.8786349E-06   1.2206652E-01
   5.5072464E-01   2.4985370E+04   8.0559374E+03   3.3041308E+04   1.6028877E-01   2.1580237E-06   1.2120842E-01
   5.6521739E-01   2.5277319E+04   8.1213829E+03   3.3398702E+04   1.7717677E-01   5.3226405E-06   1.3409298E-01
   5.7971014E-01   2.6804935E+04   8.2024996E+03   3.5007435E+04   1.8553735E-01   5.1847077E-04   1.4215712E-01
   5.9420290E-01   2.6299007E+04   7.9469945E+03   3.4246002E+04   2.0177826E-01   9.9996977E-06   1.5495589E-01
   6.0869565E-01   2.6033668E+04   7.3608706E+03   3.3394538E+04   2.1353727E-01   9.8601708E-06   1.6646718E-01
   6.2318841E-01   2.3877516E+04   7.8240718E+03   3.1701588E+04   2.1951814E-01   3.6475493E-05   1.6533135E-01
   6.3768116E-01   2.3713714E+04   6.9746218E+03   3.0688336E+04   2.3254063E-01   2.5813388E-06   1.7969107E-01
   6.5217391E-01   2.5527307E+04   7.1227248E+03   3.2650032E+04   2.4628955E-01   3.5907892E-06   1.9256063E-01
   6.6666667E-01   2.5252399E+04   7.2973337E+03   3.2549732E+04   2.5582043E-01   3.0091864E-06   1.9846791E-01
   6.8115942E-01   2.3586570E+04   6.8518743E+03   3.0438444E+04   2.6001844E-01   3.4530533E-06   2.0148601E-01
   6.9565217E-01   2.1927005E+04   6.2355415E+03   2.8162547E+04   2.6932449E-01   3.4473976E-05   2.0968702E-01
   7.1014493E-01   2.1046523E+04   6.3093177E+03   2.7355841E+04   2.7520540E-01   4.2397215E-06   2.1173187E-01
   7.2463768E-01   2.0383117E+04   6.0770482E+03   2.6460165E+04   2.8086438E-01   7.5009308E-06   2.1635722E-01
   7.3913043E-01   1.8378829E+04   5.4230174E+03   2.3801846E+04   2.9034550E-01   2.7086633E-05   2.2419853E-01
   7.5362319E-01   1.7763096E+04   5.4498754E+03   2.3212972E+04   2.9795973E-01   1.1727095E-05   2.2800656E-01
   7.6811594E-01   1.6284190E+04   5.0897030E+03   2.1373893E+04   3.0301628E-01   6.4736711E-05   2.3084562E-01
   7.8260870E-01   1.4537319E+04   4.7709347E+03   1.9308253E+04   3.1394559E-01   3.2055221E-05   2.3636407E-01
   7.9710145E-01   1.4658761E+04   4.0917781E+03   1.8750539E+04   3.1651077E-01   2.9812725E-05   2.4743508E-01
   8.1159420E-01   1.2732682E+04   3.6804353E+03   1.6413118E+04   3.2047160E-01   9.2323774E-06   2.4860785E-01
   8.2608696E-01   1.2841643E+04   3.5892790E+03   1.6430922E+04   3.2455022E-01   6.9102902E-06   2.5365190E-01
   8.4057971E-01   1.1183148E+04   2.7827227E+03   1.3965871E+04   3.2672580E-01   7.5440486E-06   2.6162664E-01
   8.5507246E-01   9.5937170E+03   2.7612438E+03   1.2354961E+04   3.3879835E-01   1.6583969E-05   2.6307568E-01
   8.6956522E-01   8.9160350E+03   2.5636758E+03   1.1479711E+04   3.3833530E-01   1.3032692E-05   2.6278036E-01
   8.8405797E-01   7.6270545E+03   2.0868814E+03   9.7139359E+03   3.4311332E-01   1.9790015E-05   2.6939675E-01
   8.9855072E-01   6.8562948E+03   1.9798926E+03   8.8361875E+03   3.4614688E-01   9.3566177E-06   2.6858801E-01
   9.1304348E-01   6.1581140E+03   1.4914182E+03   7.6495322E+03   3.6409579E-01   7.9611307E-06   2.9310795E-01
   9.2753623E-01   5.1620812E+03   1.3260392E+03   6.4881204E+03   3.5902802E-01   3.2414620E-05   2.8564365E-01
   9.4202899E-01   4.4997902E+03   1.1540913E+03   5.6538814E+03   3.7128289E-01   7.7087017E-06   2.9549672E-01
   9.5652174E-01   3.7657217E+03   9.0698785E+02   4.6727096E+03   3.7566550E-01   3.2124284E-06   3.0274805E-01
   9.7101449E-01   2.7934472E+03   7.6904619E+02   3.5624934E+03   3.7797566E-01   3.3944211E-06   2.9638021E-01
   9.8550725E-01   1.9946304E+03   5.1258658E+02   2.5072170E+03   3.8665647E-01   2.8980522E-05   3.0761262E-01
   1.0000000E+00   8.5347959E+02   1.0942046E+02   9.6290005E+02   3.8402534E-01   1.1744532E-05   3.4038485E-01
