   0.0000000E+00   2.4029346E+07   1.2348077E+07   3.6377423E+07   1.1122462E-03   1.3259351E-03   3.6508512E-04
   1.4492754E-02   2.4087691E+07   1.2457949E+07   3.6545640E+07   7.8366848E-04   3.4314001E-04   4.4638329E-04
   2.8985507E-02   2.4570749E+07   1.2761422E+07   3.7332171E+07   3.0948899E-04   1.6776869E-04   1.6578399E-04
   4.3478261E-02   2.5008089E+07   1.2804234E+07   3.7812071E+07   1.8968548E-04   6.3620830E-04   3.2890453E-04
   5.7971014E-02   2.5669846E+07   1.3087628E+07   3.8755200E+07   2.8017275E-04   6.0349123E-04   1.8656107E-04
   7.2463768E-02   2.6036439E+07   1.3415880E+07   3.9451106E+07   3.4484398E-04   7.5109304E-05   2.0154058E-04
   8.6956522E-02   2.6664628E+07   1.3737640E+07   4.0400626E+07   2.7017064E-04   2.4146548E-04   1.3671914E-04
   1.0144928E-01   2.7274082E+07   1.4097908E+07   4.1369500E+07   2.1798173E-04   1.4491619E-04   9.9302265E-05
   1.1594203E-01   2.7999507E+07   1.4473528E+07   4.2470005E+07   2.9330090E-05   3.3424125E-04   9.5137115E-05
   1.3043478E-01   2.8686480E+07   1.4905523E+07   4.3588971E+07   2.3356355E-04   1.0110702E-04   1.8702797E-04
   1.4492754E-01   2.9340625E+07   1.5275593E+07   4.4611444E+07   9.6590439E-05   1.4191962E-04   1.1190965E-04
   1.5942029E-01   3.0173557E+07   1.5710706E+07   4.5879923E+07   1.4823306E-04   9.4137152E-05   7.9701811E-05
   1.7391304E-01   3.0490314E+07   1.6054357E+07   4.6540124E+07   1.0883421E-04   1.7576134E-04   2.4900045E-05
   1.8840580E-01   2.9226545E+07   1.5307272E+07   4.4528629E+07   4.0454723E-05   2.3510330E-04   5.4608717E-05
   2.0289855E-01   2.3954925E+07   1.2431861E+07   3.6383430E+07   2.6167603E-04   2.3673135E-04   2.0429030E-04
   2.1739130E-01   1.7895366E+07   9.0573276E+06   2.6950168E+07   4.9552538E-04   2.4739051E-04   3.9150796E-04
   2.3188406E-01   1.4051564E+07   7.0327436E+06   2.1082839E+07   4.4744971E-05   4.0635905E-04   1.6399324E-04
   2.4637681E-01   1.1777189E+07   5.7614286E+06   1.7537726E+07   6.0145052E-04   3.2072833E-04   4.8374001E-04
   2.6086957E-01   1.0193663E+07   4.9251201E+06   1.5117731E+07   7.1476802E-04   3.2653038E-04   5.6507033E-04
   2.7536232E-01   9.0422314E+06   4.3157491E+06   1.3357263E+07   7.6995183E-04   5.1085692E-04   6.6521183E-04
   2.8985507E-01   8.1272942E+06   3.8377090E+06   1.1964511E+07   4.7287738E-04   3.3918099E-04   4.0508610E-04
   3.0434783E-01   7.2632309E+06   3.4409184E+06   1.0703752E+07   4.5654785E-04   9.8913004E-04   6.2184372E-04
   3.1884058E-01   6.5386132E+06   3.0701424E+06   9.6082734E+06   5.0755015E-04   5.6331142E-04   4.2736817E-04
   3.3333333E-01   5.8123345E+06   2.7048893E+06   8.5170592E+06   5.8761175E-04   4.0786169E-04   5.2591808E-04
   3.4782609E-01   5.0779724E+06   2.3659697E+06   7.4436579E+06   1.1310677E-03   1.0734082E-04   7.8914892E-04
   3.6231884E-01   4.3601684E+06   1.9754498E+06   6.3353758E+06   8.3219421E-04   4.3447627E-04   6.9359907E-04
   3.7681159E-01   3.5551257E+06   1.5980084E+06   5.1529009E+06   8.1581967E-04   1.1149146E-03   8.7580672E-04
   3.9130435E-01   2.6584209E+06   1.1864192E+06   3.8447840E+06   1.3397080E-03   4.2653550E-04   1.0546640E-03
   4.0579710E-01   1.6557629E+06   7.2439627E+05   2.3801862E+06   2.0912553E-03   2.6153298E-03   2.1647281E-03
   4.2028986E-01   7.1509440E+05   3.0434886E+05   1.0193910E+06   6.5937627E-03   5.5500441E-03   6.2425803E-03
   4.3478261E-01   1.6250926E+05   6.2589050E+04   2.2509831E+05   2.5221609E-02   1.7182308E-02   2.2972885E-02
   4.4927536E-01   2.9160641E+04   1.0143894E+04   3.9304535E+04   6.7411331E-02   5.6294166E-02   6.4384642E-02
   4.6376812E-01   2.6852294E+04   9.1875573E+03   3.6039851E+04   7.9985506E-02   6.6441259E-02   7.6325500E-02
   4.7826087E-01   2.7186674E+04   9.1846871E+03   3.6371361E+04   9.2664091E-02   7.8414835E-02   8.9059731E-02
   4.9275362E-01   2.7345380E+04   9.4271358E+03   3.6772516E+04   9.9649240E-02   8.6787180E-02   9.6351721E-02
   5.0724638E-01   2.8988841E+04   8.8546944E+03   3.7843535E+04   1.0839192E-01   9.5639747E-02   1.0540166E-01
   5.2173913E-01   2.6541832E+04   8.5876824E+03   3.5129515E+04   1.2806403E-01   1.0451901E-01   1.2226550E-01
   5.3623188E-01   2.4329491E+04   8.5194179E+03   3.2848909E+04   1.3210587E-01   1.0783329E-01   1.2578327E-01
   5.5072464E-01   2.3589539E+04   8.0758778E+03   3.1665417E+04   1.3193091E-01   1.1013289E-01   1.2632543E-01
   5.6521739E-01   2.2013222E+04   6.8584884E+03   2.8871711E+04   1.4855698E-01   1.3394382E-01   1.4507755E-01
   5.7971014E-01   1.8375115E+04   6.1944974E+03   2.4569612E+04   1.5783130E-01   1.4314554E-01   1.5408044E-01
   5.9420290E-01   1.5653731E+04   4.6388270E+03   2.0292558E+04   1.7889788E-01   1.4453902E-01   1.7103892E-01
   6.0869565E-01   1.2701110E+04   4.4742547E+03   1.7175365E+04   1.7070999E-01   1.5593127E-01   1.6682388E-01
   6.2318841E-01   1.1595133E+04   3.4362478E+03   1.5031381E+04   1.8474294E-01   1.4643171E-01   1.7596942E-01
   6.3768116E-01   1.0281109E+04   2.7209635E+03   1.3002073E+04   1.9854075E-01   1.6501098E-01   1.9144483E-01
   6.5217391E-01   7.8467843E+03   2.0206312E+03   9.8674155E+03   2.0946564E-01   1.9429244E-01   2.0634665E-01
   6.6666667E-01   7.3467513E+03   1.8284516E+03   9.1752029E+03   2.1602492E-01   1.7334191E-01   2.0746530E-01
   6.8115942E-01   6.2714802E+03   1.5477175E+03   7.8191977E+03   2.4757044E-01   1.9374985E-01   2.3691227E-01
   6.9565217E-01   5.5725219E+03   1.9259141E+03   7.4984359E+03   2.2119762E-01   2.0389711E-01   2.1674771E-01
   7.1014493E-01   4.7165243E+03   1.4226893E+03   6.1392135E+03   2.3932260E-01   2.0801606E-01   2.3206500E-01
   7.2463768E-01   4.1523970E+03   9.3959349E+02   5.0919905E+03   2.4044973E-01   2.0480042E-01   2.3348897E-01
   7.3913043E-01   3.4618166E+03   9.9545800E+02   4.4572746E+03   2.5956214E-01   2.2435946E-01   2.5164770E-01
   7.5362319E-01   2.7395096E+03   7.2859297E+02   3.4681025E+03   2.6611194E-01   2.6448491E-01   2.6572770E-01
   7.6811594E-01   2.9165714E+03   8.2922128E+02   3.7457927E+03   2.8874756E-01   2.5462424E-01   2.8118839E-01
   7.8260870E-01   2.5819176E+03   6.4547940E+02   3.2273970E+03   2.7018059E-01   3.0099022E-01   2.7597368E-01
   7.9710145E-01   2.3696493E+03   5.6485826E+02   2.9345075E+03   3.0457260E-01   3.1970597E-01   3.0747385E-01
   8.1159420E-01   1.7996246E+03   4.6005442E+02   2.2596790E+03   2.9666178E-01   2.8823813E-01   2.9493875E-01
   8.2608696E-01   1.7813459E+03   4.2539603E+02   2.2067419E+03   2.9682099E-01   3.0306968E-01   2.9791925E-01
   8.4057971E-01   1.2541849E+03   3.2661064E+02   1.5807955E+03   3.0457112E-01   3.1559179E-01   3.0676666E-01
   8.5507246E-01   1.2329275E+03   4.2381882E+02   1.6567463E+03   3.4427412E-01   3.0481216E-01   3.3408215E-01
   8.6956522E-01   1.3260392E+03   2.1469206E+02   1.5407313E+03   3.1850143E-01   2.9798725E-01   3.1561792E-01
   8.8405797E-01   1.0185969E+03   2.2359443E+02   1.2421913E+03   3.3471895E-01   3.2465325E-01   3.3290689E-01
   8.9855072E-01   7.6995824E+02   1.9554495E+02   9.6550319E+02   3.4140821E-01   3.3550173E-01   3.4020622E-01
   9.1304348E-01   8.1787452E+02   3.1271673E+02   1.1305912E+03   3.6332265E-01   3.4918618E-01   3.5936079E-01
   9.2753623E-01   5.8014215E+02   1.5391526E+02   7.3405741E+02   3.4483577E-01   3.6086222E-01   3.4767771E-01
   9.4202899E-01   4.4298452E+02   5.8287437E+01   5.0127196E+02   3.7300653E-01   3.9649665E-01   3.7573258E-01
   9.5652174E-01   4.9367693E+02   9.1846871E+01   5.8552380E+02   3.2236528E-01   3.8013411E-01   3.3138396E-01
   9.7101449E-01   2.2619005E+02   7.9166519E+01   3.0535657E+02   2.9768479E-01   3.9915679E-01   3.2396981E-01
   9.8550725E-01   3.0086604E+02   1.3371824E+02   4.3458427E+02   3.4256014E-01   3.2023953E-01   3.3517271E-01
   1.0000000E+00   1.0942046E+02   0.0000000E+00   1.0942046E+02   3.1112852E-01   0.0000000E+00   3.1112852E-01
