   0.0000000E+00   3.3443466E+07   1.2972452E+07   4.6415918E+07   5.0519268E-04   3.3307000E-04   2.8700278E-04
   1.4492754E-02   3.3369966E+07   1.3052772E+07   4.6421980E+07   2.7787844E-04   1.6469771E-04   2.2923681E-04
   2.8985507E-02   3.2908125E+07   1.3197879E+07   4.6106762E+07   6.0675230E-05   4.3234857E-05   5.3704076E-05
   4.3478261E-02   3.2437445E+07   1.3527873E+07   4.5965823E+07   1.0562265E-04   1.4175814E-04   6.8784658E-05
   5.7971014E-02   3.1612206E+07   1.3765423E+07   4.5377061E+07   1.3064039E-04   4.7990670E-05   8.1308586E-05
   7.2463768E-02   3.0840792E+07   1.4180284E+07   4.5020016E+07   5.4516994E-05   9.6319373E-05   5.1873928E-05
   8.6956522E-02   3.0120665E+07   1.4608406E+07   4.4728944E+07   1.3410660E-04   7.8034595E-05   1.1530867E-04
   1.0144928E-01   2.9264657E+07   1.5144991E+07   4.4408133E+07   3.9849881E-05   3.3106393E-05   3.7796716E-05
   1.1594203E-01   2.8271345E+07   1.5529245E+07   4.3799548E+07   1.7194316E-04   4.3406081E-05   1.2593822E-04
   1.3043478E-01   2.7225311E+07   1.6016449E+07   4.3240917E+07   1.0083993E-04   2.0049122E-05   6.8993168E-05
   1.4492754E-01   2.6135929E+07   1.6693470E+07   4.2828566E+07   8.8810844E-05   2.8538746E-05   5.3341149E-05
   1.5942029E-01   2.4912453E+07   1.7183470E+07   4.2095235E+07   1.0707283E-04   2.9299503E-05   6.9247938E-05
   1.7391304E-01   2.3716716E+07   1.7461095E+07   4.1177179E+07   5.7015677E-05   7.4392785E-05   5.0551563E-05
   1.8840580E-01   2.2192067E+07   1.6601661E+07   3.8791747E+07   6.8960464E-05   1.5539372E-05   4.3910740E-05
   2.0289855E-01   2.0389503E+07   1.3401926E+07   3.3791213E+07   1.3650372E-04   4.6773733E-05   1.0093144E-04
   2.1739130E-01   1.8432602E+07   9.4972190E+06   2.7928810E+07   1.4335622E-04   9.8795672E-05   1.1865592E-04
   2.3188406E-01   1.6533199E+07   7.0584119E+06   2.3591374E+07   9.0370737E-05   1.7118406E-04   7.5021905E-05
   2.4637681E-01   1.4791109E+07   5.5477023E+06   2.0338277E+07   2.3373900E-04   2.8037106E-04   2.3010072E-04
   2.6086957E-01   1.3109939E+07   4.5876747E+06   1.7697024E+07   1.6817080E-04   2.6600122E-04   1.6945068E-04
   2.7536232E-01   1.1489761E+07   3.8616255E+06   1.5351346E+07   6.9448033E-06   2.5317859E-04   6.0167769E-05
   2.8985507E-01   9.9635554E+06   3.3166514E+06   1.3280283E+07   1.8450865E-04   2.6417432E-04   1.8867664E-04
   3.0434783E-01   8.4433155E+06   2.8844510E+06   1.1327622E+07   2.3526056E-04   3.8143803E-04   2.6102639E-04
   3.1884058E-01   7.0557685E+06   2.5036309E+06   9.5591583E+06   2.2182260E-04   2.7669638E-04   2.3442095E-04
   3.3333333E-01   5.7490800E+06   2.1450537E+06   7.8940678E+06   3.1420436E-04   1.9079245E-04   2.7874545E-04
   3.4782609E-01   4.6196680E+06   1.8152845E+06   6.4348262E+06   3.1166355E-04   2.9205322E-04   2.9399334E-04
   3.6231884E-01   3.6532304E+06   1.4746768E+06   5.1279072E+06   6.8324256E-04   2.9458192E-04   5.5300355E-04
   3.7681159E-01   2.8751153E+06   1.1434538E+06   4.0185399E+06   2.0194549E-04   2.8824126E-04   2.2077865E-04
   3.9130435E-01   2.1669305E+06   8.1945013E+05   2.9863806E+06   3.3184740E-04   2.4033829E-04   1.7511777E-04
   4.0579710E-01   1.4771265E+06   4.7845659E+05   1.9555560E+06   7.2970222E-04   2.2214581E-04   6.0240695E-04
   4.2028986E-01   7.4294775E+05   1.8946030E+05   9.3240805E+05   1.0291418E-03   4.9502128E-04   8.3456906E-04
   4.3478261E-01   1.7895215E+05   2.8238320E+04   2.0719047E+05   8.6405889E-03   1.6124134E-03   7.6063508E-03
   4.4927536E-01   1.8478998E+04   9.0439540E+02   1.9383393E+04   2.5754864E-02   1.5416459E-03   2.4616933E-02
   4.6376812E-01   1.4420676E+04   8.7613304E+02   1.5296809E+04   3.7467704E-02   6.5799930E-06   3.5321372E-02
   4.7826087E-01   1.2169710E+04   5.7404294E+02   1.2743753E+04   3.4475375E-02   1.4246390E-04   3.2921896E-02
   4.9275362E-01   8.5579673E+03   3.1200922E+02   8.8699765E+03   3.5539549E-02   2.9456585E-05   3.4288395E-02
   5.0724638E-01   6.9928271E+03   2.8144505E+02   7.2742722E+03   3.8077322E-02   1.3746167E-05   3.6603875E-02
   5.2173913E-01   4.2517447E+03   1.2628945E+02   4.3780342E+03   4.0203009E-02   1.4388128E-05   3.9043151E-02
   5.3623188E-01   3.2766992E+03   1.6383496E+02   3.4405341E+03   2.9745010E-02   3.3835464E-06   2.8328422E-02
   5.5072464E-01   2.0339248E+03   5.9821317E+01   2.0937461E+03   5.5794494E-02   1.3264250E-05   5.4200688E-02
   5.6521739E-01   1.3211819E+03   0.0000000E+00   1.3211819E+03   2.7905873E-02   0.0000000E+00   2.7905873E-02
   5.7971014E-01   8.5245377E+02   3.7886834E+01   8.9034060E+02   5.6143966E-02   4.2209287E-06   5.3754753E-02
   5.9420290E-01   5.9140424E+02   0.0000000E+00   5.9140424E+02   2.4931580E-02   0.0000000E+00   2.4931580E-02
   6.0869565E-01   3.7886834E+02   3.6082699E+01   4.1495104E+02   2.6537824E-02   7.0315087E-06   2.4229613E-02
   6.2318841E-01   2.8194853E+02   0.0000000E+00   2.8194853E+02   2.2335263E-02   0.0000000E+00   2.2335263E-02
   6.3768116E-01   8.6106441E+01   0.0000000E+00   8.6106441E+01   1.8348816E-05   0.0000000E+00   1.8348816E-05
   6.5217391E-01   8.4192965E+01   0.0000000E+00   8.4192965E+01   8.4077176E-02   0.0000000E+00   8.4077176E-02
   6.6666667E-01   1.6472537E+02   0.0000000E+00   1.6472537E+02   3.4242317E-06   0.0000000E+00   3.4242317E-06
   6.8115942E-01   9.6732343E+01   0.0000000E+00   9.6732343E+01   1.6627240E-05   0.0000000E+00   1.6627240E-05
   6.9565217E-01   1.7364799E+02   0.0000000E+00   1.7364799E+02   5.0623576E-06   0.0000000E+00   5.0623576E-06
   7.1014493E-01   1.7010415E+02   0.0000000E+00   1.7010415E+02   9.7772476E-06   0.0000000E+00   9.7772476E-06
   7.2463768E-01   9.0928402E+01   0.0000000E+00   9.0928402E+01   3.2624284E-05   0.0000000E+00   3.2624284E-05
   7.3913043E-01   4.4572746E+01   0.0000000E+00   4.4572746E+01   2.1895138E-04   0.0000000E+00   2.1895138E-04
   7.5362319E-01   1.0200302E+02   0.0000000E+00   1.0200302E+02   2.0293847E-05   0.0000000E+00   2.0293847E-05
   7.6811594E-01   5.7187674E+01   0.0000000E+00   5.7187674E+01   4.7315055E-06   0.0000000E+00   4.7315055E-06
   7.8260870E-01   2.8064322E+01   0.0000000E+00   2.8064322E+01   3.2849160E-06   0.0000000E+00   3.2849160E-06
   7.9710145E-01   1.3777031E+01   0.0000000E+00   1.3777031E+01   1.0618574E-05   0.0000000E+00   1.0618574E-05
   8.1159420E-01   1.3531012E+01   0.0000000E+00   1.3531012E+01   5.4437581E-06   0.0000000E+00   5.4437581E-06
   8.2608696E-01   1.3293626E+01   0.0000000E+00   1.3293626E+01   4.2178631E-05   0.0000000E+00   4.2178631E-05
   8.4057971E-01   2.6128851E+01   0.0000000E+00   2.6128851E+01   1.4893065E-06   0.0000000E+00   1.4893065E-06
   8.5507246E-01   0.0000000E+00   0.0000000E+00   0.0000000E+00   0.0000000E+00   0.0000000E+00   0.0000000E+00
   8.6956522E-01   0.0000000E+00   0.0000000E+00   0.0000000E+00   0.0000000E+00   0.0000000E+00   0.0000000E+00
   8.8405797E-01   0.0000000E+00   0.0000000E+00   0.0000000E+00   0.0000000E+00   0.0000000E+00   0.0000000E+00
   8.9855072E-01   0.0000000E+00   0.0000000E+00   0.0000000E+00   0.0000000E+00   0.0000000E+00   0.0000000E+00
   9.1304348E-01   0.0000000E+00   0.0000000E+00   0.0000000E+00   0.0000000E+00   0.0000000E+00   0.0000000E+00
   9.2753623E-01   0.0000000E+00   0.0000000E+00   0.0000000E+00   0.0000000E+00   0.0000000E+00   0.0000000E+00
   9.4202899E-01   0.0000000E+00   0.0000000E+00   0.0000000E+00   0.0000000E+00   0.0000000E+00   0.0000000E+00
   9.5652174E-01   0.0000000E+00   0.0000000E+00   0.0000000E+00   0.0000000E+00   0.0000000E+00   0.0000000E+00
   9.7101449E-01   0.0000000E+00   0.0000000E+00   0.0000000E+00   0.0000000E+00   0.0000000E+00   0.0000000E+00
   9.8550725E-01   0.0000000E+00   0.0000000E+00   0.0000000E+00   0.0000000E+00   0.0000000E+00   0.0000000E+00
   1.0000000E+00   0.0000000E+00   0.0000000E+00   0.0000000E+00   0.0000000E+00   0.0000000E+00   0.0000000E+00
