   0.0000000E+00   2.3683818E+07   1.2154096E+07   3.5837914E+07   1.3686484E-03   1.4852630E-03   1.2954347E-03
   1.4492754E-02   2.3223114E+07   1.1941172E+07   3.5164286E+07   1.7395855E-04   3.1931539E-04   2.0713651E-04
   2.8985507E-02   2.3545910E+07   1.2228355E+07   3.5773885E+07   1.9220807E-04   1.2782718E-04   1.0761024E-04
   4.3478261E-02   2.4102594E+07   1.2529681E+07   3.6632275E+07   2.2148836E-04   3.1156420E-04   2.4875107E-04
   5.7971014E-02   2.4432272E+07   1.2742100E+07   3.7174372E+07   1.7459032E-04   3.6981925E-04   2.0663651E-04
   7.2463768E-02   2.5198533E+07   1.3025342E+07   3.8222966E+07   2.2013214E-04   4.1783020E-04   3.0753246E-05
   8.6956522E-02   2.5733369E+07   1.3459677E+07   3.9193299E+07   2.1875130E-04   4.0337957E-04   2.8148985E-04
   1.0144928E-01   2.6534423E+07   1.3845256E+07   4.0379030E+07   2.4852240E-04   1.4313641E-05   1.5864429E-04
   1.1594203E-01   2.7287235E+07   1.4285041E+07   4.1571139E+07   2.5980258E-04   1.9760811E-04   2.3658515E-04
   1.3043478E-01   2.8163220E+07   1.4734695E+07   4.2895895E+07   1.2715588E-04   4.2507526E-05   9.0787205E-05
   1.4492754E-01   2.9034045E+07   1.5279912E+07   4.4312062E+07   2.3275632E-04   1.6584029E-04   1.7047071E-04
   1.5942029E-01   3.0046051E+07   1.5803081E+07   4.5847891E+07   1.0914217E-04   1.1712230E-04   5.9734763E-05
   1.7391304E-01   3.0758742E+07   1.6152989E+07   4.6909142E+07   1.6698000E-04   1.4790068E-04   1.5972558E-04
   1.8840580E-01   2.9695701E+07   1.5554469E+07   4.5248304E+07   2.6464961E-04   1.1913728E-04   2.1518779E-04
   2.0289855E-01   2.4611396E+07   1.2650522E+07   3.7259915E+07   1.0988356E-04   2.4660365E-04   1.1320342E-04
   2.1739130E-01   1.8409263E+07   9.2598454E+06   2.7669159E+07   4.5177527E-04   5.3500584E-04   4.7581443E-04
   2.3188406E-01   1.4343813E+07   7.1060073E+06   2.1449394E+07   7.9347769E-04   1.8396396E-04   5.8821078E-04
   2.4637681E-01   1.1944382E+07   5.8117512E+06   1.7755955E+07   9.8010581E-04   7.1645891E-04   8.9280888E-04
   2.6086957E-01   1.0306356E+07   4.9568608E+06   1.5262753E+07   8.5683483E-04   3.0713083E-04   6.7754211E-04
   2.7536232E-01   9.1594014E+06   4.3484514E+06   1.3507733E+07   5.9174524E-04   3.5039997E-04   4.9632517E-04
   2.8985507E-01   8.1502537E+06   3.8549475E+06   1.2004709E+07   5.2541782E-04   7.8655214E-04   6.0826551E-04
   3.0434783E-01   7.3404118E+06   3.4347843E+06   1.0774799E+07   8.2390966E-04   4.5115335E-04   6.9525447E-04
   3.1884058E-01   6.6029519E+06   3.0583975E+06   9.6612116E+06   4.6295458E-04   8.9968170E-04   5.9276307E-04
   3.3333333E-01   5.8565468E+06   2.6950717E+06   8.5513879E+06   3.8160927E-04   7.5410972E-04   3.4489779E-04
   3.4782609E-01   5.1391281E+06   2.3523935E+06   7.4913637E+06   5.9853343E-04   5.5290124E-04   5.7632358E-04
   3.6231884E-01   4.3767477E+06   1.9831484E+06   6.3598052E+06   7.8606340E-04   4.4175690E-04   6.6725809E-04
   3.7681159E-01   3.5177051E+06   1.5735277E+06   5.0913202E+06   4.0507043E-04   7.4489268E-04   3.1809317E-04
   3.9130435E-01   2.5593258E+06   1.1315254E+06   3.6907951E+06   1.6229461E-03   1.2652857E-03   1.5108972E-03
   4.0579710E-01   1.5777160E+06   6.8569758E+05   2.2634407E+06   2.8645221E-03   2.1246930E-03   2.5631055E-03
   4.2028986E-01   6.8086560E+05   2.9282604E+05   9.7369164E+05   7.4440798E-03   5.6457369E-03   6.9025402E-03
   4.3478261E-01   1.6452989E+05   6.3195239E+04   2.2772513E+05   2.1711568E-02   1.8887727E-02   2.0908036E-02
   4.4927536E-01   2.8525120E+04   8.2862173E+03   3.6811337E+04   6.0479517E-02   5.3313195E-02   5.8866121E-02
   4.6376812E-01   2.6449746E+04   8.5008584E+03   3.4950605E+04   7.5251270E-02   5.1307803E-02   6.9409722E-02
   4.7826087E-01   2.6934095E+04   8.8632230E+03   3.5797318E+04   7.2287536E-02   6.6500181E-02   7.0804224E-02
   4.9275362E-01   2.6587643E+04   9.6722859E+03   3.6259929E+04   7.9998026E-02   7.0611981E-02   7.7484975E-02
   5.0724638E-01   2.6369237E+04   9.1361394E+03   3.5505376E+04   8.5908069E-02   7.1380023E-02   8.2111254E-02
   5.2173913E-01   2.7110135E+04   8.5666342E+03   3.5676769E+04   9.2785739E-02   7.4373317E-02   8.8345910E-02
   5.3623188E-01   2.6541263E+04   8.9904434E+03   3.5531707E+04   1.0407948E-01   9.3314818E-02   1.0120568E-01
   5.5072464E-01   2.7178818E+04   8.3550440E+03   3.5533862E+04   1.0153676E-01   8.5843836E-02   9.7840232E-02
   5.6521739E-01   2.4325290E+04   7.4219337E+03   3.1747224E+04   1.1495383E-01   9.0368480E-02   1.0919366E-01
   5.7971014E-01   2.2675270E+04   7.0848380E+03   2.9760108E+04   1.2344045E-01   9.1715123E-02   1.1572959E-01
   5.9420290E-01   2.1641699E+04   6.9859626E+03   2.8627662E+04   1.1663811E-01   9.8462714E-02   1.1214287E-01
   6.0869565E-01   1.8925376E+04   6.1701416E+03   2.5095517E+04   1.2986517E-01   1.0798997E-01   1.2439856E-01
   6.2318841E-01   1.7445566E+04   5.0045865E+03   2.2450152E+04   1.3481141E-01   1.2337622E-01   1.3225647E-01
   6.3768116E-01   1.5016963E+04   4.8047394E+03   1.9821703E+04   1.3735349E-01   1.0118800E-01   1.2858525E-01
   6.5217391E-01   1.4127580E+04   4.8326762E+03   1.8960256E+04   1.4672360E-01   1.1600514E-01   1.3883484E-01
   6.6666667E-01   1.1909644E+04   4.1181342E+03   1.6027778E+04   1.5319726E-01   1.2149477E-01   1.4504953E-01
   6.8115942E-01   1.0962999E+04   3.3050217E+03   1.4268021E+04   1.6300186E-01   1.5656932E-01   1.6148834E-01
   6.9565217E-01   8.8876199E+03   2.5415751E+03   1.1429195E+04   1.6500046E-01   1.4206646E-01   1.5989640E-01
   7.1014493E-01   8.2423194E+03   2.1649620E+03   1.0407281E+04   1.8031014E-01   1.6817810E-01   1.7778618E-01
   7.2463768E-01   6.8802491E+03   1.9246512E+03   8.8049003E+03   1.7782872E-01   1.7958043E-01   1.7815123E-01
   7.3913043E-01   5.5567357E+03   1.6491916E+03   7.2059273E+03   1.9798416E-01   1.3653739E-01   1.8378561E-01
   7.5362319E-01   5.2312975E+03   1.5154734E+03   6.7467709E+03   2.0042697E-01   1.7899676E-01   1.9554944E-01
   7.6811594E-01   4.0031372E+03   1.2009412E+03   5.2040784E+03   2.3268120E-01   2.1068302E-01   2.2733011E-01
   7.8260870E-01   4.0973910E+03   8.6999397E+02   4.9673849E+03   2.1183399E-01   1.6718791E-01   2.0401408E-01
   7.9710145E-01   2.9758386E+03   5.3730419E+02   3.5131428E+03   2.4222356E-01   1.9847829E-01   2.3545636E-01
   8.1159420E-01   3.2068499E+03   6.7655061E+02   3.8834005E+03   2.5592327E-01   2.0406171E-01   2.4676530E-01
   8.2608696E-01   2.5789635E+03   6.9126855E+02   3.2702320E+03   2.4885253E-01   2.2963628E-01   2.4470338E-01
   8.4057971E-01   2.1948235E+03   6.6628570E+02   2.8611092E+03   2.5009095E-01   2.1550752E-01   2.4153419E-01
   8.5507246E-01   2.0548791E+03   5.0087679E+02   2.5557559E+03   2.6059053E-01   1.8739536E-01   2.4603246E-01
   8.6956522E-01   1.8059391E+03   4.4201307E+02   2.2479522E+03   2.7525633E-01   2.4976002E-01   2.7023956E-01
   8.8405797E-01   1.4657857E+03   3.9750121E+02   1.8632869E+03   2.8984673E-01   2.6092724E-01   2.8365059E-01
   8.9855072E-01   1.2465991E+03   3.1776054E+02   1.5643596E+03   3.0103285E-01   2.5669275E-01   2.9201619E-01
   9.1304348E-01   1.1426188E+03   2.5257889E+02   1.3951977E+03   3.2273947E-01   2.8106472E-01   3.1509632E-01
   9.2753623E-01   8.2877450E+02   2.3679271E+02   1.0655672E+03   3.2000547E-01   3.2181520E-01   3.2026761E-01
   9.4202899E-01   6.8779176E+02   1.8651980E+02   8.7431156E+02   3.4031856E-01   2.6502727E-01   3.2413178E-01
   9.5652174E-01   6.3144724E+02   1.0332773E+02   7.3477497E+02   3.6035764E-01   2.9060234E-01   3.5053840E-01
   9.7101449E-01   4.6368961E+02   5.6547514E+01   5.2023713E+02   3.4696772E-01   4.1511243E-01   3.5396221E-01
   9.8550725E-01   2.6743648E+02   5.5715933E+01   3.2315241E+02   3.8554309E-01   3.8224021E-01   3.8491884E-01
   1.0000000E+00   2.1884092E+02   2.1884092E+01   2.4072501E+02   3.8972079E-01   4.2118698E-01   3.9025283E-01
