   0.0000000E+00   2.2489625E+07   1.1972240E+07   3.4461864E+07   2.2226899E-03   1.2160333E-03   1.0575563E-03
   1.4492754E-02   2.2897287E+07   1.2106359E+07   3.5002888E+07   6.4637461E-04   7.9489994E-04   6.9677472E-04
   2.8985507E-02   2.3166284E+07   1.1998003E+07   3.5164665E+07   3.7289383E-04   1.5671675E-04   2.4134410E-04
   4.3478261E-02   2.3366326E+07   1.2246035E+07   3.5610593E+07   2.0102931E-04   2.9033204E-04   9.6665064E-05
   5.7971014E-02   2.4002257E+07   1.2662538E+07   3.6663847E+07   3.1433602E-04   1.1120290E-04   2.4417033E-04
   7.2463768E-02   2.4530210E+07   1.2969421E+07   3.7497812E+07   1.3894750E-04   4.0285320E-04   2.0339339E-04
   8.6956522E-02   2.4897459E+07   1.3340207E+07   3.8236403E+07   1.8948636E-04   2.0586271E-04   5.3784855E-05
   1.0144928E-01   2.5746161E+07   1.3622807E+07   3.9367776E+07   2.7600503E-04   1.5857878E-04   1.3274067E-04
   1.1594203E-01   2.6336086E+07   1.3999659E+07   4.0332998E+07   2.5116207E-04   2.9770031E-04   2.6492513E-04
   1.3043478E-01   2.7217902E+07   1.4387736E+07   4.1602775E+07   1.0666135E-04   1.1349200E-04   1.0510757E-04
   1.4492754E-01   2.7897213E+07   1.4856034E+07   4.2749458E+07   5.6860999E-05   9.4578607E-05   2.2750936E-05
   1.5942029E-01   2.8830985E+07   1.5352296E+07   4.4179768E+07   2.3810015E-04   1.8249770E-05   1.6187073E-04
   1.7391304E-01   2.9587407E+07   1.5759976E+07   4.5344100E+07   2.4467815E-04   3.2058436E-05   1.6164070E-04
   1.8840580E-01   2.8689018E+07   1.5265538E+07   4.3949252E+07   9.8626515E-05   3.1968567E-04   6.1423091E-05
   2.0289855E-01   2.3749687E+07   1.2383474E+07   3.6130292E+07   2.1396151E-04   1.5134005E-04   9.7632955E-05
   2.1739130E-01   1.7774583E+07   9.0456080E+06   2.6818827E+07   2.0541038E-04   1.0601819E-04   1.3452267E-04
   2.3188406E-01   1.4061272E+07   6.9666311E+06   2.1026388E+07   4.8199654E-04   1.0525809E-04   2.8962899E-04
   2.4637681E-01   1.1882336E+07   5.8169662E+06   1.7698322E+07   3.2673026E-04   3.4322731E-04   3.3244384E-04
   2.6086957E-01   1.0467501E+07   5.0274145E+06   1.5494116E+07   6.1342810E-04   3.8156085E-04   5.3807401E-04
   2.7536232E-01   9.3077583E+06   4.4195192E+06   1.3726440E+07   3.3884812E-04   3.6853117E-04   3.4773336E-04
   2.8985507E-01   8.4039060E+06   3.9449287E+06   1.2348456E+07   7.9048917E-04   3.9022250E-04   6.0818554E-04
   3.0434783E-01   7.6078928E+06   3.5316664E+06   1.1139234E+07   3.5776869E-04   5.1603758E-04   4.0636614E-04
   3.1884058E-01   6.9069765E+06   3.1573510E+06   1.0063845E+07   6.1147705E-04   6.6555034E-04   6.2396203E-04
   3.3333333E-01   6.2157799E+06   2.8060637E+06   9.0215800E+06   3.2865152E-04   3.2063628E-04   3.2542813E-04
   3.4782609E-01   5.4962115E+06   2.4785883E+06   7.9744524E+06   4.5183810E-04   6.6242927E-04   5.0145924E-04
   3.6231884E-01   4.7949880E+06   2.1186621E+06   6.9135592E+06   3.6772256E-04   2.0718683E-04   2.9861823E-04
   3.7681159E-01   4.0050755E+06   1.7334975E+06   5.7383108E+06   9.4204614E-04   5.6561755E-04   6.8787298E-04
   3.9130435E-01   3.0903870E+06   1.3097058E+06   4.3997560E+06   1.1617953E-03   6.7354098E-04   9.9974812E-04
   4.0579710E-01   2.1202014E+06   8.7599773E+05   2.9961179E+06   2.0751440E-03   2.4334181E-03   2.1325288E-03
   4.2028986E-01   1.1153884E+06   4.3049895E+05   1.5458874E+06   4.4943197E-03   2.5335195E-03   3.9466616E-03
   4.3478261E-01   2.8940490E+05   1.0418879E+05   3.9359369E+05   2.1068398E-02   1.3838871E-02   1.9098114E-02
   4.4927536E-01   7.7680232E+04   2.3587610E+04   1.0126784E+05   1.0083189E-01   8.8547710E-02   9.7920015E-02
   4.6376812E-01   7.1890268E+04   2.3016252E+04   9.4906520E+04   1.2138297E-01   1.0821206E-01   1.1816548E-01
   4.7826087E-01   6.2846221E+04   1.8966379E+04   8.1812600E+04   1.2041051E-01   1.0493454E-01   1.1671904E-01
   4.9275362E-01   5.4802191E+04   1.6113048E+04   7.0915239E+04   1.3058886E-01   1.1108214E-01   1.2615654E-01
   5.0724638E-01   4.5312654E+04   1.2621728E+04   5.7934382E+04   1.3938555E-01   1.0711007E-01   1.3235394E-01
   5.2173913E-01   3.8560378E+04   1.1008230E+04   4.9568608E+04   1.3710496E-01   1.0868927E-01   1.3077363E-01
   5.3623188E-01   3.2336925E+04   8.6832528E+03   4.1020178E+04   1.4316452E-01   1.1460329E-01   1.3709717E-01
   5.5072464E-01   2.6939533E+04   7.1386772E+03   3.4078210E+04   1.4671081E-01   1.1003511E-01   1.3891073E-01
   5.6521739E-01   2.3703558E+04   6.6447678E+03   3.0348326E+04   1.4837563E-01   9.6204718E-02   1.3687043E-01
   5.7971014E-01   2.1500778E+04   5.8535159E+03   2.7354294E+04   1.5301265E-01   1.2516903E-01   1.4705326E-01
   5.9420290E-01   1.7335537E+04   4.1398297E+03   2.1475367E+04   1.5902889E-01   1.2816681E-01   1.5307908E-01
   6.0869565E-01   1.4775865E+04   3.6804353E+03   1.8456301E+04   1.5846290E-01   1.4314044E-01   1.5535282E-01
   6.2318841E-01   1.2053300E+04   3.1366774E+03   1.5189977E+04   1.7127492E-01   1.4886996E-01   1.6663100E-01
   6.3768116E-01   1.0952739E+04   2.9103977E+03   1.3863137E+04   1.6897108E-01   1.3921523E-01   1.6272378E-01
   6.5217391E-01   9.3454191E+03   1.7680523E+03   1.1113471E+04   1.8272323E-01   1.5765137E-01   1.7850202E-01
   6.6666667E-01   6.9678830E+03   2.0261220E+03   8.9940050E+03   2.0313630E-01   1.6319180E-01   1.9409873E-01
   6.8115942E-01   7.2388036E+03   1.5960837E+03   8.8348873E+03   1.9378346E-01   1.7329907E-01   1.9006277E-01
   6.9565217E-01   6.2671138E+03   1.3418254E+03   7.6089392E+03   2.1770603E-01   1.9496778E-01   2.1368865E-01
   7.1014493E-01   5.0103405E+03   1.2061931E+03   6.2165336E+03   2.1607309E-01   1.6073145E-01   2.0533367E-01
   7.2463768E-01   4.5615748E+03   1.0608314E+03   5.6224062E+03   2.0972436E-01   2.1325047E-01   2.1038538E-01
   7.3913043E-01   3.3875287E+03   7.1316394E+02   4.1006926E+03   2.2915249E-01   1.9361945E-01   2.2244021E-01
   7.5362319E-01   3.2058090E+03   7.7230854E+02   3.9781176E+03   2.4389090E-01   1.7901203E-01   2.3127766E-01
   7.6811594E-01   3.2596974E+03   5.0039215E+02   3.7600896E+03   2.2545871E-01   2.2531721E-01   2.2540079E-01
   7.8260870E-01   2.2170814E+03   5.8935075E+02   2.8064322E+03   2.5282297E-01   1.8168673E-01   2.3788420E-01
   7.9710145E-01   1.9425613E+03   5.0975013E+02   2.4523115E+03   2.5397421E-01   2.4580076E-01   2.5226566E-01
   8.1159420E-01   2.0702449E+03   4.0593037E+02   2.4761752E+03   2.6066661E-01   1.8478361E-01   2.4797248E-01
   8.2608696E-01   1.9807503E+03   3.7222153E+02   2.3529718E+03   2.6520422E-01   2.5910220E-01   2.6409188E-01
   8.4057971E-01   1.4762801E+03   4.3112604E+02   1.9074061E+03   2.6429993E-01   2.5548102E-01   2.6221442E-01
   8.5507246E-01   1.1943985E+03   2.3117390E+02   1.4255724E+03   2.4939163E-01   2.2674316E-01   2.4571153E-01
   8.6956522E-01   1.1492340E+03   2.7783678E+02   1.4270708E+03   2.5940286E-01   2.2759301E-01   2.5311953E-01
   8.8405797E-01   1.1179722E+03   1.6148487E+02   1.2794570E+03   2.3710133E-01   2.7388965E-01   2.4172330E-01
   8.9855072E-01   1.0510541E+03   8.5550916E+01   1.1366050E+03   2.4607652E-01   2.3850849E-01   2.4546702E-01
   9.1304348E-01   8.1787452E+02   1.8041350E+02   9.9828801E+02   2.6876933E-01   2.9410269E-01   2.7334711E-01
   9.2753623E-01   8.8797268E+02   1.5391526E+02   1.0418879E+03   2.4385696E-01   2.6887120E-01   2.4746255E-01
   9.4202899E-01   7.9270915E+02   1.2823236E+02   9.2094151E+02   2.1099241E-01   7.2403960E-02   1.9165506E-01
   9.5652174E-01   6.5440895E+02   1.4925117E+02   8.0366012E+02   2.0120061E-01   1.8069767E-01   1.9662201E-01
   9.7101449E-01   4.2976110E+02   1.1309503E+02   5.4285613E+02   1.7779032E-01   1.5480936E-01   1.7299103E-01
   9.8550725E-01   4.1229790E+02   7.8002306E+01   4.9030021E+02   1.5564644E-01   1.6313258E-01   1.5664302E-01
   1.0000000E+00   1.3130455E+02   4.3768184E+01   1.7507274E+02   1.3982829E-01   8.3118566E-06   1.0487303E-01
