   0.0000000E+00   2.4926506E+07   1.2360201E+07   3.7286707E+07   2.5353745E-03   1.7106589E-03   2.1019398E-03
   1.4492754E-02   2.4264244E+07   1.2530692E+07   3.6794936E+07   1.8388888E-03   4.8315880E-04   1.0561530E-03
   2.8985507E-02   2.4669633E+07   1.2651551E+07   3.7321184E+07   1.4878307E-04   5.3897719E-05   9.2872868E-05
   4.3478261E-02   2.5214698E+07   1.2966138E+07   3.8180078E+07   5.6803685E-04   6.6570817E-04   3.2468967E-04
   5.7971014E-02   2.5590283E+07   1.3193901E+07   3.8783426E+07   1.0605972E-04   3.9175930E-04   2.0079454E-04
   7.2463768E-02   2.6351960E+07   1.3562729E+07   3.9912719E+07   2.4951554E-04   3.7983345E-04   2.9151286E-04
   8.6956522E-02   2.7115607E+07   1.4021033E+07   4.1135125E+07   2.6221355E-04   3.0125392E-04   7.3710737E-05
   1.0144928E-01   2.7854509E+07   1.4381842E+07   4.2233753E+07   4.1543504E-04   2.8711984E-04   1.8138500E-04
   1.1594203E-01   2.8782533E+07   1.4858364E+07   4.3638529E+07   1.5310253E-04   3.3584455E-04   3.7159434E-05
   1.3043478E-01   2.9841270E+07   1.5350061E+07   4.5189143E+07   1.2481527E-04   3.7884777E-04   8.0392905E-05
   1.4492754E-01   3.0811695E+07   1.5965815E+07   4.6773797E+07   1.0715445E-04   1.2541329E-04   2.8439065E-05
   1.5942029E-01   3.1936466E+07   1.6574663E+07   4.8506514E+07   2.6967047E-04   2.4064491E-04   2.5991819E-04
   1.7391304E-01   3.2580341E+07   1.6901948E+07   4.9478122E+07   5.2603587E-04   2.0946079E-04   4.1462948E-04
   1.8840580E-01   3.1284383E+07   1.6258873E+07   4.7537893E+07   5.4797278E-04   4.7559922E-04   5.1693143E-04
   2.0289855E-01   2.5468071E+07   1.3051852E+07   3.8516297E+07   2.0643051E-04   1.4885587E-04   1.2058357E-04
   2.1739130E-01   1.8565104E+07   9.3822956E+06   2.7945329E+07   1.0316331E-03   3.7270129E-04   7.8755050E-04
   2.3188406E-01   1.4087935E+07   6.9829224E+06   2.1069674E+07   1.2942311E-03   7.6299620E-04   1.1124065E-03
   2.4637681E-01   1.1460589E+07   5.6187958E+06   1.7078761E+07   1.5054274E-03   9.7509561E-04   1.3292914E-03
   2.6086957E-01   9.7195726E+06   4.7037347E+06   1.4422718E+07   1.1984083E-03   6.4903262E-04   1.0190081E-03
   2.7536232E-01   8.4758431E+06   4.0585972E+06   1.2533722E+07   1.0772527E-03   6.6398570E-04   9.4257251E-04
   2.8985507E-01   7.4750345E+06   3.5643555E+06   1.1038897E+07   1.2843218E-03   7.9484555E-04   1.1251986E-03
   3.0434783E-01   6.6527116E+06   3.1485403E+06   9.8007106E+06   1.3442103E-03   6.0732434E-04   1.1091711E-03
   3.1884058E-01   5.9028032E+06   2.7709742E+06   8.6734330E+06   1.0385732E-03   2.1638926E-04   7.7375751E-04
   3.3333333E-01   5.1693455E+06   2.4350692E+06   7.6041182E+06   3.7925621E-04   4.7008836E-04   4.0487015E-04
   3.4782609E-01   4.4691310E+06   2.0979834E+06   6.5669565E+06   1.2264375E-04   1.4158089E-04   9.8632157E-05
   3.6231884E-01   3.7381575E+06   1.7324285E+06   5.4705558E+06   1.2473356E-03   5.4703552E-04   8.8444986E-04
   3.7681159E-01   2.9696575E+06   1.3678604E+06   4.3374596E+06   1.3678472E-03   6.6465284E-04   1.1436149E-03
   3.9130435E-01   2.1574167E+06   9.8104449E+05   3.1384331E+06   1.8073822E-03   1.0199279E-03   1.5498040E-03
   4.0579710E-01   1.3015210E+06   5.7809897E+05   1.8796200E+06   3.8842255E-03   1.4124694E-03   3.1132965E-03
   4.2028986E-01   5.4533525E+05   2.3536869E+05   7.8070394E+05   1.1141232E-02   4.2711724E-03   9.0462350E-03
   4.3478261E-01   1.1797960E+05   4.7409059E+04   1.6538866E+05   4.0226185E-02   1.3503143E-02   3.2540427E-02
   4.4927536E-01   3.1018318E+04   7.6262531E+03   3.8644571E+04   6.8196347E-02   3.4121292E-02   6.1426013E-02
   4.6376812E-01   2.7870502E+04   7.1748192E+03   3.5045322E+04   8.4881018E-02   3.2024562E-02   7.3611633E-02
   4.7826087E-01   2.8771032E+04   7.1640559E+03   3.5935088E+04   9.9621153E-02   5.3987467E-02   9.0523575E-02
   4.9275362E-01   2.7590530E+04   7.7779442E+03   3.5368474E+04   1.0670268E-01   4.6890073E-02   9.3501471E-02
   5.0724638E-01   2.9530081E+04   7.5990165E+03   3.7129098E+04   1.0710381E-01   4.9235071E-02   9.5059070E-02
   5.2173913E-01   3.0351564E+04   7.8299457E+03   3.8181510E+04   1.1721603E-01   4.7572569E-02   1.0281572E-01
   5.3623188E-01   2.9572210E+04   7.1677794E+03   3.6739989E+04   1.2974149E-01   5.9533350E-02   1.1604025E-01
   5.5072464E-01   2.9890718E+04   7.2782603E+03   3.7168978E+04   1.3963817E-01   5.0888645E-02   1.2225707E-01
   5.6521739E-01   2.8677419E+04   7.2665005E+03   3.5943920E+04   1.4749850E-01   6.1577744E-02   1.3007514E-01
   5.7971014E-01   2.7316407E+04   7.3121590E+03   3.4628566E+04   1.5050404E-01   6.7941591E-02   1.3298746E-01
   5.9420290E-01   2.6335970E+04   6.7087419E+03   3.3044712E+04   1.5290361E-01   7.7055668E-02   1.3750328E-01
   6.0869565E-01   2.5907378E+04   6.3505551E+03   3.2257933E+04   1.5553666E-01   6.9007526E-02   1.3842852E-01
   6.2318841E-01   2.4247574E+04   6.1323806E+03   3.0379954E+04   1.6535808E-01   7.0799642E-02   1.4616946E-01
   6.3768116E-01   2.0803316E+04   5.2180503E+03   2.6021367E+04   1.6310453E-01   6.2757505E-02   1.4292396E-01
   6.5217391E-01   2.1654431E+04   4.2601640E+03   2.5914595E+04   1.6335799E-01   6.1440696E-02   1.4656450E-01
   6.6666667E-01   1.9454066E+04   4.0687165E+03   2.3522782E+04   1.6199844E-01   7.7298591E-02   1.4734796E-01
   6.8115942E-01   1.7911605E+04   3.6919511E+03   2.1603557E+04   1.6628038E-01   9.1917202E-02   1.5357147E-01
   6.9565217E-01   1.6149263E+04   3.1414500E+03   1.9290713E+04   1.6690041E-01   6.1108914E-02   1.4967250E-01
   7.1014493E-01   1.4536173E+04   3.1546588E+03   1.7690832E+04   1.7090354E-01   6.8405101E-02   1.5255304E-01
   7.2463768E-01   1.3260392E+04   2.8793994E+03   1.6139791E+04   1.6359990E-01   5.7233796E-02   1.4462254E-01
   7.3913043E-01   1.2153502E+04   2.4960738E+03   1.4649576E+04   1.5493338E-01   5.3109115E-02   1.3757943E-01
   7.5362319E-01   1.2050928E+04   2.2877819E+03   1.4338710E+04   1.5498351E-01   6.0473035E-02   1.3986458E-01
   7.6811594E-01   1.1180190E+04   2.5019607E+03   1.3682151E+04   1.6619461E-01   5.9834797E-02   1.4674492E-01
   7.8260870E-01   9.5979980E+03   2.2451457E+03   1.1843144E+04   1.4532110E-01   8.4514570E-02   1.3367082E-01
   7.9710145E-01   9.0101780E+03   1.7910140E+03   1.0801192E+04   1.5469916E-01   5.9410230E-02   1.3887691E-01
   8.1159420E-01   8.1050763E+03   1.8266866E+03   9.9317630E+03   1.4697988E-01   7.7973838E-02   1.3427030E-01
   8.2608696E-01   6.9658600E+03   1.3559499E+03   8.3218099E+03   1.5006128E-01   7.5959027E-02   1.3787696E-01
   8.4057971E-01   6.4668907E+03   1.2149916E+03   7.6818822E+03   1.3043514E-01   6.7005223E-02   1.2037504E-01
   8.5507246E-01   6.6012992E+03   1.3613574E+03   7.9626567E+03   1.4374482E-01   7.2155905E-02   1.3143399E-01
   8.6956522E-01   5.2283831E+03   9.9768663E+02   6.2260698E+03   1.4455251E-01   4.5870757E-02   1.2872806E-01
   8.8405797E-01   4.7575926E+03   1.0931283E+03   5.8507210E+03   1.4167106E-01   7.1044913E-02   1.2846499E-01
   8.9855072E-01   4.9008453E+03   7.2107201E+02   5.6219173E+03   1.5007226E-01   3.1784162E-02   1.3489657E-01
   9.1304348E-01   3.8367937E+03   9.3815018E+02   4.7749439E+03   1.1591218E-01   4.3519653E-02   1.0165325E-01
   9.2753623E-01   3.8123627E+03   8.0509523E+02   4.6174579E+03   1.3105612E-01   7.6134594E-02   1.2147930E-01
   9.4202899E-01   3.1125491E+03   6.0618935E+02   3.7187385E+03   1.4604494E-01   2.7571595E-02   1.2673047E-01
   9.5652174E-01   2.9276190E+03   4.0183006E+02   3.3294491E+03   1.3361720E-01   8.4934775E-02   1.2767609E-01
   9.7101449E-01   2.0696390E+03   4.1845160E+02   2.4880906E+03   1.2959689E-01   4.9458538E-02   1.1584560E-01
   9.8550725E-01   1.5489029E+03   2.7857966E+02   1.8274826E+03   1.4614676E-01   7.9887735E-02   1.3602711E-01
   1.0000000E+00   6.7840685E+02   8.7536368E+01   7.6594322E+02   1.4523867E-01   4.5130206E-06   1.2863945E-01
