   0.0000000E+00   2.6854188E+07   1.3463465E+07   4.0317653E+07   2.5973156E-03   6.4765791E-04   1.5215969E-03
   1.4492754E-02   2.6864039E+07   1.3480893E+07   4.0344932E+07   1.6825092E-03   1.3042984E-04   1.1171188E-03
   2.8985507E-02   2.7300874E+07   1.3486198E+07   4.0787071E+07   4.0588968E-04   1.8657354E-04   3.2812476E-04
   4.3478261E-02   2.7494981E+07   1.3713013E+07   4.1207994E+07   4.8639485E-04   2.6957087E-04   2.3646032E-04
   5.7971014E-02   2.7910852E+07   1.3912614E+07   4.1823276E+07   4.1460754E-04   1.2712936E-04   2.9233744E-04
   7.2463768E-02   2.8347384E+07   1.4177102E+07   4.2524334E+07   2.1597225E-04   1.5070159E-04   9.3892813E-05
   8.6956522E-02   2.8725293E+07   1.4470371E+07   4.3194906E+07   2.8127651E-04   9.1778739E-05   2.1175504E-04
   1.0144928E-01   2.9243873E+07   1.4651164E+07   4.3894712E+07   3.7551403E-04   6.3389583E-05   2.6146629E-04
   1.1594203E-01   2.9714170E+07   1.4890378E+07   4.4603602E+07   4.5992911E-04   5.2931870E-05   3.0640010E-04
   1.3043478E-01   3.0112287E+07   1.5153723E+07   4.5265590E+07   7.2440520E-05   7.6009336E-05   5.3098316E-05
   1.4492754E-01   3.0739483E+07   1.5442598E+07   4.6181626E+07   1.8983936E-04   3.0373986E-05   1.1716447E-04
   1.5942029E-01   3.1293147E+07   1.5698720E+07   4.6991385E+07   4.1045829E-04   1.3709574E-05   2.7718983E-04
   1.7391304E-01   3.1565858E+07   1.5926362E+07   4.7491589E+07   1.0680345E-03   1.2830130E-04   7.1096725E-04
   1.8840580E-01   3.0284462E+07   1.5308496E+07   4.5592200E+07   1.1615713E-03   1.1014266E-04   8.0872038E-04
   2.0289855E-01   2.4721484E+07   1.2488367E+07   3.7209039E+07   2.1422152E-03   2.5683894E-04   1.5074455E-03
   2.1739130E-01   1.8417144E+07   9.2262524E+06   2.7643295E+07   4.4278840E-03   3.3576809E-04   3.0614725E-03
   2.3188406E-01   1.4413715E+07   7.2093910E+06   2.1622821E+07   6.9554732E-03   6.9245177E-04   4.8628234E-03
   2.4637681E-01   1.1949864E+07   5.9625408E+06   1.7912048E+07   8.7881570E-03   9.2540869E-04   6.1651070E-03
   2.6086957E-01   1.0227383E+07   5.0852551E+06   1.5312427E+07   1.1358855E-02   9.8883359E-04   7.9157910E-03
   2.7536232E-01   8.8846620E+06   4.4062787E+06   1.3290901E+07   1.3507814E-02   1.3750399E-03   9.4853136E-03
   2.8985507E-01   7.6668177E+06   3.8185004E+06   1.1485280E+07   1.5091053E-02   1.4797674E-03   1.0564357E-02
   3.0434783E-01   6.6664952E+06   3.3194640E+06   9.9858870E+06   1.7385525E-02   1.3669779E-03   1.2058563E-02
   3.1884058E-01   5.7987177E+06   2.8840147E+06   8.6826980E+06   1.8171166E-02   1.6783545E-03   1.2692679E-02
   3.3333333E-01   4.9789560E+06   2.4729560E+06   7.4518791E+06   1.9866898E-02   1.7081627E-03   1.3842090E-02
   3.4782609E-01   4.2261501E+06   2.1080550E+06   6.3341735E+06   2.0595008E-02   2.0089747E-03   1.4407534E-02
   3.6231884E-01   3.4736468E+06   1.7327316E+06   5.2063784E+06   2.2056228E-02   1.7333967E-03   1.5292596E-02
   3.7681159E-01   2.7507299E+06   1.3676273E+06   4.1183280E+06   2.4689354E-02   1.9335350E-03   1.7134279E-02
   3.9130435E-01   2.0081145E+06   1.0152549E+06   3.0233694E+06   2.8570903E-02   2.0227856E-03   1.9649947E-02
   4.0579710E-01   1.2724564E+06   6.5008395E+05   1.9225403E+06   3.2712716E-02   2.2639540E-03   2.2416830E-02
   4.2028986E-01   6.0383775E+05   3.0727529E+05   9.1111304E+05   4.2265042E-02   2.7063443E-03   2.8919879E-02
   4.3478261E-01   1.3391733E+05   6.9206617E+04   2.0312395E+05   5.6976879E-02   3.1042718E-03   3.8548396E-02
   4.4927536E-01   5.3041568E+03   2.2732101E+03   7.5773668E+03   5.4086898E-02   7.0277061E-03   3.9372213E-02
   4.6376812E-01   2.4152857E+03   8.7613304E+02   3.2914187E+03   1.2742561E-01   1.2254600E-02   9.2787292E-02
   4.7826087E-01   2.1584015E+03   9.4143043E+02   3.0998319E+03   1.3951327E-01   6.6307797E-07   9.7142496E-02
   4.9275362E-01   1.6046189E+03   7.1316394E+02   2.3177828E+03   1.4959526E-01   4.7298810E-06   1.0356548E-01
   5.0724638E-01   1.4721741E+03   7.3608706E+02   2.2082612E+03   1.5505076E-01   1.0934413E-02   1.0649549E-01
   5.2173913E-01   1.4944251E+03   5.6830251E+02   2.0627276E+03   1.7422214E-01   1.5326336E-02   1.3044259E-01
   5.3623188E-01   1.1058860E+03   5.9390173E+02   1.6997877E+03   1.5431260E-01   1.4126891E-02   1.0525592E-01
   5.5072464E-01   1.1166646E+03   4.5863010E+02   1.5752947E+03   1.6269761E-01   1.0673596E-05   1.1533026E-01
   5.6521739E-01   8.5488241E+02   2.7200804E+02   1.1268905E+03   2.0755119E-01   8.4923690E-06   1.5745342E-01
   5.7971014E-01   9.6611427E+02   3.0309467E+02   1.2692089E+03   1.7270510E-01   3.0930152E-02   1.3851685E-01
   5.9420290E-01   7.7621807E+02   2.0329521E+02   9.7951327E+02   1.8138677E-01   4.0951614E-06   1.4374125E-01
   6.0869565E-01   6.3144724E+02   2.5257889E+02   8.8402613E+02   1.5414175E-01   1.0569286E-02   1.1266866E-01
   6.2318841E-01   3.8767923E+02   1.4097427E+02   5.2865350E+02   1.8794381E-01   1.9337077E-05   1.3782854E-01
   6.3768116E-01   5.5108122E+02   1.3777031E+02   6.8885153E+02   1.9340503E-01   2.5040917E-05   1.5472897E-01
   6.5217391E-01   5.0515779E+02   2.1890171E+02   7.2405950E+02   2.2970010E-01   3.2580240E-02   1.6776979E-01
   6.6666667E-01   4.7770356E+02   1.9767044E+02   6.7537400E+02   2.1400581E-01   5.3987428E-06   1.5137086E-01
   6.8115942E-01   5.1590583E+02   1.7734263E+02   6.9324846E+02   1.6493642E-01   5.2335158E-06   1.2274332E-01
   6.9565217E-01   3.6308216E+02   3.6308216E+02   7.2616432E+02   2.0968055E-01   1.5949022E-02   1.1259122E-01
   7.1014493E-01   4.9484845E+02   1.3917613E+02   6.3402457E+02   1.9301844E-01   2.0118544E-05   1.5065055E-01
   7.2463768E-01   4.8495148E+02   1.3639260E+02   6.2134408E+02   2.1761742E-01   1.1873069E-05   1.6984736E-01
   7.3913043E-01   3.5658197E+02   1.3371824E+02   4.9030021E+02   1.9010231E-01   5.6877210E-07   1.3825614E-01
   7.5362319E-01   2.7686533E+02   1.1657487E+02   3.9344020E+02   2.2811171E-01   1.7793570E-06   1.6052357E-01
   7.6811594E-01   2.8593837E+02   1.4296919E+02   4.2890756E+02   2.2035339E-01   6.8560559E-06   1.4690443E-01
   7.8260870E-01   3.5080402E+02   1.1225729E+02   4.6306131E+02   2.0211076E-01   4.1140988E-02   1.6166966E-01
   7.9710145E-01   2.6176358E+02   8.2662184E+01   3.4442577E+02   2.2160615E-01   3.3495283E-06   1.6842013E-01
   8.1159420E-01   2.1649620E+02   9.4717086E+01   3.1121328E+02   2.2148294E-01   3.3476402E-05   1.5408516E-01
   8.2608696E-01   2.2599164E+02   1.1964263E+02   3.4563428E+02   2.6057209E-01   2.6748813E-05   1.7036643E-01
   8.4057971E-01   3.2661064E+02   5.2257702E+01   3.7886834E+02   2.7928756E-01   1.7270188E-05   2.4076337E-01
   8.5507246E-01   1.2842995E+02   1.2842995E+01   1.4127294E+02   2.4695552E-01   3.3127823E-06   2.2450530E-01
   8.6956522E-01   1.6417628E+02   6.3144724E+01   2.2732101E+02   2.6464992E-01   1.6381737E-04   1.9117996E-01
   8.8405797E-01   1.4906295E+02   4.9687651E+01   1.9875061E+02   3.3892738E-01   4.8436400E-06   2.5419493E-01
   8.9855072E-01   1.5888027E+02   6.1107797E+01   2.1998807E+02   3.5445115E-01   1.2397050E-05   2.5599211E-01
   9.1304348E-01   1.0824810E+02   7.2165398E+01   1.8041350E+02   3.3588029E-01   6.5125940E-02   2.2744535E-01
   9.2753623E-01   9.4717086E+01   5.9198178E+01   1.5391526E+02   3.5936810E-01   7.4816418E-02   2.4991570E-01
   9.4202899E-01   1.1657487E+02   5.8287437E+01   1.7486231E+02   3.3904376E-01   8.5940638E-02   2.5388384E-01
   9.5652174E-01   1.6073202E+02   3.4442577E+01   1.9517460E+02   3.0681774E-01   3.8780117E-06   2.5267311E-01
   9.7101449E-01   4.5238011E+01   1.1309503E+01   5.6547514E+01   3.6491923E-01   3.5061816E-05   2.9192928E-01
   9.8550725E-01   5.5715933E+01   1.1143187E+01   6.6859119E+01   3.0683314E-01   1.6735620E-08   2.5569428E-01
   1.0000000E+00   0.0000000E+00   0.0000000E+00   0.0000000E+00   0.0000000E+00   0.0000000E+00   0.0000000E+00
