   0.0000000E+00   2.4617349E+07   1.2190468E+07   3.6807817E+07   5.5589914E-04   1.1504786E-03   4.0305270E-04
   1.4492754E-02   2.4734041E+07   1.2607981E+07   3.7341264E+07   2.5337477E-04   1.1938658E-04   1.8704650E-04
   2.8985507E-02   2.5235284E+07   1.2765211E+07   3.7997464E+07   3.0495990E-04   1.2642690E-04   2.0331026E-04
   4.3478261E-02   2.5561237E+07   1.2828229E+07   3.8388456E+07   9.3667661E-05   1.4758949E-04   1.0713784E-04
   5.7971014E-02   2.6094178E+07   1.3196553E+07   3.9288647E+07   1.0453188E-04   1.4343679E-04   6.7037132E-05
   7.2463768E-02   2.6708551E+07   1.3525903E+07   4.0230968E+07   9.8309142E-05   1.4598311E-04   1.6635551E-05
   8.6956522E-02   2.7462777E+07   1.3854331E+07   4.1314835E+07   3.1087090E-05   6.2736802E-05   1.8033221E-05
   1.0144928E-01   2.8158902E+07   1.4281929E+07   4.2438125E+07   8.7767734E-05   1.1055711E-04   5.2381499E-05
   1.1594203E-01   2.8689047E+07   1.4598460E+07   4.3282867E+07   8.5946085E-05   4.2500889E-05   6.4674451E-05
   1.3043478E-01   2.9604351E+07   1.4948713E+07   4.4548266E+07   2.1698303E-05   8.4452855E-05   4.2737224E-05
   1.4492754E-01   3.0441238E+07   1.5407363E+07   4.5842615E+07   1.0290768E-04   6.4955039E-05   8.4270528E-05
   1.5942029E-01   3.1383387E+07   1.6011596E+07   4.7388783E+07   3.0089050E-05   6.1749141E-05   1.7795328E-05
   1.7391304E-01   3.2129614E+07   1.6388518E+07   4.8511755E+07   8.3761861E-05   1.3127126E-04   8.8521929E-05
   1.8840580E-01   3.0960247E+07   1.5723094E+07   4.6674365E+07   9.6365319E-05   1.2220895E-04   5.2626545E-05
   2.0289855E-01   2.5054185E+07   1.2684891E+07   3.7733934E+07   5.0826489E-05   1.2265335E-04   4.0349388E-05
   2.1739130E-01   1.8163555E+07   9.1314848E+06   2.7291655E+07   2.6505637E-04   3.7548865E-05   1.8285984E-04
   2.3188406E-01   1.4022296E+07   6.9505292E+06   2.0970505E+07   2.1738990E-04   1.6170520E-04   1.9585871E-04
   2.4637681E-01   1.1552676E+07   5.7464967E+06   1.7297880E+07   2.9541022E-04   2.5935357E-04   2.2525066E-04
   2.6086957E-01   9.8587436E+06   4.8816344E+06   1.4738947E+07   1.0870170E-04   3.6095792E-04   1.7178055E-04
   2.7536232E-01   8.6486071E+06   4.2547712E+06   1.2902660E+07   2.3114533E-04   1.9352067E-04   2.1755212E-04
   2.8985507E-01   7.6349927E+06   3.7623521E+06   1.1396511E+07   1.5152049E-04   4.5450556E-05   1.1439164E-04
   3.0434783E-01   6.6827685E+06   3.3193558E+06   1.0001222E+07   2.0158501E-04   1.3200554E-04   1.7014037E-04
   3.1884058E-01   5.9314594E+06   2.9086411E+06   8.8396873E+06   3.6639100E-04   5.0160864E-04   4.0869680E-04
   3.3333333E-01   5.1845003E+06   2.5575260E+06   7.7417957E+06   3.6839235E-04   4.9615612E-04   3.9480345E-04
   3.4782609E-01   4.4955255E+06   2.1916902E+06   6.6868999E+06   6.2737471E-04   6.6289340E-04   6.2563409E-04
   3.6231884E-01   3.7923812E+06   1.8310859E+06   5.6233761E+06   9.7970391E-04   6.4118521E-04   8.5978978E-04
   3.7681159E-01   3.0609065E+06   1.4818124E+06   4.5425731E+06   9.6513673E-04   9.5630408E-04   9.4542554E-04
   3.9130435E-01   2.3486750E+06   1.1217590E+06   3.4702656E+06   1.0539806E-03   8.8583463E-04   9.9307560E-04
   4.0579710E-01   1.5774454E+06   7.4953689E+05   2.3268740E+06   1.9882128E-03   2.2513285E-03   2.0612706E-03
   4.2028986E-01   8.6948978E+05   3.9660983E+05   1.2660996E+06   5.7215009E-03   2.4819859E-03   4.6747648E-03
   4.3478261E-01   2.8566673E+05   1.2490026E+05   4.1056699E+05   2.2535861E-02   2.1074053E-02   2.2091086E-02
   4.4927536E-01   2.7571838E+04   1.2710422E+04   4.0282260E+04   1.4195262E-01   1.2425805E-01   1.3635740E-01
   4.6376812E-01   1.8540869E+04   7.6720839E+03   2.6212953E+04   1.7527261E-01   1.7454011E-01   1.7500943E-01
   4.7826087E-01   1.6210973E+04   6.5211278E+03   2.2732101E+04   1.7438310E-01   1.8491914E-01   1.7713187E-01
   4.9275362E-01   1.2435796E+04   5.0367203E+03   1.7472516E+04   1.9175818E-01   2.0996593E-01   1.9686195E-01
   5.0724638E-01   1.0954707E+04   4.6546682E+03   1.5609376E+04   1.8555222E-01   2.1623411E-01   1.9468121E-01
   5.2173913E-01   9.2401779E+03   3.6623940E+03   1.2902572E+04   2.0564081E-01   1.9255421E-01   2.0183609E-01
   5.3623188E-01   7.7412018E+03   3.1947817E+03   1.0935983E+04   1.9419350E-01   1.9911442E-01   1.9560567E-01
   5.5072464E-01   7.1386772E+03   2.7717210E+03   9.9103982E+03   2.0016550E-01   2.1349743E-01   2.0386464E-01
   5.6521739E-01   6.1201809E+03   2.5646472E+03   8.6848281E+03   1.9664448E-01   1.9822750E-01   1.9710021E-01
   5.7971014E-01   5.4178173E+03   2.0837759E+03   7.5015932E+03   1.8826968E-01   2.1167360E-01   1.9437675E-01
   5.9420290E-01   5.5628961E+03   2.0144707E+03   7.5773668E+03   1.7705769E-01   1.9499174E-01   1.8179473E-01
   6.0869565E-01   4.8531230E+03   1.6958869E+03   6.5490099E+03   1.7668861E-01   1.5877718E-01   1.7186242E-01
   6.2318841E-01   3.7358181E+03   1.3392555E+03   5.0750736E+03   1.8374701E-01   1.6821409E-01   1.7943276E-01
   6.3768116E-01   3.7886834E+03   1.3949244E+03   5.1836078E+03   1.6172053E-01   1.4905242E-01   1.5788981E-01
   6.5217391E-01   3.0646239E+03   1.2460559E+03   4.3106798E+03   1.7504586E-01   2.0856253E-01   1.8473375E-01
   6.6666667E-01   2.8662214E+03   9.3893459E+02   3.8051560E+03   1.9179835E-01   1.8674388E-01   1.9034773E-01
   6.8115942E-01   2.1925998E+03   7.5773668E+02   2.9503365E+03   1.8203317E-01   1.7629515E-01   1.8054711E-01
   6.9565217E-01   2.2732101E+03   6.3144724E+02   2.9046573E+03   1.8465747E-01   2.3065753E-01   1.9450464E-01
   7.1014493E-01   1.6546495E+03   4.0206436E+02   2.0567139E+03   1.9603579E-01   2.0081441E-01   1.9692570E-01
   7.2463768E-01   1.6821754E+03   5.7587988E+02   2.2580553E+03   2.0780464E-01   1.9746566E-01   2.0516771E-01
   7.3913043E-01   1.5303310E+03   5.7944570E+02   2.1097766E+03   1.8168002E-01   2.0680049E-01   1.8855825E-01
   7.5362319E-01   1.3260392E+03   4.6629950E+02   1.7923387E+03   2.1175051E-01   2.2633732E-01   2.1517120E-01
   7.6811594E-01   1.4725826E+03   3.4312605E+02   1.8157087E+03   2.0531239E-01   1.4113895E-01   1.9231330E-01
   7.8260870E-01   9.2612261E+02   4.2096482E+02   1.3470874E+03   2.1652261E-01   1.9924998E-01   2.1108051E-01
   7.9710145E-01   9.9194620E+02   4.4086498E+02   1.4328112E+03   1.5346715E-01   2.1777790E-01   1.7299033E-01
   8.1159420E-01   9.0657782E+02   2.4355822E+02   1.1501360E+03   2.3051786E-01   2.5759094E-01   2.3623848E-01
   8.2608696E-01   1.0103156E+03   2.7916615E+02   1.2894817E+03   2.0150316E-01   1.2872105E-01   1.8567398E-01
   8.4057971E-01   4.5725490E+02   2.3515966E+02   6.9241456E+02   2.0490566E-01   1.4749351E-01   1.8411279E-01
   8.5507246E-01   5.5224877E+02   2.5685989E+02   8.0910866E+02   1.9294999E-01   2.0234665E-01   1.9560955E-01
   8.6956522E-01   5.1778673E+02   7.5773668E+01   5.9356040E+02   2.4974435E-01   2.5875234E-01   2.4416661E-01
   8.8405797E-01   2.6086017E+02   1.4906295E+02   4.0992312E+02   1.8721112E-01   1.6865447E-01   1.7924760E-01
   8.9855072E-01   4.0331146E+02   2.3220963E+02   6.3552109E+02   1.7092611E-01   3.1167289E-01   2.2208256E-01
   9.1304348E-01   2.5257889E+02   1.0824810E+02   3.6082699E+02   1.7825613E-01   2.0780120E-01   1.8673540E-01
   9.2753623E-01   3.4334943E+02   1.0655672E+02   4.4990616E+02   2.2462770E-01   2.9952512E-01   2.4236315E-01
   9.4202899E-01   2.6812221E+02   1.2823236E+02   3.9635457E+02   1.5400723E-01   2.0731406E-01   1.7125114E-01
   9.5652174E-01   1.7221288E+02   3.4442577E+01   2.0665546E+02   2.6331902E-01   2.5727037E-01   2.6231074E-01
   9.7101449E-01   1.5833304E+02   1.1309503E+02   2.7142807E+02   2.1968571E-01   2.0198759E-01   2.1228266E-01
   9.8550725E-01   1.4486142E+02   1.1143187E+01   1.5600461E+02   2.9955648E-01   3.5217668E-01   3.0244809E-01
   1.0000000E+00   2.1884092E+01   2.1884092E+01   4.3768184E+01   3.9344023E-01   7.2702865E-07   1.9672033E-01
