   0.0000000E+00   2.7927143E+07   1.3172495E+07   4.1099638E+07   8.5560418E-04   6.7351642E-04   5.8719566E-04
   1.4492754E-02   2.8621230E+07   1.3264181E+07   4.1885411E+07   2.0227774E-04   3.1828777E-04   5.4346846E-05
   2.8985507E-02   2.8809528E+07   1.3416486E+07   4.2225634E+07   4.3830479E-05   1.6573678E-04   7.1770626E-05
   4.3478261E-02   2.8753329E+07   1.3742818E+07   4.2493368E+07   1.0756355E-04   4.9709773E-05   5.6712250E-05
   5.7971014E-02   2.9063938E+07   1.4012635E+07   4.3075626E+07   1.2631821E-04   1.3984146E-04   4.0430153E-05
   7.2463768E-02   2.9541274E+07   1.4322133E+07   4.3860830E+07   1.5053851E-04   3.4510412E-05   1.1260356E-04
   8.6956522E-02   2.9734724E+07   1.4729517E+07   4.4461337E+07   8.2813357E-05   4.4175668E-05   4.9842678E-05
   1.0144928E-01   2.9848114E+07   1.5162419E+07   4.5007178E+07   1.9428224E-05   2.9241270E-05   4.0400642E-06
   1.1594203E-01   2.9838534E+07   1.5492779E+07   4.5327524E+07   5.7948084E-05   3.2379731E-05   3.2658886E-05
   1.3043478E-01   2.9675999E+07   1.5858334E+07   4.5531050E+07   2.7345739E-05   4.9704617E-05   1.6308440E-05
   1.4492754E-01   2.9403442E+07   1.6196091E+07   4.5594759E+07   4.3761931E-05   1.5591616E-05   2.8511263E-05
   1.5942029E-01   2.8861295E+07   1.6582310E+07   4.5438507E+07   8.3976131E-05   1.0501427E-04   2.5110564E-05
   1.7391304E-01   2.8189888E+07   1.6631057E+07   4.4815768E+07   7.6826833E-05   1.8406347E-05   5.4562440E-05
   1.8840580E-01   2.6311998E+07   1.5835240E+07   4.2140710E+07   3.8038317E-05   2.0218715E-05   2.7432339E-05
   2.0289855E-01   2.2928950E+07   1.2961735E+07   3.5885814E+07   9.7200129E-05   5.6862412E-05   6.6483800E-05
   2.1739130E-01   1.8929576E+07   9.5455626E+06   2.8472411E+07   1.2395224E-04   3.4627956E-05   7.5645746E-05
   2.3188406E-01   1.5862602E+07   7.3291134E+06   2.3189821E+07   1.6795247E-04   6.1450540E-05   1.3210075E-04
   2.4637681E-01   1.3532642E+07   5.8927399E+06   1.9424134E+07   1.2866331E-04   1.3387320E-04   9.8934911E-05
   2.6086957E-01   1.1536288E+07   4.8950632E+06   1.6430173E+07   7.9425931E-05   3.3147004E-04   1.5423171E-04
   2.7536232E-01   9.7993698E+06   4.1297846E+06   1.3928397E+07   2.6413133E-04   1.1084951E-04   2.0745125E-04
   2.8985507E-01   8.3212748E+06   3.5132461E+06   1.1833612E+07   1.9843590E-04   6.1278024E-05   1.5544416E-04
   3.0434783E-01   7.0391212E+06   2.9954774E+06   1.0034021E+07   2.6456573E-04   1.5314756E-04   2.1309345E-04
   3.1884058E-01   5.9544671E+06   2.5705873E+06   8.5246410E+06   3.7045999E-04   2.4325841E-04   3.2890354E-04
   3.3333333E-01   4.9901573E+06   2.1916051E+06   7.1815977E+06   3.2760241E-04   1.7447067E-04   2.8087398E-04
   3.4782609E-01   4.2053439E+06   1.8341648E+06   6.0394771E+06   1.5914484E-04   1.8886446E-04   1.4700584E-04
   3.6231884E-01   3.4322138E+06   1.5191408E+06   4.9512030E+06   2.8314111E-04   8.3930796E-05   2.2058947E-04
   3.7681159E-01   2.7375861E+06   1.1815446E+06   3.9189558E+06   3.0189959E-04   4.3615577E-04   3.4032334E-04
   3.9130435E-01   2.0590231E+06   8.5105055E+05   2.9100456E+06   5.7442981E-04   3.6679889E-04   5.1255548E-04
   4.0579710E-01   1.3803527E+06   5.2300068E+05   1.9033263E+06   9.3009327E-04   4.4905114E-04   7.7846837E-04
   4.2028986E-01   7.1125346E+05   2.2685069E+05   9.3810414E+05   1.6244074E-03   6.9049909E-04   1.3781914E-03
   4.3478261E-01   1.8375115E+05   4.1574486E+04   2.2532563E+05   8.1049880E-03   2.9032477E-03   7.1360446E-03
   4.4927536E-01   1.6865752E+04   2.5176412E+03   1.9383393E+04   8.2646069E-02   3.2846836E-02   7.6150911E-02
   4.6376812E-01   1.1815956E+04   1.7049075E+03   1.3520864E+04   1.1246465E-01   6.7110606E-02   1.0641218E-01
   4.7826087E-01   8.7024910E+03   1.1021624E+03   9.8046535E+03   1.3815945E-01   5.9946504E-02   1.2913360E-01
   4.9275362E-01   5.9504616E+03   6.6859119E+02   6.6190528E+03   1.3233562E-01   1.3871307E-01   1.3289185E-01
   5.0724638E-01   4.0701285E+03   4.7629163E+02   4.5464201E+03   1.4124444E-01   1.0747393E-01   1.3770657E-01
   5.2173913E-01   3.4940080E+03   3.5782010E+02   3.8518281E+03   1.5618193E-01   1.9301309E-01   1.5960032E-01
   5.3623188E-01   2.2527307E+03   2.2527307E+02   2.4780038E+03   1.6285074E-01   1.8990411E-01   1.6528596E-01
   5.5072464E-01   1.9541630E+03   1.5952351E+02   2.1136865E+03   1.5499557E-01   9.6042439E-02   1.4947651E-01
   5.6521739E-01   1.2434653E+03   1.1657487E+02   1.3600402E+03   1.5429190E-01   6.1517809E-02   1.4628758E-01
   5.7971014E-01   1.2881524E+03   9.4717086E+01   1.3828694E+03   1.4109632E-01   1.4937108E-01   1.3895347E-01
   5.9420290E-01   1.1458457E+03   7.3925530E+01   1.2197712E+03   1.2149076E-01   1.6283266E-01   1.2398207E-01
   6.0869565E-01   1.1185637E+03   5.4124049E+01   1.1726877E+03   6.0817838E-02   1.1164223E-05   5.8010362E-02
   6.2318841E-01   8.6346738E+02   5.2865350E+01   9.1633273E+02   9.7016643E-02   1.2183494E-01   9.6063223E-02
   6.3768116E-01   7.4051540E+02   1.7221288E+01   7.5773668E+02   8.2567661E-02   1.5807858E-05   8.0690770E-02
   6.5217391E-01   5.2199638E+02   0.0000000E+00   5.2199638E+02   7.8537849E-02   0.0000000E+00   7.8537849E-02
   6.6666667E-01   2.8003312E+02   0.0000000E+00   2.8003312E+02   9.4092367E-05   0.0000000E+00   9.4092367E-05
   6.8115942E-01   2.4183086E+02   0.0000000E+00   2.4183086E+02   6.8813243E-02   0.0000000E+00   6.8813243E-02
   6.9565217E-01   2.2100653E+02   3.1572362E+01   2.5257889E+02   8.4951918E-02   4.5415504E-06   7.4332361E-02
   7.1014493E-01   1.3917613E+02   0.0000000E+00   1.3917613E+02   7.5409099E-02   0.0000000E+00   7.5409099E-02
   7.2463768E-01   1.6670207E+02   0.0000000E+00   1.6670207E+02   5.7411372E-02   0.0000000E+00   5.7411372E-02
   7.3913043E-01   7.4287910E+01   0.0000000E+00   7.4287910E+01   1.4503008E-01   0.0000000E+00   1.4503008E-01
   7.5362319E-01   7.2859297E+01   0.0000000E+00   7.2859297E+01   2.4581224E-01   0.0000000E+00   2.4581224E-01
   7.6811594E-01   8.5781511E+01   0.0000000E+00   8.5781511E+01   6.0836822E-06   0.0000000E+00   6.0836822E-06
   7.8260870E-01   1.1225729E+02   1.4032161E+01   1.2628945E+02   4.3293384E-06   3.8350079E-06   3.7980771E-06
   7.9710145E-01   2.7554061E+01   0.0000000E+00   2.7554061E+01   3.9453828E-06   0.0000000E+00   3.9453828E-06
   8.1159420E-01   1.3531012E+01   0.0000000E+00   1.3531012E+01   5.2006547E-06   0.0000000E+00   5.2006547E-06
   8.2608696E-01   0.0000000E+00   0.0000000E+00   0.0000000E+00   0.0000000E+00   0.0000000E+00   0.0000000E+00
   8.4057971E-01   1.3064426E+01   0.0000000E+00   1.3064426E+01   4.4971287E-05   0.0000000E+00   4.4971287E-05
   8.5507246E-01   1.2842995E+01   0.0000000E+00   1.2842995E+01   3.0695412E-01   0.0000000E+00   3.0695412E-01
   8.6956522E-01   0.0000000E+00   0.0000000E+00   0.0000000E+00   0.0000000E+00   0.0000000E+00   0.0000000E+00
   8.8405797E-01   0.0000000E+00   0.0000000E+00   0.0000000E+00   0.0000000E+00   0.0000000E+00   0.0000000E+00
   8.9855072E-01   0.0000000E+00   0.0000000E+00   0.0000000E+00   0.0000000E+00   0.0000000E+00   0.0000000E+00
   9.1304348E-01   0.0000000E+00   0.0000000E+00   0.0000000E+00   0.0000000E+00   0.0000000E+00   0.0000000E+00
   9.2753623E-01   1.1839636E+01   0.0000000E+00   1.1839636E+01   1.4206242E-05   0.0000000E+00   1.4206242E-05
   9.4202899E-01   0.0000000E+00   0.0000000E+00   0.0000000E+00   0.0000000E+00   0.0000000E+00   0.0000000E+00
   9.5652174E-01   0.0000000E+00   0.0000000E+00   0.0000000E+00   0.0000000E+00   0.0000000E+00   0.0000000E+00
   9.7101449E-01   0.0000000E+00   0.0000000E+00   0.0000000E+00   0.0000000E+00   0.0000000E+00   0.0000000E+00
   9.8550725E-01   0.0000000E+00   0.0000000E+00   0.0000000E+00   0.0000000E+00   0.0000000E+00   0.0000000E+00
   1.0000000E+00   0.0000000E+00   0.0000000E+00   0.0000000E+00   0.0000000E+00   0.0000000E+00   0.0000000E+00
