   0.0000000E+00   1.9804206E+07   1.3014885E+07   3.2819091E+07   1.5841063E-03   4.6956586E-04   1.0513624E-03
   1.4492754E-02   1.9853459E+07   1.2792111E+07   3.2646327E+07   1.4038996E-03   7.4771678E-05   8.8129676E-04
   2.8985507E-02   2.0167920E+07   1.3150899E+07   3.3318440E+07   1.9846389E-04   1.3606308E-04   6.9761342E-05
   4.3478261E-02   2.0460659E+07   1.3281103E+07   3.3742015E+07   6.9772350E-04   5.5403872E-05   4.4364918E-04
   5.7971014E-02   2.0755166E+07   1.3488660E+07   3.4243636E+07   3.6611574E-04   5.1034669E-05   2.2983869E-04
   7.2463768E-02   2.1402879E+07   1.3727158E+07   3.5129582E+07   8.4908791E-04   7.6884050E-05   4.9752688E-04
   8.6956522E-02   2.1821048E+07   1.4094786E+07   3.5915456E+07   6.3713342E-04   4.3646930E-05   3.8438335E-04
   1.0144928E-01   2.2358212E+07   1.4373832E+07   3.6731827E+07   4.1512869E-04   9.3171504E-05   2.4514673E-04
   1.1594203E-01   2.2994846E+07   1.4668835E+07   3.7663586E+07   3.8718448E-04   5.2184096E-05   2.2846437E-04
   1.3043478E-01   2.3845216E+07   1.5086201E+07   3.8930659E+07   2.0991943E-04   6.2020155E-05   1.4810515E-04
   1.4492754E-01   2.4824212E+07   1.5395012E+07   4.0218163E+07   3.3447911E-04   5.7229781E-05   2.1668340E-04
   1.5942029E-01   2.5736389E+07   1.5739431E+07   4.1475613E+07   4.8380603E-04   3.1080068E-05   2.9747576E-04
   1.7391304E-01   2.6410218E+07   1.6017859E+07   4.2427129E+07   1.5474993E-04   4.7885019E-05   1.0724930E-04
   1.8840580E-01   2.5792366E+07   1.5273931E+07   4.1065190E+07   1.2997548E-04   1.0668418E-04   1.1123803E-04
   2.0289855E-01   2.2127481E+07   1.2479598E+07   3.4606538E+07   2.8436759E-04   9.0746441E-05   1.7095079E-04
   2.1739130E-01   1.7709620E+07   9.1621479E+06   2.6870909E+07   4.1689194E-04   1.4635152E-04   3.1588162E-04
   2.3188406E-01   1.4724481E+07   7.1064809E+06   2.1830631E+07   5.2463067E-04   3.4903426E-04   4.4735087E-04
   2.4637681E-01   1.2884198E+07   5.8488357E+06   1.8732276E+07   7.1491548E-04   4.0227703E-04   6.1355695E-04
   2.6086957E-01   1.1542266E+07   4.9827501E+06   1.6524595E+07   2.8018764E-04   4.6979215E-04   3.0391160E-04
   2.7536232E-01   1.0507933E+07   4.3454205E+06   1.4853314E+07   5.2049601E-04   3.8134876E-04   4.2746661E-04
   2.8985507E-01   9.6453060E+06   3.8066797E+06   1.3451569E+07   6.0778493E-04   4.9186747E-04   5.5041219E-04
   3.0434783E-01   8.8341633E+06   3.3374332E+06   1.2171055E+07   5.3369110E-04   5.3202545E-04   2.8677987E-04
   3.1884058E-01   8.1267948E+06   2.9670213E+06   1.1093678E+07   1.6791668E-04   6.2775835E-04   2.8585113E-04
   3.3333333E-01   7.4030545E+06   2.5714618E+06   9.9743845E+06   7.8466785E-04   4.9599231E-04   6.8757657E-04
   3.4782609E-01   6.5687246E+06   2.2052032E+06   8.7738331E+06   1.9526396E-04   5.4303009E-04   2.6894570E-04
   3.6231884E-01   5.7757418E+06   1.8315708E+06   7.6071914E+06   5.1107880E-04   5.9654720E-04   5.3037782E-04
   3.7681159E-01   4.8672924E+06   1.4825701E+06   6.3499208E+06   3.9890287E-04   3.8463593E-04   3.6174092E-04
   3.9130435E-01   3.8615384E+06   1.1028436E+06   4.9643259E+06   1.2039201E-03   5.5235941E-04   1.0229755E-03
   4.0579710E-01   2.7368096E+06   7.0047344E+05   3.4372830E+06   1.3379772E-03   4.2741946E-04   1.1468980E-03
   4.2028986E-01   1.4753917E+06   3.2013068E+05   1.7955485E+06   3.8940853E-03   5.5940291E-04   3.2979944E-03
   4.3478261E-01   4.1099638E+05   6.3877202E+04   4.7487358E+05   1.5392396E-02   3.8766015E-04   1.3371478E-02
   4.4927536E-01   1.2385328E+05   1.2930410E+04   1.3678369E+05   6.1595060E-02   1.0795169E-03   5.5873549E-02
   4.6376812E-01   1.2310853E+05   1.0608314E+04   1.3371685E+05   6.8995112E-02   1.5350354E-03   6.3519846E-02
   4.7826087E-01   1.1108879E+05   9.3454191E+03   1.2043421E+05   6.8810637E-02   6.3327694E-06   6.3470802E-02
   4.9275362E-01   9.5051381E+04   7.3099304E+03   1.0236131E+05   6.6258261E-02   6.9979557E-04   6.1564395E-02
   5.0724638E-01   8.0103592E+04   5.6072515E+03   8.5710844E+04   6.6981881E-02   8.8692901E-06   6.2599502E-02
   5.2173913E-01   6.8259446E+04   4.4411789E+03   7.2700625E+04   6.1576905E-02   1.2893969E-03   5.7892564E-02
   5.3623188E-01   5.8263807E+04   3.2357404E+03   6.1499548E+04   5.6691329E-02   2.6694064E-03   5.3816596E-02
   5.5072464E-01   5.0768358E+04   2.8514828E+03   5.3619841E+04   5.4737156E-02   2.9188019E-03   5.1980605E-02
   5.6521739E-01   4.3190991E+04   2.2343518E+03   4.5425343E+04   4.8787335E-02   2.0112868E-05   4.6386644E-02
   5.7971014E-01   3.6144040E+04   1.7049075E+03   3.7848947E+04   5.0364303E-02   4.0408892E-06   4.8095563E-02
   5.9420290E-01   3.1233536E+04   1.6818058E+03   3.2915342E+04   4.2790946E-02   6.9348277E-06   4.0604727E-02
   6.0869565E-01   2.5546551E+04   8.1186073E+02   2.6358412E+04   3.9617106E-02   6.1160638E-06   3.8396983E-02
   6.2318841E-01   2.2749722E+04   7.5773668E+02   2.3507459E+04   4.8593400E-02   1.3135550E-06   4.7027086E-02
   6.3768116E-01   1.9494498E+04   6.1996638E+02   2.0114465E+04   4.0597129E-02   1.2856513E-05   3.9345454E-02
   6.5217391E-01   1.6636530E+04   6.9038231E+02   1.7326912E+04   2.7980665E-02   1.7585294E-05   2.6865091E-02
   6.6666667E-01   1.3820458E+04   4.2828595E+02   1.4248744E+04   2.7908421E-02   1.2708604E-02   2.7391964E-02
   6.8115942E-01   1.2849280E+04   2.9019703E+02   1.3139477E+04   3.1015946E-02   6.0672451E-04   3.0340240E-02
   6.9565217E-01   1.0197873E+04   2.3679271E+02   1.0434666E+04   3.5736698E-02   2.2077807E-02   3.5426731E-02
   7.1014493E-01   9.3557284E+03   1.5464014E+02   9.5103686E+03   2.5922728E-02   2.1383792E-05   2.5501560E-02
   7.2463768E-01   7.2136532E+03   1.6670207E+02   7.3803553E+03   2.9532002E-02   8.8125417E-07   2.8864959E-02
   7.3913043E-01   5.6904539E+03   7.4287910E+01   5.7647418E+03   1.9534518E-02   8.9949074E-06   1.9282770E-02
   7.5362319E-01   4.8378573E+03   1.0200302E+02   4.9398603E+03   2.4042922E-02   1.0808924E-06   2.3546447E-02
   7.6811594E-01   4.0460280E+03   1.1437535E+02   4.1604033E+03   2.0470095E-02   9.9564715E-06   1.9907091E-02
   7.8260870E-01   3.1993327E+03   0.0000000E+00   3.1993327E+03   2.2723819E-02   0.0000000E+00   2.2723819E-02
   7.9710145E-01   2.5349736E+03   4.1331092E+01   2.5763047E+03   3.0161147E-02   3.0030505E-06   2.9677231E-02
   8.1159420E-01   2.5167683E+03   1.0824810E+02   2.6250164E+03   2.1938415E-02   4.8605812E-06   2.1033664E-02
   8.2608696E-01   1.5553542E+03   3.9880878E+01   1.5952351E+03   3.2205846E-02   6.7552769E-06   3.1400532E-02
   8.4057971E-01   1.2803137E+03   2.6128851E+01   1.3064426E+03   2.1304121E-02   2.0626315E-05   2.0877627E-02
   8.5507246E-01   1.0788116E+03   0.0000000E+00   1.0788116E+03   3.2001534E-02   0.0000000E+00   3.2001534E-02
   8.6956522E-01   8.4613930E+02   0.0000000E+00   8.4613930E+02   3.8328301E-02   0.0000000E+00   3.8328301E-02
   8.8405797E-01   6.4593947E+02   0.0000000E+00   6.4593947E+02   2.6624841E-02   0.0000000E+00   2.6624841E-02
   8.9855072E-01   4.8886238E+02   0.0000000E+00   4.8886238E+02   1.9466826E-02   0.0000000E+00   1.9466826E-02
   9.1304348E-01   3.1271673E+02   0.0000000E+00   3.1271673E+02   2.7455508E-02   0.0000000E+00   2.7455508E-02
   9.2753623E-01   3.0783053E+02   0.0000000E+00   3.0783053E+02   2.8981666E-02   0.0000000E+00   2.8981666E-02
   9.4202899E-01   1.8651980E+02   0.0000000E+00   1.8651980E+02   2.6563764E-02   0.0000000E+00   2.6563764E-02
   9.5652174E-01   1.1480859E+02   0.0000000E+00   1.1480859E+02   2.1938324E-06   0.0000000E+00   2.1938324E-06
   9.7101449E-01   1.2440453E+02   0.0000000E+00   1.2440453E+02   3.8793578E-02   0.0000000E+00   3.8793578E-02
   9.8550725E-01   5.5715933E+01   0.0000000E+00   5.5715933E+01   1.7735348E-06   0.0000000E+00   1.7735348E-06
   1.0000000E+00   0.0000000E+00   0.0000000E+00   0.0000000E+00   0.0000000E+00   0.0000000E+00   0.0000000E+00
