   0.0000000E+00   2.3350414E+07   1.2317768E+07   3.5668181E+07   3.1971812E-03   1.2297510E-03   2.5161158E-03
   1.4492754E-02   2.3705034E+07   1.2776198E+07   3.6480475E+07   7.9771262E-04   2.0752455E-04   4.7607738E-04
   2.8985507E-02   2.3769821E+07   1.2675419E+07   3.6444482E+07   7.0706200E-04   9.8248505E-04   6.9797864E-04
   4.3478261E-02   2.3941196E+07   1.3083839E+07   3.7024277E+07   8.3522952E-04   2.0780648E-04   4.7862554E-04
   5.7971014E-02   2.4260645E+07   1.3298279E+07   3.7558545E+07   3.8770970E-04   4.3182526E-04   1.6111829E-04
   7.2463768E-02   2.4540060E+07   1.3573186E+07   3.8111882E+07   3.7710316E-04   3.4645389E-04   2.6541505E-04
   8.6956522E-02   2.4899859E+07   1.3839303E+07   3.8737141E+07   4.5436640E-04   1.9323299E-04   3.5547957E-04
   1.0144928E-01   2.5311761E+07   1.4175413E+07   3.9485983E+07   3.1119718E-04   9.0300121E-05   2.0948246E-04
   1.1594203E-01   2.5647114E+07   1.4598744E+07   4.0243585E+07   3.3074098E-04   2.6929825E-04   2.7579882E-04
   1.3043478E-01   2.6045430E+07   1.4932633E+07   4.0976042E+07   2.7011832E-04   1.7177981E-04   2.0959379E-04
   1.4492754E-01   2.6482821E+07   1.5382661E+07   4.1861694E+07   9.5422161E-05   1.5476969E-04   8.2163906E-05
   1.5942029E-01   2.6690999E+07   1.5719179E+07   4.2407422E+07   3.9414230E-04   1.5967981E-04   2.0947570E-04
   1.7391304E-01   2.6540801E+07   1.5956798E+07   4.2494063E+07   1.0293448E-04   1.8605576E-04   9.1601705E-05
   1.8840580E-01   2.5317673E+07   1.5098953E+07   4.0411788E+07   2.8172364E-04   1.2331023E-04   2.2104285E-04
   2.0289855E-01   2.1785309E+07   1.2437923E+07   3.4219984E+07   2.9134736E-04   1.5081877E-04   2.3941198E-04
   2.1739130E-01   1.7778675E+07   9.2735351E+06   2.7050694E+07   3.6747040E-04   9.6767935E-05   2.5003933E-04
   2.3188406E-01   1.4802623E+07   7.1669104E+06   2.1967876E+07   7.4521539E-04   5.6083241E-04   6.6858589E-04
   2.4637681E-01   1.2886783E+07   5.8754457E+06   1.8761025E+07   3.8209284E-04   4.3681988E-04   3.9624311E-04
   2.6086957E-01   1.1478532E+07   4.9976944E+06   1.6474837E+07   5.0793824E-04   7.3319334E-04   5.7650509E-04
   2.7536232E-01   1.0322766E+07   4.3346925E+06   1.4656622E+07   4.2224173E-04   1.9435361E-04   3.4985731E-04
   2.8985507E-01   9.3410747E+06   3.8796118E+06   1.3220270E+07   4.4160934E-04   2.2228053E-04   3.7427617E-04
   3.0434783E-01   8.4570630E+06   3.4172481E+06   1.1873698E+07   7.3201666E-04   7.1556851E-04   7.2138160E-04
   3.1884058E-01   7.6599946E+06   3.0186163E+06   1.0678508E+07   6.8497237E-04   6.6485890E-04   6.7655084E-04
   3.3333333E-01   6.8738248E+06   2.6590298E+06   9.5323934E+06   6.0923185E-04   7.2989933E-04   6.4074412E-04
   3.4782609E-01   6.0654927E+06   2.2935111E+06   8.3586881E+06   9.7535526E-04   4.9814988E-04   7.3533974E-04
   3.6231884E-01   5.2364151E+06   1.9237722E+06   7.1598842E+06   3.8328274E-04   5.9584354E-04   4.3794383E-04
   3.7681159E-01   4.3337001E+06   1.5294041E+06   5.8629002E+06   6.9167643E-04   5.2573141E-04   6.1832266E-04
   3.9130435E-01   3.2215035E+06   1.1055659E+06   4.3269852E+06   1.1085349E-03   1.4959706E-04   8.6337281E-04
   4.0579710E-01   2.0233193E+06   6.6913562E+05   2.6924820E+06   3.2332606E-03   7.6685337E-04   2.5954489E-03
   4.2028986E-01   9.2467391E+05   2.8007516E+05   1.2047491E+06   7.4732983E-03   2.6901104E-03   6.3514868E-03
   4.3478261E-01   2.4520359E+05   6.3750913E+04   3.0895450E+05   2.1144359E-02   8.2050984E-03   1.8472472E-02
   4.4927536E-01   4.3313207E+04   8.1151155E+03   5.1428322E+04   5.5998346E-02   2.1835352E-02   5.0598865E-02
   4.6376812E-01   3.8526175E+04   6.1092520E+03   4.4635427E+04   6.1396933E-02   2.9667269E-02   5.7014127E-02
   4.7826087E-01   4.2180675E+04   6.3144724E+03   4.8495148E+04   6.6399185E-02   3.4114328E-02   6.2120189E-02
   4.9275362E-01   3.9781176E+04   6.8864893E+03   4.6667665E+04   7.9616046E-02   3.9744891E-02   7.3719541E-02
   5.0724638E-01   4.0224993E+04   6.4515866E+03   4.6676580E+04   8.7289126E-02   3.9702429E-02   8.0711453E-02
   5.2173913E-01   4.0707299E+04   6.1250382E+03   4.6832337E+04   8.4869258E-02   4.0017356E-02   7.8999948E-02
   5.3623188E-01   3.9525184E+04   6.6762746E+03   4.6201458E+04   9.3052562E-02   4.0756659E-02   8.5483969E-02
   5.5072464E-01   3.4576721E+04   5.7428464E+03   4.0319568E+04   9.3565480E-02   4.7415098E-02   8.6984765E-02
   5.6521739E-01   3.2524390E+04   4.7989990E+03   3.7323389E+04   9.8699946E-02   4.9959335E-02   9.2431908E-02
   5.7971014E-01   2.9059202E+04   4.4327596E+03   3.3491961E+04   1.0883934E-01   3.8238435E-02   9.9471032E-02
   5.9420290E-01   2.6409896E+04   4.1583111E+03   3.0568207E+04   1.1040979E-01   4.4354143E-02   1.0141511E-01
   6.0869565E-01   2.2226943E+04   3.2474429E+03   2.5474386E+04   1.1400173E-01   4.8231783E-02   1.0560276E-01
   6.2318841E-01   1.9701154E+04   2.9604596E+03   2.2661613E+04   1.3449139E-01   7.3715588E-02   1.2653545E-01
   6.3768116E-01   1.6411888E+04   1.9632269E+03   1.8375115E+04   1.3402437E-01   4.7308594E-02   1.2471805E-01
   6.5217391E-01   1.3689776E+04   1.8185680E+03   1.5508344E+04   1.3838256E-01   4.0151637E-02   1.2677115E-01
   6.6666667E-01   1.1415468E+04   1.2024952E+03   1.2617963E+04   1.5118858E-01   4.8475843E-02   1.4132233E-01
   6.8115942E-01   1.0398727E+04   1.2252763E+03   1.1624003E+04   1.5862336E-01   5.8890822E-02   1.4808318E-01
   6.9565217E-01   7.7825872E+03   7.4195050E+02   8.5245377E+03   1.6301881E-01   4.5908651E-02   1.5258188E-01
   7.1014493E-01   7.5773668E+03   7.4227267E+02   8.3196395E+03   1.7399350E-01   7.2732878E-02   1.6494830E-01
   7.2463768E-01   5.4708589E+03   7.2742722E+02   6.1982861E+03   1.6937161E-01   7.7888575E-02   1.5862662E-01
   7.3913043E-01   4.7544263E+03   4.9030021E+02   5.2447265E+03   2.0701774E-01   9.8367667E-02   1.9656028E-01
   7.5362319E-01   3.6866804E+03   3.3515276E+02   4.0218332E+03   2.1887442E-01   9.0704730E-02   2.0819201E-01
   7.6811594E-01   3.3597759E+03   2.8593837E+02   3.6457142E+03   2.0544670E-01   7.6085528E-02   1.9487374E-01
   7.8260870E-01   2.2591779E+03   2.8064322E+02   2.5398211E+03   2.3044890E-01   1.7781294E-01   2.2450070E-01
   7.9710145E-01   2.5211966E+03   1.7910140E+02   2.7002980E+03   2.1199206E-01   4.1734955E-02   2.0045020E-01
   8.1159420E-01   1.9755278E+03   1.4884113E+02   2.1243689E+03   2.3083959E-01   1.6569884E-01   2.2569537E-01
   8.2608696E-01   1.5686479E+03   7.9761756E+01   1.6484096E+03   2.4841894E-01   7.6796752E-02   2.4000490E-01
   8.4057971E-01   1.4240224E+03   7.8386554E+01   1.5024089E+03   2.7757931E-01   2.4767110E-01   2.7539046E-01
   8.5507246E-01   1.2072415E+03   6.4214973E+01   1.2714565E+03   2.8352928E-01   2.4939343E-01   2.8132861E-01
   8.6956522E-01   1.0987182E+03   6.3144724E+01   1.1618629E+03   2.7923102E-01   1.6588390E-01   2.7306595E-01
   8.8405797E-01   8.3226816E+02   4.9687651E+01   8.8195581E+02   2.8650554E-01   2.6114937E-01   2.8505693E-01
   8.9855072E-01   6.9662889E+02   2.4443119E+01   7.2107201E+02   3.0380888E-01   2.0012626E-01   2.9830106E-01
   9.1304348E-01   4.2096482E+02   0.0000000E+00   4.2096482E+02   3.3110714E-01   0.0000000E+00   3.3110714E-01
   9.2753623E-01   4.9726470E+02   2.3679271E+01   5.2094397E+02   3.5463987E-01   3.9606442E-01   3.5638592E-01
   9.4202899E-01   4.5464201E+02   2.3314975E+01   4.7795699E+02   2.9932020E-01   2.1409550E-01   2.9419029E-01
   9.5652174E-01   2.8702147E+02   1.1480859E+01   2.9850233E+02   3.6235971E-01   5.8821145E-05   3.4842458E-01
   9.7101449E-01   2.7142807E+02   1.1309503E+01   2.8273757E+02   3.7650610E-01   1.6359143E-05   3.6144539E-01
   9.8550725E-01   1.5600461E+02   1.1143187E+01   1.6714780E+02   3.9820977E-01   3.5878656E-07   3.7166243E-01
   1.0000000E+00   6.5652276E+01   2.1884092E+01   8.7536368E+01   4.1904649E-01   4.2819682E-01   4.0591368E-01
