   0.0000000E+00   2.4550669E+07   1.2402634E+07   3.6953303E+07   7.3911466E-04   9.0936415E-04   3.5528079E-04
   1.4492754E-02   2.4502173E+07   1.2220777E+07   3.6722951E+07   3.8580356E-04   8.9372020E-04   5.5284159E-04
   2.8985507E-02   2.4834062E+07   1.2556833E+07   3.7390138E+07   3.6146548E-04   5.5451110E-04   3.0641848E-04
   4.3478261E-02   2.5348818E+07   1.2850709E+07   3.8198769E+07   4.8120138E-04   3.0702636E-04   2.1881440E-04
   5.7971014E-02   2.6250651E+07   1.3149762E+07   3.9399277E+07   8.2925278E-05   2.8202378E-04   1.4924148E-04
   7.2463768E-02   2.7028316E+07   1.3560759E+07   4.0588165E+07   2.4341687E-04   2.1634735E-04   9.0678278E-05
   8.6956522E-02   2.7867282E+07   1.3975948E+07   4.1842220E+07   2.1872139E-04   2.3761453E-04   1.5348536E-04
   1.0144928E-01   2.8834479E+07   1.4556555E+07   4.3389193E+07   2.0353366E-04   2.7858934E-04   2.2832530E-04
   1.1594203E-01   2.9964224E+07   1.5081991E+07   4.5044604E+07   2.4453624E-04   2.0591076E-04   1.8503628E-04
   1.3043478E-01   3.1105175E+07   1.5702998E+07   4.6805227E+07   1.1485380E-04   3.2066256E-04   1.8263844E-04
   1.4492754E-01   3.2399078E+07   1.6404620E+07   4.8800440E+07   2.5524756E-04   1.9090322E-04   1.7400829E-04
   1.5942029E-01   3.3914365E+07   1.6947676E+07   5.0858735E+07   6.6825276E-05   1.5635428E-04   5.7825664E-05
   1.7391304E-01   3.5073042E+07   1.7727313E+07   5.2795998E+07   6.3626744E-05   1.1656631E-04   6.7047686E-05
   1.8840580E-01   3.3891930E+07   1.7058460E+07   5.0945843E+07   1.1068425E-04   1.3502768E-04   6.5144535E-05
   2.0289855E-01   2.6733546E+07   1.3497022E+07   4.0227591E+07   3.4781868E-05   4.9105981E-05   3.8077335E-05
   2.1739130E-01   1.8398604E+07   9.2362545E+06   2.7632990E+07   2.8669249E-04   3.0820720E-04   2.6598474E-04
   2.3188406E-01   1.3439123E+07   6.7221663E+06   2.0159963E+07   6.5155965E-04   4.2415283E-04   5.7300486E-04
   2.4637681E-01   1.0663405E+07   5.3085695E+06   1.5971262E+07   5.0889616E-04   4.9174108E-04   5.0136519E-04
   2.6086957E-01   8.9438608E+06   4.4885374E+06   1.3431977E+07   8.7023376E-04   8.6595349E-04   8.6246672E-04
   2.7536232E-01   7.7228922E+06   3.8601500E+06   1.1582524E+07   5.8349145E-04   1.1649348E-03   7.7711204E-04
   2.8985507E-01   6.7890934E+06   3.3929176E+06   1.0181556E+07   8.6326255E-04   1.0653695E-03   9.3021313E-04
   3.0434783E-01   6.0100066E+06   2.9869258E+06   8.9967159E+06   9.5564708E-04   1.2268331E-03   1.0106503E-03
   3.1884058E-01   5.2969583E+06   2.6448799E+06   7.9415971E+06   7.4144076E-04   9.4728391E-04   8.0749551E-04
   3.3333333E-01   4.6568190E+06   2.3178177E+06   6.9745049E+06   9.1560566E-04   1.2274238E-03   1.0109419E-03
   3.4782609E-01   3.9845899E+06   1.9837231E+06   5.9681236E+06   5.9093945E-04   1.1299413E-03   7.6276358E-04
   3.6231884E-01   3.3451347E+06   1.6612619E+06   5.0063663E+06   1.2970170E-03   9.0108832E-04   1.1294913E-03
   3.7681159E-01   2.6505338E+06   1.3180538E+06   3.9685002E+06   1.5193511E-03   1.6338907E-03   1.5541455E-03
   3.9130435E-01   1.8978498E+06   9.3442965E+05   2.8322513E+06   1.9842432E-03   1.8732098E-03   1.9444741E-03
   4.0579710E-01   1.1489724E+06   5.6478445E+05   1.7137298E+06   2.5053642E-03   2.3404627E-03   2.4228110E-03
   4.2028986E-01   4.4758722E+05   2.2415941E+05   6.7174663E+05   7.0448865E-03   3.8009369E-03   5.8474342E-03
   4.3478261E-01   7.6329342E+04   3.8391992E+04   1.1472133E+05   3.9425770E-02   3.2715110E-02   3.7142901E-02
   4.4927536E-01   2.7816269E+04   1.2074901E+04   3.9891170E+04   9.8915620E-02   8.4074897E-02   9.4376491E-02
   4.6376812E-01   2.7325879E+04   1.1318692E+04   3.8644571E+04   1.1611054E-01   9.5150624E-02   1.0997153E-01
   4.7826087E-01   2.9000649E+04   1.2399328E+04   4.1399977E+04   1.1659868E-01   1.1556732E-01   1.1627247E-01
   4.9275362E-01   3.1156350E+04   1.3238106E+04   4.4394455E+04   1.3156056E-01   1.0601519E-01   1.2394154E-01
   5.0724638E-01   3.1608445E+04   1.3725859E+04   4.5334303E+04   1.4812893E-01   1.1460647E-01   1.3797872E-01
   5.2173913E-01   3.1088252E+04   1.1934353E+04   4.3022605E+04   1.4880913E-01   1.2949169E-01   1.4343178E-01
   5.3623188E-01   2.8118175E+04   1.1447968E+04   3.9566143E+04   1.5424154E-01   1.3664867E-01   1.4913598E-01
   5.5072464E-01   2.5763047E+04   1.1106825E+04   3.6869872E+04   1.7151156E-01   1.4168140E-01   1.6252279E-01
   5.6521739E-01   2.3062396E+04   9.0734111E+03   3.2135807E+04   1.6516635E-01   1.3406344E-01   1.5635590E-01
   5.7971014E-01   1.9435946E+04   9.2443875E+03   2.8680333E+04   1.7158688E-01   1.5953706E-01   1.6762344E-01
   5.9420290E-01   1.8333531E+04   7.7991434E+03   2.6132675E+04   1.7069195E-01   1.4712158E-01   1.6365348E-01
   6.0869565E-01   1.7012993E+04   6.3505551E+03   2.3363548E+04   1.7583731E-01   1.4833350E-01   1.6835130E-01
   6.2318841E-01   1.4502728E+04   6.3614638E+03   2.0864191E+04   1.7948652E-01   1.6265385E-01   1.7435423E-01
   6.3768116E-01   1.3398162E+04   5.4591484E+03   1.8857311E+04   1.8318467E-01   1.4572718E-01   1.7224794E-01
   6.5217391E-01   1.0911408E+04   4.6474517E+03   1.5558860E+04   1.7794211E-01   1.5595826E-01   1.7133949E-01
   6.6666667E-01   1.0740094E+04   4.5134750E+03   1.5253569E+04   1.9736188E-01   1.6116942E-01   1.8656306E-01
   6.8115942E-01   9.1250843E+03   4.0305143E+03   1.3155599E+04   1.8896596E-01   1.7715265E-01   1.8534337E-01
   6.9565217E-01   8.6350410E+03   2.9362297E+03   1.1571271E+04   2.0783375E-01   1.4923553E-01   1.9291555E-01
   7.1014493E-01   7.8093271E+03   2.9381627E+03   1.0747490E+04   1.9793246E-01   1.7479611E-01   1.9159357E-01
   7.2463768E-01   7.2136532E+03   2.9703278E+03   1.0183981E+04   1.8789497E-01   1.4703978E-01   1.7594696E-01
   7.3913043E-01   6.0767511E+03   2.6149344E+03   8.6916855E+03   2.0448237E-01   1.6735817E-01   1.9317216E-01
   7.5362319E-01   5.5810221E+03   2.5209317E+03   8.1019538E+03   2.0631437E-01   1.8513083E-01   1.9968986E-01
   7.6811594E-01   5.0754061E+03   1.9729748E+03   7.0483809E+03   2.1014878E-01   1.8080711E-01   2.0193403E-01
   7.8260870E-01   5.2199638E+03   2.0346633E+03   7.2546271E+03   1.8616839E-01   1.6051930E-01   1.7897460E-01
   7.9710145E-01   4.1882173E+03   1.7910140E+03   5.9792313E+03   2.1485122E-01   1.8896784E-01   2.0709813E-01
   8.1159420E-01   4.0728347E+03   1.5695974E+03   5.6424321E+03   2.1452698E-01   1.9102238E-01   2.0790144E-01
   8.2608696E-01   3.4563428E+03   1.6882905E+03   5.1446333E+03   2.1850619E-01   1.7142434E-01   2.0299952E-01
   8.4057971E-01   3.2269131E+03   1.3587003E+03   4.5856134E+03   2.1409900E-01   1.8179576E-01   2.0445122E-01
   8.5507246E-01   3.0181037E+03   1.1301835E+03   4.1482873E+03   2.3858391E-01   1.8498909E-01   2.2390927E-01
   8.6956522E-01   2.6520784E+03   9.9768663E+02   3.6497650E+03   2.2196624E-01   2.0225182E-01   2.1651833E-01
   8.8405797E-01   2.2359443E+03   8.8195581E+02   3.1179001E+03   2.0440251E-01   1.9812166E-01   2.0253867E-01
   8.9855072E-01   1.8210124E+03   8.7995228E+02   2.7009646E+03   2.2261953E-01   1.2120028E-01   1.8957769E-01
   9.1304348E-01   1.8522452E+03   6.0137832E+02   2.4536235E+03   2.2051985E-01   2.2175598E-01   2.2081847E-01
   9.2753623E-01   1.2786807E+03   5.8014215E+02   1.8588228E+03   2.4788352E-01   2.6079663E-01   2.5173323E-01
   9.4202899E-01   1.2939811E+03   5.1292945E+02   1.8069106E+03   2.4371732E-01   1.9159952E-01   2.2888527E-01
   9.5652174E-01   1.0447582E+03   4.4775350E+02   1.4925117E+03   2.1777493E-01   1.6200782E-01   2.0101571E-01
   9.7101449E-01   9.0476022E+02   3.5059459E+02   1.2553548E+03   2.0425742E-01   2.0568857E-01   2.0434179E-01
   9.8550725E-01   6.0173207E+02   2.2286373E+02   8.2459580E+02   2.6906399E-01   2.4704486E-01   2.6264024E-01
   1.0000000E+00   2.6260910E+02   1.7507274E+02   4.3768184E+02   3.5600847E-01   1.9829679E-01   2.8749900E-01
