   0.0000000E+00   2.4744649E+07   1.2578429E+07   3.7323078E+07   1.4968355E-03   1.5091872E-03   7.8790962E-04
   1.4492754E-02   2.5029558E+07   1.2544331E+07   3.7573889E+07   6.5191613E-04   4.6459510E-04   2.7923379E-04
   2.8985507E-02   2.5103816E+07   1.2624272E+07   3.7727331E+07   2.7729970E-04   3.5377681E-04   7.7762107E-05
   4.3478261E-02   2.5715562E+07   1.3032818E+07   3.8748633E+07   1.1067345E-04   3.5555733E-04   1.4337136E-04
   5.7971014E-02   2.6606029E+07   1.3324800E+07   3.9931208E+07   1.3542488E-04   2.4058140E-04   1.5054951E-04
   7.2463768E-02   2.7444162E+07   1.3821572E+07   4.1265582E+07   3.4655402E-04   8.9029540E-05   2.4427949E-04
   8.6956522E-02   2.8187299E+07   1.4240651E+07   4.2428329E+07   1.1611166E-04   8.3834115E-05   8.4307986E-05
   1.0144928E-01   2.9225687E+07   1.4717195E+07   4.3943207E+07   2.9209404E-04   1.4835712E-04   1.4826902E-04
   1.1594203E-01   3.0372549E+07   1.5265553E+07   4.5638765E+07   1.0316440E-04   1.7098540E-04   2.7281792E-05
   1.3043478E-01   3.1593999E+07   1.5914070E+07   4.7508743E+07   2.8599270E-04   5.4802388E-05   1.7251564E-04
   1.4492754E-01   3.2937980E+07   1.6522297E+07   4.9460201E+07   1.2356609E-04   4.2460537E-05   7.0139827E-05
   1.5942029E-01   3.4255898E+07   1.7239130E+07   5.1495027E+07   1.2912558E-04   7.6752561E-05   1.0744449E-04
   1.7391304E-01   3.5481778E+07   1.7874124E+07   5.3355650E+07   3.3500904E-04   1.3275822E-04   2.6527215E-04
   1.8840580E-01   3.4067258E+07   1.7138721E+07   5.1205106E+07   1.8614888E-04   1.9132093E-04   1.4583164E-04
   2.0289855E-01   2.6871833E+07   1.3547791E+07   4.0418757E+07   2.2147322E-04   1.1961821E-04   1.8641613E-04
   2.1739130E-01   1.8458314E+07   9.3167767E+06   2.7775040E+07   1.1495701E-03   5.4678148E-04   9.4507121E-04
   2.3188406E-01   1.3486908E+07   6.7758235E+06   2.0262873E+07   1.8315023E-03   9.0356544E-04   1.5191831E-03
   2.4637681E-01   1.0716492E+07   5.3735120E+06   1.6090004E+07   2.4307664E-03   1.0154464E-03   1.9441848E-03
   2.6086957E-01   8.9454604E+06   4.4482511E+06   1.3393712E+07   2.8641144E-03   1.8617315E-03   2.5221467E-03
   2.7536232E-01   7.6718048E+06   3.8122131E+06   1.1483938E+07   3.1069717E-03   1.6489414E-03   2.6058084E-03
   2.8985507E-01   6.6865716E+06   3.3291540E+06   1.0015650E+07   2.9104328E-03   1.5240012E-03   2.4478742E-03
   3.0434783E-01   5.8836810E+06   2.9171780E+06   8.8010394E+06   3.6771150E-03   1.5995647E-03   2.9883768E-03
   3.1884058E-01   5.1705196E+06   2.5702084E+06   7.7406935E+06   3.3137609E-03   1.7793344E-03   2.8011214E-03
   3.3333333E-01   4.4858012E+06   2.2461621E+06   6.7317656E+06   3.2595004E-03   1.9797524E-03   2.8312101E-03
   3.4782609E-01   3.8398306E+06   1.9088334E+06   5.7487272E+06   3.5358247E-03   1.5363829E-03   2.8667800E-03
   3.6231884E-01   3.1833427E+06   1.5740313E+06   4.7574043E+06   3.4373677E-03   1.3559842E-03   2.7490191E-03
   3.7681159E-01   2.4791687E+06   1.2279997E+06   3.7071976E+06   3.6135445E-03   2.1891550E-03   3.1394941E-03
   3.9130435E-01   1.7710551E+06   8.7425975E+05   2.6453430E+06   4.4318299E-03   1.9929733E-03   3.6254804E-03
   4.0579710E-01   1.0336611E+06   5.1076865E+05   1.5444027E+06   6.7662002E-03   2.4968226E-03   5.3330367E-03
   4.2028986E-01   3.8626281E+05   1.9539155E+05   5.8165436E+05   1.1998245E-02   4.9157048E-03   9.6185368E-03
   4.3478261E-01   5.9684393E+04   2.6217689E+04   8.5902082E+04   3.0942016E-02   1.1198177E-02   2.4837681E-02
   4.4927536E-01   1.0706086E+04   4.3019889E+03   1.5008075E+04   8.2395085E-02   3.5900727E-02   6.8791022E-02
   4.6376812E-01   1.0655672E+04   4.2622688E+03   1.4917941E+04   8.3655076E-02   4.5123545E-02   7.2618333E-02
   4.7826087E-01   1.1021624E+04   3.9953389E+03   1.5016963E+04   8.4921877E-02   4.2944887E-02   7.3528984E-02
   4.9275362E-01   1.1366050E+04   3.6995379E+03   1.5065588E+04   9.0139757E-02   5.2056190E-02   8.0675171E-02
   5.0724638E-01   1.1149554E+04   3.8536323E+03   1.5003186E+04   1.0259945E-01   3.6325298E-02   8.5561706E-02
   5.2173913E-01   9.8084804E+03   4.1044070E+03   1.3912887E+04   1.1448402E-01   6.1893521E-02   9.8763009E-02
   5.3623188E-01   1.1304612E+04   3.8910803E+03   1.5195692E+04   1.1504482E-01   6.2398566E-02   1.0108414E-01
   5.5072464E-01   1.0468731E+04   4.2074326E+03   1.4676163E+04   1.2662725E-01   5.9378946E-02   1.0708549E-01
   5.6521739E-01   1.1579771E+04   3.7109668E+03   1.5290738E+04   1.4038275E-01   6.4711533E-02   1.2194693E-01
   5.7971014E-01   1.1763862E+04   3.7507966E+03   1.5514659E+04   1.3314053E-01   8.6651924E-02   1.2188665E-01
   5.9420290E-01   1.0756165E+04   4.3616063E+03   1.5117771E+04   1.5393884E-01   7.3495313E-02   1.3072354E-01
   6.0869565E-01   1.1185637E+04   4.0232210E+03   1.5208858E+04   1.6525383E-01   7.1770394E-02   1.4051769E-01
   6.2318841E-01   1.0555448E+04   3.7534399E+03   1.4308888E+04   1.6106716E-01   6.9096794E-02   1.3693913E-01
   6.3768116E-01   1.1297165E+04   3.7714621E+03   1.5068627E+04   1.7635341E-01   8.6823870E-02   1.5360403E-01
   6.5217391E-01   1.0928247E+04   3.6371361E+03   1.4565383E+04   1.7917814E-01   1.0861227E-01   1.6153347E-01
   6.6666667E-01   1.0805984E+04   3.3274524E+03   1.4133436E+04   1.8500952E-01   1.2609512E-01   1.7109824E-01
   6.8115942E-01   9.9473092E+03   3.4339982E+03   1.3381307E+04   1.9054375E-01   1.0451920E-01   1.6846342E-01
   6.9565217E-01   1.0355735E+04   3.7728972E+03   1.4128632E+04   2.0252538E-01   1.0117728E-01   1.7542352E-01
   7.1014493E-01   9.5103686E+03   3.4948672E+03   1.3005236E+04   2.0740571E-01   9.2339438E-02   1.7633930E-01
   7.2463768E-01   9.8505769E+03   3.2734225E+03   1.3123999E+04   2.0131343E-01   9.1205945E-02   1.7384681E-01
   7.3913043E-01   8.4242490E+03   2.8080830E+03   1.1232332E+04   2.1741098E-01   7.2710557E-02   1.8119271E-01
   7.5362319E-01   8.0873819E+03   2.5500754E+03   1.0637457E+04   2.3490944E-01   1.1024969E-01   2.0498664E-01
   7.6811594E-01   7.1341624E+03   2.6735238E+03   9.8076861E+03   2.3571413E-01   1.2199912E-01   2.0465455E-01
   7.8260870E-01   7.5773668E+03   2.3714352E+03   9.9488020E+03   2.3555719E-01   1.1820237E-01   2.0758281E-01
   7.9710145E-01   6.4476503E+03   2.0527776E+03   8.5004279E+03   2.4185610E-01   1.0118875E-01   2.0788364E-01
   8.1159420E-01   6.0618935E+03   2.1108379E+03   8.1727314E+03   2.3702404E-01   1.1617636E-01   2.0581100E-01
   8.2608696E-01   5.4769739E+03   2.1269802E+03   7.6039541E+03   2.4790647E-01   1.2819194E-01   2.1441862E-01
   8.4057971E-01   5.4478655E+03   1.7375686E+03   7.1854341E+03   2.5820807E-01   1.3203871E-01   2.2769782E-01
   8.5507246E-01   4.7390650E+03   1.6053743E+03   6.3444394E+03   2.4660740E-01   1.6087223E-01   2.2490112E-01
   8.6956522E-01   4.0412623E+03   1.3260392E+03   5.3673015E+03   2.4654055E-01   1.4686743E-01   2.2183166E-01
   8.8405797E-01   3.5154013E+03   1.4533638E+03   4.9687651E+03   2.5490984E-01   1.5341334E-01   2.2520994E-01
   8.9855072E-01   3.2142701E+03   1.0999403E+03   4.3142105E+03   2.5905010E-01   1.4110444E-01   2.2873558E-01
   9.1304348E-01   3.3436635E+03   8.6598478E+02   4.2096482E+03   2.7221643E-01   1.3003382E-01   2.4291547E-01
   9.2753623E-01   2.7586351E+03   6.6301960E+02   3.4216547E+03   2.6229580E-01   1.3413102E-01   2.3714857E-01
   9.4202899E-01   2.4247574E+03   9.5591397E+02   3.3806714E+03   2.9147457E-01   1.2321630E-01   2.4386201E-01
   9.5652174E-01   1.8369374E+03   5.2811951E+02   2.3650569E+03   2.8150984E-01   1.5175971E-01   2.5241779E-01
   9.7101449E-01   1.2553548E+03   4.1845160E+02   1.6738064E+03   3.1843572E-01   1.3462681E-01   2.7244574E-01
   9.8550725E-01   1.0251732E+03   3.1200922E+02   1.3371824E+03   3.0070983E-01   1.0679828E-01   2.5546368E-01
   1.0000000E+00   5.2521821E+02   8.7536368E+01   6.1275457E+02   3.0931514E-01   1.0713401E-01   2.7923273E-01
