   0.0000000E+00   2.2586615E+07   1.2305644E+07   3.4892259E+07   2.7602323E-03   1.5325915E-03   2.3069444E-03
   1.4492754E-02   2.2974576E+07   1.2438248E+07   3.5412824E+07   1.0296586E-04   6.1596323E-04   2.0345341E-04
   2.8985507E-02   2.3145825E+07   1.2465526E+07   3.5610972E+07   5.5816057E-04   2.0617465E-04   3.4292040E-04
   4.3478261E-02   2.3560559E+07   1.2786049E+07   3.6346608E+07   1.0201227E-03   4.3576017E-04   5.2316069E-04
   5.7971014E-02   2.4072158E+07   1.2976051E+07   3.7047262E+07   1.1565033E-03   2.8447744E-04   6.5144315E-04
   7.2463768E-02   2.4362144E+07   1.3286761E+07   3.7647693E+07   6.3716497E-04   1.0264851E-04   3.7767243E-04
   8.6956522E-02   2.5198533E+07   1.3715665E+07   3.8913062E+07   4.6198349E-04   1.4009628E-04   2.5744352E-04
   1.0144928E-01   2.5695825E+07   1.4100614E+07   3.9794923E+07   1.1415061E-04   2.4470509E-04   1.0260255E-04
   1.1594203E-01   2.6542664E+07   1.4464057E+07   4.1005015E+07   1.2264095E-04   2.5290754E-04   1.3173363E-04
   1.3043478E-01   2.7294770E+07   1.4878581E+07   4.2171498E+07   2.5375307E-04   2.3384827E-04   1.9194907E-04
   1.4492754E-01   2.7996021E+07   1.5391451E+07   4.3385350E+07   2.3134559E-04   1.7661480E-04   1.9057498E-04
   1.5942029E-01   2.8999892E+07   1.5886776E+07   4.4884257E+07   3.5995844E-04   4.9440631E-05   2.4733737E-04
   1.7391304E-01   2.9744575E+07   1.6282435E+07   4.6024168E+07   1.7354088E-04   7.0645119E-05   1.2980135E-04
   1.8840580E-01   2.8786591E+07   1.5717674E+07   4.4500768E+07   2.4501990E-04   1.8912457E-04   2.1337222E-04
   2.0289855E-01   2.3873739E+07   1.2725267E+07   3.6596409E+07   3.5833251E-04   1.7390263E-04   2.7260920E-04
   2.1739130E-01   1.7953257E+07   9.1291611E+06   2.7080802E+07   3.4557680E-04   2.9831062E-04   3.1440853E-04
   2.3188406E-01   1.4257242E+07   7.0042811E+06   2.1260576E+07   7.6793252E-04   1.3369943E-04   5.4252401E-04
   2.4637681E-01   1.2031076E+07   5.7242549E+06   1.7754751E+07   7.7510797E-04   4.0201404E-04   6.4512895E-04
   2.6086957E-01   1.0513260E+07   4.8592812E+06   1.5371783E+07   5.4041992E-04   3.5795717E-04   4.6261574E-04
   2.7536232E-01   9.3482772E+06   4.2643427E+06   1.3612141E+07   6.8907567E-04   3.7552948E-04   5.5999026E-04
   2.8985507E-01   8.3954573E+06   3.7632992E+06   1.2158264E+07   5.8382250E-04   5.5578350E-04   5.1049683E-04
   3.0434783E-01   7.5538770E+06   3.3400672E+06   1.0893583E+07   9.0570879E-04   6.3602861E-04   8.0932121E-04
   3.1884058E-01   6.7587701E+06   2.9522110E+06   9.7107056E+06   8.3687052E-04   2.0420982E-04   6.4140147E-04
   3.3333333E-01   6.0294096E+06   2.5718571E+06   8.6009703E+06   7.3434866E-04   5.9448899E-04   6.8502551E-04
   3.4782609E-01   5.3310249E+06   2.2559084E+06   7.5867438E+06   1.1713096E-03   5.7736924E-04   9.3919317E-04
   3.6231884E-01   4.5846100E+06   1.9119515E+06   6.4964403E+06   7.6873814E-04   6.5943871E-04   6.5122816E-04
   3.7681159E-01   3.7682537E+06   1.5311818E+06   5.2992024E+06   1.5536688E-03   5.6229729E-04   1.2642894E-03
   3.9130435E-01   2.9204856E+06   1.1376153E+06   4.0580448E+06   2.5154057E-03   7.4566088E-04   1.8255243E-03
   4.0579710E-01   1.9548253E+06   7.2282667E+05   2.6776520E+06   2.6141624E-03   6.8325373E-04   2.0902764E-03
   4.2028986E-01   9.7235907E+05   3.3147061E+05   1.3038035E+06   7.1467998E-03   1.0118322E-03   5.5726200E-03
   4.3478261E-01   2.5432169E+05   6.7842691E+04   3.2216438E+05   3.3952135E-02   4.7925660E-03   2.7769618E-02
   4.4927536E-01   1.0002124E+05   1.8821202E+04   1.1884244E+05   9.8060097E-02   1.5873633E-02   8.4910150E-02
   4.6376812E-01   1.0627257E+05   1.8896059E+04   1.2516863E+05   1.1112198E-01   2.4218581E-02   9.7999180E-02
   4.7826087E-01   1.0289146E+05   1.7221288E+04   1.2011275E+05   1.2236532E-01   1.9837278E-02   1.0763792E-01
   4.9275362E-01   9.4271358E+04   1.6068475E+04   1.1033983E+05   1.2580677E-01   2.5874811E-02   1.1124624E-01
   5.0724638E-01   8.1251022E+04   1.3639260E+04   9.4890282E+04   1.2347504E-01   2.2098055E-02   1.0889636E-01
   5.2173913E-01   7.0953621E+04   1.1387099E+04   8.2340720E+04   1.2799221E-01   2.5140003E-02   1.1376049E-01
   5.3623188E-01   6.4059469E+04   9.3181133E+03   7.3377582E+04   1.2013830E-01   2.2453819E-02   1.0773338E-01
   5.5072464E-01   5.6451383E+04   7.4976051E+03   6.3948988E+04   1.2368224E-01   2.5995374E-02   1.1222838E-01
   5.6521739E-01   4.9311172E+04   6.8196302E+03   5.6130802E+04   1.2256951E-01   2.6809464E-02   1.1093174E-01
   5.7971014E-01   4.2887896E+04   5.9482330E+03   4.8836129E+04   1.1398279E-01   2.3086783E-02   1.0290682E-01
   5.9420290E-01   4.0178526E+04   4.9160478E+03   4.5094573E+04   1.2265874E-01   1.6080341E-02   1.1103745E-01
   6.0869565E-01   3.5541459E+04   4.7629163E+03   4.0304375E+04   1.1338723E-01   1.6404033E-02   1.0192325E-01
   6.2318841E-01   3.0855743E+04   3.7886834E+03   3.4644426E+04   1.0840785E-01   2.2144724E-02   9.8973711E-02
   6.3768116E-01   2.6779103E+04   3.5131428E+03   3.0292246E+04   1.0936227E-01   1.7041335E-02   9.8652577E-02
   6.5217391E-01   2.4820086E+04   3.1151397E+03   2.7935226E+04   1.0844577E-01   2.3831444E-02   9.9001698E-02
   6.6666667E-01   2.1364880E+04   2.4214629E+03   2.3786343E+04   1.0778010E-01   1.4293285E-02   9.8205954E-02
   6.8115942E-01   1.9862374E+04   2.3376983E+03   2.2200073E+04   1.0782663E-01   2.2817976E-02   9.8856714E-02
   6.9565217E-01   1.6543918E+04   1.5944043E+03   1.8138322E+04   1.0705716E-01   2.8478933E-02   1.0005352E-01
   7.1014493E-01   1.5170198E+04   1.7165055E+03   1.6886703E+04   9.6531439E-02   2.2634462E-02   8.9018448E-02
   7.2463768E-01   1.3336166E+04   1.4396997E+03   1.4775865E+04   1.0293400E-01   1.3819888E-02   9.4245826E-02
   7.3913043E-01   1.2198075E+04   1.1440338E+03   1.3342109E+04   1.0063722E-01   8.3886765E-03   9.2723783E-02
   7.5362319E-01   1.0826891E+04   1.1366050E+03   1.1963496E+04   9.4506720E-02   1.9524008E-02   8.7379820E-02
   7.6811594E-01   9.2644032E+03   8.0062744E+02   1.0065031E+04   9.9535914E-02   2.7666088E-02   9.3787893E-02
   7.8260870E-01   8.7280040E+03   7.7176884E+02   9.4997729E+03   9.1598919E-02   2.0261428E-02   8.5800885E-02
   7.9710145E-01   8.1560021E+03   5.9241232E+02   8.7484144E+03   8.9360715E-02   9.4786303E-03   8.3940404E-02
   8.1159420E-01   6.4678238E+03   4.8711644E+02   6.9549403E+03   9.4803062E-02   1.0974991E-02   8.8931224E-02
   8.2608696E-01   5.8226082E+03   4.5198329E+02   6.2745915E+03   8.9288585E-02   2.2002997E-02   8.4383665E-02
   8.4057971E-01   5.3956078E+03   3.2661064E+02   5.7222184E+03   8.0170779E-02   1.0814084E-02   7.6165350E-02
   8.5507246E-01   4.7775940E+03   3.4676086E+02   5.1243549E+03   9.1925545E-02   1.3297674E-02   8.6519623E-02
   8.6956522E-01   3.9149729E+03   2.1469206E+02   4.1296649E+03   1.0710960E-01   2.4507869E-05   1.0154002E-01
   8.8405797E-01   3.5278233E+03   2.6086017E+02   3.7886834E+03   9.5756384E-02   3.6838298E-02   9.1698522E-02
   8.9855072E-01   2.7498509E+03   2.1998807E+02   2.9698389E+03   1.0991444E-01   1.7488943E-02   1.0273894E-01
   9.1304348E-01   2.5017338E+03   1.5635836E+02   2.6580922E+03   9.0576620E-02   3.0695686E-02   8.6610475E-02
   9.2753623E-01   2.0364173E+03   2.4863235E+02   2.2850497E+03   1.2616469E-01   3.1239462E-05   1.1244024E-01
   9.4202899E-01   1.6203908E+03   1.3988985E+02   1.7602806E+03   9.7233762E-02   3.2995505E-02   9.2010743E-02
   9.5652174E-01   1.1136433E+03   1.0332773E+02   1.2169710E+03   1.0818489E-01   1.0066975E-05   9.8999877E-02
   9.7101449E-01   1.1083313E+03   1.0178552E+02   1.2101168E+03   1.1746737E-01   7.1415814E-06   1.0758634E-01
   9.8550725E-01   5.3487295E+02   3.3429560E+01   5.6830251E+02   1.1677964E-01   2.6728202E-05   1.0990871E-01
   1.0000000E+00   2.6260910E+02   0.0000000E+00   2.6260910E+02   9.5797730E-02   0.0000000E+00   9.5797730E-02
