   0.0000000E+00   2.6836002E+07   1.3784746E+07   4.0620748E+07   1.0144047E-03   1.3662638E-03   7.5622983E-04
   1.4492754E-02   2.7180773E+07   1.3506656E+07   4.0687429E+07   2.3206131E-04   6.5902609E-04   2.1910821E-04
   2.8985507E-02   2.7027331E+07   1.3452857E+07   4.0479430E+07   7.3118379E-04   1.8431832E-04   4.4781067E-04
   4.3478261E-02   2.7027205E+07   1.3666539E+07   4.0693491E+07   3.3043122E-04   2.7723570E-04   3.0999554E-04
   5.7971014E-02   2.7059535E+07   1.3746291E+07   4.0804689E+07   2.0514998E-04   4.4650088E-05   1.3522454E-04
   7.2463768E-02   2.6708096E+07   1.4008127E+07   4.0715162E+07   1.7684541E-04   2.2506506E-04   5.4135336E-05
   8.6956522E-02   2.6684076E+07   1.4197333E+07   4.0880020E+07   2.5409918E-04   1.5633599E-04   1.6327899E-04
   1.0144928E-01   2.6411995E+07   1.4355105E+07   4.0765476E+07   4.6377175E-05   7.9379712E-05   2.7922416E-05
   1.1594203E-01   2.6165500E+07   1.4645913E+07   4.0809993E+07   2.7622104E-04   2.3280950E-04   1.3888907E-04
   1.3043478E-01   2.5934969E+07   1.4876897E+07   4.0809425E+07   1.9863837E-04   1.2720811E-04   1.0933012E-04
   1.4492754E-01   2.5669012E+07   1.5120408E+07   4.0786162E+07   2.1273243E-04   1.6491841E-04   1.9494634E-04
   1.5942029E-01   2.5422548E+07   1.5413742E+07   4.0833603E+07   1.1181960E-04   3.4434922E-05   6.2044672E-05
   1.7391304E-01   2.4926064E+07   1.5470647E+07   4.0393617E+07   1.2067131E-04   5.2537223E-05   7.0983196E-05
   1.8840580E-01   2.3665865E+07   1.4793643E+07   3.8455720E+07   1.9099937E-04   6.2373762E-05   1.0381085E-04
   2.0289855E-01   2.0673709E+07   1.2142027E+07   3.2812650E+07   1.8658310E-04   1.1151166E-04   1.3278439E-04
   2.1739130E-01   1.7314839E+07   9.1260291E+06   2.6439251E+07   2.1430694E-04   4.6550716E-05   1.4279517E-04
   2.3188406E-01   1.4899045E+07   7.1701781E+06   2.2067897E+07   2.2892660E-04   3.9841572E-05   1.6123557E-04
   2.4637681E-01   1.3157161E+07   5.9796568E+06   1.9135481E+07   1.7065051E-04   2.2814063E-04   1.7970133E-04
   2.6086957E-01   1.1747571E+07   5.1446953E+06   1.6891340E+07   1.2357958E-04   1.8156140E-04   1.4054948E-04
   2.7536232E-01   1.0551842E+07   4.4803375E+06   1.5031661E+07   3.1138365E-04   1.7642525E-04   2.6939262E-04
   2.8985507E-01   9.4804604E+06   3.9355328E+06   1.3415539E+07   4.4746741E-04   3.6112123E-04   3.7650598E-04
   3.0434783E-01   8.5265583E+06   3.4524648E+06   1.1978121E+07   5.5381974E-04   2.1757982E-04   4.5864303E-04
   3.1884058E-01   7.5903517E+06   3.0100056E+06   1.0599944E+07   2.8064697E-04   4.2383166E-04   2.9024884E-04
   3.3333333E-01   6.6840282E+06   2.6283909E+06   9.3120238E+06   8.0372880E-04   6.8389356E-04   7.6616951E-04
   3.4782609E-01   5.8637138E+06   2.2566346E+06   8.1201273E+06   1.8080072E-04   7.0285296E-04   3.0322478E-04
   3.6231884E-01   5.0033959E+06   1.8779443E+06   6.8811584E+06   5.0986984E-04   8.2915259E-04   5.0545890E-04
   3.7681159E-01   4.1634425E+06   1.5048359E+06   5.6681035E+06   4.6740117E-04   3.9920519E-04   4.4828557E-04
   3.9130435E-01   3.3247802E+06   1.1269790E+06   4.4516469E+06   7.1822896E-04   8.8123818E-04   7.5295615E-04
   4.0579710E-01   2.4355010E+06   7.4967220E+05   3.1852003E+06   1.7945034E-03   8.6790863E-04   1.5267580E-03
   4.2028986E-01   1.4902329E+06   3.8615829E+05   1.8763128E+06   1.9510675E-03   4.9577616E-04   1.6448417E-03
   4.3478261E-01   4.6567971E+05   1.0439086E+05   5.7007057E+05   1.0588137E-02   3.0637881E-03   9.2056403E-03
   4.4927536E-01   5.4263724E+04   8.1640017E+03   6.2427726E+04   9.7846533E-02   5.6950093E-02   9.2465187E-02
   4.6376812E-01   3.4926925E+04   5.4462324E+03   4.0373158E+04   1.1962015E-01   7.9118130E-02   1.1415116E-01
   4.7826087E-01   2.6980018E+04   3.5131428E+03   3.0493161E+04   1.2172906E-01   8.7091346E-02   1.1759895E-01
   4.9275362E-01   2.1105195E+04   2.7412239E+03   2.3846419E+04   1.3944411E-01   7.9234565E-02   1.3251156E-01
   5.0724638E-01   1.5392879E+04   1.9917650E+03   1.7384644E+04   1.4230121E-01   7.6144693E-02   1.3456109E-01
   5.2173913E-01   1.2439511E+04   1.4944251E+03   1.3933936E+04   1.4552511E-01   9.2982421E-02   1.3980642E-01
   5.3623188E-01   9.6867419E+03   7.5773668E+02   1.0444479E+04   1.5146320E-01   6.9403898E-02   1.4538245E-01
   5.5072464E-01   7.1984985E+03   7.3779625E+02   7.9362947E+03   1.5785120E-01   1.1953054E-01   1.5421802E-01
   5.6521739E-01   5.2070111E+03   6.2173266E+02   5.8287437E+03   1.5545460E-01   8.7253465E-02   1.4817781E-01
   5.7971014E-01   4.3759294E+03   4.3569859E+02   4.8116279E+03   1.4192455E-01   5.6457737E-02   1.3411011E-01
   5.9420290E-01   3.2157606E+03   1.8481383E+02   3.4005744E+03   1.5813596E-01   1.1443401E-01   1.5571095E-01
   6.0869565E-01   2.8505332E+03   3.2474429E+02   3.1752775E+03   1.4502113E-01   5.5488415E-02   1.3581050E-01
   6.2318841E-01   2.5199150E+03   2.8194853E+02   2.8018636E+03   1.2388254E-01   5.2169000E-02   1.1627194E-01
   6.3768116E-01   2.3765378E+03   1.2054902E+02   2.4970868E+03   1.4327607E-01   1.8936229E-01   1.4517339E-01
   6.5217391E-01   1.8859224E+03   2.0206312E+02   2.0879855E+03   1.1754534E-01   3.5704122E-02   1.0919288E-01
   6.6666667E-01   1.7955065E+03   6.5890146E+01   1.8613966E+03   1.0209977E-01   2.0743141E-06   9.8485575E-02
   6.8115942E-01   1.4832293E+03   8.0610286E+01   1.5638395E+03   8.3319759E-02   1.4746775E-05   7.9024339E-02
   6.9565217E-01   1.3260392E+03   1.4207563E+02   1.4681148E+03   7.7745458E-02   2.3220713E-06   7.0221920E-02
   7.1014493E-01   1.0670170E+03   3.0928028E+01   1.0979450E+03   6.2746283E-02   9.4300659E-06   6.0978549E-02
   7.2463768E-01   1.0608314E+03   4.5464201E+01   1.1062956E+03   6.1542669E-02   7.9968201E-06   5.9013597E-02
   7.3913043E-01   7.8745185E+02   4.4572746E+01   8.3202459E+02   1.1618114E-01   5.9718855E-06   1.0995747E-01
   7.5362319E-01   8.8888342E+02   7.2859297E+01   9.6174271E+02   8.0965224E-02   8.0354297E-02   8.0798352E-02
   7.6811594E-01   6.5765825E+02   2.8593837E+01   6.8625209E+02   5.5028027E-02   1.7905031E-01   5.7280053E-02
   7.8260870E-01   5.0515779E+02   4.2096482E+01   5.4725427E+02   8.7668851E-02   1.4125128E-01   9.0193901E-02
   7.9710145E-01   4.4086498E+02   2.7554061E+01   4.6841904E+02   5.9084782E-02   1.7243989E-01   6.5698318E-02
   8.1159420E-01   4.3299239E+02   2.7062024E+01   4.6005442E+02   8.4100559E-02   8.6084615E-06   7.9153912E-02
   8.2608696E-01   2.5257889E+02   0.0000000E+00   2.5257889E+02   5.9561187E-02   0.0000000E+00   5.9561187E-02
   8.4057971E-01   2.0903081E+02   0.0000000E+00   2.0903081E+02   2.5768644E-02   0.0000000E+00   2.5768644E-02
   8.5507246E-01   2.0548791E+02   2.5685989E+01   2.3117390E+02   5.1142355E-02   2.0487025E-01   6.8197403E-02
   8.6956522E-01   1.3891839E+02   1.2628945E+01   1.5154734E+02   5.8221552E-02   3.6818569E-05   5.3366757E-02
   8.8405797E-01   1.3664104E+02   1.2421913E+01   1.4906295E+02   1.5527368E-06   2.3946986E-05   5.7945003E-07
   8.9855072E-01   1.4665871E+02   0.0000000E+00   1.4665871E+02   3.3255348E-02   0.0000000E+00   3.3255348E-02
   9.1304348E-01   9.6220531E+01   0.0000000E+00   9.6220531E+01   3.8859137E-05   0.0000000E+00   3.8859137E-05
   9.2753623E-01   8.2877450E+01   0.0000000E+00   8.2877450E+01   4.0652235E-06   0.0000000E+00   4.0652235E-06
   9.4202899E-01   2.3314975E+01   0.0000000E+00   2.3314975E+01   2.0487464E-01   0.0000000E+00   2.0487464E-01
   9.5652174E-01   4.5923435E+01   0.0000000E+00   4.5923435E+01   1.5647413E-01   0.0000000E+00   1.5647413E-01
   9.7101449E-01   5.6547514E+01   0.0000000E+00   5.6547514E+01   3.2220119E-05   0.0000000E+00   3.2220119E-05
   9.8550725E-01   1.1143187E+01   0.0000000E+00   1.1143187E+01   4.2046043E-01   0.0000000E+00   4.2046043E-01
   1.0000000E+00   0.0000000E+00   0.0000000E+00   0.0000000E+00   0.0000000E+00   0.0000000E+00   0.0000000E+00
