   0.0000000E+00   2.3447404E+07   1.2032859E+07   3.5480262E+07   8.7417776E-04   1.8623949E-03   2.9056295E-04
   1.4492754E-02   2.3087479E+07   1.2029828E+07   3.5117307E+07   2.2099646E-04   7.8078722E-04   1.8818944E-04
   2.8985507E-02   2.3102634E+07   1.1932837E+07   3.5035471E+07   3.0439910E-04   4.8292395E-04   2.0586590E-04
   4.3478261E-02   2.3669673E+07   1.2297814E+07   3.5967487E+07   3.9546634E-04   7.5318751E-04   3.1799615E-04
   5.7971014E-02   2.4346269E+07   1.2587901E+07   3.6933791E+07   3.0251534E-04   2.8355387E-04   1.0645092E-04
   7.2463768E-02   2.4998339E+07   1.2963359E+07   3.7961850E+07   1.6024393E-04   3.1012351E-04   3.7204051E-05
   8.6956522E-02   2.5747135E+07   1.3344880E+07   3.9091888E+07   1.2666225E-04   1.6202520E-04   3.4646261E-05
   1.0144928E-01   2.6590496E+07   1.3680286E+07   4.0270349E+07   6.1546256E-05   1.4864377E-04   2.3937546E-05
   1.1594203E-01   2.7436414E+07   1.4222623E+07   4.1658753E+07   2.7822986E-04   2.1539259E-04   1.1200001E-04
   1.3043478E-01   2.8492162E+07   1.4766267E+07   4.3257503E+07   8.3843945E-05   3.0644404E-05   4.4988722E-05
   1.4492754E-01   2.9629853E+07   1.5257786E+07   4.4885290E+07   1.1418018E-04   4.3583791E-04   2.2424276E-04
   1.5942029E-01   3.0842776E+07   1.5906822E+07   4.6747118E+07   1.7129674E-04   1.5785281E-04   1.1386865E-04
   1.7391304E-01   3.1795452E+07   1.6416492E+07   4.8210491E+07   3.4017102E-05   2.3300673E-04   7.9457141E-05
   1.8840580E-01   3.0894324E+07   1.5864791E+07   4.6755268E+07   7.2388288E-05   8.9820282E-06   4.9749078E-05
   2.0289855E-01   2.4973648E+07   1.2765915E+07   3.7737614E+07   5.9969434E-05   3.5987126E-05   2.7465412E-05
   2.1739130E-01   1.8007966E+07   9.0853134E+06   2.7092370E+07   4.2507436E-04   3.2831531E-05   2.9314465E-04
   2.3188406E-01   1.3800137E+07   6.8522602E+06   2.0651640E+07   2.5442330E-04   8.4338246E-05   1.5666117E-04
   2.4637681E-01   1.1446014E+07   5.6394776E+06   1.7084823E+07   4.9761193E-04   4.2548966E-04   4.0668185E-04
   2.6086957E-01   9.8612694E+06   4.8222784E+06   1.4683043E+07   6.0329907E-04   5.8572796E-04   4.8616151E-04
   2.7536232E-01   8.7522974E+06   4.2523385E+06   1.3004357E+07   7.9733576E-04   4.7284272E-04   5.8378418E-04
   2.8985507E-01   7.8211686E+06   3.8063766E+06   1.1627053E+07   3.5485168E-04   7.6125242E-05   2.4056306E-04
   3.0434783E-01   7.0668688E+06   3.3966449E+06   1.0463081E+07   6.0477634E-04   4.2422635E-04   5.3287548E-04
   3.1884058E-01   6.3688802E+06   3.0239205E+06   9.3926973E+06   4.5843301E-04   1.4945492E-04   3.0927607E-04
   3.3333333E-01   5.6739982E+06   2.6869013E+06   8.3609654E+06   2.7531132E-04   4.7672924E-04   3.1674571E-04
   3.4782609E-01   4.9744150E+06   2.3278934E+06   7.3022769E+06   8.5741710E-04   6.5770969E-04   7.8952197E-04
   3.6231884E-01   4.2712405E+06   1.9952116E+06   6.2665127E+06   1.0461411E-03   7.5107780E-04   9.2795212E-04
   3.7681159E-01   3.4893774E+06   1.6177678E+06   5.1070870E+06   1.3325644E-03   7.2351610E-04   1.1051255E-03
   3.9130435E-01   2.6519661E+06   1.2249796E+06   3.8768896E+06   1.2464227E-03   1.1419690E-03   1.1591637E-03
   4.0579710E-01   1.7724814E+06   7.8818146E+05   2.5606629E+06   1.8989144E-03   1.0796554E-03   1.6465346E-03
   4.2028986E-01   8.6031855E+05   3.7189194E+05   1.2322105E+06   5.9632558E-03   3.5372690E-03   5.2239759E-03
   4.3478261E-01   2.1067606E+05   8.1229373E+04   2.9190543E+05   2.8353184E-02   2.2366338E-02   2.6684895E-02
   4.4927536E-01   6.5140912E+04   2.3465394E+04   8.8606306E+04   1.0090079E-01   9.2112657E-02   9.8535300E-02
   4.6376812E-01   6.5189034E+04   2.4981631E+04   9.0170665E+04   1.1879419E-01   9.7149751E-02   1.1277494E-01
   4.7826087E-01   5.9241232E+04   2.2135096E+04   8.1376328E+04   1.2290187E-01   1.0618241E-01   1.1835196E-01
   4.9275362E-01   5.3643300E+04   1.7383371E+04   7.1026671E+04   1.2773226E-01   1.1554581E-01   1.2473451E-01
   5.0724638E-01   4.3948728E+04   1.5652675E+04   5.9601403E+04   1.3057061E-01   1.1487823E-01   1.2640854E-01
   5.2173913E-01   3.8960295E+04   1.3933936E+04   5.2894230E+04   1.3780179E-01   1.1339294E-01   1.3116019E-01
   5.3623188E-01   3.3340414E+04   1.1345571E+04   4.4685985E+04   1.3687722E-01   1.2877974E-01   1.3479181E-01
   5.5072464E-01   2.8833875E+04   1.0249386E+04   3.9083261E+04   1.3837373E-01   1.1896354E-01   1.3328290E-01
   5.6521739E-01   2.5393893E+04   8.7625447E+03   3.4156438E+04   1.3910160E-01   1.2203532E-01   1.3472330E-01
   5.7971014E-01   2.1955420E+04   6.9332907E+03   2.8888711E+04   1.4494614E-01   1.1600320E-01   1.3799735E-01
   5.9420290E-01   1.8629234E+04   6.6902605E+03   2.5319494E+04   1.5931541E-01   1.3908686E-01   1.5396941E-01
   6.0869565E-01   1.6904745E+04   5.4665289E+03   2.2371274E+04   1.5029470E-01   1.2956722E-01   1.4521978E-01
   6.2318841E-01   1.5049003E+04   4.8459904E+03   1.9894993E+04   1.5275883E-01   1.4796169E-01   1.5151557E-01
   6.3768116E-01   1.2468213E+04   4.0814453E+03   1.6549658E+04   1.5984812E-01   1.5054755E-01   1.5751475E-01
   6.5217391E-01   1.1315534E+04   3.5697817E+03   1.4885316E+04   1.5831845E-01   1.4070961E-01   1.5409492E-01
   6.6666667E-01   1.0064720E+04   3.3109799E+03   1.3375700E+04   1.6084189E-01   1.3707938E-01   1.5487220E-01
   6.8115942E-01   8.6575447E+03   2.8858482E+03   1.1543393E+04   1.7559883E-01   1.3474303E-01   1.6537929E-01
   6.9565217E-01   7.2616432E+03   2.6047199E+03   9.8663631E+03   1.7809376E-01   1.6143380E-01   1.7369524E-01
   7.1014493E-01   6.4021018E+03   2.1649620E+03   8.5670637E+03   1.9125215E-01   1.6215858E-01   1.8389842E-01
   7.2463768E-01   5.8497272E+03   1.6064018E+03   7.4561290E+03   1.9594923E-01   1.6157982E-01   1.8850214E-01
   7.3913043E-01   5.3041568E+03   1.6343340E+03   6.9384908E+03   2.1248246E-01   1.7136167E-01   2.0217095E-01
   7.5362319E-01   4.1821236E+03   1.4571859E+03   5.6393096E+03   2.1978904E-01   1.8953799E-01   2.1197209E-01
   7.6811594E-01   3.9173557E+03   1.3582073E+03   5.2755630E+03   2.1858952E-01   1.5998695E-01   2.0333405E-01
   7.8260870E-01   3.2975578E+03   9.1209045E+02   4.2096482E+03   2.0900428E-01   2.0060222E-01   2.0717326E-01
   7.9710145E-01   3.2651563E+03   8.2662184E+02   4.0917781E+03   2.1739286E-01   2.1444225E-01   2.1679662E-01
   8.1159420E-01   2.4897062E+03   7.4420567E+02   3.2339119E+03   2.5886090E-01   2.6148442E-01   2.5931894E-01
   8.2608696E-01   2.3928527E+03   6.5138768E+02   3.0442404E+03   2.4887096E-01   1.7868949E-01   2.3384070E-01
   8.4057971E-01   1.7114398E+03   5.3564145E+02   2.2470812E+03   2.3814716E-01   1.9984566E-01   2.2898772E-01
   8.5507246E-01   1.4897874E+03   4.3666182E+02   1.9264492E+03   2.3645465E-01   2.2272950E-01   2.3333249E-01
   8.6956522E-01   1.5154734E+03   3.9149729E+02   1.9069707E+03   2.5943176E-01   2.5582776E-01   2.5811827E-01
   8.8405797E-01   1.3167228E+03   2.9812591E+02   1.6148487E+03   2.6299759E-01   2.9874575E-01   2.6957576E-01
   8.9855072E-01   1.2099344E+03   3.2998210E+02   1.5399165E+03   2.9961649E-01   2.8261318E-01   2.9597234E-01
   9.1304348E-01   1.0343707E+03   2.6460646E+02   1.2989772E+03   2.9099474E-01   3.5619871E-01   3.0358122E-01
   9.2753623E-01   8.0509523E+02   1.4207563E+02   9.4717086E+02   3.0195190E-01   2.4537206E-01   2.9344240E-01
   9.4202899E-01   5.8287437E+02   1.7486231E+02   7.5773668E+02   2.9164262E-01   3.2279644E-01   2.9869544E-01
   9.5652174E-01   5.1663865E+02   1.8369374E+02   7.0033239E+02   3.3590148E-01   2.9976972E-01   3.2631093E-01
   9.7101449E-01   2.2619005E+02   5.6547514E+01   2.8273757E+02   2.9297736E-01   3.1894901E-01   2.9800823E-01
   9.8550725E-01   2.6743648E+02   1.1143187E+02   3.7886834E+02   3.0211588E-01   3.2369242E-01   3.0710934E-01
   1.0000000E+00   2.1884092E+01   2.1884092E+01   4.3768184E+01   4.0369859E-01   8.2340334E-05   2.0188723E-01
