   0.0000000E+00   2.5235663E+07   1.2875462E+07   3.8111124E+07   1.2029691E-03   7.3142837E-04   7.7337322E-04
   1.4492754E-02   2.5422823E+07   1.2843637E+07   3.8266460E+07   2.5132391E-04   3.8645500E-04   1.7478993E-04
   2.8985507E-02   2.5467909E+07   1.2887207E+07   3.8355115E+07   2.3647203E-04   8.1158849E-05   1.8043204E-04
   4.3478261E-02   2.6069173E+07   1.3112886E+07   3.9181806E+07   1.6838179E-04   6.1078296E-04   1.0369299E-04
   5.7971014E-02   2.6565112E+07   1.3377273E+07   3.9942195E+07   2.1122851E-04   1.6874661E-04   1.7880058E-04
   7.2463768E-02   2.7212446E+07   1.3563790E+07   4.0775781E+07   1.9124833E-04   2.4316337E-04   2.0137119E-04
   8.6956522E-02   2.7776859E+07   1.3965213E+07   4.1741567E+07   2.2188804E-04   2.2197737E-04   2.2188370E-04
   1.0144928E-01   2.8431471E+07   1.4274244E+07   4.2705282E+07   5.7535467E-04   4.7932301E-04   5.3492150E-04
   1.1594203E-01   2.8977745E+07   1.4597134E+07   4.3574122E+07   3.2206227E-04   3.1204319E-04   2.7511339E-04
   1.3043478E-01   2.9720622E+07   1.4953849E+07   4.4673882E+07   4.1464300E-04   4.6066812E-04   4.0579743E-04
   1.4492754E-01   3.0615138E+07   1.5449039E+07   4.6063571E+07   4.8127956E-04   6.3636373E-04   4.9392596E-04
   1.5942029E-01   3.1484786E+07   1.5881265E+07   4.7365776E+07   8.2683454E-04   5.4346150E-04   7.1745062E-04
   1.7391304E-01   3.2273016E+07   1.6207167E+07   4.8479362E+07   8.4526096E-04   6.1477487E-04   7.6477065E-04
   1.8840580E-01   3.1031241E+07   1.5599234E+07   4.6629483E+07   1.1582869E-03   9.1730752E-04   1.0736616E-03
   2.0289855E-01   2.5069881E+07   1.2631958E+07   3.7700864E+07   1.8481413E-03   1.1419489E-03   1.6055172E-03
   2.1739130E-01   1.8193510E+07   9.1639664E+06   2.7357224E+07   2.8772895E-03   1.9216517E-03   2.5555072E-03
   2.3188406E-01   1.4081826E+07   7.0479930E+06   2.1129393E+07   4.0122721E-03   2.9501352E-03   3.6563533E-03
   2.4637681E-01   1.1661969E+07   5.8159411E+06   1.7477642E+07   5.6334227E-03   4.3570445E-03   5.2064885E-03
   2.6086957E-01   1.0014795E+07   4.9690267E+06   1.4983317E+07   6.5546881E-03   5.3656870E-03   6.1581840E-03
   2.7536232E-01   8.6718178E+06   4.3663978E+06   1.3038056E+07   7.7260018E-03   6.0124105E-03   7.1506427E-03
   2.8985507E-01   7.6830711E+06   3.8174016E+06   1.1500473E+07   8.2732903E-03   6.7699104E-03   7.7742495E-03
   3.0434783E-01   6.7505679E+06   3.3820675E+06   1.0132383E+07   9.6979903E-03   7.6472138E-03   9.0070215E-03
   3.1884058E-01   5.9390024E+06   2.9494900E+06   8.8884235E+06   1.1115240E-02   8.6829033E-03   1.0306777E-02
   3.3333333E-01   5.1684231E+06   2.5870778E+06   7.7554350E+06   1.2289701E-02   9.2661155E-03   1.1279574E-02
   3.4782609E-01   4.4279290E+06   2.2234836E+06   6.6514126E+06   1.3294315E-02   1.0828680E-02   1.2468624E-02
   3.6231884E-01   3.6851463E+06   1.8486350E+06   5.5337510E+06   1.5106056E-02   1.1070791E-02   1.3757315E-02
   3.7681159E-01   2.9708815E+06   1.4715829E+06   4.4423770E+06   1.6029107E-02   1.2012313E-02   1.4695344E-02
   3.9130435E-01   2.2054067E+06   1.0890641E+06   3.2944707E+06   1.8531324E-02   1.3939454E-02   1.7009225E-02
   4.0579710E-01   1.4184019E+06   7.0239484E+05   2.1207967E+06   2.2293957E-02   1.7358717E-02   2.0659432E-02
   4.2028986E-01   6.8000335E+05   3.3293382E+05   1.0129372E+06   2.8774255E-02   2.1463586E-02   2.6370140E-02
   4.3478261E-01   1.5349219E+05   7.5874700E+04   2.2936689E+05   3.6223181E-02   2.9135749E-02   3.3877456E-02
   4.4927536E-01   4.0575577E+03   1.4910302E+03   5.5485880E+03   4.0269639E-02   5.2243271E-02   4.2676803E-02
   4.6376812E-01   2.1311344E+03   1.2076428E+03   3.3387773E+03   7.7470969E-02   4.1612767E-02   6.3329717E-02
   4.7826087E-01   1.6302820E+03   7.3477497E+02   2.3650569E+03   8.6309479E-02   5.2652044E-02   7.5658781E-02
   4.9275362E-01   1.4040415E+03   7.5773668E+02   2.1617782E+03   7.7904569E-02   9.5714132E-02   8.4122116E-02
   5.0724638E-01   1.3206268E+03   6.0618935E+02   1.9268161E+03   9.4108718E-02   7.4803170E-02   8.8033170E-02
   5.2173913E-01   1.1787015E+03   4.2096482E+02   1.5996663E+03   9.3327140E-02   8.1736967E-02   8.7103798E-02
   5.3623188E-01   1.0034891E+03   1.8431433E+02   1.1878035E+03   1.0253681E-01   1.0879680E-01   9.9564635E-02
   5.5072464E-01   6.5803449E+02   2.7916615E+02   9.3720064E+02   1.2852768E-01   8.8829300E-02   1.1234127E-01
   5.6521739E-01   7.7716583E+02   2.7200804E+02   1.0491739E+03   1.3374103E-01   6.7269092E-02   1.1638491E-01
   5.7971014E-01   6.6301960E+02   2.4626442E+02   9.0928402E+02   1.0250241E-01   1.3209551E-01   1.1014685E-01
   5.9420290E-01   5.1747871E+02   1.1088830E+02   6.2836701E+02   1.3998388E-01   1.3357342E-01   1.3504738E-01
   6.0869565E-01   4.1495104E+02   2.5257889E+02   6.6752994E+02   1.5501148E-01   1.6365959E-01   1.5628957E-01
   6.2318841E-01   3.7005745E+02   1.4097427E+02   5.1103172E+02   1.0177975E-01   1.3763614E-01   1.0187531E-01
   6.3768116E-01   3.4442577E+02   1.3777031E+02   4.8219607E+02   2.2427098E-01   9.1030578E-02   1.8415447E-01
   6.5217391E-01   4.0412623E+02   1.3470874E+02   5.3883498E+02   1.1987753E-01   7.5762909E-02   1.0603136E-01
   6.6666667E-01   3.4592327E+02   6.5890146E+01   4.1181342E+02   1.5664795E-01   8.0054785E-02   1.4392339E-01
   6.8115942E-01   2.7407497E+02   9.6732343E+01   3.7080731E+02   1.7503626E-01   8.8673566E-02   1.5239594E-01
   6.9565217E-01   1.8943417E+02   1.2628945E+02   3.1572362E+02   1.7811305E-01   1.0607159E-01   1.4929576E-01
   7.1014493E-01   2.9381627E+02   1.3917613E+02   4.3299239E+02   1.1150579E-01   3.3177090E-02   8.5504898E-02
   7.2463768E-01   1.6670207E+02   9.0928402E+01   2.5763047E+02   2.2445968E-01   1.1949296E-01   1.8612553E-01
   7.3913043E-01   1.4857582E+02   2.0800615E+02   3.5658197E+02   1.6549426E-01   9.9267899E-02   1.2370756E-01
   7.5362319E-01   1.6029045E+02   1.0200302E+02   2.6229347E+02   1.4593103E-01   2.2625194E-01   1.7714110E-01
   7.6811594E-01   1.7156302E+02   2.8593837E+01   2.0015686E+02   1.1242635E-01   1.3843708E-01   1.1525002E-01
   7.8260870E-01   1.4032161E+02   8.4192965E+01   2.2451457E+02   7.6304641E-02   1.5959587E-01   1.0573407E-01
   7.9710145E-01   1.1021624E+02   4.1331092E+01   1.5154734E+02   2.6724890E-01   1.3271166E-01   2.2810735E-01
   8.1159420E-01   1.0824810E+02   6.7655061E+01   1.7590316E+02   2.0019867E-01   7.4722512E-02   1.5086607E-01
   8.2608696E-01   1.1964263E+02   1.3293626E+01   1.3293626E+02   2.2406952E-01   4.2177854E-01   2.3525757E-01
   8.4057971E-01   9.1450979E+01   3.9193277E+01   1.3064426E+02   1.7956496E-01   9.4907038E-06   1.2569442E-01
   8.5507246E-01   7.7057968E+01   5.1371979E+01   1.2842995E+02   1.6836733E-01   2.5694981E-01   2.0027094E-01
   8.6956522E-01   1.2628945E+02   6.3144724E+01   1.8943417E+02   2.0799431E-01   1.4197419E-01   1.7523758E-01
   8.8405797E-01   8.6953390E+01   6.2109564E+01   1.4906295E+02   2.3239166E-01   4.8763696E-02   1.5230449E-01
   8.9855072E-01   7.3329357E+01   8.5550916E+01   1.5888027E+02   2.0872358E-01   1.8987051E-01   1.9630142E-01
   9.1304348E-01   7.2165398E+01   0.0000000E+00   7.2165398E+01   3.6289856E-01   0.0000000E+00   3.6289856E-01
   9.2753623E-01   5.9198178E+01   1.1839636E+01   7.1037814E+01   1.6864538E-01   3.4695865E-01   1.9214896E-01
   9.4202899E-01   5.8287437E+01   1.1657487E+01   6.9944925E+01   2.9800737E-01   3.9154300E-06   2.4833882E-01
   9.5652174E-01   3.4442577E+01   0.0000000E+00   3.4442577E+01   3.1351697E-01   0.0000000E+00   3.1351697E-01
   9.7101449E-01   4.5238011E+01   1.1309503E+01   5.6547514E+01   2.2616512E-01   3.7997989E-01   2.5658304E-01
   9.8550725E-01   2.2286373E+01   1.1143187E+01   3.3429560E+01   2.3254324E-01   1.2533587E-05   1.5503300E-01
   1.0000000E+00   0.0000000E+00   0.0000000E+00   0.0000000E+00   0.0000000E+00   0.0000000E+00   0.0000000E+00
