   0.0000000E+00   2.7096664E+06   1.6185256E+06   4.3281919E+06   5.0644803E-03   2.2726454E-03   2.4580599E-03
   1.4492754E-02   2.9915444E+06   1.5071383E+06   4.4986827E+06   2.1955455E-03   5.6804851E-04   1.3009556E-03
   2.8985507E-02   3.0256426E+06   1.5336590E+06   4.5593016E+06   2.1803935E-03   3.3992757E-04   1.4531011E-03
   4.3478261E-02   3.0003847E+06   1.5243136E+06   4.5244457E+06   1.4075635E-03   8.5072926E-04   7.2085820E-04
   5.7971014E-02   3.0053731E+06   1.5634002E+06   4.5687733E+06   4.6642809E-05   8.7834853E-04   3.0371926E-04
   7.2463768E-02   3.0301890E+06   1.5598767E+06   4.5900657E+06   1.2754926E-04   6.6910640E-04   1.8926292E-04
   8.6956522E-02   3.0577201E+06   1.5773552E+06   4.6350753E+06   1.9125980E-04   8.5102497E-04   2.9342484E-04
   1.0144928E-01   3.0826893E+06   1.5772830E+06   4.6598641E+06   3.1297484E-04   5.8922646E-04   4.0714025E-04
   1.1594203E-01   3.0932706E+06   1.6088644E+06   4.7021350E+06   4.0588684E-04   4.0018147E-04   3.2969085E-04
   1.3043478E-01   3.1601829E+06   1.6152420E+06   4.7754250E+06   1.5158692E-03   3.2111120E-04   1.1065567E-03
   1.4492754E-01   3.1443041E+06   1.6259514E+06   4.7701797E+06   5.6770176E-04   1.2520572E-04   3.3655462E-04
   1.5942029E-01   3.1820808E+06   1.6547591E+06   4.8367710E+06   1.8273626E-04   3.1411456E-04   6.2004366E-05
   1.7391304E-01   3.2479120E+06   1.6754821E+06   4.9233941E+06   1.3697464E-03   5.2705649E-05   8.9067873E-04
   1.8840580E-01   3.2806501E+06   1.6860807E+06   4.9666142E+06   6.5608644E-04   3.3822048E-04   3.1757286E-04
   2.0289855E-01   3.3148815E+06   1.6997658E+06   5.0145390E+06   8.1728891E-04   9.1101150E-05   5.1444390E-04
   2.1739130E-01   3.3408105E+06   1.7327417E+06   5.0734007E+06   7.0507717E-04   1.8017210E-04   4.2111688E-04
   2.3188406E-01   3.3836258E+06   1.7616431E+06   5.1451742E+06   4.1799941E-04   3.5275924E-04   3.8555974E-04
   2.4637681E-01   3.4319677E+06   1.7660613E+06   5.1979845E+06   1.2729713E-04   1.6500891E-04   1.1057084E-04
   2.6086957E-01   3.4393247E+06   1.7899424E+06   5.2292250E+06   6.4621180E-04   1.7704185E-04   3.6494081E-04
   2.7536232E-01   3.4489382E+06   1.7995050E+06   5.2482837E+06   3.3141509E-04   1.9820983E-04   1.5311530E-04
   2.8985507E-01   3.4972579E+06   1.8039058E+06   5.3011258E+06   3.6981612E-04   3.0455471E-04   2.8947206E-04
   3.0434783E-01   3.5116765E+06   1.8078515E+06   5.3193837E+06   7.2540360E-04   1.7765394E-04   5.0270566E-04
   3.1884058E-01   3.5357371E+06   1.8302096E+06   5.3656712E+06   1.7999269E-04   3.2955442E-04   1.8632112E-04
   3.3333333E-01   3.5498975E+06   1.8274632E+06   5.3769654E+06   7.1662307E-04   2.0738074E-04   4.6092113E-04
   3.4782609E-01   3.5135619E+06   1.8179366E+06   5.3313090E+06   3.0235881E-04   2.1764748E-04   2.0188947E-04
   3.6231884E-01   3.5462077E+06   1.8140822E+06   5.3601081E+06   3.1749293E-04   1.6650932E-04   2.4700800E-04
   3.7681159E-01   3.5112352E+06   1.8156537E+06   5.3266266E+06   4.2873759E-04   6.3169690E-05   2.6607326E-04
   3.9130435E-01   3.5142424E+06   1.8212622E+06   5.3352521E+06   3.6015384E-04   9.8433974E-05   2.5662636E-04
   4.0579710E-01   3.4946816E+06   1.7817366E+06   5.2762829E+06   3.2340388E-04   1.4671423E-04   1.6721231E-04
   4.2028986E-01   3.4435474E+06   1.7749067E+06   5.2180361E+06   6.3600652E-04   2.3594217E-04   4.6162722E-04
   4.3478261E-01   3.4137806E+06   1.7589089E+06   5.1725379E+06   2.4622323E-04   1.0664545E-04   1.8033837E-04
   4.4927536E-01   3.3783812E+06   1.7303773E+06   5.1083674E+06   8.7450309E-05   2.0734804E-04   9.2151651E-05
   4.6376812E-01   3.3295660E+06   1.7089804E+06   5.0382149E+06   1.1446121E-04   1.9761726E-04   2.0906734E-05
   4.7826087E-01   3.2829975E+06   1.6742536E+06   4.9571134E+06   2.1127897E-04   3.7849573E-04   1.8352945E-04
   4.9275362E-01   3.2224981E+06   1.6558998E+06   4.8780859E+06   2.5582030E-04   4.4194277E-04   2.2716328E-04
   5.0724638E-01   3.1812600E+06   1.6234184E+06   4.8043104E+06   3.3812645E-04   6.9844462E-05   2.1130400E-04
   5.2173913E-01   3.1173919E+06   1.5794811E+06   4.6965151E+06   1.2223217E-04   2.2691118E-04   9.0776893E-06
   5.3623188E-01   3.0491939E+06   1.5408268E+06   4.5895701E+06   3.0388997E-04   3.2732970E-04   2.8560956E-04
   5.5072464E-01   2.9749540E+06   1.5060216E+06   4.4806565E+06   2.0667331E-04   3.1609540E-04   1.4327988E-04
   5.6521739E-01   2.9130895E+06   1.4696206E+06   4.3824187E+06   4.6175107E-04   1.8003255E-04   2.8246488E-04
   5.7971014E-01   2.8398266E+06   1.4230484E+06   4.2625909E+06   2.8013839E-04   1.7815376E-04   2.1251865E-04
   5.9420290E-01   2.7663673E+06   1.4019053E+06   4.1680508E+06   3.7821815E-04   2.7874483E-04   3.3859886E-04
   6.0869565E-01   2.7004833E+06   1.3451450E+06   4.0453757E+06   2.5316791E-04   2.3461630E-04   9.4723804E-05
   6.2318841E-01   2.6104910E+06   1.3082941E+06   3.9185207E+06   3.5491121E-04   1.6727965E-04   2.0551793E-04
   6.3768116E-01   2.5246753E+06   1.2699667E+06   3.7944353E+06   3.3235730E-04   2.3769626E-04   1.4230427E-04
   6.5217391E-01   2.4554373E+06   1.2308001E+06   3.6857996E+06   3.3767900E-04   2.3202691E-04   2.4875821E-04
   6.6666667E-01   2.3716170E+06   1.1782311E+06   3.5496175E+06   7.0858253E-04   3.6846521E-04   3.5993202E-04
   6.8115942E-01   2.2913151E+06   1.1381850E+06   3.4293228E+06   1.4667782E-04   3.1746922E-04   5.4595518E-05
   6.9565217E-01   2.2005147E+06   1.0953873E+06   3.2956810E+06   4.2852143E-04   2.2252918E-04   3.6094799E-04
   7.1014493E-01   2.1248947E+06   1.0421044E+06   3.1667517E+06   3.3564871E-04   2.8013312E-04   1.3543901E-04
   7.2463768E-01   2.0341290E+06   1.0062743E+06   3.0403881E+06   2.3490368E-04   1.0897075E-04   1.9185473E-04
   7.3913043E-01   1.9744389E+06   9.6409364E+05   2.9383840E+06   3.8056942E-04   4.1623758E-04   3.7024339E-04
   7.5362319E-01   1.8794347E+06   9.1066835E+05   2.7899428E+06   3.9669322E-04   1.2835574E-04   2.3919666E-04
   7.6811594E-01   1.8039423E+06   8.7562907E+05   2.6794141E+06   3.1410266E-04   1.1982529E-04   1.7169113E-04
   7.8260870E-01   1.7100714E+06   8.3091440E+05   2.5409156E+06   7.3435511E-04   1.3189844E-04   5.1329366E-04
   7.9710145E-01   1.6291201E+06   7.8991983E+05   2.4188884E+06   2.3539132E-04   1.2176182E-04   1.3573009E-04
   8.1159420E-01   1.5470818E+06   7.4007871E+05   2.2870523E+06   2.4651344E-04   2.8335223E-04   1.7976233E-04
   8.2608696E-01   1.4626977E+06   7.0203639E+05   2.1645878E+06   1.7935445E-04   3.0165795E-04   1.1736015E-04
   8.4057971E-01   1.3857175E+06   6.6354218E+05   2.0491421E+06   1.8335613E-04   2.0270675E-04   6.8944848E-05
   8.5507246E-01   1.2895779E+06   6.1952038E+05   1.9090341E+06   4.9305221E-04   2.2943702E-04   2.6964276E-04
   8.6956522E-01   1.2067588E+06   5.7811520E+05   1.7847856E+06   1.1015025E-04   2.6890439E-04   7.1770137E-05
   8.8405797E-01   1.1237483E+06   5.3456460E+05   1.6582136E+06   4.9356833E-04   2.7265971E-04   2.6773919E-04
   8.9855072E-01   1.0355205E+06   4.8843462E+05   1.5239429E+06   8.2191046E-04   7.2171143E-05   5.3567803E-04
   9.1304348E-01   9.3519140E+05   4.4309555E+05   1.3782749E+06   6.3463670E-04   1.1456050E-04   3.9745560E-04
   9.2753623E-01   8.3420889E+05   3.9778808E+05   1.2319615E+06   6.6037638E-04   3.9640832E-04   4.4977536E-04
   9.4202899E-01   7.3059805E+05   3.3983907E+05   1.0703788E+06   7.7106916E-04   2.1105067E-04   5.4300169E-04
   9.5652174E-01   6.0897920E+05   2.8916839E+05   8.9809018E+05   2.8451769E-04   1.1981164E-04   1.8646018E-04
   9.7101449E-01   4.6933305E+05   2.2395077E+05   6.9329514E+05   4.9847997E-04   5.6872892E-04   3.5681124E-04
   9.8550725E-01   3.1348012E+05   1.5075617E+05   4.6423629E+05   6.9109831E-04   1.1734552E-04   4.4409483E-04
   1.0000000E+00   1.4730182E+05   7.0576197E+04   2.1787802E+05   2.3621571E-03   1.1238222E-03   1.9530391E-03
