   0.0000000E+00   4.2796968E+06   1.5397209E+06   5.8194177E+06   1.7433157E-03   4.5877512E-06   1.2832767E-03
   1.4492754E-02   4.1039019E+06   1.5435096E+06   5.6474115E+06   1.6422028E-03   1.2782270E-05   1.1956397E-03
   2.8985507E-02   3.9947878E+06   1.5260817E+06   5.5208695E+06   7.3326563E-04   1.2115369E-04   5.5736129E-04
   4.3478261E-02   4.0559119E+06   1.5733139E+06   5.6289732E+06   1.7938279E-03   6.5029149E-05   1.3063169E-03
   5.7971014E-02   4.0440407E+06   1.5283549E+06   5.5723956E+06   9.2004541E-04   3.9331853E-05   6.5691566E-04
   7.2463768E-02   4.0464654E+06   1.5541179E+06   5.6005834E+06   1.0183451E-03   9.9912638E-05   7.4018856E-04
   8.6956522E-02   4.0525021E+06   1.5710407E+06   5.6235428E+06   4.4718234E-04   3.9941008E-05   3.3227727E-04
   1.0144928E-01   4.0452314E+06   1.5955770E+06   5.6408084E+06   4.4648693E-04   6.0566619E-05   3.0950753E-04
   1.1594203E-01   4.0566381E+06   1.5811123E+06   5.6377504E+06   4.0145065E-04   2.3014187E-05   2.9365125E-04
   1.3043478E-01   4.0538913E+06   1.6146527E+06   5.6685439E+06   7.1454214E-04   2.2636461E-05   5.0925840E-04
   1.4492754E-01   3.9905445E+06   1.6523206E+06   5.6425620E+06   1.2396022E-03   3.8899423E-05   8.8214582E-04
   1.5942029E-01   3.9653738E+06   1.6585478E+06   5.6238528E+06   5.5015087E-04   1.1793989E-05   3.8517145E-04
   1.7391304E-01   3.9615105E+06   1.6767450E+06   5.6381924E+06   1.8750477E-04   2.0642061E-05   1.2872248E-04
   1.8840580E-01   3.9000707E+06   1.7233264E+06   5.6231639E+06   2.6481025E-04   2.9066071E-05   1.7901317E-04
   2.0289855E-01   3.8803154E+06   1.7329438E+06   5.6132051E+06   3.9840866E-04   6.2567915E-06   2.7722422E-04
   2.1739130E-01   3.8414219E+06   1.7760338E+06   5.6172031E+06   2.3622992E-04   1.4117053E-06   1.6109655E-04
   2.3188406E-01   3.8136887E+06   1.7907686E+06   5.6043152E+06   5.2440258E-04   2.5774446E-05   3.6046159E-04
   2.4637681E-01   3.8033479E+06   1.8242734E+06   5.6274429E+06   1.9659644E-04   1.5120342E-05   1.2830174E-04
   2.6086957E-01   3.7566480E+06   1.8394900E+06   5.5958433E+06   5.3105741E-04   2.0225158E-05   3.4995780E-04
   2.7536232E-01   3.7265889E+06   1.8587281E+06   5.5852372E+06   5.7853587E-04   1.4694842E-05   3.9089215E-04
   2.8985507E-01   3.6744925E+06   1.8789975E+06   5.5533764E+06   3.4277283E-04   2.6448277E-05   2.2598847E-04
   3.0434783E-01   3.6219813E+06   1.8883159E+06   5.5100086E+06   4.7834098E-04   8.8389249E-06   3.1562889E-04
   3.1884058E-01   3.5803403E+06   1.9019191E+06   5.4819494E+06   4.7850651E-04   1.6558016E-05   3.1461954E-04
   3.3333333E-01   3.5251228E+06   1.9143394E+06   5.4391328E+06   8.6870573E-04   2.0362038E-05   5.5493881E-04
   3.4782609E-01   3.4961023E+06   1.8924474E+06   5.3883918E+06   2.4942626E-04   1.9069293E-05   1.5730696E-04
   3.6231884E-01   3.4339717E+06   1.9042529E+06   5.3380731E+06   2.9682891E-04   9.5851318E-06   1.9275104E-04
   3.7681159E-01   3.3773490E+06   1.8928262E+06   5.2698838E+06   5.2878150E-04   1.0687451E-05   3.4011796E-04
   3.9130435E-01   3.3345466E+06   1.8741915E+06   5.2085136E+06   1.1620852E-03   1.4952971E-05   7.4067980E-04
   4.0579710E-01   3.2615152E+06   1.8684163E+06   5.1297150E+06   1.6104462E-04   1.8505845E-05   1.0188887E-04
   4.2028986E-01   3.1990075E+06   1.8512030E+06   5.0498708E+06   2.1267811E-04   2.6389822E-05   1.4375312E-04
   4.3478261E-01   3.1548367E+06   1.8373347E+06   4.9918430E+06   2.6459994E-04   1.4368543E-05   1.6377501E-04
   4.4927536E-01   3.0826439E+06   1.7917051E+06   4.8741290E+06   3.7002047E-04   1.0207290E-05   2.3126623E-04
   4.6376812E-01   3.0223275E+06   1.7765373E+06   4.7986754E+06   1.4732505E-04   9.9515957E-06   9.6593453E-05
   4.7826087E-01   2.9660569E+06   1.7462616E+06   4.7121807E+06   5.0588016E-04   1.0534105E-06   3.1863899E-04
   4.9275362E-01   2.9163948E+06   1.6978873E+06   4.6139924E+06   3.2106706E-04   1.1113401E-05   2.0449758E-04
   5.0724638E-01   2.8507786E+06   1.6701166E+06   4.5206571E+06   2.2021155E-04   1.0965705E-05   1.4062487E-04
   5.2173913E-01   2.7908915E+06   1.6321648E+06   4.4227827E+06   4.0407626E-04   1.7971043E-05   2.5216324E-04
   5.3623188E-01   2.7380303E+06   1.5784474E+06   4.3162934E+06   1.9461325E-04   1.6977603E-05   1.2536891E-04
   5.5072464E-01   2.6673727E+06   1.5496114E+06   4.2168246E+06   1.7980924E-04   1.2036099E-05   1.1565262E-04
   5.6521739E-01   2.6176305E+06   1.4942567E+06   4.1115958E+06   1.8993949E-04   2.2905286E-05   1.1704186E-04
   5.7971014E-01   2.5539704E+06   1.4561994E+06   4.0099615E+06   2.8740111E-04   2.4170712E-05   1.8930861E-04
   5.9420290E-01   2.4985535E+06   1.4137149E+06   3.9121206E+06   5.1522877E-04   1.6512782E-05   3.2882838E-04
   6.0869565E-01   2.4333270E+06   1.3616709E+06   3.7947994E+06   4.8690911E-04   5.8936231E-06   3.1235180E-04
   6.2318841E-01   2.3872759E+06   1.3148846E+06   3.7020195E+06   4.7825481E-04   1.3920797E-05   3.1030524E-04
   6.3768116E-01   2.3255972E+06   1.2645592E+06   3.5900186E+06   6.8893055E-04   1.8341655E-05   4.4428151E-04
   6.5217391E-01   2.2619282E+06   1.2174303E+06   3.4792069E+06   2.4424982E-04   2.2429445E-05   1.5081517E-04
   6.6666667E-01   2.2117181E+06   1.1777040E+06   3.3892738E+06   4.0043639E-05   9.5495439E-06   2.6851205E-05
   6.8115942E-01   2.1449913E+06   1.1328647E+06   3.2776465E+06   4.8308525E-04   1.3685153E-05   3.1873204E-04
   6.9565217E-01   2.0873278E+06   1.0754020E+06   3.1625246E+06   6.8181280E-05   1.9628457E-05   4.0205228E-05
   7.1014493E-01   2.0250281E+06   1.0297178E+06   3.0545912E+06   6.6062459E-04   4.5899680E-06   4.3695750E-04
   7.2463768E-01   1.9675391E+06   9.8126901E+05   2.9487172E+06   3.1443829E-04   2.3733076E-05   2.0256987E-04
   7.3913043E-01   1.9025877E+06   9.3522536E+05   2.8377387E+06   4.7519873E-04   2.6740756E-05   3.2383479E-04
   7.5362319E-01   1.8511653E+06   8.9071947E+05   2.7417536E+06   4.6014288E-04   1.5789571E-05   3.0766107E-04
   7.6811594E-01   1.7874722E+06   8.4822188E+05   2.6354082E+06   5.3900166E-04   2.2066467E-05   3.7009190E-04
   7.8260870E-01   1.7302216E+06   8.0593716E+05   2.5359903E+06   6.2262781E-04   2.7878312E-05   4.1866594E-04
   7.9710145E-01   1.6582723E+06   7.5345203E+05   2.4115865E+06   3.2742264E-04   2.3122851E-05   2.2174838E-04
   8.1159420E-01   1.5936014E+06   7.1334143E+05   2.3068617E+06   2.5195931E-04   5.7420193E-05   1.7390169E-04
   8.2608696E-01   1.5291126E+06   6.6531940E+05   2.1942991E+06   7.6969686E-04   4.3739381E-05   5.3411011E-04
   8.4057971E-01   1.4546062E+06   6.2673969E+05   2.0811499E+06   4.3166237E-04   2.0123629E-05   3.0364447E-04
   8.5507246E-01   1.3994498E+06   5.7712565E+05   1.9764598E+06   9.4852795E-05   4.0385821E-05   6.6615201E-05
   8.6956522E-01   1.3210508E+06   5.2864763E+05   1.8496605E+06   6.7399636E-04   1.0741753E-05   4.8680443E-04
   8.8405797E-01   1.2501289E+06   4.8833024E+05   1.7383473E+06   6.0467519E-04   2.2395735E-05   4.3776363E-04
   8.9855072E-01   1.1788672E+06   4.4418036E+05   1.6229620E+06   1.0740147E-03   6.0164066E-05   7.6864677E-04
   9.1304348E-01   1.1007509E+06   3.9539422E+05   1.4961090E+06   5.8217632E-04   7.7029408E-05   4.0908665E-04
   9.2753623E-01   1.0074820E+06   3.4891406E+05   1.3563368E+06   1.0563173E-03   2.2678876E-05   7.9058675E-04
   9.4202899E-01   9.1717614E+05   2.9679963E+05   1.2139291E+06   7.8308379E-04   6.4298315E-05   5.9989097E-04
   9.5652174E-01   7.9463616E+05   2.4590852E+05   1.0405102E+06   1.7207864E-03   8.0190145E-05   1.3127811E-03
   9.7101449E-01   6.0404054E+05   1.8502346E+05   7.8905270E+05   2.5363975E-03   1.0729339E-04   1.9631694E-03
   9.8550725E-01   3.6620968E+05   1.1673602E+05   4.8293456E+05   1.4656702E-03   1.7246152E-04   1.1509892E-03
   1.0000000E+00   1.6292706E+05   5.0552252E+04   2.1347932E+05   2.0286146E-03   3.5479251E-04   1.4883574E-03
