   0.0000000E+00   3.3825366E+06   1.6367112E+06   5.0192478E+06   3.3688087E-03   5.8882169E-03   2.2951243E-03
   1.4492754E-02   3.5469654E+06   1.6465618E+06   5.1935272E+06   1.6698949E-03   2.4768447E-03   1.4695662E-03
   2.8985507E-02   3.5515118E+06   1.6939204E+06   5.2454322E+06   1.0512043E-03   4.4706764E-05   6.9741433E-04
   4.3478261E-02   3.6300639E+06   1.6541392E+06   5.2842031E+06   9.4353863E-04   1.3246824E-03   2.3863889E-04
   5.7971014E-02   3.5289692E+06   1.7030132E+06   5.2317929E+06   7.1946181E-04   4.8567635E-04   5.5056702E-04
   7.2463768E-02   3.4913475E+06   1.7038467E+06   5.1951943E+06   1.4652770E-03   3.5879895E-04   9.3817816E-04
   8.6956522E-02   3.5334524E+06   1.6998560E+06   5.2334347E+06   9.7640926E-04   8.7661788E-04   8.5993577E-04
   1.0144928E-01   3.5375478E+06   1.7072890E+06   5.2450533E+06   7.0183849E-04   5.1342459E-04   5.1606862E-04
   1.1594203E-01   3.5825790E+06   1.7466778E+06   5.3295410E+06   6.8429358E-04   2.4533779E-04   5.0063793E-04
   1.3043478E-01   3.5701185E+06   1.7143372E+06   5.2844556E+06   4.0354698E-04   2.5162388E-04   2.5480448E-04
   1.4492754E-01   3.5801543E+06   1.7496140E+06   5.3296925E+06   7.2870887E-04   4.1625448E-04   3.7727097E-04
   1.5942029E-01   3.5763105E+06   1.7374902E+06   5.3136629E+06   1.6456124E-04   2.2899262E-04   1.2274140E-04
   1.7391304E-01   3.6067003E+06   1.7621798E+06   5.3686907E+06   5.4917567E-04   2.8104001E-04   3.4791195E-04
   1.8840580E-01   3.6406333E+06   1.7831876E+06   5.4237043E+06   2.9935995E-04   3.6921279E-04   2.7617600E-04
   2.0289855E-01   3.6264736E+06   1.7863101E+06   5.4126755E+06   4.7278942E-04   5.5567475E-04   4.8123028E-04
   2.1739130E-01   3.6235979E+06   1.8217505E+06   5.4452474E+06   1.2659349E-04   2.8823127E-04   1.4706831E-04
   2.3188406E-01   3.6511542E+06   1.8513402E+06   5.5022102E+06   4.0407446E-04   2.7232595E-04   2.9183862E-04
   2.4637681E-01   3.6280432E+06   1.8478078E+06   5.4759402E+06   6.5455057E-04   1.2804015E-04   4.4116302E-04
   2.6086957E-01   3.6208026E+06   1.8385218E+06   5.4592402E+06   2.9553790E-04   2.4895074E-04   1.6318703E-04
   2.7536232E-01   3.6103361E+06   1.8506323E+06   5.4609285E+06   4.0049788E-04   1.7726593E-04   2.0471672E-04
   2.8985507E-01   3.6037578E+06   1.8409213E+06   5.4446033E+06   3.7979333E-04   1.2722077E-04   2.7442941E-04
   3.0434783E-01   3.6004761E+06   1.8673158E+06   5.4675753E+06   1.8758074E-04   2.2521496E-04   1.9756654E-04
   3.1884058E-01   3.6062066E+06   1.8521840E+06   5.4585284E+06   3.5006925E-04   1.3141415E-04   2.0390175E-04
   3.3333333E-01   3.5758253E+06   1.8425521E+06   5.4182456E+06   1.6263782E-04   2.1807367E-04   3.6709142E-05
   3.4782609E-01   3.5473443E+06   1.8614433E+06   5.4087560E+06   1.0243431E-04   2.3265827E-04   1.2997605E-04
   3.6231884E-01   3.5123823E+06   1.8445736E+06   5.3570165E+06   1.5683890E-04   1.5493990E-04   9.7909803E-05
   3.7681159E-01   3.4912135E+06   1.8199087E+06   5.3110056E+06   2.0694034E-04   3.7665432E-04   2.0158750E-04
   3.9130435E-01   3.4685537E+06   1.8175577E+06   5.2860272E+06   2.1003752E-04   2.4527708E-04   5.3972123E-05
   4.0579710E-01   3.4357405E+06   1.8048747E+06   5.2404528E+06   2.0500291E-04   2.1704806E-04   6.4416052E-05
   4.2028986E-01   3.3812040E+06   1.7621036E+06   5.1429679E+06   3.6885900E-04   1.1211885E-04   2.0640681E-04
   4.3478261E-01   3.3460642E+06   1.7590099E+06   5.1049731E+06   1.6225291E-04   2.0317586E-04   3.8335568E-05
   4.4927536E-01   3.2894816E+06   1.7277863E+06   5.0171212E+06   1.2403078E-04   2.3581919E-04   1.5539050E-04
   4.6376812E-01   3.2542659E+06   1.7018292E+06   4.9560952E+06   1.3527132E-04   7.7836651E-05   1.1302819E-04
   4.7826087E-01   3.2059609E+06   1.6765269E+06   4.8824878E+06   2.6647293E-04   2.2918148E-04   2.4315179E-04
   4.9275362E-01   3.1264216E+06   1.6399650E+06   4.7662752E+06   2.5174524E-04   1.7578662E-04   1.7726150E-04
   5.0724638E-01   3.0705439E+06   1.6011626E+06   4.6716632E+06   1.0084013E-04   1.9564036E-04   7.1419616E-05
   5.2173913E-01   3.0153500E+06   1.5731455E+06   4.5885166E+06   9.2037538E-05   2.6231325E-04   1.2296339E-04
   5.3623188E-01   2.9526131E+06   1.5361371E+06   4.4884840E+06   9.3943230E-05   8.4706981E-05   5.1625872E-05
   5.5072464E-01   2.8686116E+06   1.4901490E+06   4.3587806E+06   2.2212738E-04   6.9353005E-05   1.6744656E-04
   5.6521739E-01   2.8120386E+06   1.4483651E+06   4.2602094E+06   1.4108412E-04   2.1558569E-04   1.3032130E-04
   5.7971014E-01   2.7305989E+06   1.4098449E+06   4.1403111E+06   3.1000391E-04   8.2223082E-05   2.2581147E-04
   5.9420290E-01   2.6607277E+06   1.3671418E+06   4.0277586E+06   9.0900654E-05   2.2915944E-04   2.2047627E-05
   6.0869565E-01   2.5857945E+06   1.3269954E+06   3.9125734E+06   1.9710644E-04   9.1694444E-05   1.2625848E-04
   6.2318841E-01   2.5125491E+06   1.2845399E+06   3.7969304E+06   3.3046945E-04   4.0140996E-04   1.7223985E-04
   6.3768116E-01   2.4362957E+06   1.2423782E+06   3.6785877E+06   1.6665768E-04   3.1153180E-05   1.1874306E-04
   6.5217391E-01   2.3570494E+06   1.2012821E+06   3.5581126E+06   1.6689200E-04   8.3387881E-05   9.7225529E-05
   6.6666667E-01   2.2805403E+06   1.1611821E+06   3.4416400E+06   1.4509398E-04   2.7782444E-04   1.1835996E-04
   6.8115942E-01   2.2105275E+06   1.1121156E+06   3.3225303E+06   3.0343042E-04   1.8009695E-04   1.4380439E-04
   6.9565217E-01   2.1330130E+06   1.0619522E+06   3.1949967E+06   5.1009028E-05   2.0404573E-04   7.4281395E-05
   7.1014493E-01   2.0601778E+06   1.0304755E+06   3.0905296E+06   4.1677025E-04   3.2222246E-04   2.1145256E-04
   7.2463768E-01   1.9854823E+06   9.8657316E+05   2.9720554E+06   4.2215959E-04   1.7215150E-04   3.2441554E-04
   7.3913043E-01   1.9072232E+06   9.4257986E+05   2.8497585E+06   1.6207287E-04   1.4376528E-04   8.9473781E-05
   7.5362319E-01   1.8211910E+06   8.9784511E+05   2.7189924E+06   3.6460126E-04   4.2876954E-04   1.2005128E-04
   7.6811594E-01   1.7474409E+06   8.5389776E+05   2.6012671E+06   5.7803469E-04   4.1094028E-04   2.7005819E-04
   7.8260870E-01   1.6754260E+06   8.1230776E+05   2.4876776E+06   3.8597767E-04   5.4609153E-04   2.6912735E-04
   7.9710145E-01   1.5985489E+06   7.7482020E+05   2.3733828E+06   4.7749143E-04   3.7743769E-04   4.3104277E-04
   8.1159420E-01   1.5167859E+06   7.2771137E+05   2.2444567E+06   1.2752338E-04   1.7507484E-04   1.1715410E-04
   8.2608696E-01   1.4401251E+06   6.8773245E+05   2.1277778E+06   5.8035432E-04   7.8134039E-05   3.7173701E-04
   8.4057971E-01   1.3646838E+06   6.4062717E+05   2.0052064E+06   3.3837401E-04   3.2036872E-04   2.4677523E-04
   8.5507246E-01   1.2905283E+06   6.0842403E+05   1.8989652E+06   5.8768646E-04   6.3002031E-04   4.7786165E-04
   8.6956522E-01   1.2192994E+06   5.6563781E+05   1.7850003E+06   5.0403408E-04   6.0720886E-04   4.9568565E-04
   8.8405797E-01   1.1412757E+06   5.1998127E+05   1.6611451E+06   4.8798433E-04   5.0900195E-04   4.9466924E-04
   8.9855072E-01   1.0596214E+06   4.7893847E+05   1.5385232E+06   5.3861611E-04   6.5051287E-05   3.6233458E-04
   9.1304348E-01   9.7275349E+05   4.3828452E+05   1.4110741E+06   2.1026405E-04   7.2650380E-04   2.3383362E-04
   9.2753623E-01   8.8640984E+05   3.9430723E+05   1.2807408E+06   6.8265359E-04   5.8609338E-04   3.5100584E-04
   9.4202899E-01   7.8920024E+05   3.4862882E+05   1.1378407E+06   5.9916655E-04   8.3397024E-04   6.7120268E-04
   9.5652174E-01   6.9370793E+05   2.9123495E+05   9.8489696E+05   7.3835290E-04   3.0033654E-04   4.7127214E-04
   9.7101449E-01   5.6319062E+05   2.3555432E+05   7.9874494E+05   1.1669038E-03   5.7014254E-04   9.8396786E-04
   9.8550725E-01   3.7707429E+05   1.6069589E+05   5.3775904E+05   9.7447087E-04   1.9562759E-03   1.1448647E-03
   1.0000000E+00   1.7767694E+05   7.7994904E+04   2.5567185E+05   3.0732737E-03   1.3754546E-03   2.0042203E-03
