   0.0000000E+00   3.2188654E+06   1.6003399E+06   4.8192053E+06   6.3254525E-03   1.0497664E-02   7.3590662E-03
   1.4492754E-02   3.2726647E+06   1.6973302E+06   4.9699949E+06   1.5092703E-03   1.2410006E-03   1.0981291E-03
   2.8985507E-02   3.3101727E+06   1.6166312E+06   4.9268039E+06   6.7012607E-04   1.3617150E-03   2.1833741E-04
   4.3478261E-02   3.3547529E+06   1.6339329E+06   4.9886857E+06   1.1077741E-03   1.2958911E-03   7.6323724E-04
   5.7971014E-02   3.3423765E+06   1.6548969E+06   4.9970840E+06   1.2908155E-03   1.4584067E-03   1.3277605E-03
   7.2463768E-02   3.3699581E+06   1.6515629E+06   5.0215210E+06   8.5204640E-04   5.7538524E-04   3.8275305E-04
   8.6956522E-02   3.3640983E+06   1.6672733E+06   5.0313716E+06   6.0316959E-04   8.9650620E-04   1.2694653E-04
   1.0144928E-01   3.3729025E+06   1.6717836E+06   5.0446861E+06   5.8297728E-04   4.7613175E-04   4.8934564E-04
   1.1594203E-01   3.3649192E+06   1.7055706E+06   5.0703950E+06   4.5989766E-04   4.9566454E-04   2.5163477E-04
   1.3043478E-01   3.3862410E+06   1.7152633E+06   5.1014201E+06   3.6489804E-04   2.7403445E-04   2.4337318E-04
   1.4492754E-01   3.4319410E+06   1.7136215E+06   5.1454110E+06   3.6964055E-04   3.3770853E-04   2.3726581E-04
   1.5942029E-01   3.4398490E+06   1.7273641E+06   5.1672820E+06   2.6797851E-04   5.8722258E-04   2.7311256E-04
   1.7391304E-01   3.4643090E+06   1.7397003E+06   5.2039461E+06   1.8631802E-04   4.9739146E-04   1.7888154E-04
   1.8840580E-01   3.4957308E+06   1.7410458E+06   5.2365434E+06   9.4206537E-05   2.4656052E-04   1.3899961E-04
   2.0289855E-01   3.4994986E+06   1.7635780E+06   5.2628060E+06   3.8344169E-04   5.2933730E-04   4.3264034E-04
   2.1739130E-01   3.5394386E+06   1.7734575E+06   5.3126940E+06   1.3615325E-04   3.3086796E-04   1.8740454E-04
   2.3188406E-01   3.5585683E+06   1.7951729E+06   5.3537412E+06   3.9821106E-05   2.5808442E-04   9.8869304E-05
   2.4637681E-01   3.5737091E+06   1.8130856E+06   5.3866609E+06   1.3305045E-04   2.9591444E-04   1.8191625E-04
   2.6086957E-01   3.5718865E+06   1.8130955E+06   5.3846453E+06   3.1371880E-04   2.7205395E-04   2.8628806E-04
   2.7536232E-01   3.5797076E+06   1.8298543E+06   5.4093625E+06   3.2537319E-04   3.2396340E-04   1.1410739E-04
   2.8985507E-01   3.5953848E+06   1.8286081E+06   5.4237655E+06   1.1659131E-04   2.2586552E-04   8.4176137E-06
   3.0434783E-01   3.5844914E+06   1.8405063E+06   5.4246369E+06   1.4119332E-04   3.4011862E-04   1.9763874E-04
   3.1884058E-01   3.6041745E+06   1.8351005E+06   5.4391717E+06   3.5429702E-05   3.2603133E-04   1.3581577E-04
   3.3333333E-01   3.5755288E+06   1.8392575E+06   5.4144569E+06   3.4829799E-04   2.9612973E-04   1.3230707E-04
   3.4782609E-01   3.5710551E+06   1.8207465E+06   5.3915491E+06   1.5097394E-04   2.4428261E-04   4.5432373E-05
   3.6231884E-01   3.5864283E+06   1.8343290E+06   5.4203936E+06   1.2183311E-04   2.5381395E-04   1.6478705E-04
   3.7681159E-01   3.5358617E+06   1.8278649E+06   5.3632894E+06   2.3739670E-04   1.2551203E-04   1.8847302E-04
   3.9130435E-01   3.5037464E+06   1.8048165E+06   5.3082822E+06   1.3210995E-04   2.6355641E-04   1.7860399E-04
   4.0579710E-01   3.4891068E+06   1.7875820E+06   5.2763370E+06   1.4040353E-04   1.1551612E-04   5.4040058E-05
   4.2028986E-01   3.4483029E+06   1.7706477E+06   5.2184803E+06   3.9815823E-04   1.2975009E-04   2.2400692E-04
   4.3478261E-01   3.4017831E+06   1.7417335E+06   5.1431630E+06   4.4791370E-04   2.0182493E-04   2.7025071E-04
   4.4927536E-01   3.3533759E+06   1.7142937E+06   5.0671563E+06   2.1040563E-04   5.3862148E-05   1.2250949E-04
   4.6376812E-01   3.3165661E+06   1.6922628E+06   5.0087105E+06   1.3827770E-04   3.8263016E-04   1.9209945E-04
   4.7826087E-01   3.2544791E+06   1.6640586E+06   4.9181474E+06   1.7115584E-04   2.1451431E-04   1.6203155E-04
   4.9275362E-01   3.1872856E+06   1.6348615E+06   4.8219020E+06   3.4722843E-04   2.1532088E-04   2.9873342E-04
   5.0724638E-01   3.1199700E+06   1.6084801E+06   4.7282336E+06   1.6061881E-04   4.5418044E-04   2.1724981E-04
   5.2173913E-01   3.0808942E+06   1.5612954E+06   4.6418949E+06   2.9328803E-04   2.3987958E-04   1.4010190E-04
   5.3623188E-01   3.0103854E+06   1.5264094E+06   4.5365081E+06   3.2118982E-05   1.9341871E-04   7.1461805E-05
   5.5072464E-01   2.9500883E+06   1.4863803E+06   4.4362292E+06   1.3418026E-04   1.7950749E-04   7.5271748E-05
   5.6521739E-01   2.8677419E+06   1.4576328E+06   4.3252581E+06   2.4611027E-05   4.8173531E-05   2.6223713E-05
   5.7971014E-01   2.7978101E+06   1.4108110E+06   4.2082612E+06   4.1966495E-04   2.8254353E-04   2.8873422E-04
   5.9420290E-01   2.7019412E+06   1.3713371E+06   4.0730010E+06   1.2114968E-04   1.2156372E-04   5.9235436E-05
   6.0869565E-01   2.6406221E+06   1.3258588E+06   3.9660840E+06   2.8054783E-04   6.6026861E-05   1.9299594E-04
   6.2318841E-01   2.5660841E+06   1.2917472E+06   3.8575670E+06   2.2010795E-04   3.1082324E-04   1.7244390E-04
   6.3768116E-01   2.4788495E+06   1.2550358E+06   3.7336786E+06   6.2006247E-05   2.6564692E-04   8.8709464E-05
   6.5217391E-01   2.3953235E+06   1.1990425E+06   3.5940461E+06   4.3720179E-04   2.2712209E-04   2.1755125E-04
   6.6666667E-01   2.3181471E+06   1.1550378E+06   3.4729708E+06   5.8642100E-05   2.7315084E-04   9.1219329E-05
   6.8115942E-01   2.2449320E+06   1.1197252E+06   3.3645282E+06   3.0214517E-04   1.9099192E-04   2.4494545E-04
   6.9565217E-01   2.1568975E+06   1.0776594E+06   3.2344464E+06   1.5371345E-04   3.0742163E-04   1.1453695E-04
   7.1014493E-01   2.0701212E+06   1.0268878E+06   3.0967461E+06   2.0320351E-04   2.1036004E-04   1.4481318E-04
   7.2463768E-01   1.9938325E+06   9.9328671E+05   2.9868616E+06   1.1179716E-04   1.9999828E-04   1.2117274E-04
   7.3913043E-01   1.9040734E+06   9.4205985E+05   2.8459550E+06   2.4821025E-04   3.5071912E-04   2.8191810E-04
   7.5362319E-01   1.8337956E+06   9.0561191E+05   2.7392764E+06   2.6731642E-04   3.7006356E-05   1.9294697E-04
   7.6811594E-01   1.7497713E+06   8.6938132E+05   2.6187809E+06   6.7156443E-04   2.8865671E-04   4.3979771E-04
   7.8260870E-01   1.6773343E+06   8.2235478E+05   2.4996330E+06   3.1470792E-04   1.1439903E-04   2.1947279E-04
   7.9710145E-01   1.5833115E+06   7.8217714E+05   2.3654059E+06   2.3520208E-04   1.3169990E-04   1.7166613E-04
   8.1159420E-01   1.5123612E+06   7.3559995E+05   2.2478529E+06   2.1235741E-04   8.3671269E-05   1.4938986E-04
   8.2608696E-01   1.4230295E+06   6.9161419E+05   2.1145639E+06   3.3390059E-04   2.7078259E-04   2.0136944E-04
   8.4057971E-01   1.3514364E+06   6.5648739E+05   2.0078062E+06   2.2008155E-04   3.0180750E-04   1.7622979E-04
   8.5507246E-01   1.2719830E+06   6.1429328E+05   1.8861993E+06   2.2009587E-04   3.6770615E-04   1.3771129E-04
   8.6956522E-01   1.1894698E+06   5.7502111E+05   1.7643772E+06   1.5463132E-04   2.1754446E-04   1.6062723E-04
   8.8405797E-01   1.1093141E+06   5.3199326E+05   1.6412080E+06   4.4432323E-04   5.0628602E-04   1.6860326E-04
   8.9855072E-01   1.0311574E+06   4.8904570E+05   1.5200687E+06   1.3611603E-04   4.7561639E-04   1.2127761E-04
   9.1304348E-01   9.4084436E+05   4.4957840E+05   1.3903867E+06   4.4836638E-04   5.1663682E-04   4.6644754E-04
   9.2753623E-01   8.4871244E+05   3.9891285E+05   1.2475779E+06   7.4579161E-04   4.1368894E-04   5.6832752E-04
   9.4202899E-01   7.5582486E+05   3.5614790E+05   1.1119611E+06   6.7319565E-04   3.0978415E-04   4.2516655E-04
   9.5652174E-01   6.4126337E+05   2.9983411E+05   9.4107452E+05   4.8958330E-04   5.0456170E-04   4.6714930E-04
   9.7101449E-01   5.1581511E+05   2.3856265E+05   7.5436645E+05   6.5659867E-04   1.3696319E-03   4.8057997E-04
   9.8550725E-01   3.5279329E+05   1.6751552E+05   5.2030881E+05   4.6624076E-04   1.0698821E-03   2.5395253E-04
   1.0000000E+00   1.7187766E+05   8.1124329E+04   2.5300199E+05   3.7664170E-03   3.8301933E-03   3.6557699E-03
