   0.0000000E+00   3.2006798E+06   1.6367112E+06   4.8373910E+06   2.5166895E-03   4.9279040E-03   2.7253730E-03
   1.4492754E-02   3.2628142E+06   1.5836697E+06   4.8464838E+06   1.1011042E-03   7.0016137E-04   9.0282598E-04
   2.8985507E-02   3.2881983E+06   1.5582855E+06   4.8464838E+06   1.0941188E-03   1.0549116E-03   1.0814987E-03
   4.3478261E-02   3.3239383E+06   1.6086750E+06   4.9323607E+06   7.3936822E-04   6.3971435E-04   3.2638850E-04
   5.7971014E-02   3.3099833E+06   1.6297022E+06   4.9398749E+06   9.5064053E-04   8.9872187E-04   4.1088962E-04
   7.2463768E-02   3.3058536E+06   1.5835181E+06   4.8895233E+06   1.1614478E-03   4.4108588E-04   9.2653034E-04
   8.6956522E-02   3.3712968E+06   1.6257241E+06   4.9967683E+06   8.8668874E-04   3.9251785E-04   4.8163029E-04
   1.0144928E-01   3.4125213E+06   1.6041286E+06   5.0166498E+06   2.3913110E-04   1.5874015E-04   1.8872610E-04
   1.1594203E-01   3.4079207E+06   1.6275237E+06   5.0354444E+06   1.4709520E-04   7.2110676E-04   3.2003143E-04
   1.3043478E-01   3.4571315E+06   1.6437834E+06   5.1008308E+06   7.5919032E-04   5.9825744E-04   6.9598081E-04
   1.4492754E-01   3.4722526E+06   1.6549727E+06   5.1270737E+06   3.1194643E-04   4.9173856E-04   3.6312126E-04
   1.5942029E-01   3.5129362E+06   1.6857575E+06   5.1988314E+06   5.7225899E-04   3.7794766E-04   3.2504631E-04
   1.7391304E-01   3.5081314E+06   1.7342067E+06   5.2422118E+06   1.0739917E-03   4.5561720E-04   8.6344006E-04
   1.8840580E-01   3.5566994E+06   1.7556759E+06   5.3125502E+06   5.4520663E-04   2.7314735E-04   4.2140932E-04
   2.0289855E-01   3.6027132E+06   1.7646064E+06   5.3674819E+06   6.5321512E-04   1.8148669E-04   4.3098265E-04
   2.1739130E-01   3.6007647E+06   1.8030597E+06   5.4037739E+06   3.4016588E-04   2.3339514E-04   3.0384231E-04
   2.3188406E-01   3.6392672E+06   1.8041710E+06   5.4434383E+06   4.9376025E-04   5.4605533E-04   4.7919874E-04
   2.4637681E-01   3.6830906E+06   1.8527108E+06   5.5355339E+06   9.1913653E-04   2.4487915E-04   6.6802180E-04
   2.6086957E-01   3.7052482E+06   1.8512349E+06   5.5563147E+06   3.5301497E-04   6.3379338E-04   4.0610475E-04
   2.7536232E-01   3.7150633E+06   1.8516293E+06   5.5666527E+06   4.5845900E-04   4.2505830E-04   2.2419073E-04
   2.8985507E-01   3.7413628E+06   1.8737313E+06   5.6150940E+06   3.5619170E-04   4.1185947E-04   3.2287914E-04
   3.0434783E-01   3.7523842E+06   1.8655838E+06   5.6176794E+06   2.9880104E-04   4.9188132E-04   3.5704437E-04
   3.1884058E-01   3.7506933E+06   1.9030557E+06   5.6537489E+06   2.8470708E-04   4.4353958E-04   2.4687385E-04
   3.3333333E-01   3.7464478E+06   1.8810319E+06   5.6273480E+06   5.6542049E-04   1.2025408E-04   3.8021302E-04
   3.4782609E-01   3.7420510E+06   1.9024242E+06   5.6441911E+06   3.8325393E-04   1.1743095E-04   2.4167874E-04
   3.6231884E-01   3.7340658E+06   1.8944933E+06   5.6284075E+06   5.5205199E-04   3.1912803E-05   3.7667867E-04
   3.7681159E-01   3.6834163E+06   1.8617007E+06   5.5452045E+06   2.6167408E-04   4.6343070E-04   3.2880075E-04
   3.9130435E-01   3.6396338E+06   1.8576055E+06   5.4970990E+06   1.8893191E-04   2.6439321E-04   2.1217542E-04
   4.0579710E-01   3.6324814E+06   1.8498517E+06   5.4821167E+06   1.2057128E-04   2.0123487E-04   4.9748943E-05
   4.2028986E-01   3.5986483E+06   1.8331741E+06   5.4316395E+06   2.2099563E-04   2.8515170E-04   7.3005638E-05
   4.3478261E-01   3.5395649E+06   1.8073535E+06   5.3468174E+06   1.1866622E-04   4.4296258E-04   1.8041627E-04
   4.4927536E-01   3.5148960E+06   1.7894807E+06   5.3042301E+06   1.2954902E-04   2.4996983E-04   3.5819216E-06
   4.6376812E-01   3.4547347E+06   1.7596303E+06   5.2142703E+06   3.4820925E-04   4.7315595E-04   8.3648332E-05
   4.7826087E-01   3.3845572E+06   1.7188683E+06   5.1033106E+06   1.8266155E-05   7.5727396E-05   3.4696914E-05
   4.9275362E-01   3.3393679E+06   1.6919146E+06   5.0309704E+06   3.1687560E-04   4.5357542E-05   2.2447002E-04
   5.0724638E-01   3.2533100E+06   1.6548320E+06   4.9079904E+06   1.5520537E-04   2.9941380E-04   1.7359422E-04
   5.2173913E-01   3.1911449E+06   1.6146316E+06   4.8055029E+06   2.1915667E-04   2.6574473E-04   5.7077125E-05
   5.3623188E-01   3.1019897E+06   1.5748840E+06   4.6766075E+06   4.5505039E-05   1.9476955E-04   9.3728135E-05
   5.5072464E-01   3.0326816E+06   1.5427718E+06   4.5753736E+06   2.9400708E-04   1.0414861E-04   2.0420015E-04
   5.6521739E-01   2.9419224E+06   1.4899823E+06   4.4320019E+06   4.0847061E-05   1.2510324E-04   5.0722654E-05
   5.7971014E-01   2.8698709E+06   1.4580748E+06   4.3278699E+06   2.5212153E-04   1.0414618E-04   1.9206228E-04
   5.9420290E-01   2.7870294E+06   1.3947899E+06   4.1818194E+06   2.8638738E-04   3.4408405E-04   9.3413771E-05
   6.0869565E-01   2.7032617E+06   1.3637456E+06   4.0668630E+06   1.3050706E-04   1.0813018E-04   1.1157949E-04
   6.2318841E-01   2.6128347E+06   1.3178274E+06   3.9305916E+06   2.8454370E-04   3.2088699E-04   1.6224021E-04
   6.3768116E-01   2.5240381E+06   1.2673146E+06   3.7912322E+06   3.5969660E-04   1.2703992E-04   2.8009586E-04
   6.5217391E-01   2.4271485E+06   1.2167904E+06   3.6438715E+06   2.1415497E-04   3.9291712E-04   2.5537567E-04
   6.6666667E-01   2.3428395E+06   1.1722845E+06   3.5151405E+06   1.0533864E-04   6.6075359E-05   9.2424028E-05
   6.8115942E-01   2.2456575E+06   1.1222242E+06   3.3677204E+06   2.8384078E-04   9.1976697E-05   1.6241809E-04
   6.9565217E-01   2.1653589E+06   1.0775331E+06   3.2428920E+06   4.1166294E-04   1.4817067E-04   2.2629879E-04
   7.1014493E-01   2.0679717E+06   1.0320838E+06   3.0999936E+06   4.8353623E-04   1.2174226E-04   3.0133240E-04
   7.2463768E-01   1.9732373E+06   9.8617914E+05   2.9592042E+06   5.3337686E-04   1.8287793E-04   4.1577408E-04
   7.3913043E-01   1.8864375E+06   9.3271443E+05   2.8191668E+06   3.4705098E-04   2.9354154E-04   3.2128252E-04
   7.5362319E-01   1.7944079E+06   8.9421672E+05   2.6885518E+06   1.7616017E-04   2.9139695E-04   5.8934187E-05
   7.6811594E-01   1.7018480E+06   8.4707813E+05   2.5488260E+06   4.1479099E-04   3.0993032E-04   1.8063849E-04
   7.8260870E-01   1.6049705E+06   8.0144687E+05   2.4063472E+06   1.3418497E-04   1.1642977E-04   1.2887903E-04
   7.9710145E-01   1.5154596E+06   7.5401689E+05   2.2693938E+06   3.5164974E-04   4.7738651E-04   1.1476926E-04
   8.1159420E-01   1.4258304E+06   7.0565582E+05   2.1314592E+06   3.0701243E-04   6.2272305E-05   1.8810443E-04
   8.2608696E-01   1.3283656E+06   6.5940373E+05   1.9877959E+06   3.0649380E-04   7.2611287E-05   1.9308340E-04
   8.4057971E-01   1.2258220E+06   6.2204956E+05   1.8478585E+06   2.9131724E-04   2.0501337E-04   1.7638713E-04
   8.5507246E-01   1.1637166E+06   5.7422313E+05   1.7378883E+06   1.3629002E-04   7.8745511E-05   7.5551165E-05
   8.6956522E-01   1.0559313E+06   5.3141337E+05   1.5873447E+06   6.3219579E-04   1.5484856E-04   3.6830565E-04
   8.8405797E-01   9.7230038E+05   4.8590797E+05   1.4581711E+06   4.1927972E-04   1.5727337E-04   2.8164221E-04
   8.9855072E-01   8.8195661E+05   4.4150383E+05   1.3234482E+06   4.5186505E-04   5.6937793E-04   1.1484278E-04
   9.1304348E-01   7.9824553E+05   3.9848530E+05   1.1967429E+06   4.0094416E-04   4.3905279E-04   1.3538873E-04
   9.2753623E-01   7.0874427E+05   3.4874831E+05   1.0574807E+06   7.3661740E-04   7.7804749E-04   7.4858100E-04
   9.4202899E-01   6.1669274E+05   3.0445860E+05   9.2115134E+05   8.9148476E-04   1.1306557E-03   2.4117140E-04
   9.5652174E-01   5.2772916E+05   2.5130452E+05   7.7904516E+05   1.1533236E-03   4.6167744E-04   9.2795538E-04
   9.7101449E-01   4.2813254E+05   1.9849308E+05   6.2662562E+05   5.6153313E-04   5.0672989E-04   3.2513303E-04
   9.8550725E-01   3.0705050E+05   1.4139589E+05   4.4842411E+05   7.4265029E-04   4.4173556E-04   5.3168757E-04
   1.0000000E+00   1.6292706E+05   7.1123299E+04   2.3402848E+05   2.3169882E-03   1.5158733E-03   2.0496080E-03
