   0.0000000E+00   2.9763897E+06   1.4245450E+06   4.4009347E+06   9.2850264E-04   8.7498361E-04   8.7913392E-04
   1.4492754E-02   3.0195807E+06   1.5207775E+06   4.5403582E+06   8.7644247E-04   3.2225156E-04   6.8477102E-04
   2.8985507E-02   3.0730011E+06   1.4821330E+06   4.5555129E+06   6.8963250E-04   5.8513829E-04   4.2342708E-04
   4.3478261E-02   3.0579727E+06   1.5179992E+06   4.5759718E+06   1.8998135E-04   2.6786499E-04   3.8690057E-05
   5.7971014E-02   3.0652343E+06   1.5128213E+06   4.5780556E+06   5.2752081E-04   7.7669207E-04   5.0511308E-04
   7.2463768E-02   3.0571644E+06   1.5359323E+06   4.5930967E+06   1.0850335E-04   5.2661157E-04   1.5484285E-04
   8.6956522E-02   3.1041946E+06   1.5646000E+06   4.6686683E+06   2.5317901E-04   2.9486520E-04   1.5431558E-04
   1.0144928E-01   3.1333494E+06   1.5849686E+06   4.7183181E+06   2.6300867E-04   2.8676840E-04   2.6682549E-04
   1.1594203E-01   3.1535106E+06   1.5907735E+06   4.7441894E+06   2.9628496E-04   4.3047795E-04   5.5263833E-05
   1.3043478E-01   3.1999220E+06   1.5736507E+06   4.7734885E+06   2.9914563E-04   3.0717441E-04   1.4845525E-04
   1.4492754E-01   3.2190928E+06   1.6394391E+06   4.8583045E+06   1.1002938E-04   1.2568955E-04   9.2045769E-05
   1.5942029E-01   3.3203333E+06   1.6572390E+06   4.9775723E+06   9.6262778E-05   2.1973262E-04   1.3736376E-04
   1.7391304E-01   3.3497644E+06   1.6811651E+06   5.0308033E+06   1.7618045E-04   3.0414833E-04   3.0211715E-05
   1.8840580E-01   3.3841686E+06   1.7015852E+06   5.0856372E+06   9.8487507E-05   1.6568190E-04   3.2074009E-05
   2.0289855E-01   3.4378513E+06   1.7214695E+06   5.1591043E+06   1.5682960E-04   3.7245860E-04   1.4033600E-04
   2.1739130E-01   3.5053404E+06   1.7718409E+06   5.2771308E+06   1.0973976E-04   1.4690071E-04   2.3623008E-05
   2.3188406E-01   3.5518907E+06   1.7868378E+06   5.3386338E+06   5.6024273E-05   2.2158392E-04   4.1833949E-05
   2.4637681E-01   3.6089661E+06   1.8134867E+06   5.4220517E+06   5.4053447E-05   4.0447034E-04   1.3268708E-04
   2.6086957E-01   3.6482075E+06   1.8347331E+06   5.4826880E+06   7.3159358E-05   1.1788649E-04   8.6662284E-05
   2.7536232E-01   3.6837568E+06   1.8602037E+06   5.5438010E+06   1.1293620E-04   1.7116219E-04   1.3217253E-04
   2.8985507E-01   3.7435223E+06   1.8541817E+06   5.5975145E+06   1.8479856E-05   2.6931688E-04   9.5990206E-05
   3.0434783E-01   3.7376986E+06   1.8665580E+06   5.6039679E+06   1.5579949E-04   4.5875804E-05   1.1569354E-04
   3.1884058E-01   3.7543097E+06   1.8870054E+06   5.6411430E+06   1.2100508E-04   1.4623923E-04   1.2644914E-04
   3.3333333E-01   3.7601530E+06   1.8819544E+06   5.6418438E+06   5.2290626E-05   2.4183458E-04   5.4808485E-05
   3.4782609E-01   3.7658250E+06   1.8978778E+06   5.6635450E+06   4.5741270E-05   1.1343125E-04   1.4433888E-05
   3.6231884E-01   3.7611018E+06   1.8856126E+06   5.6462597E+06   9.9394376E-05   4.1151079E-05   7.3324425E-05
   3.7681159E-01   3.7415580E+06   1.8672672E+06   5.6085921E+06   1.5442403E-04   1.2433887E-04   1.3132258E-04
   3.9130435E-01   3.7318532E+06   1.8648180E+06   5.5963344E+06   1.5398923E-04   5.5990242E-05   8.4612706E-05
   4.0579710E-01   3.6823297E+06   1.8591881E+06   5.5412742E+06   2.4086443E-04   2.1942935E-04   2.1109924E-04
   4.2028986E-01   3.6725145E+06   1.8502623E+06   5.5222282E+06   3.3707889E-05   7.0831378E-05   1.9675311E-05
   4.3478261E-01   3.6266793E+06   1.8106623E+06   5.4370385E+06   1.5231715E-04   3.8954547E-05   9.0016181E-05
   4.4927536E-01   3.5787170E+06   1.7876719E+06   5.3662179E+06   1.4173479E-04   1.0666531E-04   7.0331587E-05
   4.6376812E-01   3.5127015E+06   1.7705228E+06   5.2829402E+06   8.1145842E-05   1.3213845E-04   9.6237225E-05
   4.7826087E-01   3.4550267E+06   1.7288796E+06   5.1836996E+06   1.4579910E-06   2.9374489E-04   9.8740072E-05
   4.9275362E-01   3.3787924E+06   1.6790999E+06   5.0575804E+06   8.5422222E-05   8.2942278E-05   5.3609862E-05
   5.0724638E-01   3.3133877E+06   1.6580794E+06   4.9711423E+06   1.3307297E-04   2.3491680E-04   1.1673199E-05
   5.2173913E-01   3.2365460E+06   1.6212829E+06   4.8576815E+06   7.2631324E-05   1.5695167E-04   1.4536829E-05
   5.3623188E-01   3.1569153E+06   1.5770958E+06   4.7338268E+06   9.4588266E-05   6.4669426E-05   6.1283903E-05
   5.5072464E-01   3.0666202E+06   1.5284147E+06   4.5946760E+06   7.7957315E-05   4.7156397E-05   4.1050675E-05
   5.6521739E-01   2.9918359E+06   1.4949950E+06   4.4865200E+06   1.6114502E-04   1.8801657E-04   1.2670542E-04
   5.7971014E-01   2.8985891E+06   1.4514257E+06   4.3498064E+06   5.2581200E-05   1.4219103E-04   1.8945271E-05
   5.9420290E-01   2.8253414E+06   1.3986156E+06   4.2236982E+06   8.5962756E-05   3.8169705E-05   4.9687315E-05
   6.0869565E-01   2.7187051E+06   1.3595059E+06   4.0779043E+06   1.1378571E-04   1.2790011E-04   1.1826162E-04
   6.2318841E-01   2.6169934E+06   1.3106378E+06   3.9274902E+06   1.5510565E-04   1.7259523E-04   5.9286891E-05
   6.3768116E-01   2.5254675E+06   1.2694500E+06   3.7947281E+06   4.5787809E-05   1.1223796E-04   4.6449345E-05
   6.5217391E-01   2.4269969E+06   1.2235427E+06   3.6503039E+06   1.8519137E-04   1.8892234E-04   1.5724269E-04
   6.6666667E-01   2.3319676E+06   1.1680840E+06   3.4998869E+06   1.0594679E-04   1.2776694E-04   1.1016890E-04
   6.8115942E-01   2.2391603E+06   1.1179034E+06   3.3569025E+06   1.0033816E-04   1.3970218E-04   3.8496769E-05
   6.9565217E-01   2.1443948E+06   1.0711397E+06   3.2154240E+06   1.6794347E-04   1.4464126E-04   8.1653191E-05
   7.1014493E-01   2.0560334E+06   1.0295631E+06   3.0853182E+06   1.1428317E-04   7.8589335E-06   7.3859977E-05
   7.2463768E-01   1.9528541E+06   9.8004147E+05   2.9327441E+06   6.4037714E-05   2.0006887E-04   2.7510712E-05
   7.3913043E-01   1.8771663E+06   9.3850888E+05   2.8155564E+06   1.4485714E-04   5.6693301E-05   9.1287673E-05
   7.5362319E-01   1.7816575E+06   8.8905828E+05   2.6706721E+06   8.4562595E-05   2.6512125E-04   6.1305032E-05
   7.6811594E-01   1.6901674E+06   8.4218858E+05   2.5322273E+06   6.5056856E-05   9.7161565E-05   7.5638704E-05
   7.8260870E-01   1.5990209E+06   7.9639529E+05   2.3952478E+06   7.4879499E-05   1.6674731E-04   3.6574243E-05
   7.9710145E-01   1.5083369E+06   7.6257242E+05   2.2708542E+06   2.2142579E-04   3.3566695E-04   1.0056937E-04
   8.1159420E-01   1.4185237E+06   7.1385561E+05   2.1322440E+06   1.3501397E-04   1.9075275E-04   1.3390451E-04
   8.2608696E-01   1.3406622E+06   6.6547892E+05   2.0060480E+06   1.4643516E-04   2.2931640E-04   1.7393652E-04
   8.4057971E-01   1.2480054E+06   6.2957467E+05   1.8775409E+06   1.0283194E-04   1.0724260E-04   8.6705753E-05
   8.5507246E-01   1.1595940E+06   5.7911631E+05   1.7386718E+06   1.2790843E-04   2.0332379E-04   1.3989151E-04
   8.6956522E-01   1.0764912E+06   5.3954641E+05   1.6160250E+06   2.5618402E-05   3.0677736E-04   1.0180102E-04
   8.8405797E-01   9.8747996E+05   4.9691378E+05   1.4843565E+06   1.1159808E-04   5.5544436E-05   5.8372018E-05
   8.9855072E-01   8.9679359E+05   4.5081666E+05   1.3475980E+06   1.0234564E-04   2.8808936E-04   1.5997193E-04
   9.1304348E-01   8.1637107E+05   4.1046476E+05   1.2267757E+06   2.1792184E-04   1.3239301E-04   1.8354508E-04
   9.2753623E-01   7.2692995E+05   3.6190214E+05   1.0887966E+06   2.8238917E-04   4.4073127E-04   3.0366370E-04
   9.4202899E-01   6.3048355E+05   3.1174453E+05   9.4220477E+05   1.7718482E-04   1.4860918E-04   1.6161481E-04
   9.5652174E-01   5.2829172E+05   2.6228022E+05   7.9057194E+05   1.8524874E-04   2.5500111E-04   2.0514027E-04
   9.7101449E-01   4.1694744E+05   2.1035675E+05   6.2729288E+05   1.0176180E-04   1.7384095E-04   1.0576888E-04
   9.8550725E-01   2.8165518E+05   1.4207563E+05   4.2373081E+05   2.5560437E-04   2.9504614E-04   1.8826278E-04
   1.0000000E+00   1.3165470E+05   6.4842564E+04   1.9649726E+05   1.4046355E-03   5.8636399E-04   1.0258086E-03
