   0.0000000E+00   3.5219601E+06   1.6306493E+06   5.1526095E+06   8.1410148E-03   4.2992725E-03   4.2768746E-03
   1.4492754E-02   3.4310317E+06   1.5632108E+06   4.9942425E+06   2.1844250E-03   1.4569254E-03   1.7943118E-03
   2.8985507E-02   3.4711917E+06   1.5897316E+06   5.0605444E+06   1.4736163E-03   5.2763706E-04   9.4633536E-04
   4.3478261E-02   3.4295162E+06   1.5548757E+06   4.9843919E+06   5.4983651E-04   1.4679847E-04   4.2361183E-04
   5.7971014E-02   3.4857782E+06   1.5673783E+06   5.0531565E+06   5.7485196E-04   2.2502988E-04   3.9766926E-04
   7.2463768E-02   3.4510360E+06   1.5944295E+06   5.0454655E+06   5.4122675E-04   4.0303936E-04   4.7360310E-04
   8.6956522E-02   3.4927872E+06   1.6053915E+06   5.0981787E+06   2.5673372E-04   3.7076887E-04   1.2588104E-04
   1.0144928E-01   3.4517071E+06   1.5947110E+06   5.0464181E+06   1.2146363E-03   9.9956101E-04   1.0060426E-03
   1.1594203E-01   3.5236650E+06   1.6009082E+06   5.1244785E+06   4.0422119E-04   7.8749575E-05   2.6834396E-04
   1.3043478E-01   3.5717181E+06   1.6575069E+06   5.2292250E+06   3.1827873E-04   1.1340922E-04   1.8197821E-04
   1.4492754E-01   3.5498448E+06   1.6648990E+06   5.2147439E+06   3.8962625E-04   5.9789795E-04   9.1860308E-05
   1.5942029E-01   3.5977338E+06   1.6910616E+06   5.2887265E+06   4.9910408E-04   1.2819142E-04   3.5056150E-04
   1.7391304E-01   3.5947660E+06   1.7218303E+06   5.3164700E+06   4.2166698E-04   2.9847101E-04   2.8604390E-04
   1.8840580E-01   3.6363201E+06   1.7525284E+06   5.3886153E+06   4.5863958E-04   2.5067129E-04   3.6821150E-04
   2.0289855E-01   3.6905024E+06   1.7651476E+06   5.4555418E+06   8.5820028E-05   3.5037444E-04   1.2473409E-04
   2.1739130E-01   3.7084138E+06   1.7625966E+06   5.4706568E+06   3.5043252E-04   3.1356639E-04   1.8164203E-04
   2.3188406E-01   3.7118205E+06   1.8158212E+06   5.5274997E+06   2.6931594E-04   3.9406197E-04   2.2871041E-04
   2.4637681E-01   3.6922726E+06   1.8232036E+06   5.5151196E+06   3.1134887E-04   2.2447265E-04   1.5091458E-04
   2.6086957E-01   3.7379993E+06   1.8565391E+06   5.5942436E+06   3.9606648E-04   3.0033482E-04   3.6377783E-04
   2.7536232E-01   3.7474865E+06   1.8537430E+06   5.6009104E+06   3.3910035E-04   1.7910542E-04   2.8498779E-04
   2.8985507E-01   3.7349978E+06   1.8640322E+06   5.5986512E+06   3.7791733E-04   2.9852040E-04   3.5267763E-04
   3.0434783E-01   3.7406573E+06   1.8768416E+06   5.6172464E+06   1.8108979E-04   3.0986407E-04   9.1507698E-05
   3.1884058E-01   3.7282711E+06   1.8855933E+06   5.6136578E+06   3.8800686E-04   3.9085198E-04   1.2929287E-04
   3.3333333E-01   3.7202236E+06   1.8947700E+06   5.6147300E+06   4.3525476E-04   2.7052724E-04   2.0054076E-04
   3.4782609E-01   3.7075109E+06   1.8931420E+06   5.6002108E+06   1.2712175E-04   2.0932290E-04   1.5297270E-04
   3.6231884E-01   3.6916628E+06   1.8754892E+06   5.5669399E+06   3.9257604E-04   1.6320608E-04   3.0475743E-04
   3.7681159E-01   3.6624620E+06   1.8714639E+06   5.5336636E+06   1.7316038E-04   1.5373993E-04   1.1512600E-04
   3.9130435E-01   3.6364064E+06   1.8782047E+06   5.5143305E+06   2.1657987E-04   1.3575256E-04   1.5215770E-04
   4.0579710E-01   3.6157030E+06   1.8477950E+06   5.4629297E+06   1.6644439E-04   5.2103048E-06   1.0779148E-04
   4.2028986E-01   3.5686001E+06   1.8384521E+06   5.4064774E+06   1.1242875E-04   3.2647149E-05   7.9227709E-05
   4.3478261E-01   3.5212024E+06   1.8185428E+06   5.3394926E+06   2.0845008E-04   1.0883821E-04   1.7378950E-04
   4.4927536E-01   3.4798446E+06   1.7830522E+06   5.2625057E+06   1.4983760E-04   1.2171740E-04   1.0524189E-04
   4.6376812E-01   3.4038953E+06   1.7577123E+06   5.1613708E+06   1.3514803E-04   1.7628029E-04   8.2454635E-05
   4.7826087E-01   3.3647183E+06   1.7334719E+06   5.0979146E+06   2.5484659E-04   9.5460189E-05   2.0051091E-04
   4.9275362E-01   3.3056040E+06   1.6898420E+06   4.9949334E+06   2.0211917E-04   5.7183111E-05   1.4592118E-04
   5.0724638E-01   3.2362284E+06   1.6521907E+06   4.8879212E+06   1.5167457E-04   1.5003528E-04   5.5559286E-05
   5.2173913E-01   3.1740116E+06   1.6161682E+06   4.7898430E+06   2.3384793E-04   9.2404887E-05   1.6607421E-04
   5.3623188E-01   3.1094442E+06   1.5754779E+06   4.6844101E+06   1.7590325E-04   4.1884620E-05   1.2500758E-04
   5.5072464E-01   3.0347753E+06   1.5345962E+06   4.5690126E+06   2.8981693E-04   4.7402196E-05   2.0580687E-04
   5.6521739E-01   2.9341313E+06   1.4798209E+06   4.4136608E+06   2.9120893E-04   6.2810613E-05   1.7613578E-04
   5.7971014E-01   2.8691700E+06   1.4536610E+06   4.3225089E+06   3.4321594E-04   7.0063923E-05   2.4204517E-04
   5.9420290E-01   2.7938676E+06   1.4156369E+06   4.2091534E+06   2.6217338E-04   2.1499328E-04   2.3393723E-04
   6.0869565E-01   2.6955039E+06   1.3586219E+06   4.0539273E+06   1.8352122E-04   1.1527017E-04   1.5736003E-04
   6.2318841E-01   2.6137863E+06   1.3187262E+06   3.9322481E+06   2.5342957E-04   1.3069342E-04   1.2463110E-04
   6.3768116E-01   2.5200083E+06   1.2743581E+06   3.7939876E+06   1.6609076E-04   6.7922421E-05   9.2967481E-05
   6.5217391E-01   2.4273337E+06   1.2217746E+06   3.6486874E+06   1.4954693E-04   2.3117604E-04   1.2317896E-04
   6.6666667E-01   2.3439761E+06   1.1745083E+06   3.5181220E+06   3.0346874E-04   1.3987352E-04   2.0782254E-04
   6.8115942E-01   2.2539926E+06   1.1240621E+06   3.3778612E+06   1.5878896E-04   1.5532096E-04   1.2876844E-04
   6.9565217E-01   2.1622332E+06   1.0721027E+06   3.2341307E+06   9.2073696E-05   2.4548275E-04   1.4324571E-04
   7.1014493E-01   2.0836986E+06   1.0284961E+06   3.1119472E+06   2.7569662E-04   1.0362359E-04   2.1288624E-04
   7.2463768E-01   1.9710095E+06   9.8045065E+05   2.9512177E+06   4.2827650E-04   1.1501522E-04   2.5912308E-04
   7.3913043E-01   1.8763343E+06   9.4207470E+05   2.8182456E+06   2.3424101E-04   2.6065664E-04   2.1417390E-04
   7.5362319E-01   1.7960399E+06   8.8541532E+05   2.6812221E+06   3.0739705E-04   2.0517181E-04   2.5719047E-04
   7.6811594E-01   1.6931984E+06   8.4411867E+05   2.5371312E+06   1.6942090E-04   3.8066913E-04   1.1173994E-04
   7.8260870E-01   1.5991612E+06   7.9663383E+05   2.3956687E+06   2.5494354E-04   2.4133868E-05   1.7255499E-04
   7.9710145E-01   1.5107892E+06   7.5845309E+05   2.2692009E+06   1.6075077E-04   2.0812482E-04   1.5328533E-04
   8.1159420E-01   1.4204180E+06   7.0642709E+05   2.1267098E+06   1.4649453E-04   2.6876717E-04   1.6226359E-04
   8.2608696E-01   1.3176509E+06   6.6324559E+05   1.9808035E+06   3.3878160E-04   6.4277430E-05   2.3295714E-04
   8.4057971E-01   1.2338566E+06   6.1933216E+05   1.8530712E+06   6.1131690E-04   2.0993676E-05   4.1120285E-04
   8.5507246E-01   1.1435146E+06   5.7338834E+05   1.7168772E+06   2.3161458E-04   2.0690311E-04   1.6043723E-04
   8.6956522E-01   1.0551988E+06   5.3084506E+05   1.5859681E+06   3.9647179E-04   3.4625813E-04   2.2113584E-04
   8.8405797E-01   9.6697138E+05   4.8589554E+05   1.4527676E+06   1.4396209E-04   1.5346489E-04   7.0185639E-05
   8.9855072E-01   8.8326432E+05   4.4314152E+05   1.3263570E+06   3.5290136E-04   7.8511357E-05   2.5094881E-04
   9.1304348E-01   7.9166645E+05   3.9534611E+05   1.1869644E+06   4.2522917E-04   5.6743441E-05   2.9925216E-04
   9.2753623E-01   7.0808125E+05   3.4829840E+05   1.0563441E+06   5.6760776E-04   2.9171610E-04   4.7095725E-04
   9.4202899E-01   6.2519105E+05   3.0308302E+05   9.2822744E+05   3.2762631E-04   2.7390864E-04   1.4721105E-04
   9.5652174E-01   5.3302183E+05   2.5378438E+05   7.8676030E+05   7.0417428E-04   3.3933786E-04   5.5409213E-04
   9.7101449E-01   4.3124265E+05   1.9903594E+05   6.3026728E+05   7.6256909E-04   3.0986592E-04   5.3385360E-04
   9.8550725E-01   3.1107320E+05   1.3691633E+05   4.4798953E+05   5.1017752E-04   8.8959158E-04   2.9268270E-04
   1.0000000E+00   1.6671301E+05   7.0838806E+04   2.3755182E+05   1.7827005E-03   4.4645886E-04   1.1513015E-03
