   0.0000000E+00   3.2673606E+06   1.7579491E+06   5.0253097E+06   1.5309824E-03   2.0845374E-03   1.6934738E-03
   1.4492754E-02   3.2173500E+06   1.6677784E+06   4.8851284E+06   1.1478365E-03   1.6169003E-03   6.0147958E-04
   2.8985507E-02   3.1946179E+06   1.6393633E+06   4.8339812E+06   1.9629009E-03   1.4963813E-04   1.2739881E-03
   4.3478261E-02   3.2479120E+06   1.6495928E+06   4.8975048E+06   2.1357407E-03   8.8890700E-04   1.4049714E-03
   5.7971014E-02   3.2531530E+06   1.6560335E+06   4.9091865E+06   7.5862448E-04   3.6481587E-04   5.9460362E-04
   7.2463768E-02   3.2456893E+06   1.6824785E+06   4.9280163E+06   9.8953281E-04   3.5492277E-04   7.2594324E-04
   8.6956522E-02   3.2597832E+06   1.7222092E+06   4.9819924E+06   2.7692554E-04   4.1591781E-05   1.8109875E-04
   1.0144928E-01   3.2651956E+06   1.6494845E+06   4.9146801E+06   9.5656988E-04   9.8513527E-05   6.3133841E-04
   1.1594203E-01   3.2738961E+06   1.6825543E+06   4.9566398E+06   5.6606438E-04   5.7781737E-04   5.1169429E-04
   1.3043478E-01   3.2553210E+06   1.6953095E+06   4.9508831E+06   6.2261170E-04   1.9006703E-04   3.6958899E-04
   1.4492754E-01   3.3050201E+06   1.6972544E+06   5.0022745E+06   4.5756603E-04   3.7159798E-04   1.9021296E-04
   1.5942029E-01   3.2871995E+06   1.7202689E+06   5.0075373E+06   1.5963201E-04   5.0387894E-04   2.6473533E-04
   1.7391304E-01   3.2896507E+06   1.7324386E+06   5.0220262E+06   6.9640902E-04   2.5616725E-04   5.3980285E-04
   1.8840580E-01   3.2881109E+06   1.7521787E+06   5.0401730E+06   3.0282421E-04   1.2112399E-04   1.7064709E-04
   2.0289855E-01   3.2984278E+06   1.7622249E+06   5.0607068E+06   6.5959167E-04   1.7938250E-04   4.8598597E-04
   2.1739130E-01   3.2990340E+06   1.7944720E+06   5.0934555E+06   7.1230190E-04   2.5030613E-04   4.9658366E-04
   2.3188406E-01   3.2964861E+06   1.7875008E+06   5.0839396E+06   9.1310956E-04   2.5279079E-04   5.7178245E-04
   2.4637681E-01   3.3059606E+06   1.8051516E+06   5.1110231E+06   6.1050892E-04   7.3631820E-05   4.1547814E-04
   2.6086957E-01   3.2849148E+06   1.8048025E+06   5.0893384E+06   3.7778730E-04   2.2297150E-04   1.6332519E-04
   2.7536232E-01   3.3039712E+06   1.8196448E+06   5.1235363E+06   5.5981992E-04   2.2731650E-04   4.3730152E-04
   2.8985507E-01   3.2905852E+06   1.8245163E+06   5.1150636E+06   7.0972585E-05   9.3916829E-05   6.3153280E-05
   3.0434783E-01   3.3010618E+06   1.8379084E+06   5.1387176E+06   7.5201010E-05   3.0299043E-04   8.1331303E-05
   3.1884058E-01   3.2840997E+06   1.8295552E+06   5.1135171E+06   7.5132809E-04   3.1968319E-04   3.7018822E-04
   3.3333333E-01   3.2633083E+06   1.8272326E+06   5.0905080E+06   5.7951805E-04   2.8313234E-04   4.0650134E-04
   3.4782609E-01   3.2332624E+06   1.8403214E+06   5.0735523E+06   4.7455337E-04   2.2414379E-04   3.5193507E-04
   3.6231884E-01   3.2560248E+06   1.8175678E+06   5.0734108E+06   2.4608370E-04   1.1723391E-04   1.2845369E-04
   3.7681159E-01   3.2134156E+06   1.8175480E+06   5.0307013E+06   4.4559945E-04   7.9864262E-05   3.0964033E-04
   3.9130435E-01   3.2030933E+06   1.8002982E+06   5.0033353E+06   6.4418430E-04   2.3221400E-04   4.6574758E-04
   4.0579710E-01   3.1537813E+06   1.7805188E+06   4.9340565E+06   1.8378393E-04   1.0861753E-04   1.5311151E-04
   4.2028986E-01   3.1432747E+06   1.7665455E+06   4.9095066E+06   3.3500278E-04   7.7297422E-05   1.9289891E-04
   4.3478261E-01   3.1244767E+06   1.7471640E+06   4.8714639E+06   2.0366280E-04   4.8702481E-05   1.1389080E-04
   4.4927536E-01   3.0677581E+06   1.7099184E+06   4.7775787E+06   3.7593554E-04   2.2154280E-04   2.8573416E-04
   4.6376812E-01   3.0308047E+06   1.6806363E+06   4.7113226E+06   4.6317716E-04   6.0145039E-05   2.8188808E-04
   4.7826087E-01   3.0058037E+06   1.6492713E+06   4.6549372E+06   3.7844468E-04   3.6107712E-04   1.8423203E-04
   4.9275362E-01   2.9580480E+06   1.6310951E+06   4.5888534E+06   5.5112724E-04   4.9909165E-05   3.6783495E-04
   5.0724638E-01   2.9100120E+06   1.6005564E+06   4.5104817E+06   5.7108154E-04   2.1927873E-04   4.4469095E-04
   5.2173913E-01   2.8812937E+06   1.5691464E+06   4.4503138E+06   2.7180279E-04   2.4256392E-04   1.8141041E-04
   5.3623188E-01   2.8287744E+06   1.5249144E+06   4.3536683E+06   3.2023374E-04   1.5980997E-04   2.3226014E-04
   5.5072464E-01   2.7922796E+06   1.4876963E+06   4.2797566E+06   2.5204375E-04   2.7826930E-04   2.5436912E-04
   5.6521739E-01   2.7334671E+06   1.4537858E+06   4.1868643E+06   2.0071514E-04   1.4687817E-04   9.1235827E-05
   5.7971014E-01   2.6966333E+06   1.4129516E+06   4.1093576E+06   7.4931419E-05   4.8134875E-05   3.7952757E-05
   5.9420290E-01   2.6198653E+06   1.3771587E+06   3.9969501E+06   3.5418964E-04   2.2404121E-04   2.2045938E-04
   6.0869565E-01   2.5862816E+06   1.3343743E+06   3.9204574E+06   3.2766657E-04   2.0558235E-04   2.2049217E-04
   6.2318841E-01   2.5135536E+06   1.2852271E+06   3.7987807E+06   3.9448780E-04   1.1614635E-04   2.2372397E-04
   6.3768116E-01   2.4554629E+06   1.2481129E+06   3.7033347E+06   2.4910182E-04   1.6240241E-04   1.1078725E-04
   6.5217391E-01   2.4043490E+06   1.2101728E+06   3.6141346E+06   2.9879568E-04   2.2482589E-04   1.6595920E-04
   6.6666667E-01   2.3458869E+06   1.1583817E+06   3.5041204E+06   7.7785935E-04   1.5863946E-04   5.2967500E-04
   6.8115942E-01   2.2892515E+06   1.1280281E+06   3.4171829E+06   3.7170787E-04   1.1784995E-04   2.3739040E-04
   6.9565217E-01   2.2233257E+06   1.0783067E+06   3.3015534E+06   3.2303633E-04   1.6071285E-04   1.9384971E-04
   7.1014493E-01   2.1684568E+06   1.0325167E+06   3.2008962E+06   6.7788982E-04   3.4444451E-04   3.5937411E-04
   7.2463768E-01   2.0926566E+06   9.8881606E+05   3.0812453E+06   2.7017297E-04   1.3050635E-04   2.1473537E-04
   7.3913043E-01   2.0406889E+06   9.5292074E+05   2.9936839E+06   4.8558649E-04   1.2214043E-04   3.5838079E-04
   7.5362319E-01   1.9690516E+06   9.0346985E+05   2.8724923E+06   6.7275330E-04   1.1280186E-04   4.7963261E-04
   7.6811594E-01   1.9185607E+06   8.6659342E+05   2.7850969E+06   4.3668770E-04   7.4455172E-05   3.1661979E-04
   7.8260870E-01   1.8322634E+06   8.2807991E+05   2.6602170E+06   1.5448739E-04   2.5843746E-04   3.4505653E-05
   7.9710145E-01   1.7782013E+06   7.8152962E+05   2.5596345E+06   3.8263275E-04   2.5542466E-04   3.2179228E-04
   8.1159420E-01   1.7148664E+06   7.4499047E+05   2.4597486E+06   3.0638910E-04   8.2007939E-05   1.8880103E-04
   8.2608696E-01   1.6362194E+06   6.9730386E+05   2.3334568E+06   3.1093196E-04   3.0777011E-04   3.0906338E-04
   8.4057971E-01   1.5764320E+06   6.5866914E+05   2.2350881E+06   5.6220725E-04   1.5902277E-04   4.1237187E-04
   8.5507246E-01   1.4946677E+06   6.0979823E+05   2.1044017E+06   2.9286351E-04   2.2544871E-04   2.0919496E-04
   8.6956522E-01   1.4361762E+06   5.7233115E+05   2.0086210E+06   3.0987676E-04   3.1773344E-04   2.3894634E-04
   8.8405797E-01   1.3359519E+06   5.3236592E+05   1.8682557E+06   3.8495711E-04   3.3226908E-04   3.6300510E-04
   8.9855072E-01   1.2449858E+06   4.9238219E+05   1.7372825E+06   3.3261997E-04   4.8951641E-04   1.6363418E-04
   9.1304348E-01   1.1499797E+06   4.4505604E+05   1.5950117E+06   5.2963897E-04   6.0596485E-04   5.2042157E-04
   9.2753623E-01   1.0388925E+06   3.9753945E+05   1.4364201E+06   3.3495473E-04   3.5675165E-04   1.6940970E-04
   9.4202899E-01   9.1745592E+05   3.5041242E+05   1.2678450E+06   6.2062060E-05   2.4264473E-04   1.1717053E-04
   9.5652174E-01   7.8034250E+05   2.9527621E+05   1.0756187E+06   4.8852767E-04   3.7498747E-04   3.5372737E-04
   9.7101449E-01   6.1789468E+05   2.3557694E+05   8.5348293E+05   7.7037257E-04   3.9670261E-04   6.6211510E-04
   9.8550725E-01   3.9991782E+05   1.5672892E+05   5.5666903E+05   8.8719678E-04   1.4493664E-04   6.7118486E-04
   1.0000000E+00   1.8080637E+05   7.2414460E+04   2.5322083E+05   2.1649066E-03   9.6857681E-04   1.8027848E-03
