   0.0000000E+00   3.2006798E+06   1.6852064E+06   4.8858861E+06   5.4678942E-03   1.5402405E-03   3.5974589E-03
   1.4492754E-02   2.8975851E+06   1.5609376E+06   4.4585226E+06   1.2853306E-03   6.1676415E-04   6.2442910E-04
   2.8985507E-02   2.8911443E+06   1.6120848E+06   4.5032291E+06   6.3241231E-04   1.6716341E-04   3.4698104E-04
   4.3478261E-02   2.8569199E+06   1.6112008E+06   4.4681206E+06   1.2086478E-03   4.6404175E-04   7.0539355E-04
   5.7971014E-02   2.8869768E+06   1.5933308E+06   4.4803076E+06   4.0051377E-04   4.2059357E-04   3.9953426E-04
   7.2463768E-02   2.9416854E+06   1.5835181E+06   4.5252035E+06   9.6788896E-04   1.0318098E-03   2.9130289E-04
   8.6956522E-02   2.9224641E+06   1.5912470E+06   4.5137111E+06   3.9466464E-04   1.2252319E-04   2.1295953E-04
   1.0144928E-01   2.9421833E+06   1.6059688E+06   4.5480438E+06   1.1872205E-03   5.9966546E-05   7.4782776E-04
   1.1594203E-01   2.9785682E+06   1.6171048E+06   4.5956730E+06   5.4065709E-04   2.5306147E-04   2.8391486E-04
   1.3043478E-01   3.0082988E+06   1.6327542E+06   4.6410530E+06   1.2879868E-03   3.7282530E-04   8.1281436E-04
   1.4492754E-01   3.0440556E+06   1.6527753E+06   4.6966793E+06   3.1208251E-04   8.5695513E-05   2.2941986E-04
   1.5942029E-01   3.0266070E+06   1.6578590E+06   4.6843971E+06   3.2525769E-04   5.4601870E-04   1.2547414E-04
   1.7391304E-01   3.0719908E+06   1.6860273E+06   4.7578918E+06   6.4161027E-04   2.5324935E-04   3.6163252E-04
   1.8840580E-01   3.1090519E+06   1.6948821E+06   4.8037591E+06   1.1486574E-03   1.2678732E-04   7.8398257E-04
   2.0289855E-01   3.1496949E+06   1.7122684E+06   4.8619092E+06   4.6940490E-04   2.4851825E-04   2.3183936E-04
   2.1739130E-01   3.1832518E+06   1.7369851E+06   4.9202369E+06   5.7771333E-04   3.6397424E-04   4.2748454E-04
   2.3188406E-01   3.1811207E+06   1.7323755E+06   4.9133067E+06   6.7069909E-04   4.5217552E-04   2.7158700E-04
   2.4637681E-01   3.2145419E+06   1.7608909E+06   4.9750316E+06   4.0337606E-04   1.4099725E-04   2.1494669E-04
   2.6086957E-01   3.2721596E+06   1.7779449E+06   5.0498519E+06   1.4210257E-05   1.5637712E-04   6.4214523E-05
   2.7536232E-01   3.2522058E+06   1.7774907E+06   5.0293377E+06   1.4144117E-04   4.8023410E-04   1.4696064E-04
   2.8985507E-01   3.2952832E+06   1.8028071E+06   5.0978630E+06   6.6015463E-04   1.5585378E-04   4.5638149E-04
   3.0434783E-01   3.2991134E+06   1.8117845E+06   5.1105009E+06   7.5672512E-05   1.4495752E-04   8.2636125E-05
   3.1884058E-01   3.3087950E+06   1.8095785E+06   5.1179947E+06   5.9757499E-04   1.6916188E-04   4.3259008E-04
   3.3333333E-01   3.3259040E+06   1.8142522E+06   5.1398927E+06   3.7799804E-04   2.3644287E-04   1.6045889E-04
   3.4782609E-01   3.3353990E+06   1.8172420E+06   5.1524832E+06   2.8828746E-04   2.2582239E-04   1.2725738E-04
   3.6231884E-01   3.3221601E+06   1.8180225E+06   5.1398795E+06   3.9548259E-04   6.6003581E-05   2.3225497E-04
   3.7681159E-01   3.3350323E+06   1.7924261E+06   5.1271961E+06   4.0655781E-04   1.4607215E-04   2.7789152E-04
   3.9130435E-01   3.3328066E+06   1.7790815E+06   5.1116355E+06   6.8213519E-04   2.2188553E-04   4.8537240E-04
   4.0579710E-01   3.2834625E+06   1.7588151E+06   5.0421152E+06   1.8093962E-04   1.2135683E-04   1.4272062E-04
   4.2028986E-01   3.2901188E+06   1.7535856E+06   5.0431034E+06   5.2526657E-04   1.9763154E-04   4.1136921E-04
   4.3478261E-01   3.2577121E+06   1.7463305E+06   5.0036132E+06   3.1963600E-04   2.2627538E-04   1.4961407E-04
   4.4927536E-01   3.2388355E+06   1.7179602E+06   4.9564045E+06   3.9389808E-04   2.3882205E-04   2.9209856E-04
   4.6376812E-01   3.2065996E+06   1.6971171E+06   4.9033614E+06   1.1697956E-03   1.7274434E-04   7.3060493E-04
   4.7826087E-01   3.1640558E+06   1.6627269E+06   4.8264842E+06   3.6811048E-04   3.0948609E-04   1.3845319E-04
   4.9275362E-01   3.1208723E+06   1.6305156E+06   4.7508753E+06   3.6096473E-04   7.5141150E-05   2.1037298E-04
   5.0724638E-01   3.0803512E+06   1.6021801E+06   4.6822498E+06   2.9462154E-04   2.7039185E-04   2.8398386E-04
   5.2173913E-01   3.0367981E+06   1.5793969E+06   4.6158162E+06   4.6256993E-04   1.7785751E-04   2.4885857E-04
   5.3623188E-01   2.9810590E+06   1.5323893E+06   4.5129773E+06   9.3869273E-04   2.4879983E-04   6.8099044E-04
   5.5072464E-01   2.9296892E+06   1.4933195E+06   4.4227894E+06   1.6873749E-04   2.3428444E-05   1.0568565E-04
   5.6521739E-01   2.8745810E+06   1.4625289E+06   4.3368379E+06   3.3625378E-04   2.1420566E-04   2.2305170E-04
   5.7971014E-01   2.8334427E+06   1.4250186E+06   4.2579876E+06   2.3192139E-04   1.9720760E-04   1.1705443E-04
   5.9420290E-01   2.7577549E+06   1.3891346E+06   4.1465384E+06   1.2377022E-04   4.6901521E-04   1.6795404E-04
   6.0869565E-01   2.6909214E+06   1.3402558E+06   4.0308885E+06   5.1707181E-04   2.9039973E-05   3.5301147E-04
   6.2318841E-01   2.6298397E+06   1.3062676E+06   3.9357020E+06   1.3839424E-04   3.4216196E-04   2.0700589E-04
   6.3768116E-01   2.5616494E+06   1.2641287E+06   3.8255370E+06   3.6047187E-04   1.5511161E-04   2.9575736E-04
   6.5217391E-01   2.5024338E+06   1.2290657E+06   3.7311291E+06   1.0613317E-04   1.7119380E-04   1.8083128E-05
   6.6666667E-01   2.4257622E+06   1.1767980E+06   3.6023131E+06   2.8649430E-04   3.3551284E-04   2.1277556E-04
   6.8115942E-01   2.3420351E+06   1.1296403E+06   3.4714819E+06   7.5047610E-04   5.9349776E-05   4.8904335E-04
   6.9565217E-01   2.2736521E+06   1.0879362E+06   3.3613357E+06   3.2802330E-04   2.3410576E-04   2.3302206E-04
   7.1014493E-01   2.1905549E+06   1.0572437E+06   3.2476130E+06   8.3370437E-05   1.7827085E-04   5.3267144E-05
   7.2463768E-01   2.1255726E+06   1.0078504E+06   3.1331806E+06   6.2454019E-04   3.4890851E-04   4.3295209E-04
   7.3913043E-01   2.0426798E+06   9.6171643E+05   3.0042179E+06   4.3257878E-04   1.8696170E-04   2.8061306E-04
   7.5362319E-01   1.9641846E+06   9.2569193E+05   2.8897454E+06   3.3931125E-04   3.9811336E-04   1.0831499E-04
   7.6811594E-01   1.8945276E+06   8.7042500E+05   2.7646809E+06   3.6244456E-04   2.9758084E-04   2.1212977E-04
   7.8260870E-01   1.8057707E+06   8.3193875E+05   2.6376253E+06   5.2950644E-04   7.8834018E-05   3.7720165E-04
   7.9710145E-01   1.7227075E+06   7.9566485E+05   2.5182621E+06   6.5388850E-04   1.5363524E-04   4.8393216E-04
   8.1159420E-01   1.6579549E+06   7.5770962E+05   2.4155834E+06   5.7132114E-04   2.6846627E-04   4.0648329E-04
   8.2608696E-01   1.5685282E+06   7.0823122E+05   2.2766930E+06   2.7578787E-05   9.6808046E-05   2.8005287E-05
   8.4057971E-01   1.4770378E+06   6.6961713E+05   2.1465504E+06   6.8262012E-04   8.2982042E-05   4.5414647E-04
   8.5507246E-01   1.3950703E+06   6.2816371E+05   2.0231698E+06   4.6704820E-04   2.9723900E-04   3.7587718E-04
   8.6956522E-01   1.3167064E+06   5.8398766E+05   1.9005678E+06   2.0478486E-04   4.8750242E-04   2.4477560E-04
   8.8405797E-01   1.2219808E+06   5.4099915E+05   1.7628682E+06   2.8006870E-04   3.1088703E-04   2.6078909E-04
   8.9855072E-01   1.1296143E+06   4.9465540E+05   1.6241841E+06   9.8974431E-04   3.3959948E-04   6.4023583E-04
   9.1304348E-01   1.0245322E+06   4.5233272E+05   1.4768529E+06   4.3059261E-04   2.5202304E-04   3.6348343E-04
   9.2753623E-01   9.2466371E+05   4.0133997E+05   1.3259208E+06   4.4705134E-04   2.0721909E-04   2.5405314E-04
   9.4202899E-01   8.1274837E+05   3.5487723E+05   1.1676256E+06   3.0207702E-04   4.4471285E-04   1.1588343E-04
   9.5652174E-01   6.8300777E+05   2.9265857E+05   9.7564339E+05   8.4231120E-04   2.0551288E-04   5.4780615E-04
   9.7101449E-01   5.2851568E+05   2.3017100E+05   7.5866406E+05   2.2376673E-04   3.9191557E-04   1.3332594E-04
   9.8550725E-01   3.4797943E+05   1.5282880E+05   5.0080823E+05   7.8764927E-04   2.8067893E-04   6.3833645E-04
   1.0000000E+00   1.5671198E+05   7.2523881E+04   2.2923586E+05   3.9835767E-03   3.1656359E-04   2.6984740E-03
