   0.0000000E+00   2.1944054E+06   1.5518447E+06   3.7462502E+06   6.7929296E-03   1.0881983E-05   3.9818674E-03
   1.4492754E-02   2.1534877E+06   1.5897316E+06   3.7432192E+06   4.6023617E-03   7.0369378E-05   2.6350785E-03
   2.8985507E-02   2.1955420E+06   1.5518447E+06   3.7473868E+06   1.0421197E-03   3.6748021E-05   5.9706110E-04
   4.3478261E-02   2.2128437E+06   1.5137053E+06   3.7265490E+06   2.7670066E-03   2.1758828E-05   1.6516433E-03
   5.7971014E-02   2.1837971E+06   1.5654840E+06   3.7492811E+06   1.5921130E-03   3.9976994E-05   9.1719124E-04
   7.2463768E-02   2.2248665E+06   1.5659386E+06   3.7908051E+06   4.5789709E-04   4.1159123E-06   2.7008763E-04
   8.6956522E-02   2.2403748E+06   1.6016028E+06   3.8419776E+06   1.4085695E-03   4.2854193E-05   8.2216676E-04
   1.0144928E-01   2.2427923E+06   1.5949275E+06   3.8376116E+06   5.4407317E-04   1.6271357E-05   3.1581458E-04
   1.1594203E-01   2.2828712E+06   1.6093380E+06   3.8920198E+06   9.4837860E-04   2.4546749E-06   5.5893521E-04
   1.3043478E-01   2.3352603E+06   1.6281236E+06   3.9632996E+06   1.6961495E-03   4.7563979E-06   1.0015151E-03
   1.4492754E-01   2.3589858E+06   1.6705063E+06   4.0294921E+06   1.2326037E-03   1.0240701E-05   7.1748148E-04
   1.5942029E-01   2.4297171E+06   1.6777668E+06   4.1074150E+06   1.8216700E-03   3.2960346E-05   1.0910108E-03
   1.7391304E-01   2.4619496E+06   1.7081279E+06   4.1698881E+06   1.4911937E-03   3.6842082E-06   8.8100628E-04
   1.8840580E-01   2.5169098E+06   1.7464665E+06   4.2633180E+06   7.4872620E-04   4.6773157E-06   4.3822947E-04
   2.0289855E-01   2.5699181E+06   1.7434439E+06   4.3134702E+06   3.9917121E-04   1.8798715E-05   2.3217356E-04
   2.1739130E-01   2.6352061E+06   1.7608285E+06   4.3959336E+06   1.3160909E-03   8.8994452E-06   7.9366468E-04
   2.3188406E-01   2.7025626E+06   1.8174788E+06   4.5198993E+06   1.6038915E-03   1.9348096E-05   9.6939846E-04
   2.4637681E-01   2.7266932E+06   1.8113473E+06   4.5379959E+06   1.6558450E-03   8.5023345E-06   9.9640215E-04
   2.6086957E-01   2.8326723E+06   1.8389848E+06   4.6715729E+06   6.0170098E-04   8.4678612E-06   3.6954392E-04
   2.7536232E-01   2.8745738E+06   1.8479204E+06   4.7222549E+06   7.0043891E-04   1.2931303E-05   4.2452656E-04
   2.8985507E-01   2.9178166E+06   1.8739586E+06   4.7916995E+06   6.5799588E-04   1.2560175E-05   4.0498786E-04
   3.0434783E-01   2.9935651E+06   1.8927902E+06   4.8860666E+06   1.5938897E-03   8.0797456E-06   9.8149818E-04
   3.1884058E-01   3.0194429E+06   1.8893131E+06   4.9084805E+06   6.9094722E-04   9.2639351E-06   4.2449114E-04
   3.3333333E-01   3.0512080E+06   1.8990199E+06   4.9501620E+06   1.8253584E-04   9.4621440E-06   1.1019822E-04
   3.4782609E-01   3.0807995E+06   1.8969938E+06   4.9776670E+06   2.0364804E-04   1.0705717E-05   1.2614646E-04
   3.6231884E-01   3.1121761E+06   1.8933718E+06   5.0053661E+06   5.2286119E-05   1.1140046E-05   3.1423718E-05
   3.7681159E-01   3.1282285E+06   1.8840248E+06   5.0118744E+06   4.5427903E-04   7.2085889E-06   2.8148040E-04
   3.9130435E-01   3.1498833E+06   1.8713290E+06   5.0209878E+06   1.1459594E-03   1.2583743E-05   7.2431516E-04
   4.0579710E-01   3.1462580E+06   1.8627603E+06   5.0089642E+06   1.1100012E-03   1.0084316E-05   7.0046772E-04
   4.2028986E-01   3.1705532E+06   1.8537375E+06   5.0240032E+06   4.5242647E-04   1.2074887E-05   2.8167588E-04
   4.3478261E-01   3.1478402E+06   1.8323083E+06   4.9798202E+06   8.5457350E-04   6.2155726E-06   5.3837296E-04
   4.4927536E-01   3.1314080E+06   1.7872808E+06   4.9185666E+06   2.7953650E-04   9.9386859E-06   1.7753142E-04
   4.6376812E-01   3.1298314E+06   1.7605538E+06   4.8902668E+06   9.6945929E-04   7.9582179E-06   6.1580680E-04
   4.7826087E-01   3.1146192E+06   1.7275248E+06   4.8418226E+06   3.4948726E-04   7.8808973E-06   2.2249886E-04
   4.9275362E-01   3.0850581E+06   1.7030578E+06   4.7878930E+06   6.8636228E-04   1.3721432E-05   4.4230945E-04
   5.0724638E-01   3.0798099E+06   1.6541175E+06   4.7335811E+06   1.8775882E-04   1.7765962E-05   1.2950657E-04
   5.2173913E-01   3.0350511E+06   1.6227352E+06   4.6573864E+06   5.3890088E-04   1.6020964E-05   3.5085879E-04
   5.3623188E-01   2.9928961E+06   1.5906122E+06   4.5831806E+06   8.2726035E-04   2.1129466E-05   5.4537609E-04
   5.5072464E-01   2.9546746E+06   1.5362314E+06   4.4907663E+06   3.6617335E-04   4.2123843E-06   2.4152713E-04
   5.6521739E-01   2.9278557E+06   1.5031553E+06   4.4307973E+06   5.4021598E-04   1.2888681E-05   3.5697439E-04
   5.7971014E-01   2.8775051E+06   1.4462920E+06   4.3235887E+06   3.2024104E-04   1.0137837E-05   2.1050458E-04
   5.9420290E-01   2.8264133E+06   1.4040306E+06   4.2301852E+06   4.4707520E-04   1.9771564E-05   3.0301463E-04
   6.0869565E-01   2.7704838E+06   1.3686709E+06   4.1389201E+06   9.9704600E-04   2.2734676E-05   6.5866771E-04
   6.2318841E-01   2.7150234E+06   1.3168759E+06   4.0316173E+06   1.7446560E-04   9.7731242E-06   1.1355336E-04
   6.3768116E-01   2.6632378E+06   1.2610633E+06   3.9241116E+06   2.2124283E-04   5.7788826E-06   1.5035866E-04
   6.5217391E-01   2.6074056E+06   1.2275671E+06   3.8346528E+06   8.6322739E-04   3.0830854E-06   5.8689324E-04
   6.6666667E-01   2.5513488E+06   1.1767321E+06   3.7279162E+06   6.9502558E-04   1.2070245E-05   4.7425761E-04
   6.8115942E-01   2.4833933E+06   1.1242072E+06   3.6074876E+06   8.6152050E-04   7.2420260E-06   5.9663937E-04
   6.9565217E-01   2.4231630E+06   1.0780067E+06   3.5010276E+06   5.1192626E-04   9.6709812E-06   3.5313259E-04
   7.1014493E-01   2.3488136E+06   1.0286662E+06   3.3773870E+06   1.9867591E-04   4.2816267E-06   1.3867967E-04
   7.2463768E-01   2.2895620E+06   9.8611852E+05   3.2755593E+06   4.2549631E-04   1.0111495E-05   2.9714453E-04
   7.3913043E-01   2.2271515E+06   9.3056008E+05   3.1574442E+06   4.7378038E-04   9.9276903E-06   3.3671535E-04
   7.5362319E-01   2.1538520E+06   8.8971401E+05   3.0434494E+06   3.7596291E-04   1.4267259E-05   2.6757789E-04
   7.6811594E-01   2.0805019E+06   8.4945142E+05   2.9297674E+06   1.0406972E-03   9.2554025E-06   7.3703654E-04
   7.8260870E-01   2.0070340E+06   7.9541304E+05   2.8022646E+06   3.8815540E-04   5.8184757E-06   2.8058134E-04
   7.9710145E-01   1.9335925E+06   7.5668963E+05   2.6901857E+06   3.8246340E-04   1.2805499E-05   2.7445529E-04
   8.1159420E-01   1.8520979E+06   7.0943097E+05   2.5614206E+06   9.7844845E-04   9.7216611E-06   7.0474971E-04
   8.2608696E-01   1.7515150E+06   6.6115849E+05   2.4125937E+06   7.0252473E-04   1.4272759E-05   5.0600160E-04
   8.4057971E-01   1.6507424E+06   6.2203650E+05   2.2726875E+06   3.1379553E-04   1.0334344E-05   2.2450353E-04
   8.5507246E-01   1.5483643E+06   5.7301589E+05   2.1213031E+06   3.6300457E-04   1.7159470E-05   2.6741306E-04
   8.6956522E-01   1.4410131E+06   5.2925382E+05   1.9701912E+06   2.4198948E-04   1.2411809E-05   1.7744868E-04
   8.8405797E-01   1.3248343E+06   4.8647937E+05   1.8112640E+06   1.1443111E-04   2.6786554E-05   8.0793035E-05
   8.9855072E-01   1.2156174E+06   4.4356928E+05   1.6591500E+06   6.6200039E-04   3.1697426E-05   4.7577848E-04
   9.1304348E-01   1.0989227E+06   3.9343372E+05   1.4923323E+06   8.6109040E-04   1.9890770E-05   6.3847364E-04
   9.2753623E-01   9.6649314E+05   3.4987307E+05   1.3162833E+06   5.4133074E-04   3.6126337E-06   3.9179033E-04
   9.4202899E-01   8.2896393E+05   2.9850162E+05   1.1274306E+06   6.7201273E-04   2.3711997E-05   4.9051625E-04
   9.5652174E-01   6.9117066E+05   2.4613813E+05   9.3729732E+05   1.1484549E-03   1.4027756E-05   8.4008982E-04
   9.7101449E-01   5.1631273E+05   1.8927584E+05   7.0555464E+05   1.6024740E-03   1.1239777E-05   1.1641779E-03
   9.8550725E-01   3.2165922E+05   1.1986726E+05   4.4152648E+05   1.6995764E-03   2.3081566E-05   1.2363923E-03
   1.0000000E+00   1.3977370E+05   5.6001391E+04   1.9577509E+05   2.9641248E-03   1.9904222E-06   2.1166599E-03
