   0.0000000E+00   2.8733375E+06   1.4912258E+06   4.3645633E+06   3.2419806E-03   3.0265411E-03   1.8582678E-03
   1.4492754E-02   2.9779052E+06   1.5003186E+06   4.4782238E+06   3.7377935E-04   1.3286050E-03   6.9367002E-04
   2.8985507E-02   3.0229905E+06   1.5389632E+06   4.5619537E+06   4.3050075E-04   1.4536234E-03   3.2612089E-04
   4.3478261E-02   3.0630243E+06   1.4765762E+06   4.5396005E+06   5.1267533E-04   3.0711774E-04   2.5194415E-04
   5.7971014E-02   3.0648555E+06   1.5143368E+06   4.5791922E+06   2.8299136E-04   4.8594420E-04   2.5742303E-04
   7.2463768E-02   3.0647418E+06   1.5350230E+06   4.5996132E+06   9.9602734E-05   5.5592212E-04   1.2047748E-04
   8.6956522E-02   3.0693387E+06   1.5745768E+06   4.6439156E+06   4.1931104E-04   2.9319724E-04   2.6775238E-04
   1.0144928E-01   3.1149473E+06   1.5507622E+06   4.6656013E+06   9.7830669E-05   7.3289994E-04   2.9974118E-04
   1.1594203E-01   3.1412921E+06   1.5702198E+06   4.7112278E+06   2.6862372E-05   1.7250413E-04   5.3773583E-05
   1.3043478E-01   3.1574046E+06   1.5819016E+06   4.7392220E+06   7.2094510E-05   5.7571326E-04   2.1595282E-04
   1.4492754E-01   3.2212144E+06   1.6184498E+06   4.8394369E+06   2.8092005E-04   2.0054185E-04   1.4308908E-04
   1.5942029E-01   3.2619187E+06   1.6269984E+06   4.8889171E+06   2.9863963E-04   1.7798427E-04   1.4036949E-04
   1.7391304E-01   3.3080258E+06   1.6629794E+06   4.9709421E+06   1.2675233E-04   7.1067283E-05   6.1208795E-05
   1.8840580E-01   3.3778153E+06   1.7033921E+06   5.0810325E+06   2.1952957E-04   1.8083522E-04   9.0791885E-05
   2.0289855E-01   3.4186914E+06   1.7044204E+06   5.1230036E+06   2.5151757E-04   4.2267737E-04   8.1517369E-05
   2.1739130E-01   3.4448730E+06   1.7285489E+06   5.1732199E+06   1.9956024E-04   4.1636032E-04   2.7199419E-04
   2.3188406E-01   3.4905614E+06   1.7567178E+06   5.2472318E+06   1.3839492E-04   2.4631388E-04   1.4747371E-04
   2.4637681E-01   3.5709901E+06   1.7885706E+06   5.3592487E+06   1.0214918E-04   3.3115031E-04   4.4748967E-05
   2.6086957E-01   3.5819055E+06   1.8068652E+06   5.3886023E+06   2.3024652E-04   2.4618102E-04   1.0820632E-04
   2.7536232E-01   3.6172355E+06   1.8032139E+06   5.4203298E+06   2.6255176E-04   1.5995433E-04   1.2467673E-04
   2.8985507E-01   3.6754776E+06   1.8315253E+06   5.5067756E+06   1.1684468E-04   2.0382588E-04   1.4015737E-05
   3.0434783E-01   3.6477805E+06   1.8407228E+06   5.4880703E+06   1.5711302E-04   2.2759760E-04   7.8974125E-05
   3.1884058E-01   3.7073645E+06   1.8506341E+06   5.5577230E+06   8.1557576E-05   1.8633703E-04   1.1636726E-04
   3.3333333E-01   3.7085610E+06   1.8608036E+06   5.5690022E+06   2.3497816E-04   2.6784123E-04   7.2485238E-05
   3.4782609E-01   3.7008175E+06   1.8621379E+06   5.5628291E+06   1.6301353E-04   2.4292554E-04   1.1674137E-04
   3.6231884E-01   3.6929964E+06   1.8555759E+06   5.5482692E+06   6.6103792E-05   2.2382720E-04   1.0870196E-04
   3.7681159E-01   3.6775876E+06   1.8438648E+06   5.5210735E+06   1.4443584E-04   2.2610555E-04   4.6323446E-05
   3.9130435E-01   3.6524873E+06   1.8446679E+06   5.4969025E+06   7.1742511E-05   9.4543470E-05   3.2472692E-05
   4.0579710E-01   3.6198164E+06   1.8304753E+06   5.4498858E+06   7.8203691E-05   2.8991457E-04   1.2513168E-04
   4.2028986E-01   3.6043705E+06   1.8098149E+06   5.4138718E+06   1.5119800E-04   2.6811027E-04   1.6391573E-04
   4.3478261E-01   3.5365844E+06   1.7844446E+06   5.3208270E+06   2.3407940E-04   3.7079949E-04   1.3463172E-04
   4.4927536E-01   3.5016479E+06   1.7581935E+06   5.2595725E+06   8.4065027E-05   1.3610410E-04   9.3855411E-05
   4.6376812E-01   3.4448604E+06   1.7258400E+06   5.1702979E+06   2.6254664E-04   9.6173476E-05   1.7296516E-04
   4.7826087E-01   3.3917212E+06   1.7061245E+06   5.0974784E+06   8.9844720E-05   3.1399459E-04   7.0517404E-05
   4.9275362E-01   3.3209593E+06   1.6732832E+06   4.9939528E+06   8.8472039E-05   5.8243235E-05   4.3063571E-05
   5.0724638E-01   3.2537213E+06   1.6351308E+06   4.8885274E+06   1.4647836E-04   2.4178837E-04   7.0727403E-05
   5.2173913E-01   3.1795263E+06   1.5963828E+06   4.7755513E+06   1.3444347E-04   1.2666198E-04   1.3099969E-04
   5.3623188E-01   3.1220595E+06   1.5667332E+06   4.6884855E+06   2.0837463E-04   3.0444583E-04   1.7471780E-04
   5.5072464E-01   3.0364503E+06   1.5201195E+06   4.5563704E+06   2.6400089E-05   2.0165788E-04   5.7182307E-05
   5.6521739E-01   2.9462745E+06   1.4805981E+06   4.4267366E+06   1.0027935E-04   1.0023786E-04   9.3861640E-05
   5.7971014E-01   2.8655896E+06   1.4373886E+06   4.3027320E+06   8.8723910E-05   1.4522614E-04   1.0136526E-04
   5.9420290E-01   2.7875839E+06   1.3942725E+06   4.1816161E+06   1.0118154E-04   1.7432915E-04   9.4769919E-05
   6.0869565E-01   2.6964421E+06   1.3517301E+06   4.0479196E+06   2.9497284E-05   1.0998626E-04   1.8361793E-05
   6.2318841E-01   2.6199891E+06   1.3019855E+06   3.9216045E+06   1.0934261E-04   8.9843745E-05   6.6868914E-05
   6.3768116E-01   2.5198706E+06   1.2670907E+06   3.7867374E+06   1.0864079E-04   3.3696232E-04   1.6311678E-04
   6.5217391E-01   2.4301963E+06   1.2221451E+06   3.6521729E+06   1.4899106E-04   1.3567294E-04   1.3603253E-04
   6.6666667E-01   2.3499391E+06   1.1792689E+06   3.5290598E+06   1.7365238E-04   2.7074357E-04   6.2591808E-05
   6.8115942E-01   2.2486562E+06   1.1157915E+06   3.3642864E+06   2.7206394E-04   3.3350946E-04   1.9931362E-04
   6.9565217E-01   2.1584129E+06   1.0790644E+06   3.2373195E+06   1.3401381E-04   2.4553118E-04   2.9865537E-05
   7.1014493E-01   2.0695799E+06   1.0382230E+06   3.1076019E+06   2.1235569E-04   3.6994359E-04   1.9744340E-05
   7.2463768E-01   1.9797993E+06   9.8720966E+05   2.9667664E+06   1.0820053E-04   3.2069384E-04   1.7400715E-04
   7.3913043E-01   1.8953966E+06   9.4731943E+05   2.8425080E+06   4.4897608E-04   3.1623554E-04   3.1590542E-04
   7.5362319E-01   1.8155225E+06   9.0323670E+05   2.7187009E+06   1.7172505E-04   7.6051708E-05   1.2200696E-04
   7.6811594E-01   1.7239510E+06   8.6166099E+05   2.5854976E+06   2.7711748E-04   1.4876172E-04   2.2115690E-04
   7.8260870E-01   1.6294005E+06   8.2005351E+05   2.4493277E+06   4.7919446E-05   1.8081587E-04   6.5344689E-05
   7.9710145E-01   1.5518585E+06   7.7360782E+05   2.3253010E+06   1.0121797E-04   1.8987135E-04   6.4619984E-05
   8.1159420E-01   1.4654222E+06   7.2714307E+05   2.1924840E+06   2.2496834E-04   2.4666713E-04   2.2875301E-04
   8.2608696E-01   1.3779375E+06   6.8611063E+05   2.0638886E+06   2.8213891E-04   2.5997022E-04   1.0247886E-04
   8.4057971E-01   1.2880348E+06   6.4589214E+05   1.9337701E+06   2.1970401E-04   6.0253455E-04   3.4582194E-04
   8.5507246E-01   1.2070617E+06   6.1056881E+05   1.8175920E+06   8.5756596E-05   1.8799552E-04   6.4794813E-05
   8.6956522E-01   1.1288761E+06   5.6264475E+05   1.6914451E+06   1.9469590E-04   3.9340956E-04   2.5372127E-04
   8.8405797E-01   1.0469188E+06   5.2021729E+05   1.5670243E+06   1.5382862E-04   3.4648230E-04   2.0469122E-04
   8.9855072E-01   9.5234057E+05   4.7675081E+05   1.4290303E+06   4.7709709E-04   5.0777094E-04   4.5673928E-04
   9.1304348E-01   8.5929745E+05   4.3251129E+05   1.2917847E+06   3.5120834E-04   5.4879456E-04   2.8734479E-04
   9.2753623E-01   7.6978943E+05   3.8742840E+05   1.1572178E+06   2.2402341E-04   2.3953138E-04   2.2647280E-04
   9.4202899E-01   6.7391935E+05   3.3304276E+05   1.0069271E+06   2.2482853E-04   4.5619031E-04   2.8381071E-04
   9.5652174E-01   5.5669536E+05   2.7748088E+05   8.3415328E+05   6.2009865E-04   6.2693252E-04   2.5475488E-04
   9.7101449E-01   4.3850335E+05   2.1906507E+05   6.5755711E+05   6.5235707E-04   4.8845490E-04   3.9137737E-04
   9.8550725E-01   2.9987429E+05   1.4912927E+05   4.4900356E+05   6.2989019E-04   5.1605102E-04   5.9183988E-04
   1.0000000E+00   1.3852630E+05   6.7315467E+04   2.0584177E+05   1.4545837E-03   5.5710141E-04   1.1488481E-03
