   0.0000000E+00   3.4674031E+06   1.5336590E+06   5.0010621E+06   9.9196787E-03   1.4949593E-06   6.8771923E-03
   1.4492754E-02   3.5553005E+06   1.5215353E+06   5.0768358E+06   4.3885181E-03   4.6033601E-06   3.0721115E-03
   2.8985507E-02   3.6420614E+06   1.5022130E+06   5.1442743E+06   1.9818538E-03   1.3401008E-05   1.3992138E-03
   4.3478261E-02   3.5868729E+06   1.5432570E+06   5.1301299E+06   9.6565143E-04   3.7423125E-05   6.7827460E-04
   5.7971014E-02   3.5880726E+06   1.5507081E+06   5.1387808E+06   1.4305439E-03   1.3552807E-05   1.0028585E-03
   7.2463768E-02   3.5825790E+06   1.5507839E+06   5.1333629E+06   7.4121499E-04   1.6070189E-05   5.1254839E-04
   8.6956522E-02   3.6051849E+06   1.5767238E+06   5.1819086E+06   1.0358719E-03   2.2812188E-05   7.2722908E-04
   1.0144928E-01   3.5668831E+06   1.5784738E+06   5.1452486E+06   4.0881598E-04   1.2726893E-05   2.8396854E-04
   1.1594203E-01   3.5694134E+06   1.5999610E+06   5.1693744E+06   5.1299977E-04   7.7051485E-06   3.5447997E-04
   1.3043478E-01   3.5706236E+06   1.6088434E+06   5.1794670E+06   5.3625472E-04   1.1095931E-05   3.7122354E-04
   1.4492754E-01   3.5921265E+06   1.6298158E+06   5.2219424E+06   4.7220129E-04   2.1239892E-05   3.2408895E-04
   1.5942029E-01   3.5624646E+06   1.6695695E+06   5.2318963E+06   8.0519311E-04   2.0598713E-05   5.5659892E-04
   1.7391304E-01   3.5594681E+06   1.7037078E+06   5.2629864E+06   5.7127886E-04   2.6085479E-05   3.8694097E-04
   1.8840580E-01   3.4958473E+06   1.7110277E+06   5.2068168E+06   3.9659628E-04   2.2369679E-05   2.6470001E-04
   2.0289855E-01   3.4949522E+06   1.7469619E+06   5.2418600E+06   7.0167298E-04   1.4722416E-05   4.7298428E-04
   2.1739130E-01   3.4996826E+06   1.7673956E+06   5.2670782E+06   1.3399087E-04   1.9242589E-05   9.5523644E-05
   2.3188406E-01   3.4718074E+06   1.7986301E+06   5.2702481E+06   8.2147758E-04   8.1164718E-06   5.4015670E-04
   2.4637681E-01   3.4663333E+06   1.8041265E+06   5.2702815E+06   7.3338609E-04   1.8110742E-05   4.8077145E-04
   2.6086957E-01   3.4450919E+06   1.8364590E+06   5.2812563E+06   5.5827772E-04   4.6135900E-06   3.6373397E-04
   2.7536232E-01   3.4293567E+06   1.8637531E+06   5.2931098E+06   4.1744684E-04   1.2858950E-05   2.7489185E-04
   2.8985507E-01   3.4076934E+06   1.8675557E+06   5.2752112E+06   4.1267451E-04   2.2112221E-05   2.6342920E-04
   3.0434783E-01   3.3606704E+06   1.8914551E+06   5.2519090E+06   3.8285916E-04   1.1985835E-05   2.4944605E-04
   3.1884058E-01   3.3206088E+06   1.8976138E+06   5.2181192E+06   3.7076436E-04   8.1737061E-06   2.3599889E-04
   3.3333333E-01   3.3264640E+06   1.8921344E+06   5.2181701E+06   2.8076381E-04   8.1630472E-06   1.7754767E-04
   3.4782609E-01   3.2800211E+06   1.9106330E+06   5.1905279E+06   5.2826155E-04   1.5105374E-05   3.3762415E-04
   3.6231884E-01   3.2661482E+06   1.8884617E+06   5.1543068E+06   5.8324208E-04   1.7835044E-05   3.7272248E-04
   3.7681159E-01   3.2211678E+06   1.8885421E+06   5.1093019E+06   2.7538490E-04   1.1205058E-05   1.6599764E-04
   3.9130435E-01   3.1921201E+06   1.8730690E+06   5.0648804E+06   2.8781522E-04   1.7108743E-05   1.8709165E-04
   4.0579710E-01   3.1488019E+06   1.8545064E+06   5.0031188E+06   6.3425202E-04   6.8322904E-06   3.9494489E-04
   4.2028986E-01   3.1047085E+06   1.8504452E+06   4.9548402E+06   9.5348961E-05   8.4457408E-06   5.7299696E-05
   4.3478261E-01   3.0696166E+06   1.8325104E+06   4.9017228E+06   2.0692935E-04   1.4484069E-05   1.2387621E-04
   4.4927536E-01   3.0231983E+06   1.8019223E+06   4.8248272E+06   4.8494858E-05   1.5658315E-05   2.4913461E-05
   4.6376812E-01   2.9852931E+06   1.7742168E+06   4.7592968E+06   8.3147628E-04   2.6591686E-06   5.1954920E-04
   4.7826087E-01   2.9425900E+06   1.7354696E+06   4.6778530E+06   3.4526824E-04   1.1129374E-05   2.1794498E-04
   4.9275362E-01   2.8883585E+06   1.7111477E+06   4.5992834E+06   4.7980372E-04   7.8402906E-06   3.0144522E-04
   5.0724638E-01   2.8482023E+06   1.6691640E+06   4.5171065E+06   3.5642481E-04   1.2027206E-05   2.2533065E-04
   5.2173913E-01   2.8011210E+06   1.6318912E+06   4.4326754E+06   4.9544404E-04   1.2915468E-05   3.1661929E-04
   5.3623188E-01   2.7601890E+06   1.5878679E+06   4.3477702E+06   5.6156199E-04   2.8491338E-05   3.5540929E-04
   5.5072464E-01   2.7054988E+06   1.5487540E+06   4.2540733E+06   3.0637876E-04   1.0475007E-05   1.9535514E-04
   5.6521739E-01   2.6462691E+06   1.4970351E+06   4.1431293E+06   4.9905916E-04   7.3868463E-06   3.2040079E-04
   5.7971014E-01   2.6012153E+06   1.4543619E+06   4.0553878E+06   8.0669433E-04   1.4720568E-05   5.1263701E-04
   5.9420290E-01   2.5465682E+06   1.4153043E+06   3.9617616E+06   5.1970758E-04   1.0677604E-05   3.3161258E-04
   6.0869565E-01   2.4937475E+06   1.3680755E+06   3.8614983E+06   5.3052676E-04   1.2727097E-05   3.4483757E-04
   6.2318841E-01   2.4382733E+06   1.3195896E+06   3.7578101E+06   2.2061780E-04   1.2287643E-05   1.4311378E-04
   6.3768116E-01   2.3827719E+06   1.2667635E+06   3.6493632E+06   3.3227624E-04   9.9610631E-06   2.1777573E-04
   6.5217391E-01   2.3395036E+06   1.2137763E+06   3.5530778E+06   7.2865730E-04   1.5210624E-05   4.7280825E-04
   6.6666667E-01   2.2852515E+06   1.1677052E+06   3.4528578E+06   8.3072528E-04   1.7393288E-05   5.5645727E-04
   6.8115942E-01   2.2206038E+06   1.1213536E+06   3.3416671E+06   5.6717527E-04   3.1653379E-05   3.7208027E-04
   6.9565217E-01   2.1608756E+06   1.0807062E+06   3.2415186E+06   4.7816190E-04   2.0964397E-05   3.1196281E-04
   7.1014493E-01   2.1089822E+06   1.0273054E+06   3.1361175E+06   3.7906783E-04   7.9443138E-06   2.5063819E-04
   7.2463768E-01   2.0479349E+06   9.8155695E+05   3.0292797E+06   2.7141894E-04   4.6637620E-06   1.8280847E-04
   7.3913043E-01   1.9904108E+06   9.3697855E+05   2.9272408E+06   3.9212157E-04   2.1624067E-05   2.6208594E-04
   7.5362319E-01   1.9406365E+06   8.9213294E+05   2.8326674E+06   9.6062619E-04   7.6784328E-06   6.5954066E-04
   7.6811594E-01   1.8789725E+06   8.3821404E+05   2.7170865E+06   1.1069096E-03   5.4571373E-06   7.6327269E-04
   7.8260870E-01   1.8254298E+06   8.0263960E+05   2.6279290E+06   6.7533407E-04   1.1464468E-05   4.6926092E-04
   7.9710145E-01   1.7638595E+06   7.5721316E+05   2.5209762E+06   1.9969763E-04   1.2972327E-06   1.4245800E-04
   8.1159420E-01   1.6968701E+06   7.0346379E+05   2.4002121E+06   5.7058679E-04   2.7809805E-05   3.9838143E-04
   8.2608696E-01   1.6371632E+06   6.6555868E+05   2.3026421E+06   2.6920769E-04   4.7350009E-05   1.9974573E-04
   8.4057971E-01   1.5749818E+06   6.1722879E+05   2.1920930E+06   3.1362282E-04   1.5973260E-05   2.2723333E-04
   8.5507246E-01   1.5068300E+06   5.7812740E+05   2.0849446E+06   3.8496952E-04   3.0929880E-05   2.7476259E-04
   8.6956522E-01   1.4453196E+06   5.2676591E+05   1.9720476E+06   6.3765746E-04   5.5959537E-05   4.8157603E-04
   8.8405797E-01   1.3735530E+06   4.8722469E+05   1.8607529E+06   9.7181959E-04   1.4297351E-06   7.1349947E-04
   8.9855072E-01   1.2953264E+06   4.4140606E+05   1.7366836E+06   8.1444806E-04   3.6079281E-05   5.9222419E-04
   9.1304348E-01   1.2174303E+06   3.9997672E+05   1.6173589E+06   7.3949638E-05   3.1761810E-05   5.1555822E-05
   9.2753623E-01   1.0948585E+06   3.4820369E+05   1.4430740E+06   1.2903192E-04   4.5749629E-05   1.0822945E-04
   9.4202899E-01   9.5685823E+05   3.0076318E+05   1.2575981E+06   5.7457928E-04   4.0110482E-05   4.3504928E-04
   9.5652174E-01   7.9795413E+05   2.4620702E+05   1.0441612E+06   3.4341004E-04   1.0542251E-04   2.6084414E-04
   9.7101449E-01   6.0920898E+05   1.9195619E+05   8.0114256E+05   1.5078891E-03   1.4723067E-05   1.1456376E-03
   9.8550725E-01   3.7856748E+05   1.2346651E+05   5.0203398E+05   2.2749597E-03   2.8592048E-04   1.6477481E-03
   1.0000000E+00   1.5824387E+05   5.2040371E+04   2.1028424E+05   5.4292475E-04   8.6399711E-05   3.9245776E-04
