   0.0000000E+00   3.5522696E+06   1.4669782E+06   5.0192478E+06   6.5258940E-03   3.1250549E-03   3.7600690E-03
   1.4492754E-02   3.8318744E+06   1.6548969E+06   5.4867713E+06   3.4406396E-03   6.7392675E-04   2.5718834E-03
   2.8985507E-02   3.8034593E+06   1.6719460E+06   5.4754053E+06   1.9002716E-03   3.5443050E-04   1.4281813E-03
   4.3478261E-02   3.8013124E+06   1.6670207E+06   5.4683331E+06   9.9871182E-04   5.3165865E-04   7.4792868E-04
   5.7971014E-02   3.8845371E+06   1.6427731E+06   5.5271208E+06   7.6886920E-04   6.2634444E-04   7.0976481E-04
   7.2463768E-02   3.8097485E+06   1.6718702E+06   5.4816187E+06   1.7602468E-03   2.1492123E-04   1.2725970E-03
   8.6956522E-02   3.8434930E+06   1.6879848E+06   5.5314778E+06   5.7729404E-04   4.8220089E-04   5.3380655E-04
   1.0144928E-01   3.8317662E+06   1.6836909E+06   5.5153488E+06   1.4276869E-03   4.2671824E-04   1.0774506E-03
   1.1594203E-01   3.8013755E+06   1.6821754E+06   5.4835509E+06   6.8345406E-04   2.6389125E-04   4.9071890E-04
   1.3043478E-01   3.8292644E+06   1.7106327E+06   5.5398971E+06   6.5025671E-04   3.9655636E-04   3.5656311E-04
   1.4492754E-01   3.8145222E+06   1.7211231E+06   5.5355696E+06   1.9064598E-04   2.6105210E-04   5.0234601E-05
   1.5942029E-01   3.8307722E+06   1.7278463E+06   5.5588252E+06   7.8592242E-04   3.6143741E-04   6.5317124E-04
   1.7391304E-01   3.7941139E+06   1.7568756E+06   5.5511789E+06   3.6191878E-04   5.2285155E-04   4.0374324E-04
   1.8840580E-01   3.7807563E+06   1.7787577E+06   5.5595723E+06   3.8860621E-04   2.3010179E-04   1.9548726E-04
   2.0289855E-01   3.7773715E+06   1.7965396E+06   5.5738569E+06   1.2870679E-04   2.1445993E-04   1.4215312E-04
   2.1739130E-01   3.7317016E+06   1.8037669E+06   5.5355191E+06   4.2287760E-04   2.9852171E-04   3.8138498E-04
   2.3188406E-01   3.7528330E+06   1.8286081E+06   5.5813463E+06   4.1297608E-04   1.6137439E-04   2.8326932E-04
   2.4637681E-01   3.7315412E+06   1.8405424E+06   5.5720390E+06   4.1237266E-04   4.8286394E-04   4.2900289E-04
   2.6086957E-01   3.6962395E+06   1.8472778E+06   5.5433069E+06   5.8699757E-04   1.0890600E-04   3.9929328E-04
   2.7536232E-01   3.6859104E+06   1.8441317E+06   5.5298826E+06   2.3887975E-04   3.3258621E-04   2.6581437E-04
   2.8985507E-01   3.6517225E+06   1.8579325E+06   5.5095034E+06   1.5428133E-04   7.6841005E-05   1.0645513E-04
   3.0434783E-01   3.6417908E+06   1.8669910E+06   5.5089261E+06   3.2677714E-04   1.1458328E-04   2.4618554E-04
   3.1884058E-01   3.5846800E+06   1.8748817E+06   5.4593550E+06   3.1666306E-04   2.4030706E-04   2.3412300E-04
   3.3333333E-01   3.5751005E+06   1.8706542E+06   5.4457877E+06   3.1531277E-04   2.3970059E-04   1.2976802E-04
   3.4782609E-01   3.5293165E+06   1.8675999E+06   5.3967901E+06   1.3832316E-04   1.9188516E-04   1.0284957E-04
   3.6231884E-01   3.4947422E+06   1.8636685E+06   5.3584410E+06   3.9985261E-04   1.2133056E-04   3.0274998E-04
   3.7681159E-01   3.4671408E+06   1.8606516E+06   5.3277632E+06   2.5991729E-04   2.6208202E-05   1.6135286E-04
   3.9130435E-01   3.4193569E+06   1.8307760E+06   5.2499926E+06   4.3673960E-04   1.0970914E-04   2.5049574E-04
   4.0579710E-01   3.3839708E+06   1.8234663E+06   5.2073559E+06   2.3753433E-04   2.3083544E-04   2.1269307E-04
   4.2028986E-01   3.3276660E+06   1.8061307E+06   5.1336922E+06   3.3122238E-04   1.6755538E-04   1.5630542E-04
   4.3478261E-01   3.2741044E+06   1.7766147E+06   5.0504160E+06   3.4593625E-05   1.1336774E-04   5.7728173E-05
   4.4927536E-01   3.2326758E+06   1.7513984E+06   4.9839030E+06   2.9377746E-04   9.8830222E-05   1.9987336E-04
   4.6376812E-01   3.1710333E+06   1.7187126E+06   4.8896275E+06   1.3191502E-04   2.9133392E-05   8.2896616E-05
   4.7826087E-01   3.1092003E+06   1.6988227E+06   4.8080918E+06   4.7498482E-04   1.3206136E-04   3.3458501E-04
   4.9275362E-01   3.0641757E+06   1.6652601E+06   4.7293912E+06   2.7126859E-04   7.2544795E-05   1.9705834E-04
   5.0724638E-01   2.9981476E+06   1.6287442E+06   4.6267402E+06   7.3586694E-05   2.6262403E-05   5.4797285E-05
   5.2173913E-01   2.9443122E+06   1.6031182E+06   4.5471147E+06   7.7430795E-05   2.0291294E-04   2.2566274E-05
   5.3623188E-01   2.8767985E+06   1.5509027E+06   4.4275988E+06   2.0934036E-04   1.1560798E-04   1.1185503E-04
   5.5072464E-01   2.8022897E+06   1.5190228E+06   4.3212726E+06   3.5364536E-04   1.7753618E-04   2.6745479E-04
   5.6521739E-01   2.7343220E+06   1.4726127E+06   4.2068375E+06   2.3841092E-04   1.9014110E-04   9.3233593E-05
   5.7971014E-01   2.6755493E+06   1.4309668E+06   4.1065918E+06   2.0113840E-04   8.6377668E-05   1.5418539E-04
   5.9420290E-01   2.5919954E+06   1.3919068E+06   3.9837914E+06   3.4138204E-04   1.7190708E-04   2.1046136E-04
   6.0869565E-01   2.5326627E+06   1.3562765E+06   3.8886686E+06   2.9512025E-04   7.3580397E-05   1.7263672E-04
   6.2318841E-01   2.4705212E+06   1.3030604E+06   3.7735992E+06   1.7993670E-04   9.2396205E-05   1.5168491E-04
   6.3768116E-01   2.3927775E+06   1.2505238E+06   3.6433357E+06   3.4766213E-04   2.6944852E-05   2.3839178E-04
   6.5217391E-01   2.3399751E+06   1.2186595E+06   3.5584662E+06   5.5061397E-04   1.2658738E-04   3.5832893E-04
   6.6666667E-01   2.2553703E+06   1.1644930E+06   3.4198633E+06   1.5140009E-04   2.0556065E-04   1.5827923E-04
   6.8115942E-01   2.1887305E+06   1.1194834E+06   3.3082300E+06   3.9311163E-04   1.6400698E-04   3.0593424E-04
   6.9565217E-01   2.1104230E+06   1.0763807E+06   3.1867248E+06   4.3309149E-04   1.6338301E-04   2.6289043E-04
   7.1014493E-01   2.0527396E+06   1.0259291E+06   3.0786068E+06   1.8964739E-04   8.1679614E-05   1.5569929E-04
   7.2463768E-01   1.9701457E+06   9.8911916E+05   2.9592042E+06   2.5312619E-04   9.8849812E-05   1.9766959E-04
   7.3913043E-01   1.8972538E+06   9.3876146E+05   2.8359855E+06   2.4965589E-04   1.7347696E-04   1.9427879E-04
   7.5362319E-01   1.8257083E+06   8.9044261E+05   2.7160634E+06   6.5626264E-04   6.8682323E-05   4.6411337E-04
   7.6811594E-01   1.7531453E+06   8.4966587E+05   2.6026682E+06   1.7265760E-05   1.3636670E-04   5.4735342E-05
   7.8260870E-01   1.6756084E+06   8.0230283E+05   2.4778270E+06   6.1073959E-04   1.5003729E-04   3.7589278E-04
   7.9710145E-01   1.5978187E+06   7.6586513E+05   2.3636700E+06   4.9169746E-04   1.5908573E-04   3.6015989E-04
   8.1159420E-01   1.5263388E+06   7.2167654E+05   2.2479882E+06   1.6530088E-04   1.5829059E-04   8.6606538E-05
   8.2608696E-01   1.4498427E+06   6.7332216E+05   2.1231117E+06   4.7552250E-05   1.8618878E-04   3.6696951E-05
   8.4057971E-01   1.3845809E+06   6.3431706E+05   2.0188457E+06   4.1045038E-04   3.7919285E-04   2.9986453E-04
   8.5507246E-01   1.2996982E+06   5.8842749E+05   1.8880743E+06   3.3451146E-04   3.1558118E-04   1.3893404E-04
   8.6956522E-01   1.2351992E+06   5.4767945E+05   1.7828913E+06   4.3551001E-04   3.6172172E-04   2.5438748E-04
   8.8405797E-01   1.1575856E+06   5.0347255E+05   1.6610458E+06   3.3730543E-04   5.3503489E-04   2.2168371E-04
   8.9855072E-01   1.0775627E+06   4.5810071E+05   1.5356756E+06   5.5106628E-04   5.3925337E-04   5.4778165E-04
   9.1304348E-01   9.9409039E+05   4.1271391E+05   1.4068043E+06   6.1720431E-04   9.0026104E-05   4.6183060E-04
   9.2753623E-01   9.0854996E+05   3.6812979E+05   1.2766206E+06   6.3405384E-05   1.3415119E-04   4.7983072E-05
   9.4202899E-01   8.2220259E+05   3.2109383E+05   1.1433197E+06   5.0316225E-04   1.2309176E-04   3.3810173E-04
   9.5652174E-01   7.1451125E+05   2.6974278E+05   9.8423107E+05   1.1447821E-03   2.8846622E-04   7.5263390E-04
   9.7101449E-01   5.7935190E+05   2.1546865E+05   7.9483185E+05   1.0542897E-03   4.0943859E-04   8.6450318E-04
   9.8550725E-01   3.8503052E+05   1.4883954E+05   5.3385892E+05   2.0884982E-03   9.1244601E-04   1.7444651E-03
   1.0000000E+00   1.8905667E+05   7.0313587E+04   2.5937026E+05   2.3511557E-03   1.2522519E-03   1.8010872E-03
