   0.0000000E+00   4.0129735E+06   1.5215353E+06   5.5345087E+06   2.7066380E-03   2.3356473E-06   1.9631478E-03
   1.4492754E-02   3.7583740E+06   1.4737979E+06   5.2321718E+06   2.1648177E-03   2.8399951E-05   1.5547003E-03
   2.8985507E-02   3.7250335E+06   1.5207775E+06   5.2458111E+06   1.1912657E-03   1.0091289E-05   8.4305712E-04
   4.3478261E-02   3.7598894E+06   1.5041073E+06   5.2639967E+06   1.9801455E-03   4.6041331E-05   1.4035310E-03
   5.7971014E-02   3.6990811E+06   1.5450251E+06   5.2441062E+06   1.7488481E-03   7.7647634E-05   1.2169844E-03
   7.2463768E-02   3.7573131E+06   1.5600283E+06   5.3171899E+06   3.8860412E-04   2.1695457E-05   2.7035213E-04
   8.6956522E-02   3.7506703E+06   1.5837960E+06   5.3344663E+06   9.3024659E-04   9.2818975E-06   6.5142514E-04
   1.0144928E-01   3.7262243E+06   1.5869171E+06   5.3131414E+06   1.0427907E-03   1.7748847E-05   7.3042235E-04
   1.1594203E-01   3.7122467E+06   1.6144527E+06   5.3266047E+06   1.3947426E-03   2.4085431E-05   9.7900617E-04
   1.3043478E-01   3.7223394E+06   1.6238297E+06   5.3460849E+06   1.1828651E-03   2.1422202E-05   8.2280397E-04
   1.4492754E-01   3.7252609E+06   1.6546696E+06   5.3796274E+06   5.8142365E-04   2.9465925E-05   4.0002782E-04
   1.5942029E-01   3.6904532E+06   1.6775601E+06   5.3680133E+06   1.0166861E-03   2.2022167E-05   6.9973025E-04
   1.7391304E-01   3.7079213E+06   1.6907000E+06   5.3985582E+06   6.0323074E-04   1.4526120E-05   4.1151681E-04
   1.8840580E-01   3.6674456E+06   1.7146998E+06   5.3819122E+06   9.0191803E-04   3.2765279E-05   6.2367864E-04
   2.0289855E-01   3.6611130E+06   1.7353794E+06   5.3964924E+06   2.9384169E-04   1.8023278E-05   2.0378055E-04
   2.1739130E-01   3.6547156E+06   1.7828534E+06   5.4373669E+06   3.1492690E-04   1.3861386E-05   2.0755839E-04
   2.3188406E-01   3.6272381E+06   1.7956465E+06   5.4227426E+06   2.5749483E-04   7.2489697E-06   1.7432255E-04
   2.4637681E-01   3.5919839E+06   1.8100101E+06   5.4018602E+06   4.5231683E-04   2.8801965E-05   2.9599267E-04
   2.6086957E-01   3.5856100E+06   1.8396163E+06   5.4250158E+06   1.0636765E-03   4.2713957E-06   7.0039374E-04
   2.7536232E-01   3.5431369E+06   1.8630751E+06   5.4060126E+06   6.6712916E-04   9.3153460E-06   4.3642623E-04
   2.8985507E-01   3.5215434E+06   1.8763076E+06   5.3976994E+06   2.0159064E-04   1.7030880E-05   1.3693247E-04
   3.0434783E-01   3.4742227E+06   1.8851406E+06   5.3592551E+06   3.6065284E-04   1.2232485E-05   2.3499199E-04
   3.1884058E-01   3.4269330E+06   1.8912763E+06   5.3180371E+06   6.9964017E-04   1.0065188E-05   4.4936315E-04
   3.3333333E-01   3.4022707E+06   1.9242229E+06   5.3262959E+06   3.4557754E-04   7.9810829E-06   2.2224786E-04
   3.4782609E-01   3.3756222E+06   1.8977515E+06   5.2731527E+06   4.6254040E-04   1.2671554E-05   2.9386750E-04
   3.6231884E-01   3.3197960E+06   1.9005855E+06   5.2200480E+06   3.7943461E-04   2.5164804E-05   2.4238821E-04
   3.7681159E-01   3.2902384E+06   1.8858609E+06   5.1758953E+06   5.5696609E-04   1.0390204E-05   3.5204871E-04
   3.9130435E-01   3.2392682E+06   1.8764086E+06   5.1154242E+06   7.8642316E-04   1.5401796E-05   5.0682147E-04
   4.0579710E-01   3.1872299E+06   1.8861960E+06   5.0731553E+06   4.0348969E-04   1.4954329E-05   2.4614973E-04
   4.2028986E-01   3.1399563E+06   1.8568991E+06   4.9965157E+06   9.4707627E-04   1.1057135E-05   5.9113201E-04
   4.3478261E-01   3.0965667E+06   1.8330661E+06   4.9294055E+06   4.7752837E-04   2.1019057E-05   3.0858089E-04
   4.4927536E-01   3.0504279E+06   1.8053932E+06   4.8555522E+06   2.5253293E-04   8.5783622E-06   1.6074239E-04
   4.6376812E-01   2.9997375E+06   1.7739089E+06   4.7734570E+06   6.5878120E-04   9.3968415E-06   4.1915767E-04
   4.7826087E-01   2.9407301E+06   1.7318646E+06   4.6723422E+06   3.1470407E-04   8.1048002E-06   1.9497448E-04
   4.9275362E-01   2.8874002E+06   1.7029686E+06   4.5900123E+06   6.1093413E-04   1.4466696E-05   3.8769657E-04
   5.0724638E-01   2.8340867E+06   1.6692290E+06   4.5032508E+06   9.9852704E-04   1.5291898E-05   6.3158805E-04
   5.2173913E-01   2.7828090E+06   1.6212618E+06   4.4039025E+06   2.3524061E-04   9.7698860E-06   1.4562594E-04
   5.3623188E-01   2.7328285E+06   1.5819494E+06   4.3143888E+06   2.2384592E-04   1.1217931E-05   1.3881401E-04
   5.5072464E-01   2.6942325E+06   1.5440480E+06   4.2380213E+06   6.0063305E-04   1.0748375E-05   3.8293378E-04
   5.6521739E-01   2.6294629E+06   1.5002992E+06   4.1296066E+06   3.0508311E-04   1.5030525E-05   1.9427474E-04
   5.7971014E-01   2.5755470E+06   1.4559721E+06   4.0311781E+06   9.0685612E-04   1.6022498E-05   5.8428901E-04
   5.9420290E-01   2.5284010E+06   1.4081335E+06   3.9362942E+06   1.1871038E-03   1.3414574E-05   7.6121242E-04
   6.0869565E-01   2.4723505E+06   1.3590007E+06   3.8310265E+06   3.9316277E-04   3.1214473E-05   2.6328743E-04
   6.2318841E-01   2.4259909E+06   1.3151489E+06   3.7409813E+06   5.0759998E-04   3.8113972E-06   3.2797898E-04
   6.3768116E-01   2.3617103E+06   1.2787495E+06   3.6402187E+06   4.7052510E-04   8.1031897E-06   3.1067798E-04
   6.5217391E-01   2.3070725E+06   1.2184743E+06   3.5252941E+06   4.5365550E-04   1.5630298E-05   2.9083001E-04
   6.6666667E-01   2.2491272E+06   1.1703408E+06   3.4194186E+06   4.9642240E-04   4.2318356E-06   3.2783919E-04
   6.8115942E-01   2.1926159E+06   1.1347510E+06   3.3272057E+06   4.7626067E-04   1.3357649E-05   3.1798326E-04
   6.9565217E-01   2.1421374E+06   1.0766333E+06   3.2185813E+06   2.4305269E-04   6.0981378E-06   1.6309365E-04
   7.1014493E-01   2.0825697E+06   1.0372642E+06   3.1195865E+06   3.3310932E-04   2.1908568E-05   2.2038098E-04
   7.2463768E-01   2.0303554E+06   9.7467670E+05   3.0048351E+06   3.3367673E-04   1.3764216E-05   2.3051613E-04
   7.3913043E-01   1.9745578E+06   9.4531366E+05   2.9197080E+06   4.6871318E-04   7.7390158E-06   3.1247245E-04
   7.5362319E-01   1.9197550E+06   8.8631877E+05   2.8059864E+06   4.3195761E-04   3.6114150E-05   3.0821487E-04
   7.6811594E-01   1.8494494E+06   8.4633469E+05   2.6957126E+06   3.5466024E-05   2.6306767E-05   3.3759850E-05
   7.8260870E-01   1.7939697E+06   7.9952446E+05   2.5933678E+06   4.1379791E-04   3.6125598E-05   2.8835788E-04
   7.9710145E-01   1.7364156E+06   7.5358980E+05   2.4899641E+06   1.9959655E-04   2.0426650E-05   1.3513181E-04
   8.1159420E-01   1.6788197E+06   7.0637296E+05   2.3850980E+06   1.5011806E-04   2.2463138E-05   1.0220112E-04
   8.2608696E-01   1.6128093E+06   6.6344499E+05   2.2761346E+06   6.1397608E-04   1.8095960E-05   4.4073184E-04
   8.4057971E-01   1.5385451E+06   6.2083457E+05   2.1592491E+06   5.9654534E-04   2.3333504E-05   4.1454467E-04
   8.5507246E-01   1.4864867E+06   5.7735682E+05   2.0638436E+06   8.2514466E-04   7.4839999E-06   5.9226942E-04
   8.6956522E-01   1.4193166E+06   5.3364869E+05   1.9529148E+06   7.0992352E-04   3.6205646E-05   5.2459688E-04
   8.8405797E-01   1.3353556E+06   4.8438007E+05   1.8196363E+06   2.8492824E-04   2.1390801E-05   2.1540544E-04
   8.9855072E-01   1.2698567E+06   4.4403370E+05   1.7139026E+06   5.7887199E-04   3.9366455E-05   4.3024351E-04
   9.1304348E-01   1.1806981E+06   3.9470865E+05   1.5753346E+06   5.6403426E-04   3.1805082E-05   4.1584006E-04
   9.2753623E-01   1.0706583E+06   3.4615543E+05   1.4168137E+06   7.2713639E-04   9.5050498E-05   5.6458946E-04
   9.4202899E-01   9.3279717E+05   2.9571548E+05   1.2285243E+06   1.4538552E-03   8.1097544E-05   1.0949230E-03
   9.5652174E-01   7.5778261E+05   2.3904296E+05   9.9681409E+05   2.6469041E-03   8.0125807E-05   1.9962073E-03
   9.7101449E-01   5.5258230E+05   1.7721991E+05   7.2977959E+05   3.4365542E-03   1.9429708E-04   2.6321643E-03
   9.8550725E-01   3.3645737E+05   1.1564399E+05   4.5209022E+05   2.0110193E-03   2.2272684E-04   1.4566169E-03
   1.0000000E+00   1.5327618E+05   5.4185012E+04   2.0746119E+05   4.2115630E-03   2.6826029E-04   3.1552009E-03
