   0.0000000E+00   3.9038594E+06   1.6973302E+06   5.6011896E+06   3.9548596E-03   1.6156536E-06   2.7559753E-03
   1.4492754E-02   3.9000707E+06   1.6139791E+06   5.5140498E+06   1.9071532E-03   5.2652232E-04   1.4563438E-03
   2.8985507E-02   3.9485659E+06   1.5294915E+06   5.4780574E+06   1.9514067E-03   3.2727685E-04   1.4916804E-03
   4.3478261E-02   3.9190141E+06   1.5566437E+06   5.4756579E+06   1.0065422E-03   3.1980390E-04   7.1132089E-04
   5.7971014E-02   3.9112473E+06   1.5692727E+06   5.4803306E+06   1.2136034E-03   8.2483574E-05   8.8975012E-04
   7.2463768E-02   3.9368967E+06   1.6218596E+06   5.5587563E+06   7.3524426E-04   1.5822382E-04   5.6688794E-04
   8.6956522E-02   3.8938825E+06   1.6370901E+06   5.5309726E+06   8.1060185E-04   6.1126522E-05   5.5348335E-04
   1.0144928E-01   3.9032099E+06   1.6136544E+06   5.5167561E+06   1.4542403E-03   1.6830475E-04   9.8250050E-04
   1.1594203E-01   3.9094477E+06   1.6476037E+06   5.5569567E+06   5.1769404E-04   1.8578233E-04   3.4120458E-04
   1.3043478E-01   3.9377892E+06   1.6826806E+06   5.6202172E+06   8.2311120E-04   1.3059225E-04   5.6011422E-04
   1.4492754E-01   3.9229544E+06   1.6839182E+06   5.6066453E+06   6.1523030E-04   1.4851739E-04   4.6796584E-04
   1.5942029E-01   3.8814028E+06   1.7096606E+06   5.5908568E+06   4.0581431E-04   1.1699139E-04   2.7186189E-04
   1.7391304E-01   3.8808747E+06   1.7468356E+06   5.6275841E+06   5.9625199E-04   1.8886170E-04   3.7808069E-04
   1.8840580E-01   3.8606101E+06   1.7390057E+06   5.5993244E+06   4.3314609E-04   1.4303920E-04   3.0262184E-04
   2.0289855E-01   3.8650525E+06   1.7640110E+06   5.6286846E+06   2.2183184E-04   1.2156569E-04   1.1583203E-04
   2.1739130E-01   3.8445539E+06   1.7884606E+06   5.6328124E+06   2.7038733E-04   1.1747445E-04   2.1534571E-04
   2.3188406E-01   3.7999548E+06   1.8025609E+06   5.6023735E+06   5.2133704E-04   2.8166308E-05   3.4796158E-04
   2.4637681E-01   3.7953248E+06   1.8018978E+06   5.5969106E+06   2.9832211E-04   9.5082848E-05   2.3048401E-04
   2.6086957E-01   3.7766859E+06   1.8380166E+06   5.6142816E+06   6.9252010E-04   7.9140664E-05   4.6146464E-04
   2.7536232E-01   3.7221222E+06   1.8684989E+06   5.5905414E+06   2.6800372E-04   9.1422278E-05   1.4788401E-04
   2.8985507E-01   3.6966563E+06   1.8719506E+06   5.5684175E+06   1.8702114E-04   4.3285536E-05   1.3364000E-04
   3.0434783E-01   3.6663631E+06   1.8818210E+06   5.5478954E+06   2.5861140E-04   1.1209859E-05   1.6955772E-04
   3.1884058E-01   3.6355173E+06   1.8809435E+06   5.5162886E+06   1.3357753E-04   5.6329780E-05   1.0018678E-04
   3.3333333E-01   3.5935498E+06   1.8982622E+06   5.4914825E+06   9.9116573E-05   3.8360347E-05   5.0481513E-05
   3.4782609E-01   3.5385040E+06   1.8850279E+06   5.4233109E+06   7.2156101E-05   6.7210698E-05   2.8368378E-05
   3.6231884E-01   3.4960455E+06   1.8755801E+06   5.3714438E+06   2.4454652E-04   5.5545259E-05   1.7371856E-04
   3.7681159E-01   3.4479642E+06   1.8643820E+06   5.3120839E+06   2.5101801E-04   1.0716885E-04   1.9278074E-04
   3.9130435E-01   3.4300495E+06   1.8604961E+06   5.2902649E+06   1.4816415E-04   7.6057778E-05   1.0776312E-04
   4.0579710E-01   3.3839167E+06   1.8410836E+06   5.2246756E+06   1.9054856E-04   5.0496264E-05   1.2967616E-04
   4.2028986E-01   3.3299392E+06   1.8151974E+06   5.1446140E+06   2.2834964E-04   4.6885878E-05   1.6163364E-04
   4.3478261E-01   3.2905473E+06   1.7984375E+06   5.0885554E+06   3.7882340E-04   7.8209146E-05   2.4959546E-04
   4.4927536E-01   3.2389332E+06   1.7691685E+06   5.0075395E+06   1.9845904E-04   8.6938442E-05   1.2680630E-04
   4.6376812E-01   3.1787054E+06   1.7421787E+06   4.9205763E+06   4.6583660E-05   2.5074416E-05   4.0438685E-05
   4.7826087E-01   3.1279600E+06   1.7206822E+06   4.8483897E+06   1.9570074E-04   1.1161048E-05   1.3278169E-04
   4.9275362E-01   3.0829186E+06   1.6749769E+06   4.7576058E+06   4.4031075E-04   3.0372318E-05   2.9914827E-04
   5.0724638E-01   3.0091889E+06   1.6453278E+06   4.6542136E+06   3.7861097E-04   8.3361654E-05   2.7031794E-04
   5.2173913E-01   2.9605614E+06   1.6222932E+06   4.5826231E+06   4.8069441E-05   3.7509330E-05   2.8577629E-05
   5.3623188E-01   2.8917689E+06   1.5796762E+06   4.4709536E+06   2.0566893E-04   3.0099140E-05   1.2893981E-04
   5.5072464E-01   2.8364078E+06   1.5368894E+06   4.3728186E+06   3.6164168E-04   4.6563738E-05   2.5072444E-04
   5.6521739E-01   2.7621445E+06   1.4969574E+06   4.2588882E+06   1.5716469E-04   4.9828669E-05   1.0160888E-04
   5.7971014E-01   2.6921437E+06   1.4409689E+06   4.1326012E+06   8.1165440E-05   3.4348745E-05   3.9913507E-05
   5.9420290E-01   2.6270176E+06   1.4047329E+06   4.0315288E+06   3.5075561E-04   3.5754999E-05   2.3960503E-04
   6.0869565E-01   2.5525804E+06   1.3639260E+06   3.9161636E+06   2.5692042E-04   5.4267181E-05   1.4864458E-04
   6.2318841E-01   2.4723714E+06   1.3229201E+06   3.7950449E+06   2.5244355E-04   1.0605646E-05   1.6076968E-04
   6.3768116E-01   2.3993904E+06   1.2631815E+06   3.6622447E+06   1.1871149E-04   8.4654350E-05   1.0340254E-04
   6.5217391E-01   2.3316736E+06   1.2174639E+06   3.5487671E+06   4.2263683E-04   1.0413629E-04   3.0319937E-04
   6.6666667E-01   2.2611686E+06   1.1703078E+06   3.4313447E+06   1.6269565E-04   5.9318009E-05   9.3373552E-05
   6.8115942E-01   2.1837488E+06   1.1281732E+06   3.3118091E+06   2.0566462E-04   2.6560189E-05   1.3276415E-04
   6.9565217E-01   2.1214891E+06   1.0714081E+06   3.1927077E+06   7.9386764E-05   3.3232701E-05   4.0073548E-05
   7.1014493E-01   2.0374148E+06   1.0301817E+06   3.0672872E+06   3.2792392E-04   5.1940224E-05   2.3205341E-04
   7.2463768E-01   1.9579007E+06   9.9199856E+05   2.9497174E+06   3.5322278E-04   5.7696341E-05   2.5390700E-04
   7.3913043E-01   1.8823962E+06   9.3764714E+05   2.8199691E+06   9.0389568E-05   5.9656585E-05   4.4339969E-05
   7.5362319E-01   1.8110927E+06   8.9396900E+05   2.7049305E+06   1.7069239E-04   8.8813467E-05   1.0273389E-04
   7.6811594E-01   1.7322290E+06   8.4666352E+05   2.5787066E+06   3.9381703E-04   8.3231285E-05   2.4924658E-04
   7.8260870E-01   1.6598222E+06   8.0310266E+05   2.4628126E+06   3.8321403E-04   6.4035259E-05   2.4405150E-04
   7.9710145E-01   1.5862873E+06   7.5684118E+05   2.3430872E+06   1.5430033E-04   1.4026177E-04   7.7120637E-05
   8.1159420E-01   1.4985325E+06   7.1320612E+05   2.2116845E+06   7.3463099E-04   1.0161471E-04   5.0236006E-04
   8.2608696E-01   1.4267251E+06   6.6307277E+05   2.0897048E+06   2.3859111E-04   2.4159200E-05   1.5836396E-04
   8.4057971E-01   1.3513711E+06   6.2308165E+05   1.9743613E+06   5.2207503E-04   7.5171323E-05   3.4530416E-04
   8.5507246E-01   1.2799842E+06   5.7856407E+05   1.8584841E+06   7.2563934E-04   3.4376181E-05   5.0139637E-04
   8.6956522E-01   1.2051423E+06   5.3662912E+05   1.7417462E+06   1.0521586E-04   1.0553813E-04   1.0120072E-04
   8.8405797E-01   1.1176243E+06   4.9387041E+05   1.6114202E+06   4.3917273E-04   1.3781061E-05   3.0597610E-04
   8.9855072E-01   1.0460310E+06   4.4440034E+05   1.4904192E+06   4.0435062E-04   4.4738106E-05   2.7651176E-04
   9.1304348E-01   9.6734108E+05   4.0073446E+05   1.3680274E+06   1.2235851E-04   1.9119495E-04   4.0910784E-05
   9.2753623E-01   8.8057290E+05   3.5529563E+05   1.2358093E+06   5.0059821E-04   8.5499313E-05   3.7852091E-04
   9.4202899E-01   7.8614598E+05   3.0357263E+05   1.0897186E+06   1.4435310E-04   1.8906061E-04   1.5490449E-04
   9.5652174E-01   6.8881709E+05   2.5558688E+05   9.4439249E+05   8.1141680E-04   9.6513711E-05   6.1717711E-04
   9.7101449E-01   5.6821204E+05   1.9911511E+05   7.6731583E+05   1.2965752E-03   2.0721452E-04   1.0085096E-03
   9.8550725E-01   3.8509738E+05   1.3795265E+05   5.2302775E+05   2.5270840E-03   4.6385345E-04   1.9813649E-03
   1.0000000E+00   1.8439536E+05   6.8628512E+04   2.5300199E+05   3.6668966E-04   8.6427546E-04   4.4014270E-04
