   0.0000000E+00   3.3461652E+06   1.6488350E+06   4.9950002E+06   7.5718853E-03   1.8464039E-03   5.2906944E-03
   1.4492754E-02   3.3696550E+06   1.5813965E+06   4.9510515E+06   6.4472332E-03   1.6186177E-03   4.6153666E-03
   2.8985507E-02   3.3923871E+06   1.6893739E+06   5.0817611E+06   9.5163498E-04   1.0058377E-03   5.7138870E-04
   4.3478261E-02   3.3527322E+06   1.6493402E+06   5.0020724E+06   7.2722081E-04   5.7564943E-04   5.8317134E-04
   5.7971014E-02   3.3463546E+06   1.6660735E+06   5.0124282E+06   2.6662132E-03   1.2474574E-03   2.0053033E-03
   7.2463768E-02   3.3220692E+06   1.7052106E+06   5.0271283E+06   1.4419465E-03   2.0155660E-04   1.0221035E-03
   8.6956522E-02   3.3541214E+06   1.6638635E+06   5.0179849E+06   4.0409643E-04   5.9987968E-04   4.2669880E-04
   1.0144928E-01   3.3545003E+06   1.6794692E+06   5.0339695E+06   2.5187557E-04   1.1122630E-04   1.5915067E-04
   1.1594203E-01   3.3658664E+06   1.7096434E+06   5.0754150E+06   1.3478788E-03   4.4242099E-04   1.0191490E-03
   1.3043478E-01   3.4469442E+06   1.7245245E+06   5.1713845E+06   1.1486542E-03   2.7215362E-04   8.5533762E-04
   1.4492754E-01   3.4295162E+06   1.7127122E+06   5.1420769E+06   5.6521451E-04   2.4351784E-04   3.7404530E-04
   1.5942029E-01   3.4705029E+06   1.7301195E+06   5.2005535E+06   1.1598384E-03   2.6033530E-04   8.2045933E-04
   1.7391304E-01   3.4739701E+06   1.7316178E+06   5.2053984E+06   1.2821523E-03   1.8835837E-04   8.7551337E-04
   1.8840580E-01   3.5134501E+06   1.7526450E+06   5.2657454E+06   9.6630734E-04   1.3235212E-04   6.3582922E-04
   2.0289855E-01   3.5421484E+06   1.7892328E+06   5.3311647E+06   1.1396819E-03   2.1993921E-04   8.2696910E-04
   2.1739130E-01   3.5578768E+06   1.7936638E+06   5.3514396E+06   9.7176190E-04   7.1846908E-05   6.4978330E-04
   2.3188406E-01   3.6001491E+06   1.8111801E+06   5.4111871E+06   1.2516095E-03   1.0841815E-04   8.6699072E-04
   2.4637681E-01   3.6049546E+06   1.8195932E+06   5.4244141E+06   1.0593687E-03   1.6702949E-04   7.5613365E-04
   2.6086957E-01   3.6128464E+06   1.8467727E+06   5.4594928E+06   8.0883403E-04   1.5252078E-04   4.9973151E-04
   2.7536232E-01   3.6235766E+06   1.8358365E+06   5.4592934E+06   2.5148527E-04   5.6608330E-05   1.5850332E-04
   2.8985507E-01   3.6521772E+06   1.8450509E+06   5.4970387E+06   1.2204536E-03   2.4491329E-05   8.1090466E-04
   3.0434783E-01   3.6587135E+06   1.8477950E+06   5.5061477E+06   1.0998822E-03   2.8043763E-05   7.2882618E-04
   3.1884058E-01   3.6597993E+06   1.8415068E+06   5.5010994E+06   1.3668688E-03   1.6599404E-04   8.8538237E-04
   3.3333333E-01   3.6514672E+06   1.8306259E+06   5.4818296E+06   1.3358456E-03   1.6552480E-04   9.2010875E-04
   3.4782609E-01   3.6590789E+06   1.8437944E+06   5.5027469E+06   1.7097860E-03   3.2475759E-05   1.1462402E-03
   3.6231884E-01   3.6166772E+06   1.8334197E+06   5.4497938E+06   1.4524273E-03   6.8968175E-05   9.8508028E-04
   3.7681159E-01   3.6045825E+06   1.8240471E+06   5.4285130E+06   1.0373682E-03   3.0006579E-05   7.0104637E-04
   3.9130435E-01   3.5992492E+06   1.7999053E+06   5.3990984E+06   7.4746052E-04   7.9565223E-05   5.1872145E-04
   4.0579710E-01   3.5720249E+06   1.7860395E+06   5.3579020E+06   1.1829044E-03   1.9499711E-04   8.4364205E-04
   4.2028986E-01   3.5102283E+06   1.7680610E+06   5.2779757E+06   1.5956970E-03   3.1381599E-04   1.1373438E-03
   4.3478261E-01   3.4823052E+06   1.7516852E+06   5.2337883E+06   1.0102552E-03   1.8812415E-04   7.2738626E-04
   4.4927536E-01   3.4253365E+06   1.7321127E+06   5.1572536E+06   1.0351878E-03   1.4920737E-04   6.3946972E-04
   4.6376812E-01   3.3690867E+06   1.7022555E+06   5.0710817E+06   1.0783324E-03   5.7605253E-05   7.3673660E-04
   4.7826087E-01   3.3428587E+06   1.6815555E+06   5.0242994E+06   6.2190265E-04   1.4200815E-04   3.6739381E-04
   4.9275362E-01   3.2722636E+06   1.6345717E+06   4.9065456E+06   6.7633533E-04   3.2999809E-04   5.4324239E-04
   5.0724638E-01   3.2032561E+06   1.6115760E+06   4.8147022E+06   6.9173025E-04   2.8892260E-04   5.0030360E-04
   5.2173913E-01   3.1405870E+06   1.5824489E+06   4.7226991E+06   1.1377264E-03   1.4515673E-04   7.6900779E-04
   5.3623188E-01   3.0637752E+06   1.5423628E+06   4.6057898E+06   9.5764362E-04   9.9048370E-05   6.2514521E-04
   5.5072464E-01   3.0064001E+06   1.4970883E+06   4.5032291E+06   8.4821841E-04   2.7338778E-04   6.5701532E-04
   5.6521739E-01   2.9250385E+06   1.4618489E+06   4.3866737E+06   1.2419482E-03   2.2364866E-04   9.0587253E-04
   5.7971014E-01   2.8522345E+06   1.4290156E+06   4.2809471E+06   1.2576301E-04   2.0191968E-04   5.7345502E-05
   5.9420290E-01   2.7678458E+06   1.3883215E+06   4.1560194E+06   5.2837246E-04   2.0755925E-04   3.3714574E-04
   6.0869565E-01   2.6894962E+06   1.3461553E+06   4.0353087E+06   9.2564960E-05   1.4282703E-04   6.3971195E-05
   6.2318841E-01   2.6147907E+06   1.3081883E+06   3.9228204E+06   2.6214182E-04   1.6764814E-04   1.2146830E-04
   6.3768116E-01   2.5121038E+06   1.2551392E+06   3.7669674E+06   6.7001415E-04   5.6188570E-05   4.6655890E-04
   6.5217391E-01   2.4316949E+06   1.2072261E+06   3.6386179E+06   4.8658612E-04   1.9668104E-04   3.9695622E-04
   6.6666667E-01   2.3490331E+06   1.1700772E+06   3.5190445E+06   5.6293583E-04   1.7326759E-04   4.2825175E-04
   6.8115942E-01   2.2685669E+06   1.1278830E+06   3.3963693E+06   6.1718243E-04   8.4049386E-05   3.8833000E-04
   6.9565217E-01   2.1721943E+06   1.0785119E+06   3.2505799E+06   1.0384022E-03   1.7136149E-04   6.3846837E-04
   7.1014493E-01   2.0761676E+06   1.0329343E+06   3.1089008E+06   1.2359906E-03   3.0449093E-04   9.1897462E-04
   7.2463768E-01   1.9929384E+06   9.9148330E+05   2.9842550E+06   1.1116837E-03   1.9464855E-04   7.0920278E-04
   7.3913043E-01   1.9076244E+06   9.4605654E+05   2.8535472E+06   1.7462543E-03   1.9398571E-04   1.1095083E-03
   7.5362319E-01   1.8081637E+06   8.9768482E+05   2.7057611E+06   1.5906000E-03   2.6802132E-04   1.0607692E-03
   7.6811594E-01   1.7309565E+06   8.5808676E+05   2.5889289E+06   1.5820939E-03   1.1570363E-04   1.0283561E-03
   7.8260870E-01   1.6406964E+06   8.0898214E+05   2.4495943E+06   1.7245408E-03   1.3439680E-04   1.1256815E-03
   7.9710145E-01   1.5487725E+06   7.7119684E+05   2.3199280E+06   1.5741899E-03   1.7326516E-04   1.0706264E-03
   8.1159420E-01   1.4626618E+06   7.2566819E+05   2.1882624E+06   2.1411469E-03   3.3973658E-04   1.4844967E-03
   8.2608696E-01   1.3658802E+06   6.8405011E+05   2.0498107E+06   2.3005785E-03   3.2099372E-04   1.5987784E-03
   8.4057971E-01   1.2863625E+06   6.4308329E+05   1.9294197E+06   3.7747676E-03   1.0254782E-04   2.5365365E-03
   8.5507246E-01   1.2008971E+06   5.9818816E+05   1.7989696E+06   3.4792620E-03   3.6029061E-04   2.2064645E-03
   8.6956522E-01   1.1139866E+06   5.5158179E+05   1.6655431E+06   4.2683032E-03   2.8450949E-04   2.9259109E-03
   8.8405797E-01   1.0200378E+06   5.1159648E+05   1.5315846E+06   5.9581667E-03   2.4824949E-05   3.9600446E-03
   8.9855072E-01   9.3096507E+05   4.7087224E+05   1.4017884E+06   6.2879057E-03   7.4265420E-05   4.1787489E-03
   9.1304348E-01   8.5078194E+05   4.2565558E+05   1.2764135E+06   7.6289017E-03   8.2180756E-05   5.0631700E-03
   9.2753623E-01   7.6092155E+05   3.8414882E+05   1.1450585E+06   7.3512678E-03   3.2631338E-05   4.8939521E-03
   9.4202899E-01   6.6845199E+05   3.3641177E+05   1.0048754E+06   8.6163792E-03   2.4213480E-04   5.7944904E-03
   9.5652174E-01   5.7103496E+05   2.8618337E+05   8.5717240E+05   1.1051249E-02   2.3744938E-04   7.4319687E-03
   9.7101449E-01   4.7204734E+05   2.3753349E+05   7.0956951E+05   1.3178326E-02   2.4745907E-04   8.8079865E-03
   9.8550725E-01   3.4336615E+05   1.7199508E+05   5.1535009E+05   1.7774412E-02   7.0310756E-04   1.2075556E-02
   1.0000000E+00   2.0026133E+05   9.9113052E+04   2.9937438E+05   2.1815399E-02   3.8807871E-04   1.4708195E-02
