   0.0000000E+00   3.4734650E+06   1.6124637E+06   5.0859286E+06   2.0907702E-03   6.4285925E-03   3.4657044E-03
   1.4492754E-02   3.3923871E+06   1.5518447E+06   4.9442319E+06   1.4167628E-03   1.8530113E-03   1.2922999E-03
   2.8985507E-02   3.3169923E+06   1.6488350E+06   4.9658274E+06   5.6197622E-04   2.6135777E-04   2.9178244E-04
   4.3478261E-02   3.3365672E+06   1.6892476E+06   5.0258148E+06   1.1757027E-04   4.2791166E-04   1.8008290E-04
   5.7971014E-02   3.3889773E+06   1.6535709E+06   5.0425482E+06   6.0688510E-04   1.5894499E-03   1.1824172E-04
   7.2463768E-02   3.3611684E+06   1.6852064E+06   5.0463748E+06   8.7755563E-04   3.3054476E-04   6.7977264E-04
   8.6956522E-02   3.3784953E+06   1.6680310E+06   5.0465263E+06   5.5460946E-04   1.1283369E-03   6.2398990E-04
   1.0144928E-01   3.3882737E+06   1.6725414E+06   5.0607068E+06   6.2893367E-04   4.6845404E-04   3.7267492E-04
   1.1594203E-01   3.4261064E+06   1.6890898E+06   5.1151015E+06   2.2721085E-04   5.0281340E-04   7.0326071E-05
   1.3043478E-01   3.4109096E+06   1.6887425E+06   5.0997363E+06   2.5908226E-04   2.6065690E-04   1.3155919E-04
   1.4492754E-01   3.4286827E+06   1.7168798E+06   5.1453352E+06   3.1646460E-04   7.8895452E-04   3.1867105E-04
   1.5942029E-01   3.4548660E+06   1.7316350E+06   5.1863632E+06   4.9256509E-05   8.0711452E-04   2.8878641E-04
   1.7391304E-01   3.4892511E+06   1.7378691E+06   5.2269308E+06   7.3309097E-04   8.6516563E-04   2.2539353E-04
   1.8840580E-01   3.5052899E+06   1.7682077E+06   5.2734393E+06   3.5644287E-04   5.4865532E-04   4.1530976E-04
   2.0289855E-01   3.5057770E+06   1.7732662E+06   5.2789891E+06   6.5722328E-05   4.3481567E-04   1.5954328E-04
   2.1739130E-01   3.5202426E+06   1.7852781E+06   5.3054197E+06   4.1164918E-04   1.9468271E-04   3.3864254E-04
   2.3188406E-01   3.5524117E+06   1.7734354E+06   5.3256576E+06   3.9183488E-04   3.0105816E-04   3.6140872E-04
   2.4637681E-01   3.5713021E+06   1.8115255E+06   5.3826494E+06   1.6403157E-04   3.2733839E-04   1.7007598E-04
   2.6086957E-01   3.5668350E+06   1.8314075E+06   5.3980319E+06   2.7615535E-04   2.9518834E-04   2.5756848E-04
   2.7536232E-01   3.6076641E+06   1.8416591E+06   5.4490839E+06   2.4773462E-04   2.7725195E-04   1.2346692E-04
   2.8985507E-01   3.6113730E+06   1.8394816E+06   5.4505894E+06   1.1088447E-04   2.5710572E-04   5.1257319E-05
   3.0434783E-01   3.5930791E+06   1.8416249E+06   5.4344153E+06   1.7506709E-04   4.1009244E-04   2.3944571E-05
   3.1884058E-01   3.5876077E+06   1.8271442E+06   5.4145797E+06   3.3331136E-04   1.7878924E-04   2.2891682E-04
   3.3333333E-01   3.5813930E+06   1.8283527E+06   5.4095151E+06   1.8225586E-04   2.0871744E-04   1.3774390E-04
   3.4782609E-01   3.5793271E+06   1.8172104E+06   5.3962849E+06   2.7718263E-04   8.5073818E-05   1.7454253E-04
   3.6231884E-01   3.5561492E+06   1.8227811E+06   5.3784453E+06   3.7029147E-04   2.8006095E-04   3.1647812E-04
   3.7681159E-01   3.5045322E+06   1.8201709E+06   5.3243242E+06   2.1631499E-04   1.4953527E-04   1.7341298E-04
   3.9130435E-01   3.4988912E+06   1.8001578E+06   5.2988526E+06   1.0256628E-04   2.0639007E-04   9.2512555E-05
   4.0579710E-01   3.4697575E+06   1.7687739E+06   5.2383690E+06   4.8587211E-05   1.3238710E-04   4.5339891E-05
   4.2028986E-01   3.4293856E+06   1.7607972E+06   5.1897908E+06   3.2294678E-04   3.4158903E-04   2.2702111E-04
   4.3478261E-01   3.3829154E+06   1.7365052E+06   5.1188902E+06   8.4196077E-05   1.6642071E-04   1.1214024E-04
   4.4927536E-01   3.3381234E+06   1.7159069E+06   5.0537859E+06   3.5939091E-04   2.0149013E-04   2.9791373E-04
   4.6376812E-01   3.2838414E+06   1.6946071E+06   4.9780695E+06   8.6812658E-05   1.5585134E-04   8.9381812E-05
   4.7826087E-01   3.2411383E+06   1.6636913E+06   4.9045540E+06   1.9127075E-04   8.7967068E-05   9.8237633E-05
   4.9275362E-01   3.1826724E+06   1.6319642E+06   4.8143246E+06   3.2834273E-04   2.1314657E-04   2.6001693E-04
   5.0724638E-01   3.1278721E+06   1.5976553E+06   4.7252243E+06   1.9421071E-04   5.5438198E-05   1.2655215E-04
   5.2173913E-01   3.0595302E+06   1.5712302E+06   4.6305078E+06   1.8214926E-04   4.3772660E-04   2.3151438E-04
   5.3623188E-01   2.9874895E+06   1.5237266E+06   4.5107860E+06   2.0714536E-04   1.5307861E-04   8.9105250E-05
   5.5072464E-01   2.9252026E+06   1.4863204E+06   4.4113037E+06   1.3814310E-04   1.1011032E-04   5.5745275E-05
   5.6521739E-01   2.8454567E+06   1.4516098E+06   4.2968139E+06   1.5048200E-04   1.1601519E-04   1.3353228E-04
   5.7971014E-01   2.7842087E+06   1.4128758E+06   4.1967625E+06   3.9076691E-04   5.0850097E-04   8.8360090E-05
   5.9420290E-01   2.6938094E+06   1.3713371E+06   4.0649986E+06   1.0099864E-04   3.8317064E-04   1.0509150E-04
   6.0869565E-01   2.6330989E+06   1.3348253E+06   3.9676356E+06   2.0891681E-04   2.9853002E-04   7.6191995E-05
   6.2318841E-01   2.5544361E+06   1.2823900E+06   3.8365442E+06   3.6904033E-04   2.9986361E-04   2.5436968E-04
   6.3768116E-01   2.4764557E+06   1.2512644E+06   3.7276167E+06   5.8645115E-05   3.7628053E-04   1.6519388E-04
   6.5217391E-01   2.3912486E+06   1.2100045E+06   3.6009836E+06   3.7007535E-04   3.0163269E-05   2.4721266E-04
   6.6666667E-01   2.3091861E+06   1.1575251E+06   3.4664806E+06   1.1749895E-04   2.9416954E-04   1.4597007E-04
   6.8115942E-01   2.2194914E+06   1.1121801E+06   3.3314941E+06   1.2728761E-04   8.6457019E-05   7.2627253E-05
   6.9565217E-01   2.1493832E+06   1.0776436E+06   3.2268217E+06   2.6033710E-04   3.3402557E-04   7.7182046E-05
   7.1014493E-01   2.0663789E+06   1.0324394E+06   3.0986018E+06   5.0323005E-04   6.7832213E-04   3.9216382E-04
   7.2463768E-01   1.9976970E+06   9.8325428E+05   2.9806785E+06   5.2610637E-04   2.7842143E-04   3.1274199E-04
   7.3913043E-01   1.9164795E+06   9.4295130E+05   2.8593268E+06   3.4822078E-04   5.4323588E-04   3.9416654E-04
   7.5362319E-01   1.8329942E+06   9.0915287E+05   2.7420451E+06   2.9319218E-04   2.0798466E-04   1.3679546E-04
   7.6811594E-01   1.7562049E+06   8.6579279E+05   2.6218118E+06   1.4294207E-04   2.4409104E-04   1.2963198E-04
   7.8260870E-01   1.6850801E+06   8.2422106E+05   2.5091187E+06   1.5478198E-04   3.4154269E-04   1.6795002E-05
   7.9710145E-01   1.5939611E+06   7.9095310E+05   2.3848316E+06   2.8359892E-04   3.8675218E-04   3.1341693E-04
   8.1159420E-01   1.5297892E+06   7.4458454E+05   2.2742925E+06   5.0430241E-04   3.9438147E-04   3.5160021E-04
   8.2608696E-01   1.4420926E+06   7.0101278E+05   2.1429192E+06   4.5535750E-04   3.4970222E-04   2.0568953E-04
   8.4057971E-01   1.3690734E+06   6.6081171E+05   2.0295977E+06   4.4776231E-05   5.7704999E-04   2.1888723E-04
   8.5507246E-01   1.2825014E+06   6.1483268E+05   1.8972442E+06   4.2376814E-04   4.0641502E-04   2.5714748E-04
   8.6956522E-01   1.1976028E+06   5.7812783E+05   1.7756549E+06   3.9275330E-04   1.7158155E-04   2.1283016E-04
   8.8405797E-01   1.1184815E+06   5.3188146E+05   1.6502139E+06   3.1662042E-04   9.2812444E-04   2.1404141E-04
   8.9855072E-01   1.0455666E+06   4.8953456E+05   1.5349912E+06   1.9361391E-04   8.1216393E-05   1.4872370E-04
   9.1304348E-01   9.5153686E+05   4.4788252E+05   1.3994314E+06   9.2501530E-05   3.4967896E-04   7.3073835E-05
   9.2753623E-01   8.6236354E+05   4.0079535E+05   1.2631471E+06   4.7755719E-04   4.9399561E-04   1.9329094E-04
   9.4202899E-01   7.6128056E+05   3.5393298E+05   1.1151902E+06   3.5047764E-04   1.0810709E-03   3.6691394E-04
   9.5652174E-01   6.5262942E+05   2.9975374E+05   9.5237168E+05   3.6665826E-04   8.3878696E-04   5.0842081E-04
   9.7101449E-01   5.1360976E+05   2.3696801E+05   7.5056646E+05   5.0018303E-04   3.6519426E-04   3.8465693E-04
   9.8550725E-01   3.5457620E+05   1.6286881E+05   5.1742272E+05   9.1670707E-04   1.2815054E-03   1.0198610E-03
   1.0000000E+00   1.7270925E+05   7.8432586E+04   2.5114184E+05   3.6617179E-03   3.0939585E-03   3.3385528E-03
