   0.0000000E+00   3.3825366E+06   1.6245875E+06   5.0071240E+06   2.5050944E-03   1.6056065E-03   1.7125460E-03
   1.4492754E-02   3.5469654E+06   1.6435309E+06   5.1904963E+06   2.4212651E-03   7.1530481E-04   1.6239168E-03
   2.8985507E-02   3.5136250E+06   1.6920260E+06   5.2056510E+06   3.7361403E-04   1.1901936E-03   5.8989002E-04
   4.3478261E-02   3.4871042E+06   1.6316597E+06   5.1187639E+06   1.2012745E-03   2.6274446E-04   7.7458916E-04
   5.7971014E-02   3.4558476E+06   1.6217459E+06   5.0775935E+06   7.1983467E-04   4.7958985E-04   5.6931472E-04
   7.2463768E-02   3.5146858E+06   1.6706578E+06   5.1851921E+06   9.0449620E-04   9.1891622E-04   3.4413839E-04
   8.6956522E-02   3.4886197E+06   1.6439097E+06   5.1325294E+06   7.2853436E-05   7.2466608E-04   2.1622984E-04
   1.0144928E-01   3.5010682E+06   1.6605258E+06   5.1615940E+06   5.1122464E-04   9.7349539E-04   6.5050386E-04
   1.1594203E-01   3.5364518E+06   1.6672101E+06   5.2033778E+06   3.0017841E-04   7.3803849E-04   4.3787425E-04
   1.3043478E-01   3.5194343E+06   1.6933731E+06   5.2128074E+06   4.0678473E-04   4.9895161E-04   4.3246540E-04
   1.4492754E-01   3.5330231E+06   1.6911925E+06   5.2238367E+06   2.5977580E-04   4.2499884E-04   7.9742642E-05
   1.5942029E-01   3.5678376E+06   1.7354925E+06   5.3031924E+06   2.3555782E-04   3.4135453E-04   2.6683588E-04
   1.7391304E-01   3.6031011E+06   1.7449413E+06   5.3479161E+06   1.8693685E-04   5.6628630E-04   1.6308952E-04
   1.8840580E-01   3.6289758E+06   1.7650602E+06   5.3938029E+06   5.7284958E-04   7.0165907E-04   3.7512928E-04
   2.0289855E-01   3.6509377E+06   1.7900447E+06   5.4407118E+06   4.9212478E-04   2.1049956E-04   3.9008571E-04
   2.1739130E-01   3.6560795E+06   1.7908349E+06   5.4467123E+06   5.1552686E-04   6.1182457E-04   5.4644460E-04
   2.3188406E-01   3.7023488E+06   1.8263822E+06   5.5284942E+06   3.9525987E-04   3.1783042E-04   3.6470446E-04
   2.4637681E-01   3.6827786E+06   1.8446877E+06   5.5271542E+06   1.9912597E-04   6.9091111E-04   3.6280974E-04
   2.6086957E-01   3.7284013E+06   1.8452572E+06   5.5731954E+06   4.0917153E-04   3.2746331E-04   3.6447758E-04
   2.7536232E-01   3.7087223E+06   1.8547400E+06   5.5631432E+06   2.4114768E-04   4.4360588E-05   1.7464945E-04
   2.8985507E-01   3.7086664E+06   1.8675178E+06   5.5759948E+06   4.3007355E-04   3.1909627E-04   1.9056293E-04
   3.0434783E-01   3.7107448E+06   1.8572487E+06   5.5674883E+06   8.9873523E-05   1.2003532E-04   9.1122272E-05
   3.1884058E-01   3.7047813E+06   1.8754672E+06   5.5798007E+06   1.3913299E-04   1.5865055E-04   3.9319406E-05
   3.3333333E-01   3.6915943E+06   1.8814272E+06   5.5725603E+06   2.3538210E-04   1.3613253E-04   1.6124887E-04
   3.4782609E-01   3.6840842E+06   1.8896374E+06   5.5733743E+06   3.8748538E-04   1.7004001E-04   3.1360862E-04
   3.6231884E-01   3.6612321E+06   1.8717915E+06   5.5325386E+06   3.3444753E-04   3.2004999E-04   2.6358542E-04
   3.7681159E-01   3.6431688E+06   1.8650814E+06   5.5078131E+06   2.5741373E-04   3.1504061E-04   1.5316667E-04
   3.9130435E-01   3.6124114E+06   1.8429559E+06   5.4550867E+06   2.9163365E-04   8.1008293E-05   1.9933091E-04
   4.0579710E-01   3.5675596E+06   1.8516108E+06   5.4189268E+06   1.0271058E-04   3.2882701E-04   1.4378135E-04
   4.2028986E-01   3.5418703E+06   1.8057910E+06   5.3469297E+06   2.2536764E-04   2.6221763E-04   2.3449782E-04
   4.3478261E-01   3.4833408E+06   1.7747961E+06   5.2577328E+06   1.5139355E-04   2.0722954E-04   4.5466856E-05
   4.4927536E-01   3.4520283E+06   1.7627888E+06   5.2144750E+06   1.1107547E-04   1.5847576E-04   2.3293181E-05
   4.6376812E-01   3.3883143E+06   1.7411131E+06   5.1290723E+06   2.8567731E-04   7.2496321E-05   1.9773414E-04
   4.7826087E-01   3.3283928E+06   1.6836909E+06   5.0116934E+06   2.1154776E-04   2.9399439E-04   2.0345837E-04
   4.9275362E-01   3.2732665E+06   1.6797908E+06   4.9527898E+06   1.0773015E-04   1.5530587E-05   7.5738836E-05
   5.0724638E-01   3.2090582E+06   1.6494629E+06   4.8580231E+06   4.0925001E-05   2.2980985E-04   1.0110655E-04
   5.2173913E-01   3.1483117E+06   1.6026131E+06   4.7505880E+06   1.0723310E-04   8.4945110E-05   7.0572654E-05
   5.3623188E-01   3.0675434E+06   1.5562273E+06   4.6232792E+06   2.0624731E-04   2.3908572E-04   1.2940444E-04
   5.5072464E-01   2.9816939E+06   1.5193219E+06   4.5004973E+06   3.9442719E-04   8.2386569E-05   2.4888743E-04
   5.6521739E-01   2.9127398E+06   1.4900018E+06   4.4025279E+06   9.3789914E-05   1.0291590E-04   8.9029409E-05
   5.7971014E-01   2.8454717E+06   1.4335810E+06   4.2787307E+06   5.3928116E-05   1.8562210E-04   9.6431349E-05
   5.9420290E-01   2.7626340E+06   1.4000941E+06   4.1622661E+06   9.3472965E-05   2.1342430E-04   1.0007362E-04
   6.0869565E-01   2.6651945E+06   1.3462455E+06   4.0111333E+06   3.3683505E-04   1.7774352E-04   2.3080581E-04
   6.2318841E-01   2.5976095E+06   1.3100915E+06   3.9073838E+06   1.4988853E-04   7.0711201E-05   1.2296935E-04
   6.3768116E-01   2.4970868E+06   1.2584284E+06   3.7552225E+06   1.1463534E-04   1.7620899E-04   2.2481161E-05
   6.5217391E-01   2.4084408E+06   1.2174808E+06   3.6255343E+06   3.0935538E-04   7.4646146E-05   2.2908242E-04
   6.6666667E-01   2.3374859E+06   1.1684629E+06   3.5055535E+06   1.9272502E-04   7.8474366E-05   1.2794686E-04
   6.8115942E-01   2.2331629E+06   1.1245780E+06   3.3573539E+06   9.3500334E-05   3.1245477E-04   4.4247949E-05
   6.9565217E-01   2.1554294E+06   1.0763965E+06   3.2315575E+06   2.4497716E-04   8.9970497E-05   1.4855487E-04
   7.1014493E-01   2.0727191E+06   1.0258054E+06   3.0983698E+06   7.6132941E-05   5.0248372E-04   1.6146007E-04
   7.2463768E-01   1.9790870E+06   9.8020817E+05   2.9590375E+06   3.5339904E-04   3.7617335E-04   3.5871033E-04
   7.3913043E-01   1.8949806E+06   9.3853860E+05   2.8332072E+06   1.4216979E-04   4.3404931E-04   1.4717649E-04
   7.5362319E-01   1.7901092E+06   8.8340440E+05   2.6734116E+06   1.6996133E-04   1.5109312E-04   9.3588432E-05
   7.6811594E-01   1.7074667E+06   8.4484781E+05   2.5520000E+06   2.0298987E-04   2.4599983E-04   5.9816387E-05
   7.8260870E-01   1.6236333E+06   8.0394459E+05   2.4274375E+06   3.8174223E-04   3.2128807E-04   3.0734095E-04
   7.9710145E-01   1.5251448E+06   7.6412923E+05   2.2891087E+06   2.8057768E-04   1.7218776E-04   1.6064496E-04
   8.1159420E-01   1.4397403E+06   7.0726601E+05   2.1468033E+06   3.6169328E-04   3.0598241E-04   2.6655297E-04
   8.2608696E-01   1.3452219E+06   6.6759261E+05   2.0127613E+06   2.3652656E-04   4.2723760E-05   1.6088708E-04
   8.4057971E-01   1.2586268E+06   6.2025973E+05   1.8787689E+06   2.4076656E-04   2.0049814E-04   2.2727403E-04
   8.5507246E-01   1.1763669E+06   5.7833289E+05   1.7545842E+06   1.5730459E-04   4.6062085E-04   1.4055458E-04
   8.6956522E-01   1.0865818E+06   5.3534097E+05   1.6218470E+06   3.0998390E-04   3.0838899E-04   1.7497511E-04
   8.8405797E-01   9.9960375E+05   4.9416854E+05   1.4936232E+06   3.5281521E-04   2.7669158E-04   1.4853662E-04
   8.9855072E-01   9.1788800E+05   4.4875122E+05   1.3666026E+06   7.2400725E-04   4.2203534E-04   4.5615410E-04
   9.1304348E-01   8.3031102E+05   4.0374135E+05   1.2340403E+06   1.2365374E-04   3.1858247E-04   1.7015965E-04
   9.2753623E-01   7.4930686E+05   3.5984205E+05   1.1091134E+06   2.5261537E-04   7.4741192E-05   1.5602852E-04
   9.4202899E-01   6.6483817E+05   3.1235072E+05   9.7714226E+05   2.6795131E-04   4.1104103E-04   1.2290539E-04
   9.5652174E-01   5.6830251E+05   2.6434678E+05   8.3262633E+05   3.7879832E-04   6.7825362E-04   4.6673265E-04
   9.7101449E-01   4.6198188E+05   2.0967818E+05   6.7164875E+05   6.2384082E-04   9.5635939E-04   4.2524155E-04
   9.8550725E-01   3.3347100E+05   1.4844953E+05   4.8192053E+05   5.2883723E-04   9.6918814E-04   6.6219520E-04
   1.0000000E+00   1.7290621E+05   7.2808374E+04   2.4571458E+05   1.3188433E-03   1.0504592E-03   6.9627110E-04
