   0.0000000E+00   3.4855887E+06   1.4487925E+06   4.9343813E+06   6.8047379E-03   2.2910430E-03   5.1797671E-03
   1.4492754E-02   3.4871042E+06   1.7193045E+06   5.2064088E+06   2.2669564E-03   5.7178755E-04   1.5893882E-03
   2.8985507E-02   3.5742439E+06   1.6480773E+06   5.2223212E+06   1.8793321E-03   5.4996970E-04   1.1339196E-03
   4.3478261E-02   3.6048060E+06   1.6809125E+06   5.2857185E+06   5.5263461E-04   5.1398672E-04   2.6468259E-04
   5.7971014E-02   3.5950817E+06   1.6835015E+06   5.2785832E+06   1.2411415E-03   8.0648819E-04   1.0697181E-03
   7.2463768E-02   3.5881863E+06   1.6950570E+06   5.2832433E+06   1.2625792E-03   2.6489891E-04   7.8767152E-04
   8.6956522E-02   3.5929348E+06   1.6989719E+06   5.2919067E+06   8.7543660E-04   7.3677529E-04   5.9656467E-04
   1.0144928E-01   3.5982750E+06   1.6985209E+06   5.2967959E+06   2.6345676E-04   7.9643199E-04   2.5524802E-04
   1.1594203E-01   3.5654352E+06   1.7259347E+06   5.2912753E+06   6.4661320E-04   2.1915677E-04   4.2079187E-04
   1.3043478E-01   3.5931874E+06   1.7334490E+06   5.3264679E+06   6.2771764E-04   6.9335025E-04   6.4675857E-04
   1.4492754E-01   3.5836399E+06   1.7045287E+06   5.2878654E+06   4.9045894E-04   2.2356765E-04   3.2662979E-04
   1.5942029E-01   3.5853344E+06   1.7395568E+06   5.3247534E+06   4.8497356E-04   6.4369742E-04   5.3431233E-04
   1.7391304E-01   3.5683083E+06   1.7712095E+06   5.3393284E+06   8.4948749E-04   2.4778096E-04   6.1829388E-04
   1.8840580E-01   3.5842694E+06   1.7820801E+06   5.3662329E+06   7.4192181E-04   1.6722729E-05   4.9029423E-04
   2.0289855E-01   3.5687233E+06   1.7983256E+06   5.3669948E+06   6.8463964E-04   1.5699752E-04   4.0852623E-04
   2.1739130E-01   3.5569170E+06   1.8061917E+06   5.3629066E+06   3.4402599E-04   9.9237900E-05   2.4259526E-04
   2.3188406E-01   3.5617886E+06   1.8121746E+06   5.3735371E+06   2.8398854E-04   8.8487937E-05   1.6484284E-04
   2.4637681E-01   3.5631453E+06   1.8102775E+06   5.3731554E+06   4.8071144E-04   1.8318848E-04   2.5675635E-04
   2.6086957E-01   3.5363150E+06   1.8389848E+06   5.3750052E+06   1.2507583E-04   2.8057362E-04   1.6763356E-04
   2.7536232E-01   3.5301357E+06   1.8475216E+06   5.3773382E+06   5.4198932E-04   2.2236442E-04   4.3417794E-04
   2.8985507E-01   3.5100258E+06   1.8522873E+06   5.3621236E+06   3.8274638E-04   3.8725600E-04   3.8427300E-04
   3.0434783E-01   3.5099446E+06   1.8578260E+06   5.3673015E+06   4.2400384E-04   2.8464575E-04   2.7329056E-04
   3.1884058E-01   3.4588613E+06   1.8570404E+06   5.3155228E+06   3.3722349E-04   2.3064860E-04   2.6375670E-04
   3.3333333E-01   3.4569265E+06   1.8433757E+06   5.2998739E+06   1.7258968E-04   1.3267560E-04   6.6944212E-05
   3.4782609E-01   3.3964600E+06   1.8440785E+06   5.2403490E+06   2.6774484E-04   1.7867765E-04   2.0861851E-04
   3.6231884E-01   3.3837792E+06   1.8290854E+06   5.2125313E+06   3.9463564E-04   3.5812087E-04   3.6750990E-04
   3.7681159E-01   3.3334002E+06   1.8216573E+06   5.1546204E+06   3.5654586E-04   1.5231549E-04   2.0412159E-04
   3.9130435E-01   3.3241908E+06   1.8075949E+06   5.1317296E+06   6.2933714E-05   1.7352682E-04   9.9155691E-05
   4.0579710E-01   3.2545332E+06   1.7919119E+06   5.0460933E+06   3.8377103E-04   5.0840158E-05   2.2820926E-04
   4.2028986E-01   3.2324263E+06   1.7692629E+06   5.0012711E+06   2.1259409E-04   2.0859254E-04   8.6387219E-05
   4.3478261E-01   3.1680466E+06   1.7372376E+06   4.9050064E+06   3.0084165E-04   2.7164400E-04   9.6198347E-05
   4.4927536E-01   3.1333634E+06   1.7238021E+06   4.8569455E+06   4.6173281E-04   3.4412756E-04   2.7713506E-04
   4.6376812E-01   3.0889136E+06   1.6894923E+06   4.7781455E+06   3.5193163E-04   3.0285051E-04   2.6832860E-04
   4.7826087E-01   3.0390752E+06   1.6468603E+06   4.6857288E+06   4.7454530E-04   2.0163027E-04   2.5858671E-04
   4.9275362E-01   2.9867751E+06   1.6279973E+06   4.6143935E+06   4.5867778E-04   9.2850758E-05   3.2035474E-04
   5.0724638E-01   2.9475308E+06   1.5996687E+06   4.5468531E+06   6.1115227E-04   2.1386944E-04   4.2711410E-04
   5.2173913E-01   2.8882397E+06   1.5447936E+06   4.4327386E+06   1.2818631E-04   3.0086036E-04   2.7668434E-05
   5.3623188E-01   2.8387274E+06   1.5262660E+06   4.3646657E+06   4.5506069E-04   3.2834614E-04   2.7889954E-04
   5.5072464E-01   2.7648416E+06   1.4862806E+06   4.2507433E+06   6.8526667E-04   1.4530848E-04   4.8906523E-04
   5.6521739E-01   2.7108127E+06   1.4529698E+06   4.1635494E+06   2.3964808E-04   6.7795724E-05   1.7928448E-04
   5.7971014E-01   2.6568332E+06   1.4052985E+06   4.0617907E+06   6.8987806E-04   3.6482315E-04   3.6524545E-04
   5.9420290E-01   2.5956178E+06   1.3764010E+06   3.9715197E+06   2.8062521E-04   1.5805442E-04   1.3204704E-04
   6.0869565E-01   2.5295235E+06   1.3285469E+06   3.8576194E+06   1.3112380E-04   4.0099378E-04   1.6531197E-04
   6.2318841E-01   2.4614459E+06   1.2799406E+06   3.7411751E+06   1.7024642E-04   1.5708196E-04   1.5926515E-04
   6.3768116E-01   2.3984433E+06   1.2460635E+06   3.6442829E+06   4.5006353E-04   1.7396363E-04   2.3726450E-04
   6.5217391E-01   2.3337785E+06   1.2013326E+06   3.5348080E+06   6.6979575E-04   1.9886804E-04   4.6134586E-04
   6.6666667E-01   2.2758951E+06   1.1547907E+06   3.4305046E+06   2.9764154E-04   2.4057437E-04   2.6191168E-04
   6.8115942E-01   2.2016765E+06   1.1147274E+06   3.3162427E+06   2.8445712E-04   2.3059262E-04   2.4572151E-04
   6.9565217E-01   2.1562187E+06   1.0728762E+06   3.2288897E+06   2.3110170E-04   3.2436247E-04   2.6111414E-04
   7.1014493E-01   2.0720851E+06   1.0267641E+06   3.0986791E+06   2.8566497E-04   1.5167317E-04   2.4214999E-04
   7.2463768E-01   2.0227781E+06   9.8367861E+05   3.0062900E+06   2.1611749E-04   1.3015363E-04   1.7400109E-04
   7.3913043E-01   1.9527320E+06   9.4849318E+05   2.9010172E+06   6.1678436E-04   1.5628568E-04   3.9807242E-04
   7.5362319E-01   1.8787498E+06   9.0807456E+05   2.7867224E+06   3.0908948E-04   1.9806429E-04   2.4687550E-04
   7.6811594E-01   1.8085459E+06   8.6619311E+05   2.6745103E+06   5.3530463E-04   2.4702793E-04   4.2292492E-04
   7.8260870E-01   1.7540622E+06   8.1387936E+05   2.5677872E+06   3.6907970E-04   6.4167279E-04   3.2147412E-04
   7.9710145E-01   1.6755762E+06   7.7641834E+05   2.4519119E+06   9.2213875E-05   2.7904308E-04   1.5227724E-04
   8.1159420E-01   1.6108535E+06   7.3504518E+05   2.3457092E+06   1.8727724E-04   1.6203230E-04   1.2347347E-04
   8.2608696E-01   1.5369027E+06   6.9508382E+05   2.2319200E+06   3.9608493E-04   4.6525999E-04   3.5670542E-04
   8.4057971E-01   1.4697479E+06   6.5613465E+05   2.1256866E+06   5.4601265E-04   2.1382741E-04   3.5778321E-04
   8.5507246E-01   1.3985251E+06   6.1309888E+05   2.0115340E+06   5.9483886E-04   3.8793084E-04   4.9923091E-04
   8.6956522E-01   1.3216064E+06   5.7095459E+05   1.8924853E+06   5.9139430E-04   9.4439148E-05   3.9113571E-04
   8.8405797E-01   1.2576566E+06   5.2752137E+05   1.7851158E+06   7.1360022E-04   3.2526667E-04   4.2078659E-04
   8.9855072E-01   1.1789038E+06   4.9240663E+05   1.6712616E+06   3.3328657E-04   1.6545467E-04   1.9080031E-04
   9.1304348E-01   1.0968299E+06   4.4564539E+05   1.5424512E+06   4.4392139E-04   1.1891576E-04   3.4560097E-04
   9.2753623E-01   1.0060494E+06   3.9855766E+05   1.4045478E+06   3.9817945E-04   4.8388453E-04   1.8662146E-04
   9.4202899E-01   9.0722065E+05   3.5706884E+05   1.2642195E+06   4.1648871E-04   5.7388834E-04   1.7623610E-04
   9.5652174E-01   7.7531388E+05   3.0247471E+05   1.0777771E+06   7.2048716E-04   1.9031883E-04   5.3078487E-04
   9.7101449E-01   6.2086908E+05   2.4119777E+05   8.6206685E+05   1.0801584E-03   4.7990534E-05   7.6533992E-04
   9.8550725E-01   4.1681089E+05   1.6342597E+05   5.8022572E+05   1.1985581E-03   4.8343569E-04   9.6442158E-04
   1.0000000E+00   1.8820319E+05   7.6944467E+04   2.6514766E+05   1.0301498E-03   8.4069860E-04   7.7660780E-04
