   0.0000000E+00   3.1158132E+06   1.5033496E+06   4.6191628E+06   1.2010957E-02   6.5011623E-03   9.0162341E-03
   1.4492754E-02   3.2218964E+06   1.6071595E+06   4.8290559E+06   3.8183446E-03   1.3019127E-03   2.1255622E-03
   2.8985507E-02   3.1703703E+06   1.6082961E+06   4.7786664E+06   6.9936147E-04   3.8367936E-04   5.5425315E-04
   4.3478261E-02   3.1890611E+06   1.6023605E+06   4.7914216E+06   3.8147026E-04   1.0667099E-03   2.5663686E-04
   5.7971014E-02   3.2484172E+06   1.5889738E+06   4.8373910E+06   2.7603925E-04   3.1120211E-04   2.3475014E-04
   7.2463768E-02   3.2179561E+06   1.6027646E+06   4.8207208E+06   5.5142769E-04   7.6441777E-04   4.9287955E-04
   8.6956522E-02   3.2157082E+06   1.6110745E+06   4.8266564E+06   6.0728971E-05   3.5604371E-04   1.2895304E-04
   1.0144928E-01   3.2159427E+06   1.6092162E+06   4.8250507E+06   5.6558068E-04   4.0892586E-04   3.8099563E-04
   1.1594203E-01   3.2651821E+06   1.6162523E+06   4.8814344E+06   7.5143354E-04   8.2243768E-04   7.3675543E-04
   1.3043478E-01   3.3127406E+06   1.6549811E+06   4.9674691E+06   7.1364397E-04   6.5568834E-04   3.4655467E-04
   1.4492754E-01   3.3015345E+06   1.6636109E+06   4.9649938E+06   4.5408264E-04   3.1548850E-04   3.9788473E-04
   1.5942029E-01   3.3719282E+06   1.6834154E+06   5.0553436E+06   9.4006984E-04   3.0834151E-04   7.2630882E-04
   1.7391304E-01   3.3899245E+06   1.7230301E+06   5.1128283E+06   5.4528732E-04   4.6911689E-04   4.4119731E-04
   1.8840580E-01   3.4596508E+06   1.7280477E+06   5.1875819E+06   3.0818688E-04   5.9471205E-04   3.8250144E-04
   2.0289855E-01   3.4884032E+06   1.7577326E+06   5.2459734E+06   2.7423364E-04   2.5828766E-04   1.3983635E-04
   2.1739130E-01   3.5046332E+06   1.7843689E+06   5.2889010E+06   2.9198937E-04   4.3002415E-04   1.4699211E-04
   2.3188406E-01   3.5717339E+06   1.8001929E+06   5.3716901E+06   2.1230085E-04   2.4286815E-04   2.0949339E-04
   2.4637681E-01   3.6154737E+06   1.8139770E+06   5.4292725E+06   2.4925555E-04   1.5729750E-04   1.9185566E-04
   2.6086957E-01   3.6512805E+06   1.8280818E+06   5.4791940E+06   6.2780535E-04   3.6458807E-04   3.4705628E-04
   2.7536232E-01   3.6562390E+06   1.8588078E+06   5.5148873E+06   2.5542651E-04   4.5764468E-04   3.3168357E-05
   2.8985507E-01   3.6883212E+06   1.8692985E+06   5.5573545E+06   3.4651128E-04   3.3174207E-04   2.8678964E-04
   3.0434783E-01   3.7065953E+06   1.8525579E+06   5.5587563E+06   9.5429350E-04   5.3103491E-05   6.3155451E-04
   3.1884058E-01   3.7372951E+06   1.8790148E+06   5.6161721E+06   5.7996997E-04   5.7856481E-04   5.7412568E-04
   3.3333333E-01   3.7293823E+06   1.8585634E+06   5.5876162E+06   6.1875960E-04   2.1429736E-04   4.6647521E-04
   3.4782609E-01   3.7147725E+06   1.8618853E+06   5.5764053E+06   1.2718203E-04   4.4813690E-04   1.8241705E-04
   3.6231884E-01   3.7170621E+06   1.8717915E+06   5.5885202E+06   6.0424599E-04   3.1227081E-04   3.4555019E-04
   3.7681159E-01   3.7044581E+06   1.8702107E+06   5.5744356E+06   6.3781895E-04   2.6911799E-04   5.1410708E-04
   3.9130435E-01   3.6678104E+06   1.8427314E+06   5.5102612E+06   6.3481699E-04   4.5008848E-04   5.1007491E-04
   4.0579710E-01   3.6399776E+06   1.8211931E+06   5.4609271E+06   1.4341638E-04   8.3722428E-05   8.7501363E-05
   4.2028986E-01   3.6014441E+06   1.8094752E+06   5.4103967E+06   1.0555575E-04   3.2732025E-04   1.8003836E-04
   4.3478261E-01   3.5529515E+06   1.7947499E+06   5.3475751E+06   9.4215627E-04   3.2142593E-04   6.4590835E-04
   4.4927536E-01   3.4999857E+06   1.7881119E+06   5.2879021E+06   3.9021116E-04   7.5402584E-04   4.9686284E-04
   4.6376812E-01   3.4531481E+06   1.7317835E+06   5.1846949E+06   2.1118014E-04   2.3189588E-04   2.1784027E-04
   4.7826087E-01   3.4187242E+06   1.6940696E+06   5.1123576E+06   4.4877861E-04   2.4262550E-04   3.5822251E-04
   4.9275362E-01   3.3400810E+06   1.6663967E+06   5.0060320E+06   2.2774647E-04   1.4287568E-04   1.0011803E-04
   5.0724638E-01   3.2747864E+06   1.6395690E+06   4.9142471E+06   4.0576288E-04   3.4638402E-04   2.6901654E-04
   5.2173913E-01   3.1877982E+06   1.5993717E+06   4.7869805E+06   4.2716881E-04   2.5073790E-04   2.8643162E-04
   5.3623188E-01   3.1219366E+06   1.5649925E+06   4.6867243E+06   3.0509686E-04   1.1215883E-04   1.6845565E-04
   5.5072464E-01   3.0422928E+06   1.5205382E+06   4.5625918E+06   1.5903014E-04   3.4006280E-04   1.1110775E-05
   5.6521739E-01   2.9583594E+06   1.4851833E+06   4.4433485E+06   3.1317948E-04   1.7233450E-04   2.1779274E-04
   5.7971014E-01   2.8632407E+06   1.4478454E+06   4.3107451E+06   4.0308202E-04   1.7261052E-04   2.2601660E-04
   5.9420290E-01   2.7862902E+06   1.3935147E+06   4.1796201E+06   3.7587193E-04   1.6646527E-04   2.4546502E-04
   6.0869565E-01   2.6974163E+06   1.3555368E+06   4.0528268E+06   2.2866614E-04   4.2220356E-04   2.8981360E-04
   6.2318841E-01   2.6160947E+06   1.3038710E+06   3.9197895E+06   3.5065708E-04   2.2594885E-04   1.6534829E-04
   6.3768116E-01   2.5208694E+06   1.2655580E+06   3.7861863E+06   2.3722141E-04   1.2909285E-04   1.7515450E-04
   6.5217391E-01   2.4275358E+06   1.2200571E+06   3.6473571E+06   2.8778896E-04   1.4211221E-04   2.2439093E-04
   6.6666667E-01   2.3296450E+06   1.1624669E+06   3.4919636E+06   4.5610485E-04   1.6944624E-04   3.0668475E-04
   6.8115942E-01   2.2466248E+06   1.1214342E+06   3.3680428E+06   3.3378103E-04   1.6744431E-04   2.6633926E-04
   6.9565217E-01   2.1544190E+06   1.0782277E+06   3.2325205E+06   1.2181598E-04   3.0626424E-04   1.6660764E-04
   7.1014493E-01   2.0692397E+06   1.0296868E+06   3.0988028E+06   2.3906902E-04   2.1668048E-04   1.1909603E-04
   7.2463768E-01   1.9671754E+06   9.9098319E+05   2.9579767E+06   6.7460847E-04   8.7616599E-05   4.7646858E-04
   7.3913043E-01   1.8790087E+06   9.4439249E+05   2.8232526E+06   5.2177775E-04   1.5010154E-04   3.9408892E-04
   7.5362319E-01   1.7916684E+06   8.9679594E+05   2.6884206E+06   8.7794834E-04   6.3915363E-04   7.4379714E-04
   7.6811594E-01   1.6971729E+06   8.4839344E+05   2.5454520E+06   9.7541971E-04   3.4864737E-04   7.6605707E-04
   7.8260870E-01   1.6091240E+06   8.0286411E+05   2.4119039E+06   9.5313383E-04   5.3897266E-04   8.0244445E-04
   7.9710145E-01   1.5223894E+06   7.6524517E+05   2.2875519E+06   1.2505555E-03   4.4467521E-04   9.7534620E-04
   8.1159420E-01   1.4410393E+06   7.1729249E+05   2.1583047E+06   1.2141941E-03   5.8248983E-04   9.7926028E-04
   8.2608696E-01   1.3507388E+06   6.7394696E+05   2.0246325E+06   1.3073071E-03   4.1306713E-04   1.0075294E-03
   8.4057971E-01   1.2572942E+06   6.2808532E+05   1.8852881E+06   1.2946257E-03   6.3652687E-04   1.0732634E-03
   8.5507246E-01   1.1812087E+06   5.8597447E+05   1.7671447E+06   1.5480759E-03   4.5884700E-04   1.1829096E-03
   8.6956522E-01   1.0882109E+06   5.4395391E+05   1.6320385E+06   1.8137979E-03   5.1383704E-04   1.3802620E-03
   8.8405797E-01   1.0020136E+06   4.9719948E+05   1.4991510E+06   2.0467447E-03   1.0213123E-03   1.6964819E-03
   8.9855072E-01   9.1926903E+05   4.5649969E+05   1.3757565E+06   2.5371493E-03   1.3480556E-03   2.1330391E-03
   9.1304348E-01   8.3034710E+05   4.1165549E+05   1.2419906E+06   2.8084579E-03   1.3119449E-03   2.3079062E-03
   9.2753623E-01   7.4122039E+05   3.6894673E+05   1.1101434E+06   3.6477672E-03   1.2425088E-03   2.8456829E-03
   9.4202899E-01   6.4852934E+05   3.2151350E+05   9.7004285E+05   3.7121103E-03   1.3332914E-03   2.8652345E-03
   9.5652174E-01   5.5151750E+05   2.7392181E+05   8.2541635E+05   4.5937949E-03   2.1409767E-03   3.7753403E-03
   9.7101449E-01   4.3954382E+05   2.1941566E+05   6.5895949E+05   5.4267197E-03   1.8836935E-03   4.2467868E-03
   9.8550725E-01   3.1668936E+05   1.5444457E+05   4.7112278E+05   6.6360091E-03   3.6934492E-03   5.6410611E-03
   1.0000000E+00   1.5793749E+05   7.9242297E+04   2.3715790E+05   9.1822002E-03   5.2377878E-03   7.8276330E-03
