   0.0000000E+00   3.1582465E+06   1.6730826E+06   4.8313291E+06   7.4769604E-03   5.8481184E-04   5.0266631E-03
   1.4492754E-02   3.1718858E+06   1.5556334E+06   4.7275192E+06   1.9111861E-03   1.9302052E-03   1.8206017E-03
   2.8985507E-02   3.1859039E+06   1.5419942E+06   4.7278980E+06   1.4722051E-03   1.8325350E-03   6.4566775E-04
   4.3478261E-02   3.2418501E+06   1.6069069E+06   4.8487570E+06   8.1242639E-04   4.6334678E-04   6.8582549E-04
   5.7971014E-02   3.2554262E+06   1.6101905E+06   4.8656167E+06   1.6315877E-04   1.9399287E-03   5.3792857E-04
   7.2463768E-02   3.2428099E+06   1.6010976E+06   4.8437560E+06   8.2693661E-04   2.5795202E-04   6.3180961E-04
   8.6956522E-02   3.2139401E+06   1.6312808E+06   4.8452209E+06   1.1144318E-03   6.4049559E-04   6.6823142E-04
   1.0144928E-01   3.2720152E+06   1.6550052E+06   4.9270204E+06   4.5591182E-04   9.7376779E-04   5.4348315E-04
   1.1594203E-01   3.3224859E+06   1.6533814E+06   4.9756779E+06   5.0602210E-04   3.9378837E-04   3.2644191E-04
   1.3043478E-01   3.3273060E+06   1.6735878E+06   5.0007253E+06   1.2506159E-03   7.7170417E-04   5.7388934E-04
   1.4492754E-01   3.3326017E+06   1.6808115E+06   5.0131859E+06   3.4824820E-04   5.7496976E-04   2.7360963E-04
   1.5942029E-01   3.3837765E+06   1.7118649E+06   5.0955037E+06   6.3390248E-04   1.1642228E-03   8.1074368E-04
   1.7391304E-01   3.4428398E+06   1.7383111E+06   5.1809614E+06   5.6522615E-04   2.5474115E-04   3.5085656E-04
   1.8840580E-01   3.4501500E+06   1.7201788E+06   5.1700374E+06   3.1227198E-04   5.5102724E-04   3.5492022E-04
   2.0289855E-01   3.4918671E+06   1.7640651E+06   5.2559323E+06   7.7508044E-04   6.1179939E-04   5.0875561E-04
   2.1739130E-01   3.5330231E+06   1.7747203E+06   5.3076424E+06   9.3326404E-04   1.1306241E-04   5.9679371E-04
   2.3188406E-01   3.5613624E+06   1.7907212E+06   5.3517521E+06   7.0326156E-04   2.0971956E-04   5.3830162E-04
   2.4637681E-01   3.5853871E+06   1.8024327E+06   5.3876415E+06   7.6456358E-04   7.2697226E-04   6.9435904E-04
   2.6086957E-01   3.6231601E+06   1.8139374E+06   5.4368028E+06   4.6789812E-04   3.7772574E-04   1.9197387E-04
   2.7536232E-01   3.6392099E+06   1.8294156E+06   5.4684660E+06   6.2526910E-04   4.9479312E-04   4.7534794E-04
   2.8985507E-01   3.6355827E+06   1.8642975E+06   5.4997665E+06   8.2670698E-04   9.4969008E-04   8.6028114E-04
   3.0434783E-01   3.6725693E+06   1.8535322E+06   5.5259932E+06   1.6958067E-04   3.2517603E-04   1.7123223E-04
   3.1884058E-01   3.6852868E+06   1.8626545E+06   5.5474936E+06   6.1482755E-04   4.2279825E-04   5.1200757E-04
   3.3333333E-01   3.6823367E+06   1.8513813E+06   5.5332239E+06   3.9787998E-04   7.5383192E-04   5.0452445E-04
   3.4782609E-01   3.6727497E+06   1.8623589E+06   5.5348876E+06   8.7982478E-04   1.4848039E-04   5.4660045E-04
   3.6231884E-01   3.6724163E+06   1.8537270E+06   5.5258099E+06   4.5799672E-04   6.5113955E-04   5.0950796E-04
   3.7681159E-01   3.6515622E+06   1.8448265E+06   5.4961556E+06   7.3278441E-04   3.3691750E-04   5.4891179E-04
   3.9130435E-01   3.6243949E+06   1.8343963E+06   5.4584825E+06   7.7517646E-04   8.9181343E-04   7.4863440E-04
   4.0579710E-01   3.6050676E+06   1.8083386E+06   5.4131626E+06   4.0652140E-04   4.9330158E-04   4.3597947E-04
   4.2028986E-01   3.5614669E+06   1.8033088E+06   5.3643315E+06   5.2972888E-04   4.3866165E-04   3.7579515E-04
   4.3478261E-01   3.5292091E+06   1.7741899E+06   5.3028434E+06   7.0902695E-04   7.4503822E-05   4.8902272E-04
   4.4927536E-01   3.4790135E+06   1.7482696E+06   5.2270876E+06   3.2169875E-04   4.5241148E-05   2.3132617E-04
   4.6376812E-01   3.4338022E+06   1.7291551E+06   5.1626258E+06   6.8794991E-04   6.1940437E-04   4.3787344E-04
   4.7826087E-01   3.3734208E+06   1.6924164E+06   5.0655616E+06   6.0518145E-04   3.1940408E-04   5.1074346E-04
   4.9275362E-01   3.3154100E+06   1.6707871E+06   4.9857514E+06   5.8092565E-04   2.2990772E-04   4.5879178E-04
   5.0724638E-01   3.2483522E+06   1.6314720E+06   4.8795644E+06   4.9721538E-04   3.3731223E-04   2.4951381E-04
   5.2173913E-01   3.1784528E+06   1.5919627E+06   4.7700156E+06   3.9602992E-04   2.7074214E-04   2.3796945E-04
   5.3623188E-01   3.1006585E+06   1.5620844E+06   4.6622105E+06   2.0151640E-04   7.4504005E-04   1.3200924E-04
   5.5072464E-01   3.0232497E+06   1.5210168E+06   4.5439674E+06   2.9399107E-04   8.4933392E-05   1.9028809E-04
   5.6521739E-01   2.9372400E+06   1.4786551E+06   4.4154677E+06   4.4829032E-04   3.9520648E-04   1.6891650E-04
   5.7971014E-01   2.8676166E+06   1.4345850E+06   4.3019364E+06   3.6309463E-04   4.2688524E-04   2.2340083E-04
   5.9420290E-01   2.7822428E+06   1.3950487E+06   4.1771436E+06   1.9224332E-04   3.1871774E-04   2.2633210E-04
   6.0869565E-01   2.6974524E+06   1.3545445E+06   4.0516902E+06   1.7359960E-04   4.3502643E-04   2.5685969E-04
   6.2318841E-01   2.6037242E+06   1.3029723E+06   3.9063088E+06   3.4010531E-04   2.8673986E-04   1.3681939E-04
   6.3768116E-01   2.5077123E+06   1.2569302E+06   3.7644703E+06   2.0181300E-04   1.6809276E-04   1.7332600E-04
   6.5217391E-01   2.4299942E+06   1.2187268E+06   3.6484516E+06   3.1024127E-04   3.2607179E-04   1.0554191E-04
   6.6666667E-01   2.3409616E+06   1.1697478E+06   3.5103964E+06   4.5891239E-04   4.3540672E-04   2.8576315E-04
   6.8115942E-01   2.2594096E+06   1.1241749E+06   3.3834555E+06   3.3640911E-04   3.4985304E-04   3.3191028E-04
   6.9565217E-01   2.1622490E+06   1.0781488E+06   3.2401768E+06   1.9133155E-04   1.9789542E-04   8.6638763E-05
   7.1014493E-01   2.0706315E+06   1.0270270E+06   3.0974884E+06   5.2010779E-04   4.4142594E-04   4.0311985E-04
   7.2463768E-01   1.9900590E+06   9.8796740E+05   2.9777839E+06   6.3614970E-04   4.1935772E-04   5.6100708E-04
   7.3913043E-01   1.8962583E+06   9.4983036E+05   2.8459550E+06   1.2667903E-03   4.4185013E-04   9.8214474E-04
   7.5362319E-01   1.7900801E+06   8.9957916E+05   2.6894844E+06   8.2328696E-04   3.7040926E-04   4.2832850E-04
   7.6811594E-01   1.7136430E+06   8.5805816E+05   2.5715581E+06   1.2930918E-03   8.0701076E-04   9.9139603E-04
   7.8260870E-01   1.6235350E+06   8.0809811E+05   2.4315349E+06   4.2366492E-04   4.3924431E-04   3.1671523E-04
   7.9710145E-01   1.5464166E+06   7.6728417E+05   2.3135768E+06   9.6990530E-04   2.4557406E-04   7.2640044E-04
   8.1159420E-01   1.4476424E+06   7.2599293E+05   2.1734730E+06   1.1861483E-03   7.9963982E-04   1.0449280E-03
   8.2608696E-01   1.3719288E+06   6.7667215E+05   2.0485611E+06   1.3482566E-03   5.7108212E-04   1.0906578E-03
   8.4057971E-01   1.2745000E+06   6.3506173E+05   1.9094573E+06   1.9038399E-03   1.2065463E-03   1.6632168E-03
   8.5507246E-01   1.1830453E+06   5.8879993E+05   1.7717939E+06   2.3400338E-03   8.4335266E-04   1.8371426E-03
   8.6956522E-01   1.1014587E+06   5.4351189E+05   1.6449074E+06   2.0104935E-03   1.0614429E-03   1.6929262E-03
   8.8405797E-01   1.0142865E+06   5.0354708E+05   1.5176845E+06   3.6386233E-03   1.9037712E-03   3.0605150E-03
   8.9855072E-01   9.3609812E+05   4.6243937E+05   1.3985375E+06   3.2135306E-03   1.2861223E-03   2.5726399E-03
   9.1304348E-01   8.4316849E+05   4.1727236E+05   1.2604048E+06   3.7763323E-03   1.8615754E-03   3.1391815E-03
   9.2753623E-01   7.5540428E+05   3.7283013E+05   1.1282107E+06   4.2312940E-03   1.6322150E-03   3.3664459E-03
   9.4202899E-01   6.6033838E+05   3.2755208E+05   9.8786714E+05   4.8768867E-03   1.8982926E-03   3.8859603E-03
   9.5652174E-01   5.6446791E+05   2.7765309E+05   8.4209803E+05   5.1842509E-03   2.5166210E-03   4.2862114E-03
   9.7101449E-01   4.6026283E+05   2.2754720E+05   6.8778741E+05   6.3338429E-03   2.6134528E-03   5.0945340E-03
   9.8550725E-01   3.3139837E+05   1.6263481E+05   4.9403317E+05   8.9833534E-03   4.0903470E-03   7.2787216E-03
   1.0000000E+00   1.7874926E+05   8.7339411E+04   2.6608867E+05   1.1454744E-02   7.1671100E-03   9.9589487E-03
