   0.0000000E+00   3.1824941E+06   1.5942780E+06   4.7767721E+06   5.9638598E-03   7.2475973E-03   1.7783757E-03
   1.4492754E-02   3.2431130E+06   1.6109482E+06   4.8540612E+06   6.3794556E-04   1.8416606E-03   6.0674267E-04
   2.8985507E-02   3.2461440E+06   1.6022342E+06   4.8483782E+06   8.4799901E-04   7.8079972E-04   4.5917191E-04
   4.3478261E-02   3.3153506E+06   1.6200410E+06   4.9351390E+06   5.4184527E-04   7.6361634E-04   3.8979782E-04
   5.7971014E-02   3.2489855E+06   1.6143580E+06   4.8633435E+06   1.0648207E-03   1.5546217E-03   1.2215636E-03
   7.2463768E-02   3.2452347E+06   1.6401968E+06   4.8852799E+06   9.7075282E-04   8.8382230E-04   7.9898744E-04
   8.6956522E-02   3.3225491E+06   1.6346906E+06   4.9572397E+06   3.2640232E-04   2.8655914E-04   1.2903502E-04
   1.0144928E-01   3.3084949E+06   1.6360617E+06   4.9445566E+06   8.7498907E-04   1.0882439E-03   9.3603616E-04
   1.1594203E-01   3.3373565E+06   1.6577384E+06   4.9950002E+06   7.6742289E-04   1.7649627E-04   5.2246521E-04
   1.3043478E-01   3.3301685E+06   1.6653368E+06   4.9954212E+06   1.1472618E-04   9.2706141E-04   3.2153343E-04
   1.4492754E-01   3.3934480E+06   1.6865703E+06   5.0799425E+06   2.2126816E-04   1.0084387E-03   4.8108661E-04
   1.5942029E-01   3.4040287E+06   1.7076629E+06   5.1116917E+06   8.8066240E-05   2.8194761E-04   6.0093234E-05
   1.7391304E-01   3.4278113E+06   1.7194308E+06   5.1471790E+06   4.8448775E-04   2.0461296E-04   2.5811026E-04
   1.8840580E-01   3.4576108E+06   1.7361496E+06   5.1935272E+06   5.5727362E-04   6.1499111E-04   4.9631626E-04
   2.0289855E-01   3.5006352E+06   1.7539439E+06   5.2545250E+06   7.5302979E-04   6.2592103E-04   6.1837006E-04
   2.1739130E-01   3.5182219E+06   1.7699719E+06   5.2881433E+06   2.9576996E-04   4.7844008E-04   3.5682889E-04
   2.3188406E-01   3.5864151E+06   1.7991984E+06   5.3853767E+06   5.6080765E-04   4.7988190E-04   5.2927156E-04
   2.4637681E-01   3.5851643E+06   1.8191029E+06   5.4040889E+06   2.4628197E-04   3.3298697E-04   2.7512891E-04
   2.6086957E-01   3.6162983E+06   1.8253035E+06   5.4414334E+06   5.7261642E-04   6.4484874E-04   5.2327443E-04
   2.7536232E-01   3.6215028E+06   1.8469632E+06   5.4682666E+06   5.2881488E-04   4.5563208E-04   4.7423451E-04
   2.8985507E-01   3.6309605E+06   1.8427398E+06   5.4735488E+06   2.6364170E-04   2.3703264E-04   1.7690430E-04
   3.0434783E-01   3.6619971E+06   1.8362125E+06   5.4978848E+06   3.7961065E-04   3.7389551E-04   3.6528741E-04
   3.1884058E-01   3.6637602E+06   1.8451922E+06   5.5086768E+06   6.5825323E-04   5.6712077E-04   5.4170495E-04
   3.3333333E-01   3.6444499E+06   1.8457148E+06   5.4899670E+06   3.3245839E-04   2.6423578E-04   3.0949114E-04
   3.4782609E-01   3.6512805E+06   1.8618537E+06   5.5129132E+06   3.2486467E-04   5.4612485E-04   2.7865870E-04
   3.6231884E-01   3.6331049E+06   1.8543635E+06   5.4871047E+06   1.1562448E-04   2.9594006E-04   8.3272025E-05
   3.7681159E-01   3.6039414E+06   1.8427282E+06   5.4463490E+06   2.6746651E-04   2.5501019E-04   1.1054775E-04
   3.9130435E-01   3.5942819E+06   1.8186242E+06   5.4125973E+06   2.5242300E-04   2.0832467E-04   1.8482822E-04
   4.0579710E-01   3.5487786E+06   1.8054430E+06   5.3540050E+06   2.7358585E-04   2.9816386E-04   2.8212333E-04
   4.2028986E-01   3.5281265E+06   1.7712226E+06   5.2989571E+06   2.1833941E-04   3.1950475E-04   2.5097221E-04
   4.3478261E-01   3.4637154E+06   1.7432490E+06   5.2066108E+06   3.2931491E-04   9.8199539E-05   2.4673531E-04
   4.4927536E-01   3.4419333E+06   1.7309395E+06   5.1726039E+06   3.5669654E-04   2.0869899E-04   2.1996665E-04
   4.6376812E-01   3.3738699E+06   1.7033684E+06   5.0769068E+06   3.0480932E-04   1.8293548E-04   2.4348842E-04
   4.7826087E-01   3.3184963E+06   1.6861937E+06   5.0043456E+06   4.4688335E-04   2.4148981E-04   3.3213991E-04
   4.9275362E-01   3.2550808E+06   1.6612485E+06   4.9159282E+06   3.8320224E-04   4.0161031E-04   3.0902298E-04
   5.0724638E-01   3.1953756E+06   1.6261029E+06   4.8211321E+06   2.4307891E-04   1.4048125E-04   1.2614859E-04
   5.2173913E-01   3.1351145E+06   1.5829119E+06   4.7178791E+06   2.7428813E-05   2.3798619E-04   8.8541347E-05
   5.3623188E-01   3.0605599E+06   1.5434277E+06   4.6035780E+06   4.1353907E-04   1.6534378E-04   3.0303873E-04
   5.5072464E-01   2.9930001E+06   1.5059219E+06   4.4986628E+06   6.2417996E-05   2.0317262E-04   8.5663432E-05
   5.6521739E-01   2.9023258E+06   1.4700675E+06   4.3721407E+06   2.4363636E-04   4.9142099E-04   3.1935850E-04
   5.7971014E-01   2.8278544E+06   1.4253027E+06   4.2528350E+06   2.8039901E-04   2.2651054E-04   2.2614668E-04
   5.9420290E-01   2.7473869E+06   1.3835533E+06   4.1306814E+06   5.4270626E-04   3.3523624E-04   4.5840253E-04
   6.0869565E-01   2.6739986E+06   1.3415187E+06   4.0152467E+06   2.9458302E-04   4.6201697E-04   3.3043898E-04
   6.2318841E-01   2.5943318E+06   1.3023379E+06   3.8963525E+06   4.2828967E-04   3.4929692E-04   4.0477846E-04
   6.3768116E-01   2.5020293E+06   1.2574985E+06   3.7593900E+06   5.6830497E-04   2.6122594E-04   4.5176298E-04
   6.5217391E-01   2.4197395E+06   1.2124292E+06   3.6319161E+06   4.0856086E-04   5.2522280E-04   4.1213126E-04
   6.6666667E-01   2.3318193E+06   1.1663215E+06   3.4979431E+06   7.2486947E-04   4.6015167E-04   6.3372731E-04
   6.8115942E-01   2.2424492E+06   1.1288342E+06   3.3711221E+06   5.8334240E-04   7.3856816E-04   5.9866713E-04
   6.9565217E-01   2.1631804E+06   1.0832004E+06   3.2462702E+06   4.3362186E-04   4.8393395E-04   4.4257100E-04
   7.1014493E-01   2.0743428E+06   1.0400323E+06   3.1142668E+06   6.3172048E-04   6.3119138E-04   5.9608588E-04
   7.2463768E-01   1.9924989E+06   1.0031070E+06   2.9954392E+06   5.9860791E-04   2.7905681E-04   4.8923855E-04
   7.3913043E-01   1.9057078E+06   9.5540196E+05   2.8609760E+06   6.7453145E-04   2.8624001E-04   5.2268774E-04
   7.5362319E-01   1.8219487E+06   8.9972488E+05   2.7215716E+06   7.8457870E-04   5.3529008E-04   6.5638458E-04
   7.6811594E-01   1.7320288E+06   8.5948785E+05   2.5914166E+06   7.9050568E-04   8.4197078E-04   7.2688537E-04
   7.8260870E-01   1.6546443E+06   8.1874852E+05   2.4732525E+06   9.4417209E-04   1.1718894E-03   1.0158767E-03
   7.9710145E-01   1.5668066E+06   7.7363538E+05   2.3402766E+06   8.6532330E-04   7.8238227E-04   8.2243322E-04
   8.1159420E-01   1.4819165E+06   7.3143240E+05   2.2132271E+06   8.9533061E-04   9.3906784E-04   9.1016532E-04
   8.2608696E-01   1.3863391E+06   6.8926122E+05   2.0755072E+06   1.1593518E-03   1.0194395E-03   1.0995805E-03
   8.4057971E-01   1.3062335E+06   6.4300490E+05   1.9491600E+06   1.5875846E-03   1.7679414E-03   1.6318906E-03
   8.5507246E-01   1.2292030E+06   6.0409594E+05   1.8332347E+06   1.5158801E-03   1.1126509E-03   1.3832390E-03
   8.6956522E-01   1.1356073E+06   5.5574934E+05   1.6913188E+06   2.0392873E-03   1.5416385E-03   1.8541286E-03
   8.8405797E-01   1.0467946E+06   5.1673915E+05   1.5635089E+06   1.9837875E-03   1.2344225E-03   1.7339154E-03
   8.9855072E-01   9.6188561E+05   4.7228994E+05   1.4341022E+06   2.2515827E-03   1.3726051E-03   1.9506318E-03
   9.1304348E-01   8.7126488E+05   4.2773634E+05   1.2989050E+06   2.1830000E-03   1.7076120E-03   2.0224489E-03
   9.2753623E-01   7.8370101E+05   3.8329637E+05   1.1669855E+06   2.5307219E-03   2.0332930E-03   2.3665863E-03
   9.4202899E-01   6.9173199E+05   3.3360232E+05   1.0253227E+06   2.8762366E-03   1.8953952E-03   2.5497613E-03
   9.5652174E-01   5.8961099E+05   2.8431199E+05   8.7392298E+05   3.1663754E-03   2.5214949E-03   2.9556193E-03
   9.7101449E-01   4.7706875E+05   2.3224064E+05   7.0930939E+05   3.4975236E-03   3.4129906E-03   3.4655428E-03
   9.8550725E-01   3.3707025E+05   1.6309168E+05   5.0015078E+05   4.1370851E-03   3.3473891E-03   3.8796445E-03
   1.0000000E+00   1.6588142E+05   8.1605779E+04   2.4748720E+05   4.0124560E-03   5.0890337E-03   4.3595468E-03
