   0.0000000E+00   3.5886409E+06   1.7155159E+06   5.3041568E+06   1.0126020E-02   2.2363056E-03   7.5718327E-03
   1.4492754E-02   3.5901564E+06   1.5889738E+06   5.1791302E+06   6.1952486E-04   5.3814548E-04   4.0194498E-04
   2.8985507E-02   3.6087210E+06   1.6776290E+06   5.2867288E+06   3.9625536E-04   2.1441068E-04   2.7786865E-04
   4.3478261E-02   3.6050586E+06   1.6650001E+06   5.2703112E+06   8.1977892E-04   2.8210532E-04   4.7269845E-04
   5.7971014E-02   3.6003859E+06   1.6745981E+06   5.2751734E+06   1.3100602E-03   2.5419979E-04   8.1614021E-04
   7.2463768E-02   3.5965214E+06   1.6747496E+06   5.2712710E+06   8.6023862E-04   2.6355014E-04   5.1201805E-04
   8.6956522E-02   3.5830842E+06   1.6979616E+06   5.2810458E+06   5.7266067E-04   1.8598165E-04   3.3131191E-04
   1.0144928E-01   3.6006565E+06   1.6835827E+06   5.2843474E+06   9.3434635E-04   2.6106760E-04   6.9609144E-04
   1.1594203E-01   3.5670454E+06   1.7122955E+06   5.2792462E+06   1.0418674E-03   1.5483020E-04   7.5411594E-04
   1.3043478E-01   3.5903248E+06   1.7142530E+06   5.3046619E+06   9.5903320E-04   2.8223883E-04   6.6224848E-04
   1.4492754E-01   3.5699248E+06   1.7143792E+06   5.2842283E+06   4.7597037E-04   1.5645717E-04   3.3612637E-04
   1.5942029E-01   3.5850589E+06   1.7529205E+06   5.3380483E+06   1.0378065E-03   4.5318410E-05   6.8541854E-04
   1.7391304E-01   3.5833368E+06   1.7575702E+06   5.3409702E+06   1.0000415E-03   2.2528803E-04   7.4505669E-04
   1.8840580E-01   3.5676575E+06   1.7741530E+06   5.3418688E+06   1.6003751E-04   1.3408296E-04   7.3435444E-05
   2.0289855E-01   3.5577902E+06   1.7932380E+06   5.3511365E+06   8.5862383E-04   9.4968817E-05   6.0269520E-04
   2.1739130E-01   3.5684346E+06   1.8106876E+06   5.3792232E+06   3.7297666E-04   6.3848113E-05   2.6883787E-04
   2.3188406E-01   3.5213918E+06   1.8281345E+06   5.3496210E+06   9.9747685E-04   9.0769503E-05   6.2890436E-04
   2.4637681E-01   3.5446031E+06   1.8192366E+06   5.3639288E+06   7.8063203E-04   9.3498994E-05   5.2515427E-04
   2.6086957E-01   3.5411561E+06   1.8454256E+06   5.3864975E+06   7.0363380E-04   2.3470517E-04   5.4210398E-04
   2.7536232E-01   3.5021393E+06   1.8596852E+06   5.3618245E+06   5.4049123E-04   1.2048425E-04   3.8298733E-04
   2.8985507E-01   3.4861570E+06   1.8719885E+06   5.3578803E+06   4.4147271E-04   1.2877455E-04   3.2546965E-04
   3.0434783E-01   3.4506968E+06   1.8710684E+06   5.3218012E+06   8.8494590E-05   9.6059634E-05   2.0736858E-05
   3.1884058E-01   3.4162903E+06   1.8732284E+06   5.2894498E+06   2.9756653E-04   8.5006333E-05   2.2503393E-04
   3.3333333E-01   3.4009858E+06   1.8478233E+06   5.2486773E+06   2.0034710E-04   4.1223206E-05   1.4414044E-04
   3.4782609E-01   3.3473334E+06   1.8651688E+06   5.2125022E+06   2.4097230E-04   2.2487536E-04   2.0373547E-04
   3.6231884E-01   3.3475291E+06   1.8627896E+06   5.2103490E+06   1.0141451E-04   7.3067813E-05   7.7034942E-05
   3.7681159E-01   3.2983695E+06   1.8526662E+06   5.1509191E+06   2.8113031E-04   9.8624426E-05   2.0034256E-04
   3.9130435E-01   3.2566119E+06   1.8398689E+06   5.0965089E+06   1.8333453E-04   2.8748546E-05   1.2566498E-04
   4.0579710E-01   3.2281477E+06   1.8212472E+06   5.0492866E+06   3.1837452E-04   1.1473251E-04   1.8605393E-04
   4.2028986E-01   3.1791235E+06   1.8044585E+06   4.9836080E+06   6.5873636E-04   1.2672489E-04   4.3620907E-04
   4.3478261E-01   3.1410711E+06   1.7841921E+06   4.9252884E+06   3.0322063E-04   7.7366271E-05   2.1311479E-04
   4.4927536E-01   3.0871904E+06   1.7550404E+06   4.8420107E+06   5.0576256E-04   1.3356943E-04   3.3562878E-04
   4.6376812E-01   3.0502927E+06   1.7421550E+06   4.7922109E+06   3.9732656E-04   1.1614959E-04   2.9069934E-04
   4.7826087E-01   3.0066303E+06   1.6941844E+06   4.7007917E+06   2.9613206E-04   6.1653056E-05   2.0930147E-04
   4.9275362E-01   2.9593852E+06   1.6716563E+06   4.6310415E+06   3.8263155E-04   1.4813519E-04   2.2487568E-04
   5.0724638E-01   2.9029975E+06   1.6267308E+06   4.5296633E+06   3.7084088E-04   1.1561433E-04   2.1537330E-04
   5.2173913E-01   2.8750635E+06   1.6043180E+06   4.4792762E+06   1.6065704E-04   1.3419233E-04   5.9767788E-05
   5.3623188E-01   2.7988336E+06   1.5437963E+06   4.3425889E+06   1.6888199E-04   9.9729714E-05   1.3316859E-04
   5.5072464E-01   2.7554097E+06   1.5249052E+06   4.2803548E+06   5.2364022E-04   7.3396612E-05   3.6375199E-04
   5.6521739E-01   2.7060914E+06   1.4872234E+06   4.1932760E+06   4.4779225E-04   1.8894346E-04   2.3304456E-04
   5.7971014E-01   2.6482139E+06   1.4346608E+06   4.0827989E+06   6.7167554E-04   5.3967778E-05   4.1905670E-04
   5.9420290E-01   2.5815165E+06   1.3940137E+06   3.9754378E+06   4.5371049E-04   1.1532280E-04   3.3293298E-04
   6.0869565E-01   2.5399514E+06   1.3501064E+06   3.8899676E+06   5.0996873E-04   1.5244947E-04   2.8282143E-04
   6.2318841E-01   2.4904162E+06   1.2940204E+06   3.7842780E+06   1.9155937E-04   1.4349346E-04   1.2051208E-04
   6.3768116E-01   2.4239135E+06   1.2534170E+06   3.6772100E+06   4.8672191E-04   5.0568731E-05   3.1508326E-04
   6.5217391E-01   2.3559886E+06   1.2112000E+06   3.5670707E+06   4.6098068E-04   2.1163351E-04   3.0963022E-04
   6.6666667E-01   2.3066328E+06   1.1701266E+06   3.4766442E+06   4.8876660E-04   1.3611648E-04   3.0183561E-04
   6.8115942E-01   2.2382252E+06   1.1220791E+06   3.3603365E+06   3.6162213E-04   1.7460626E-04   2.1615856E-04
   6.9565217E-01   2.1845391E+06   1.0779120E+06   3.2624511E+06   4.3365918E-04   1.2769096E-04   3.2933521E-04
   7.1014493E-01   2.1224205E+06   1.0329033E+06   3.1553083E+06   3.6606789E-04   5.6910306E-05   2.6030160E-04
   7.2463768E-01   2.0625593E+06   9.9454455E+05   3.0570280E+06   9.5742380E-04   3.2476751E-05   6.5403554E-04
   7.3913043E-01   1.9887022E+06   9.3862775E+05   2.9272854E+06   2.8117549E-04   6.8929742E-05   2.0837197E-04
   7.5362319E-01   1.9181521E+06   8.9985603E+05   2.8179353E+06   6.4301321E-04   4.7643757E-05   4.4045860E-04
   7.6811594E-01   1.8642753E+06   8.4716391E+05   2.7113677E+06   1.6082454E-04   2.7007875E-05   1.1341584E-04
   7.8260870E-01   1.8084930E+06   8.1103083E+05   2.6195238E+06   2.0989756E-04   2.1619882E-04   8.7318347E-05
   7.9710145E-01   1.7344042E+06   7.6341282E+05   2.4977068E+06   6.1460482E-04   8.1281317E-05   4.4064382E-04
   8.1159420E-01   1.6744898E+06   7.1625060E+05   2.3907404E+06   6.1462372E-04   1.3117592E-04   4.6565896E-04
   8.2608696E-01   1.5918320E+06   6.7739001E+05   2.2692220E+06   4.3984031E-04   5.7945056E-05   3.0986274E-04
   8.4057971E-01   1.5183606E+06   6.3436931E+05   2.1527299E+06   1.3345375E-03   3.4386319E-05   9.4620286E-04
   8.5507246E-01   1.4444002E+06   5.8472870E+05   2.0291675E+06   7.6461593E-04   1.9913252E-04   5.0079263E-04
   8.6956522E-01   1.3712887E+06   5.4136497E+05   1.9125905E+06   1.1510673E-03   8.3207429E-05   8.1481770E-04
   8.8405797E-01   1.2817551E+06   4.9692620E+05   1.7786192E+06   8.2149732E-04   3.4605911E-05   5.8962114E-04
   8.9855072E-01   1.1978228E+06   4.5205104E+05   1.6498494E+06   1.0852680E-03   5.9608292E-05   7.9260061E-04
   9.1304348E-01   1.0841408E+06   4.0552143E+05   1.4896261E+06   9.0213190E-04   1.5684168E-04   6.9338852E-04
   9.2753623E-01   9.7779999E+05   3.6009068E+05   1.3378788E+06   1.3897165E-03   2.4635590E-04   1.0712613E-03
   9.4202899E-01   8.4458497E+05   3.0943635E+05   1.1540330E+06   9.7249497E-04   2.2410562E-04   6.8692684E-04
   9.5652174E-01   6.9948281E+05   2.5806675E+05   9.5751511E+05   7.1401078E-04   7.7325748E-05   5.4195734E-04
   9.7101449E-01   5.4980017E+05   2.0410260E+05   7.5388014E+05   1.1937203E-04   2.1683854E-04   5.7075477E-05
   9.8550725E-01   3.7884606E+05   1.4329024E+05   5.2214743E+05   2.0736495E-03   1.9077931E-04   1.4713281E-03
   1.0000000E+00   2.0715481E+05   7.5631422E+04   2.8278624E+05   6.7134334E-03   7.6816705E-04   4.8782803E-03
