   0.0000000E+00   4.2675730E+06   1.6185256E+06   5.8860986E+06   1.8394922E-03   2.0064538E-06   1.3336807E-03
   1.4492754E-02   4.0099425E+06   1.5306281E+06   5.5405706E+06   2.2812887E-03   3.0902907E-06   1.6505044E-03
   2.8985507E-02   4.0694249E+06   1.5253239E+06   5.5947488E+06   2.3628317E-03   2.2866090E-04   1.7284052E-03
   4.3478261E-02   4.1117318E+06   1.5258291E+06   5.6375609E+06   8.0651308E-04   5.1099403E-05   6.0122527E-04
   5.7971014E-02   3.9894836E+06   1.5238085E+06   5.5132921E+06   8.0081992E-04   6.7616379E-05   5.9275470E-04
   7.2463768E-02   4.0526789E+06   1.5316889E+06   5.5842163E+06   5.1853420E-04   1.1192954E-04   3.5254191E-04
   8.6956522E-02   4.0694249E+06   1.5633371E+06   5.6327619E+06   3.1651017E-04   5.8403901E-05   2.2497118E-04
   1.0144928E-01   4.0214168E+06   1.5246745E+06   5.5460913E+06   1.0290418E-03   1.0020542E-05   7.4455654E-04
   1.1594203E-01   4.0126893E+06   1.5757134E+06   5.5884028E+06   1.3983891E-03   3.3115928E-05   1.0189250E-03
   1.3043478E-01   4.0193721E+06   1.6089276E+06   5.6281313E+06   1.1949831E-03   1.2097010E-05   8.5685804E-04
   1.4492754E-01   3.9975157E+06   1.6268607E+06   5.6243005E+06   6.9120336E-05   5.7728790E-05   3.7496549E-05
   1.5942029E-01   3.9563499E+06   1.6506949E+06   5.6069759E+06   5.4271043E-04   5.2848376E-05   3.6748776E-04
   1.7391304E-01   3.9520388E+06   1.6858378E+06   5.6378135E+06   3.7074693E-04   1.1943475E-05   2.6337707E-04
   1.8840580E-01   3.9440777E+06   1.7088711E+06   5.6528322E+06   5.2223710E-04   2.5715860E-05   3.6174631E-04
   2.0289855E-01   3.9176610E+06   1.7404129E+06   5.6579657E+06   3.5878312E-04   1.8173677E-05   2.5367808E-04
   2.1739130E-01   3.8731963E+06   1.7737605E+06   5.6468053E+06   6.4474552E-04   3.0173780E-05   4.4441506E-04
   2.3188406E-01   3.8435246E+06   1.7838069E+06   5.6271421E+06   2.6066138E-04   6.9838906E-06   1.7648337E-04
   2.4637681E-01   3.7981774E+06   1.8118376E+06   5.6098367E+06   3.0796377E-04   7.3826244E-06   2.0880670E-04
   2.6086957E-01   3.7567743E+06   1.8287133E+06   5.5852771E+06   3.5007948E-04   9.3897954E-06   2.3244144E-04
   2.7536232E-01   3.7121919E+06   1.8453281E+06   5.5574801E+06   4.4634177E-04   5.3221211E-06   2.9585578E-04
   2.8985507E-01   3.6793041E+06   1.8591448E+06   5.5382217E+06   6.7924871E-04   2.0363903E-05   4.5309892E-04
   3.0434783E-01   3.6337082E+06   1.8880994E+06   5.5213746E+06   6.2400597E-04   1.1946819E-05   4.0974013E-04
   3.1884058E-01   3.6005925E+06   1.8865232E+06   5.4869780E+06   1.5408342E-04   1.1742337E-05   9.7718493E-05
   3.3333333E-01   3.5354676E+06   1.8859737E+06   5.4213095E+06   6.2452753E-04   6.0861306E-06   4.0574366E-04
   3.4782609E-01   3.4939239E+06   1.9054236E+06   5.3991265E+06   2.1074197E-04   1.3328524E-05   1.4352993E-04
   3.6231884E-01   3.4402155E+06   1.8861582E+06   5.3263433E+06   4.9781929E-04   1.1775735E-05   3.1818970E-04
   3.7681159E-01   3.3907259E+06   1.8982178E+06   5.2887398E+06   3.2315950E-04   1.4478485E-05   2.0343677E-04
   3.9130435E-01   3.3375775E+06   1.8697293E+06   5.2069700E+06   2.9943439E-04   1.3972186E-05   1.8983098E-04
   4.0579710E-01   3.2876571E+06   1.8620297E+06   5.1496326E+06   3.3625054E-04   1.7196932E-05   2.2042940E-04
   4.2028986E-01   3.2412317E+06   1.8583362E+06   5.0993589E+06   2.1665366E-05   1.2419708E-05   1.4984680E-05
   4.3478261E-01   3.2069437E+06   1.8323336E+06   5.0391763E+06   4.7194407E-04   1.8333055E-05   3.0875220E-04
   4.4927536E-01   3.1558022E+06   1.7942960E+06   4.9498782E+06   1.3458105E-04   9.6681555E-06   8.6270926E-05
   4.6376812E-01   3.0813836E+06   1.7630402E+06   4.8442343E+06   3.6576220E-04   1.1859457E-05   2.2806714E-04
   4.7826087E-01   3.0311764E+06   1.7452742E+06   4.7761062E+06   4.5079572E-04   2.3739073E-05   2.7742513E-04
   4.9275362E-01   2.9580926E+06   1.6959707E+06   4.6537736E+06   1.6480360E-04   1.1746050E-05   1.1053926E-04
   5.0724638E-01   2.9366410E+06   1.6728445E+06   4.6093122E+06   5.6085609E-04   7.8681603E-06   3.5700058E-04
   5.2173913E-01   2.8578460E+06   1.6347117E+06   4.4922419E+06   1.4430586E-04   7.7598159E-06   8.9018089E-05
   5.3623188E-01   2.8088480E+06   1.5935817E+06   4.4023273E+06   2.0924781E-04   1.9663672E-05   1.3894238E-04
   5.5072464E-01   2.7354893E+06   1.5410370E+06   4.2764266E+06   2.3627990E-04   2.9503981E-05   1.6056046E-04
   5.6521739E-01   2.6789100E+06   1.4945676E+06   4.1730891E+06   3.6729954E-04   5.8852610E-06   2.3845599E-04
   5.7971014E-01   2.5991694E+06   1.4595145E+06   4.0584377E+06   1.9540762E-04   9.0759492E-06   1.2418680E-04
   5.9420290E-01   2.5334649E+06   1.4018498E+06   3.9351853E+06   1.8993621E-05   5.0067285E-06   1.1087356E-05
   6.0869565E-01   2.4827423E+06   1.3693926E+06   3.8519184E+06   5.1311295E-04   1.4828267E-05   3.3437845E-04
   6.2318841E-01   2.4119992E+06   1.3124176E+06   3.7241701E+06   5.8809669E-05   1.1289259E-05   3.7244863E-05
   6.3768116E-01   2.3492593E+06   1.2693123E+06   3.6185199E+06   4.0195122E-04   2.5266256E-05   2.6842691E-04
   6.5217391E-01   2.2833300E+06   1.2293183E+06   3.5123789E+06   2.6577562E-04   1.1888489E-05   1.7800560E-04
   6.6666667E-01   2.2160504E+06   1.1649378E+06   3.3808234E+06   2.6452089E-04   6.1449643E-06   1.7274334E-04
   6.8115942E-01   2.1557931E+06   1.1269963E+06   3.2827088E+06   6.9521612E-05   1.8616900E-05   4.4033643E-05
   6.9565217E-01   2.0746673E+06   1.0851105E+06   3.1596988E+06   2.5124489E-04   1.0908439E-05   1.6362537E-04
   7.1014493E-01   2.0149456E+06   1.0243363E+06   3.0390963E+06   1.8388000E-04   6.9851183E-06   1.1992749E-04
   7.2463768E-01   1.9509598E+06   9.7260050E+05   2.9234542E+06   1.4307587E-04   2.0052062E-05   8.7419875E-05
   7.3913043E-01   1.8931382E+06   9.3950434E+05   2.8325237E+06   3.3725300E-04   2.2671120E-05   2.3361985E-04
   7.5362319E-01   1.8258394E+06   8.9224952E+05   2.7179578E+06   5.8514790E-04   1.3390562E-05   3.9501373E-04
   7.6811594E-01   1.7557903E+06   8.4573422E+05   2.6014387E+06   6.0372747E-04   7.5311630E-06   4.0838131E-04
   7.8260870E-01   1.6921102E+06   7.9423433E+05   2.4861341E+06   1.8172336E-04   4.9775748E-05   1.1082148E-04
   7.9710145E-01   1.6236506E+06   7.4949802E+05   2.3730384E+06   4.4021482E-04   2.1565931E-05   3.0308516E-04
   8.1159420E-01   1.5460399E+06   7.0949863E+05   2.2555250E+06   3.8090617E-04   2.6897353E-05   2.6203141E-04
   8.2608696E-01   1.4854829E+06   6.6442872E+05   2.1498718E+06   1.5922531E-04   2.0938225E-05   1.1610599E-04
   8.4057971E-01   1.4083320E+06   6.2097828E+05   2.0292450E+06   7.5498414E-05   2.9049069E-05   5.8744467E-05
   8.5507246E-01   1.3410013E+06   5.7510930E+05   1.9159822E+06   4.6520309E-04   1.3666215E-05   3.3202971E-04
   8.6956522E-01   1.2701940E+06   5.3497473E+05   1.8051308E+06   6.5861450E-04   4.0474074E-05   4.5596763E-04
   8.8405797E-01   1.1932241E+06   4.9037985E+05   1.6835170E+06   7.2571261E-04   7.7137725E-05   5.0364889E-04
   8.9855072E-01   1.1169161E+06   4.4551251E+05   1.5624286E+06   4.6163153E-04   2.0125737E-05   3.3308864E-04
   9.1304348E-01   1.0432952E+06   4.0116745E+05   1.4443784E+06   5.2431541E-04   8.1226098E-05   3.7233430E-04
   9.2753623E-01   9.5930648E+05   3.5481020E+05   1.3140456E+06   6.7184257E-04   4.2149712E-05   4.7928306E-04
   9.4202899E-01   8.7813521E+05   3.0417882E+05   1.1823140E+06   2.2572942E-04   4.9777424E-05   1.7347606E-04
   9.5652174E-01   7.8627810E+05   2.4733214E+05   1.0335988E+06   5.5661696E-04   1.2598249E-04   4.4991262E-04
   9.7101449E-01   6.5287497E+05   1.9344904E+05   8.4631271E+05   7.2582493E-04   9.9279756E-05   5.4151270E-04
   9.8550725E-01   4.2532429E+05   1.2472569E+05   5.5004997E+05   2.2339329E-03   6.7056314E-05   1.7415876E-03
   1.0000000E+00   1.7684535E+05   5.2368632E+04   2.2921398E+05   3.3919676E-03   1.1510232E-04   2.6006110E-03
