   0.0000000E+00   3.4855887E+06   1.5882161E+06   5.0738048E+06   2.3867560E-03   5.8137330E-03   1.9645777E-04
   1.4492754E-02   3.3757169E+06   1.6192833E+06   4.9950002E+06   1.6783135E-03   1.3676529E-03   6.9088305E-04
   2.8985507E-02   3.3832943E+06   1.6120848E+06   4.9953791E+06   4.5970613E-04   8.9744921E-04   2.4907559E-04
   4.3478261E-02   3.4828104E+06   1.5990770E+06   5.0818874E+06   7.7934955E-04   5.9181635E-04   5.2792934E-04
   5.7971014E-02   3.4620989E+06   1.6107588E+06   5.0724788E+06   4.0078571E-04   1.4750993E-03   7.0209152E-04
   7.2463768E-02   3.4802846E+06   1.6426216E+06   5.1227546E+06   6.1534823E-04   3.6490142E-04   5.3380765E-04
   8.6956522E-02   3.4847047E+06   1.6306493E+06   5.1153541E+06   3.6478600E-04   6.1047577E-04   2.7588398E-04
   1.0144928E-01   3.5043157E+06   1.6410412E+06   5.1453568E+06   1.2240921E-04   1.6505251E-04   1.2844997E-04
   1.1594203E-01   3.5146669E+06   1.6613377E+06   5.1759099E+06   8.4148279E-04   1.0624845E-03   7.6625596E-04
   1.3043478E-01   3.5499122E+06   1.6652527E+06   5.2151648E+06   2.6000636E-04   1.0451447E-03   1.6588156E-04
   1.4492754E-01   3.5388576E+06   1.6935415E+06   5.2320960E+06   2.9745347E-04   2.4239563E-04   2.5718450E-04
   1.5942029E-01   3.5707308E+06   1.7116583E+06   5.2823891E+06   2.3393391E-04   5.1636613E-04   3.1587823E-04
   1.7391304E-01   3.6097313E+06   1.7417841E+06   5.3510733E+06   4.5617004E-04   2.7768372E-04   3.1183079E-04
   1.8840580E-01   3.6276352E+06   1.7437270E+06   5.3709542E+06   5.9357389E-04   4.0943305E-04   5.2229083E-04
   2.0289855E-01   3.6565666E+06   1.7713177E+06   5.4275055E+06   5.7241140E-04   5.7203664E-05   3.7061226E-04
   2.1739130E-01   3.6854292E+06   1.8104350E+06   5.4956621E+06   8.1219080E-04   5.7422918E-04   6.9925170E-04
   2.3188406E-01   3.6847314E+06   1.8301709E+06   5.5145708E+06   2.9563353E-04   4.2355339E-04   6.6090003E-05
   2.4637681E-01   3.7164310E+06   1.8257443E+06   5.5419078E+06   3.0443568E-04   5.3337563E-04   2.6934976E-04
   2.6086957E-01   3.7055429E+06   1.8424788E+06   5.5476849E+06   5.1456337E-04   5.1446889E-04   4.3248908E-04
   2.7536232E-01   3.7390317E+06   1.8492364E+06   5.5880688E+06   4.5758245E-04   2.9032218E-04   2.8631675E-04
   2.8985507E-01   3.7281403E+06   1.8817254E+06   5.6096004E+06   4.2324569E-04   4.3919089E-04   3.9481100E-04
   3.0434783E-01   3.7363635E+06   1.8884602E+06   5.6244629E+06   3.2983070E-04   5.4698063E-04   4.0261875E-04
   3.1884058E-01   3.7199360E+06   1.8895886E+06   5.6091802E+06   2.1918530E-04   1.6224407E-04   1.5473968E-04
   3.3333333E-01   3.7024991E+06   1.8804059E+06   5.5826085E+06   3.6726562E-04   2.7961386E-04   2.8735645E-04
   3.4782609E-01   3.7027750E+06   1.8676315E+06   5.5700908E+06   3.0521480E-04   2.2632138E-04   1.4199050E-04
   3.6231884E-01   3.6720223E+06   1.8726401E+06   5.5443290E+06   3.4286772E-04   9.1625492E-05   2.4523460E-04
   3.7681159E-01   3.6510959E+06   1.8675003E+06   5.5179551E+06   1.4387800E-04   3.3241197E-04   1.8973654E-05
   3.9130435E-01   3.6130569E+06   1.8421140E+06   5.4546657E+06   1.6056834E-04   2.3987636E-04   1.2598773E-04
   4.0579710E-01   3.5798187E+06   1.8377550E+06   5.4172219E+06   3.3637646E-04   9.9997527E-05   2.5483834E-04
   4.2028986E-01   3.5459464E+06   1.8165561E+06   5.3620322E+06   2.6023358E-04   1.9032675E-04   1.6701004E-04
   4.3478261E-01   3.5072348E+06   1.8053076E+06   5.3121383E+06   1.7695518E-04   1.1991895E-04   1.4460226E-04
   4.4927536E-01   3.4585302E+06   1.7663575E+06   5.2243744E+06   1.5346245E-04   3.3005206E-04   7.8035582E-05
   4.6376812E-01   3.4076129E+06   1.7335595E+06   5.1409119E+06   1.7184091E-04   4.3273192E-04   2.1034924E-04
   4.7826087E-01   3.3397589E+06   1.7083059E+06   5.0478122E+06   2.9200880E-04   3.5118633E-05   1.8026855E-04
   4.9275362E-01   3.2785038E+06   1.6760244E+06   4.9541270E+06   3.3208504E-04   8.2774390E-05   2.4188748E-04
   5.0724638E-01   3.2107252E+06   1.6484453E+06   4.8587375E+06   2.1869015E-04   2.0557235E-04   1.1469334E-04
   5.2173913E-01   3.1405870E+06   1.6103799E+06   4.7507354E+06   6.4762226E-05   1.0698849E-04   1.8955591E-05
   5.3623188E-01   3.0663556E+06   1.5746792E+06   4.6403590E+06   1.1574943E-04   1.0437132E-04   1.1581580E-04
   5.5072464E-01   2.9966093E+06   1.5308275E+06   4.5270380E+06   1.6410925E-04   1.0342996E-04   1.4124043E-04
   5.6521739E-01   2.9219687E+06   1.4921195E+06   4.4137773E+06   1.8487480E-04   1.3844619E-04   7.9818205E-05
   5.7971014E-01   2.8437289E+06   1.4532632E+06   4.2967080E+06   1.4055388E-04   1.3243806E-04   1.0878521E-04
   5.9420290E-01   2.7602130E+06   1.4011845E+06   4.1611018E+06   1.7719215E-04   3.5456482E-04   2.2485309E-04
   6.0869565E-01   2.6779497E+06   1.3665781E+06   4.0442031E+06   2.2340208E-04   1.2130871E-04   1.7708769E-04
   6.2318841E-01   2.6019973E+06   1.3106378E+06   3.9123179E+06   1.8939925E-04   1.9237327E-04   7.6548302E-05
   6.3768116E-01   2.5156341E+06   1.2653169E+06   3.7805722E+06   1.3673642E-04   1.7566283E-04   1.3220325E-04
   6.5217391E-01   2.4130041E+06   1.2169588E+06   3.6295924E+06   1.2005923E-04   2.7652439E-04   1.2110360E-04
   6.6666667E-01   2.3297767E+06   1.1770780E+06   3.5065748E+06   1.6065370E-04   1.3181536E-04   1.2887659E-04
   6.8115942E-01   2.2445773E+06   1.1227078E+06   3.3670271E+06   2.6721901E-04   2.8808269E-04   2.7297183E-04
   6.9565217E-01   2.1418059E+06   1.0762860E+06   3.2178551E+06   1.6324130E-04   3.1797313E-04   5.5586491E-06
   7.1014493E-01   2.0722397E+06   1.0259600E+06   3.0979368E+06   2.1076169E-04   3.8315868E-04   2.0454516E-04
   7.2463768E-01   1.9777079E+06   9.8473944E+05   2.9620988E+06   2.5740134E-04   4.2032638E-05   1.7814365E-04
   7.3913043E-01   1.8884135E+06   9.3662197E+05   2.8248572E+06   4.2672632E-04   3.1232141E-04   3.2125172E-04
   7.5362319E-01   1.7845282E+06   8.9369213E+05   2.6780454E+06   1.5016582E-04   1.6800037E-04   1.3162044E-04
   7.6811594E-01   1.7048646E+06   8.5058087E+05   2.5552597E+06   3.3343877E-04   1.1135184E-04   2.5573229E-04
   7.8260870E-01   1.6167575E+06   7.9610061E+05   2.4127318E+06   3.0937186E-05   2.2544229E-04   9.4775192E-05
   7.9710145E-01   1.5190554E+06   7.5214321E+05   2.2709644E+06   1.5259386E-04   3.7123190E-04   5.6677169E-05
   8.1159420E-01   1.4242202E+06   7.1045933E+05   2.1345578E+06   5.8842006E-04   3.9932692E-05   3.8630504E-04
   8.2608696E-01   1.3327259E+06   6.6460154E+05   1.9973141E+06   1.8574073E-04   2.0745373E-04   1.9245280E-04
   8.4057971E-01   1.2527086E+06   6.2332987E+05   1.8759470E+06   5.4609507E-04   3.3317246E-04   2.6288704E-04
   8.5507246E-01   1.1626506E+06   5.7645781E+05   1.7390314E+06   3.3699951E-04   1.1881537E-04   2.6376587E-04
   8.6956522E-01   1.0779436E+06   5.3512628E+05   1.6130320E+06   5.2244947E-04   2.1415808E-04   3.7488294E-04
   8.8405797E-01   9.9792679E+05   4.8205717E+05   1.4799343E+06   4.3152930E-04   1.9700396E-04   3.2515934E-04
   8.9855072E-01   9.1043285E+05   4.4255489E+05   1.3529022E+06   7.5766672E-05   5.9297379E-04   2.4555272E-04
   9.1304348E-01   8.2411682E+05   3.9979631E+05   1.2238650E+06   6.1044522E-04   2.5667942E-04   3.8825497E-04
   9.2753623E-01   7.3672133E+05   3.5613624E+05   1.0928221E+06   7.1267478E-04   2.6008145E-04   4.5470897E-04
   9.4202899E-01   6.5090747E+05   3.0822397E+05   9.5909646E+05   5.6108115E-04   4.7124480E-04   5.2256774E-04
   9.5652174E-01   5.5506508E+05   2.6323313E+05   8.1828673E+05   4.2003485E-04   4.7210584E-04   4.2968519E-04
   9.7101449E-01   4.5317178E+05   2.1015318E+05   6.6332496E+05   2.1124316E-04   6.3792311E-04   3.2970881E-04
   9.8550725E-01   3.2955974E+05   1.4398111E+05   4.7354085E+05   5.9341700E-04   1.2019252E-03   7.7352427E-04
   1.0000000E+00   1.7200896E+05   7.4690406E+04   2.4669937E+05   1.3560773E-03   3.2435094E-03   1.9244191E-03
