   0.0000000E+00   3.0915657E+06   1.7821967E+06   4.8737624E+06   5.7927694E-03   1.2818958E-03   3.4418001E-03
   1.4492754E-02   3.0695913E+06   1.5586644E+06   4.6282557E+06   4.8292165E-03   9.6048443E-04   2.8798717E-03
   2.8985507E-02   3.0767898E+06   1.6117059E+06   4.6884957E+06   2.6075287E-03   5.5381023E-04   1.5209029E-03
   4.3478261E-02   3.0971224E+06   1.6021079E+06   4.6992303E+06   5.8885094E-04   5.6656298E-04   5.7678884E-04
   5.7971014E-02   3.1574888E+06   1.6098116E+06   4.7673003E+06   1.4085673E-03   3.1050646E-04   1.0095141E-03
   7.2463768E-02   3.1297556E+06   1.6233751E+06   4.7531307E+06   1.5831972E-03   3.5104651E-04   9.5662370E-04
   8.6956522E-02   3.1914606E+06   1.6499716E+06   4.8415585E+06   8.0360520E-04   2.1543343E-04   5.9360594E-04
   1.0144928E-01   3.1433083E+06   1.6534897E+06   4.7967980E+06   2.3758835E-03   4.8999060E-04   1.6143780E-03
   1.1594203E-01   3.1922499E+06   1.6508241E+06   4.8431687E+06   1.3041616E-03   6.4668162E-05   8.5174284E-04
   1.3043478E-01   3.1932708E+06   1.6675259E+06   4.8607124E+06   5.1013134E-04   5.7993402E-05   3.5234803E-04
   1.4492754E-01   3.2304588E+06   1.6677027E+06   4.8981615E+06   1.1990544E-03   4.2439705E-04   8.8779155E-04
   1.5942029E-01   3.2384977E+06   1.6786623E+06   4.9169533E+06   6.1177802E-04   1.7033686E-04   3.4478783E-04
   1.7391304E-01   3.2861777E+06   1.7153896E+06   5.0015673E+06   2.0898968E-03   1.0355041E-04   1.4044932E-03
   1.8840580E-01   3.3301362E+06   1.7261242E+06   5.0562020E+06   5.0264260E-04   1.1104089E-04   3.5158614E-04
   2.0289855E-01   3.3455698E+06   1.7257453E+06   5.0713151E+06   7.5719835E-04   1.7177789E-04   4.6985346E-04
   2.1739130E-01   3.4054707E+06   1.7511295E+06   5.1563981E+06   5.2162741E-04   1.9955809E-04   3.8320438E-04
   2.3188406E-01   3.3964126E+06   1.7755191E+06   5.1718844E+06   3.1963247E-04   1.7508240E-04   1.5741678E-04
   2.4637681E-01   3.4462756E+06   1.7824641E+06   5.2286506E+06   3.9849664E-04   1.1194687E-04   2.8004025E-04
   2.6086957E-01   3.4800741E+06   1.8093910E+06   5.2891704E+06   7.2709572E-04   2.8280379E-04   4.6826520E-04
   2.7536232E-01   3.4833953E+06   1.8244704E+06   5.3076264E+06   8.1318638E-04   2.7953213E-04   6.2215366E-04
   2.8985507E-01   3.5118064E+06   1.8095131E+06   5.3212438E+06   2.0795817E-04   3.9481623E-05   1.4885988E-04
   3.0434783E-01   3.5435015E+06   1.8411197E+06   5.3844408E+06   4.8214385E-04   2.1865128E-04   2.6596142E-04
   3.1884058E-01   3.5601225E+06   1.8337917E+06   5.3935697E+06   1.2797488E-03   6.4325218E-06   8.3978494E-04
   3.3333333E-01   3.5220919E+06   1.8326356E+06   5.3545628E+06   1.1082829E-04   1.5863815E-05   7.7335047E-05
   3.4782609E-01   3.5437135E+06   1.8349225E+06   5.3783834E+06   4.9440092E-04   1.0625172E-04   3.5054258E-04
   3.6231884E-01   3.5528455E+06   1.8238419E+06   5.3766267E+06   4.2740918E-04   1.2664940E-04   3.2439686E-04
   3.7681159E-01   3.5485975E+06   1.8310124E+06   5.3793184E+06   1.1123132E-03   4.4908303E-05   7.4518467E-04
   3.9130435E-01   3.5208937E+06   1.8185119E+06   5.3391530E+06   1.0418891E-03   5.6855905E-05   6.7982338E-04
   4.0579710E-01   3.5052358E+06   1.8092316E+06   5.3142780E+06   5.5107662E-04   1.3856172E-04   3.2384471E-04
   4.2028986E-01   3.4768356E+06   1.7699422E+06   5.2465165E+06   5.4022639E-04   6.6542720E-05   3.7724537E-04
   4.3478261E-01   3.4190342E+06   1.7560042E+06   5.1748111E+06   3.9870400E-04   1.1181367E-04   2.2377934E-04
   4.4927536E-01   3.3880363E+06   1.7252687E+06   5.1131827E+06   7.2042200E-04   9.8807227E-05   4.7313431E-04
   4.6376812E-01   3.3396771E+06   1.7065177E+06   5.0456265E+06   2.9490943E-04   9.4997291E-05   2.2657069E-04
   4.7826087E-01   3.2867862E+06   1.6877092E+06   4.9742199E+06   2.9819450E-04   5.3664408E-05   1.8329000E-04
   4.9275362E-01   3.2502001E+06   1.6535152E+06   4.9032472E+06   3.2482569E-04   1.2552133E-04   1.8786319E-04
   5.0724638E-01   3.1736610E+06   1.6150183E+06   4.7883763E+06   4.5339003E-04   1.3043591E-04   3.3388670E-04
   5.2173913E-01   3.1122350E+06   1.5852272E+06   4.6971466E+06   5.6995573E-04   9.8283453E-05   3.4656459E-04
   5.3623188E-01   3.0644715E+06   1.5446974E+06   4.6089641E+06   4.8407096E-04   4.8339453E-05   3.2601670E-04
   5.5072464E-01   2.9889322E+06   1.5079359E+06   4.4966886E+06   2.9254106E-04   1.2110464E-04   2.3423785E-04
   5.6521739E-01   2.9337427E+06   1.4653267E+06   4.3987586E+06   1.3697572E-04   1.8052267E-04   1.3291599E-04
   5.7971014E-01   2.8566673E+06   1.4326527E+06   4.2892064E+06   3.5443976E-04   5.0515476E-05   2.3483673E-04
   5.9420290E-01   2.7662009E+06   1.3992994E+06   4.1650937E+06   6.0303406E-04   7.2001061E-05   4.2081139E-04
   6.0869565E-01   2.7056612E+06   1.3455599E+06   4.0511129E+06   5.2198206E-04   1.5401213E-04   3.3190709E-04
   6.2318841E-01   2.6236721E+06   1.3116951E+06   3.9352614E+06   3.6635585E-04   2.2712745E-04   2.9660740E-04
   6.3768116E-01   2.5504728E+06   1.2692434E+06   3.8194751E+06   5.1659827E-04   3.3488885E-05   3.3328929E-04
   6.5217391E-01   2.4659109E+06   1.2216568E+06   3.6872141E+06   3.1255434E-04   4.6359718E-05   2.1364528E-04
   6.6666667E-01   2.3795897E+06   1.1767157E+06   3.5561900E+06   2.6661245E-04   8.2804558E-05   1.6153442E-04
   6.8115942E-01   2.3001661E+06   1.1398617E+06   3.4397537E+06   1.6647319E-04   7.4370248E-05   1.3608051E-04
   6.9565217E-01   2.2165850E+06   1.0835161E+06   3.3000222E+06   4.6290424E-04   1.1575606E-04   3.4346736E-04
   7.1014493E-01   2.1313432E+06   1.0472849E+06   3.1784116E+06   5.6393696E-04   1.8767172E-04   4.3764418E-04
   7.2463768E-01   2.0369478E+06   9.9869695E+05   3.0355083E+06   4.1491983E-04   2.2936267E-04   3.0642439E-04
   7.3913043E-01   1.9695508E+06   9.6253359E+05   2.9319210E+06   1.0355054E-04   3.7183413E-05   5.9965805E-05
   7.5362319E-01   1.8880904E+06   9.1550620E+05   2.8034363E+06   4.7531438E-04   7.7219700E-05   3.2235308E-04
   7.6811594E-01   1.7961362E+06   8.6682217E+05   2.6627725E+06   1.0518142E-04   2.2529919E-04   9.0479451E-05
   7.8260870E-01   1.7152352E+06   8.2451574E+05   2.5396106E+06   8.2232808E-04   1.0443648E-04   5.3506964E-04
   7.9710145E-01   1.6285277E+06   7.8673733E+05   2.4151686E+06   1.1441747E-03   6.4530533E-05   7.5493025E-04
   8.1159420E-01   1.5455257E+06   7.4396211E+05   2.2893931E+06   4.1631588E-04   6.9027761E-05   3.0128237E-04
   8.2608696E-01   1.4575397E+06   7.0276754E+05   2.1602541E+06   5.6827510E-04   1.0238048E-04   4.0293511E-04
   8.4057971E-01   1.3624106E+06   6.5335192E+05   2.0156710E+06   4.4019884E-04   1.1930334E-04   3.3845554E-04
   8.5507246E-01   1.2726766E+06   6.0778188E+05   1.8804456E+06   5.8660939E-04   8.7550154E-05   3.8088723E-04
   8.6956522E-01   1.1874113E+06   5.5980323E+05   1.7471766E+06   3.1632275E-04   1.5388528E-04   2.3405996E-04
   8.8405797E-01   1.0892651E+06   5.2040362E+05   1.6095818E+06   1.0889135E-03   1.8725570E-04   7.1548646E-04
   8.9855072E-01   9.9058183E+05   4.7203329E+05   1.4625907E+06   7.2681893E-04   2.6768345E-04   5.6759122E-04
   9.1304348E-01   8.9191621E+05   4.2884288E+05   1.3207110E+06   9.0298998E-04   8.2080926E-05   6.2439867E-04
   9.2753623E-01   7.8334582E+05   3.7608603E+05   1.1593845E+06   3.4029464E-04   1.3482721E-04   2.3928335E-04
   9.4202899E-01   6.8111202E+05   3.2315721E+05   1.0042576E+06   4.3897939E-04   2.4500119E-04   2.8964017E-04
   9.5652174E-01   5.6834844E+05   2.6864062E+05   8.3698905E+05   1.8805455E-03   3.5405424E-04   1.2580566E-03
   9.7101449E-01   4.5054797E+05   2.1726686E+05   6.6780352E+05   2.3283943E-03   2.5145532E-04   1.6388384E-03
   9.8550725E-01   3.1437158E+05   1.5202649E+05   4.6638693E+05   7.1435633E-03   2.1673489E-04   4.8694755E-03
   1.0000000E+00   1.6294895E+05   7.7272729E+04   2.4022168E+05   1.1796871E-02   6.1243323E-04   7.8230998E-03
