   0.0000000E+00   3.6735074E+06   1.6791445E+06   5.3526519E+06   1.0210732E-02   2.1289303E-03   7.5894926E-03
   1.4492754E-02   3.8258125E+06   1.6117059E+06   5.4367607E+06   1.4249726E-03   5.1369773E-04   1.1230612E-03
   2.8985507E-02   3.7773174E+06   1.6412577E+06   5.4185750E+06   9.8021078E-04   3.3345147E-04   5.8524378E-04
   4.3478261E-02   3.7624152E+06   1.6417628E+06   5.4041780E+06   9.0654982E-05   9.9766438E-04   2.4164424E-04
   5.7971014E-02   3.7538275E+06   1.6888056E+06   5.4426332E+06   7.9004341E-04   1.9769442E-04   5.0282827E-04
   7.2463768E-02   3.7735287E+06   1.6465618E+06   5.4199390E+06   1.7251443E-03   3.8606913E-04   1.0849073E-03
   8.6956522E-02   3.7567322E+06   1.6930363E+06   5.4497685E+06   6.1032214E-04   9.9791454E-04   7.2543059E-04
   1.0144928E-01   3.7511213E+06   1.6887786E+06   5.4398999E+06   1.4681679E-03   6.2322677E-04   1.1379929E-03
   1.1594203E-01   3.7544906E+06   1.6978038E+06   5.4521996E+06   7.9678006E-04   3.3526205E-04   6.3193750E-04
   1.3043478E-01   3.7763912E+06   1.7117272E+06   5.4879500E+06   4.1907044E-05   2.5379762E-04   9.2512691E-05
   1.4492754E-01   3.7610260E+06   1.7329438E+06   5.4938941E+06   7.4315676E-04   5.0261285E-04   3.9681762E-04
   1.5942029E-01   3.7683623E+06   1.7492696E+06   5.5175630E+06   2.7398796E-04   2.1314881E-04   1.2877632E-04
   1.7391304E-01   3.7490285E+06   1.7492351E+06   5.4982005E+06   3.7128544E-04   1.6733533E-04   2.6864546E-04
   1.8840580E-01   3.7457256E+06   1.7933879E+06   5.5387637E+06   5.1585936E-04   5.6645474E-05   3.6467809E-04
   2.0289855E-01   3.7393764E+06   1.7951865E+06   5.5344546E+06   5.6755683E-04   2.8619247E-04   4.6428246E-04
   2.1739130E-01   3.6896220E+06   1.7980586E+06   5.4874786E+06   2.8561738E-04   1.1829765E-04   1.5618098E-04
   2.3188406E-01   3.6778644E+06   1.8240143E+06   5.5016893E+06   2.4529027E-04   1.9245422E-04   1.0342853E-04
   2.4637681E-01   3.6465855E+06   1.8293546E+06   5.4756281E+06   3.3084773E-04   2.5568500E-05   2.2895506E-04
   2.6086957E-01   3.6411352E+06   1.8394479E+06   5.4802464E+06   6.1242043E-04   1.7105870E-04   3.6461576E-04
   2.7536232E-01   3.6258099E+06   1.8503930E+06   5.4760035E+06   3.3350417E-04   1.3072462E-04   2.1031400E-04
   2.8985507E-01   3.5748122E+06   1.8691470E+06   5.4435425E+06   5.0054231E-04   1.3490359E-04   2.8290623E-04
   3.0434783E-01   3.5536046E+06   1.8772385E+06   5.4303380E+06   5.2970958E-04   5.8303045E-05   3.2851004E-04
   3.1884058E-01   3.5342905E+06   1.8639289E+06   5.3980473E+06   3.0662953E-04   1.2108775E-04   1.9185725E-04
   3.3333333E-01   3.5059159E+06   1.8655477E+06   5.3713318E+06   4.5232079E-04   6.3051774E-05   3.1115171E-04
   3.4782609E-01   3.4746963E+06   1.8723358E+06   5.3467163E+06   4.6488711E-04   4.0815289E-05   2.8839750E-04
   3.6231884E-01   3.4280008E+06   1.8373599E+06   5.2648454E+06   2.2231024E-04   5.1563839E-05   1.4420456E-04
   3.7681159E-01   3.3853344E+06   1.8381526E+06   5.2231081E+06   5.5971707E-04   2.4130933E-04   4.0031213E-04
   3.9130435E-01   3.3152944E+06   1.8317863E+06   5.1467440E+06   7.1789124E-05   1.0141888E-04   6.0866251E-05
   4.0579710E-01   3.2992396E+06   1.8088528E+06   5.1075782E+06   2.7314563E-04   2.1537849E-04   1.0110034E-04
   4.2028986E-01   3.2382269E+06   1.7857241E+06   5.0236374E+06   4.0371150E-04   1.4916443E-04   3.0951959E-04
   4.3478261E-01   3.1792863E+06   1.7612326E+06   4.9403674E+06   1.0863462E-04   1.0880456E-04   1.0856624E-04
   4.4927536E-01   3.1638929E+06   1.7370747E+06   4.9006009E+06   3.4933601E-04   2.3196788E-04   2.1774980E-04
   4.6376812E-01   3.0982669E+06   1.7095487E+06   4.8075788E+06   1.1183640E-04   1.8711657E-04   1.2005371E-04
   4.7826087E-01   3.0508545E+06   1.6799482E+06   4.7304812E+06   3.1149135E-04   2.5714875E-04   2.8993826E-04
   4.9275362E-01   2.9793984E+06   1.6593096E+06   4.6384183E+06   2.7875629E-04   5.4081383E-05   1.9878326E-04
   5.0724638E-01   2.9333070E+06   1.6266442E+06   4.5596264E+06   1.8115158E-04   9.1390423E-05   1.2464607E-04
   5.2173913E-01   2.8704118E+06   1.5760502E+06   4.4461252E+06   1.7917818E-04   1.2172245E-04   1.4664788E-04
   5.3623188E-01   2.8198249E+06   1.5429567E+06   4.3624539E+06   4.2005662E-04   3.0459656E-04   2.9440863E-04
   5.5072464E-01   2.7535752E+06   1.5076966E+06   4.2608930E+06   5.2878796E-04   1.0363403E-04   3.3754989E-04
   5.6521739E-01   2.6982615E+06   1.4604112E+06   4.1583423E+06   3.8839007E-04   1.2973627E-04   2.0686549E-04
   5.7971014E-01   2.6385717E+06   1.4300007E+06   4.0683072E+06   7.6587413E-05   2.3428632E-04   1.3080200E-04
   5.9420290E-01   2.5612794E+06   1.3846621E+06   3.9457012E+06   1.9815206E-04   1.0423542E-04   1.4355479E-04
   6.0869565E-01   2.5005852E+06   1.3368640E+06   3.8371786E+06   5.9794531E-04   1.5734499E-04   4.2900089E-04
   6.2318841E-01   2.4429959E+06   1.2984611E+06   3.7411751E+06   2.2056655E-04   1.8785556E-04   1.3043978E-04
   6.3768116E-01   2.3800854E+06   1.2555525E+06   3.6354656E+06   1.0882849E-04   1.8523859E-04   7.1136832E-05
   6.5217391E-01   2.3121240E+06   1.2104423E+06   3.5221622E+06   2.9305637E-04   5.0963834E-05   1.7505219E-04
   6.6666667E-01   2.2556997E+06   1.1619892E+06   3.4174913E+06   4.1165199E-04   7.0903214E-05   2.5452654E-04
   6.8115942E-01   2.1832167E+06   1.1204668E+06   3.3035224E+06   3.1060901E-04   1.8508230E-04   1.8918240E-04
   6.9565217E-01   2.1256408E+06   1.0786540E+06   3.2040580E+06   3.7581130E-04   1.8694717E-04   2.9862943E-04
   7.1014493E-01   2.0531262E+06   1.0283105E+06   3.0812512E+06   2.1740613E-04   1.1389008E-04   1.0715454E-04
   7.2463768E-01   1.9711459E+06   9.8727028E+05   2.9581131E+06   2.3933304E-04   1.7222944E-04   2.0038180E-04
   7.3913043E-01   1.9165092E+06   9.4051466E+05   2.8568159E+06   2.9097417E-04   2.1696778E-04   2.6635420E-04
   7.5362319E-01   1.8522728E+06   8.9102548E+05   2.7431962E+06   3.9905738E-04   1.9105061E-04   3.2957527E-04
   7.6811594E-01   1.7777932E+06   8.5708597E+05   2.6347219E+06   2.9167764E-04   2.9994453E-04   1.7585634E-04
   7.8260870E-01   1.7193326E+06   8.0649844E+05   2.5256627E+06   2.2788002E-04   1.7636115E-04   9.8154306E-05
   7.9710145E-01   1.6451979E+06   7.6226933E+05   2.4072881E+06   1.2281310E-04   3.4630325E-04   1.9094274E-04
   8.1159420E-01   1.5801110E+06   7.2285373E+05   2.3028159E+06   3.2028140E-04   3.5993754E-04   1.3724148E-04
   8.2608696E-01   1.5061147E+06   6.8125845E+05   2.1872535E+06   4.7585104E-05   3.2171406E-04   1.1376999E-04
   8.4057971E-01   1.4394907E+06   6.3804042E+05   2.0774266E+06   8.0372801E-04   3.2755645E-05   5.4942123E-04
   8.5507246E-01   1.3671753E+06   5.9708366E+05   1.9641948E+06   8.0541897E-04   1.8391211E-04   5.9856978E-04
   8.6956522E-01   1.2943279E+06   5.5654497E+05   1.8507592E+06   4.0924300E-04   1.1301091E-04   3.1625490E-04
   8.8405797E-01   1.2274465E+06   5.0790717E+05   1.7352915E+06   9.1598546E-04   1.3314702E-04   6.5479105E-04
   8.9855072E-01   1.1391716E+06   4.6637471E+05   1.6054852E+06   5.8280575E-04   3.9996333E-04   3.6456522E-04
   9.1304348E-01   1.0633932E+06   4.2440471E+05   1.4877498E+06   3.5082573E-04   2.8192088E-04   3.3397386E-04
   9.2753623E-01   9.8319887E+05   3.7959056E+05   1.3627539E+06   3.1877392E-04   2.0262441E-04   2.8533461E-04
   9.4202899E-01   8.9756825E+05   3.3207519E+05   1.2295968E+06   6.6429822E-04   1.3919634E-04   5.2508608E-04
   9.5652174E-01   7.8207610E+05   2.8169435E+05   1.0637475E+06   3.4785698E-04   7.4865241E-04   1.6350779E-04
   9.7101449E-01   6.3556013E+05   2.2657458E+05   8.6212339E+05   8.4340055E-04   1.6050850E-04   6.4918015E-04
   9.8550725E-01   4.3062844E+05   1.5394312E+05   5.8457157E+05   6.6846478E-04   7.2428177E-04   6.6474969E-04
   1.0000000E+00   1.9380552E+05   7.2852142E+04   2.6665766E+05   1.2435179E-03   7.8074669E-04   9.0919632E-04
