   0.0000000E+00   4.0190354E+06   1.5457828E+06   5.5648182E+06   4.7195687E-03   4.1959545E-05   3.3997624E-03
   1.4492754E-02   4.0599532E+06   1.5897316E+06   5.6496847E+06   2.6271985E-03   6.9940988E-05   1.9030446E-03
   2.8985507E-02   4.0902626E+06   1.5275972E+06   5.6178598E+06   1.3888887E-03   2.2238788E-06   1.0108414E-03
   4.3478261E-02   4.0056487E+06   1.5185043E+06   5.5241530E+06   7.1420158E-04   1.8065856E-06   5.0697489E-04
   5.7971014E-02   4.0665833E+06   1.5387738E+06   5.6053571E+06   7.1563570E-04   6.0893015E-05   5.3003862E-04
   7.2463768E-02   4.0534366E+06   1.5341137E+06   5.5875503E+06   1.3472197E-03   4.6430689E-05   9.8804205E-04
   8.6956522E-02   4.0147415E+06   1.5462880E+06   5.5610295E+06   1.2032360E-03   3.8029381E-05   8.7779126E-04
   1.0144928E-01   4.0716439E+06   1.5888656E+06   5.6604013E+06   7.2145057E-04   3.4679707E-05   5.1418367E-04
   1.1594203E-01   4.0392101E+06   1.5898263E+06   5.6288470E+06   7.6994970E-04   5.3557574E-05   5.3751250E-04
   1.3043478E-01   4.0629841E+06   1.6092643E+06   5.6721642E+06   3.4887680E-04   1.9407545E-05   2.4728692E-04
   1.4492754E-01   3.9675093E+06   1.6309524E+06   5.5984617E+06   4.5367603E-04   3.0370821E-05   3.1941458E-04
   1.5942029E-01   3.9896903E+06   1.6621987E+06   5.6518890E+06   6.3610528E-04   3.2899169E-05   4.5389573E-04
   1.7391304E-01   3.9926409E+06   1.6882373E+06   5.6809414E+06   2.1588290E-04   2.5666199E-05   1.5685962E-04
   1.8840580E-01   3.9733963E+06   1.7181971E+06   5.6914185E+06   4.3417849E-04   1.9070645E-05   3.0514909E-04
   2.0289855E-01   3.9139806E+06   1.7447428E+06   5.6586152E+06   1.9850108E-04   5.8425675E-06   1.3908631E-04
   2.1739130E-01   3.9122955E+06   1.7851771E+06   5.6973211E+06   1.4903034E-04   3.4107155E-05   1.0689906E-04
   2.3188406E-01   3.8502969E+06   1.7930418E+06   5.6432440E+06   3.9635415E-04   2.4761010E-05   2.6257715E-04
   2.4637681E-01   3.8225587E+06   1.8146456E+06   5.6369815E+06   1.3003633E-04   1.2015358E-05   8.8435595E-05
   2.6086957E-01   3.7935666E+06   1.8343121E+06   5.6275420E+06   5.7120957E-04   1.4881116E-05   3.8859543E-04
   2.7536232E-01   3.7407865E+06   1.8561358E+06   5.5967628E+06   3.9237923E-04   1.7793693E-05   2.5717130E-04
   2.8985507E-01   3.7110154E+06   1.8635776E+06   5.5744794E+06   1.8851644E-04   3.1308488E-05   1.3543494E-04
   3.0434783E-01   3.6661105E+06   1.8872695E+06   5.5530913E+06   2.9008325E-04   1.1566072E-05   1.9484657E-04
   3.1884058E-01   3.6137496E+06   1.8966494E+06   5.5102612E+06   7.3801800E-04   1.3530559E-05   4.8196821E-04
   3.3333333E-01   3.5930885E+06   1.8945723E+06   5.4873973E+06   3.3951355E-04   4.9184174E-06   2.2313624E-04
   3.4782609E-01   3.5391039E+06   1.8932367E+06   5.4321196E+06   1.5819749E-04   1.8594492E-05   9.7557863E-05
   3.6231884E-01   3.5095635E+06   1.9039195E+06   5.4131496E+06   8.8230318E-05   6.5477750E-06   5.7929581E-05
   3.7681159E-01   3.4557456E+06   1.8925639E+06   5.3480181E+06   2.6495285E-04   1.0311399E-05   1.7490695E-04
   3.9130435E-01   3.3883739E+06   1.8822460E+06   5.2704796E+06   6.4586472E-04   4.8242753E-06   4.1646219E-04
   4.0579710E-01   3.3528766E+06   1.8695800E+06   5.2221589E+06   3.0573866E-04   2.5072740E-06   1.9496445E-04
   4.2028986E-01   3.3370462E+06   1.8547826E+06   5.1916198E+06   5.7444097E-05   1.4471685E-05   4.0132284E-05
   4.3478261E-01   3.2586719E+06   1.8365769E+06   5.0949962E+06   3.9183499E-04   2.4636303E-05   2.4709640E-04
   4.4927536E-01   3.2071083E+06   1.7965203E+06   5.0033353E+06   4.3782422E-04   7.4073830E-06   2.8210913E-04
   4.6376812E-01   3.1649951E+06   1.7686521E+06   4.9334815E+06   2.4812880E-04   1.7249189E-05   1.6709194E-04
   4.7826087E-01   3.1156525E+06   1.7375132E+06   4.8530509E+06   3.3180541E-04   1.4542052E-05   2.1245725E-04
   4.9275362E-01   3.0491993E+06   1.7014977E+06   4.7503404E+06   5.2317521E-04   1.3176209E-05   3.2748609E-04
   5.0724638E-01   2.9973249E+06   1.6681248E+06   4.6652332E+06   4.2902959E-04   2.7993035E-05   2.8045604E-04
   5.2173913E-01   2.9354719E+06   1.6261661E+06   4.5614696E+06   2.8005939E-04   2.9127650E-05   1.9004875E-04
   5.3623188E-01   2.8748325E+06   1.5903050E+06   4.4649941E+06   2.6891855E-04   1.2467753E-06   1.7256432E-04
   5.5072464E-01   2.8278733E+06   1.5361915E+06   4.3638255E+06   1.9390032E-04   5.6196895E-06   1.2402644E-04
   5.6521739E-01   2.7593467E+06   1.5009209E+06   4.2599956E+06   5.0539205E-04   5.8618048E-06   3.2644355E-04
   5.7971014E-01   2.6974479E+06   1.4583021E+06   4.1553901E+06   3.3179858E-04   5.7236634E-06   2.1679047E-04
   5.9420290E-01   2.6181651E+06   1.4133268E+06   4.0311407E+06   2.1068016E-04   1.9072845E-05   1.3557617E-04
   6.0869565E-01   2.5518948E+06   1.3654235E+06   3.9171017E+06   3.4613584E-04   1.2838941E-05   2.2790948E-04
   6.2318841E-01   2.4792616E+06   1.3194134E+06   3.7985340E+06   1.0110634E-04   2.6166956E-05   7.6879679E-05
   6.3768116E-01   2.4017153E+06   1.2676418E+06   3.6691160E+06   3.2899427E-04   8.3319383E-06   2.1204167E-04
   6.5217391E-01   2.3320609E+06   1.2175145E+06   3.5492891E+06   7.3576855E-04   3.0009704E-05   4.7869051E-04
   6.6666667E-01   2.2514992E+06   1.1774404E+06   3.4287914E+06   4.2847586E-04   2.0518157E-05   2.7527368E-04
   6.8115942E-01   2.1835069E+06   1.1361375E+06   3.3195154E+06   2.3448819E-04   9.6880140E-06   1.5656300E-04
   6.9565217E-01   2.1160902E+06   1.0832951E+06   3.1991801E+06   3.0798115E-04   2.5676880E-05   1.9334357E-04
   7.1014493E-01   2.0345849E+06   1.0271507E+06   3.0616273E+06   7.0436017E-04   4.2111087E-06   4.6900566E-04
   7.2463768E-01   1.9543090E+06   9.8276932E+05   2.9369419E+06   2.9745215E-04   1.6102425E-05   1.9724177E-04
   7.3913043E-01   1.8760075E+06   9.3247671E+05   2.8083653E+06   4.6493976E-04   2.5269337E-05   3.1370988E-04
   7.5362319E-01   1.8107721E+06   8.9137521E+05   2.7021036E+06   2.8718916E-04   2.7722000E-05   1.8926325E-04
   7.6811594E-01   1.7337873E+06   8.4672071E+05   2.5803793E+06   3.8541828E-04   1.0989661E-05   2.6279375E-04
   7.8260870E-01   1.6501961E+06   7.9859834E+05   2.4487103E+06   1.3377881E-04   1.8724773E-05   9.0641330E-05
   7.9710145E-01   1.5778558E+06   7.4912604E+05   2.3268578E+06   9.5701590E-04   3.1707935E-05   6.5638059E-04
   8.1159420E-01   1.4985325E+06   7.0916035E+05   2.2075711E+06   5.8745680E-04   5.0568122E-05   4.0837511E-04
   8.2608696E-01   1.4232422E+06   6.6711404E+05   2.0902632E+06   2.2432409E-04   2.0180462E-05   1.5125690E-04
   8.4057971E-01   1.3536051E+06   6.2599502E+05   1.9796002E+06   8.5369787E-04   2.3938785E-05   5.8543045E-04
   8.5507246E-01   1.2717775E+06   5.7381216E+05   1.8455383E+06   4.5230217E-04   1.0130435E-05   3.1285742E-04
   8.6956522E-01   1.2063042E+06   5.3670489E+05   1.7429333E+06   5.3377531E-04   1.5979818E-05   3.7294243E-04
   8.8405797E-01   1.1241210E+06   4.8710047E+05   1.6111345E+06   6.1290827E-04   1.3253154E-05   4.2354677E-04
   8.9855072E-01   1.0470577E+06   4.4697909E+05   1.4940123E+06   6.4662022E-04   1.7334813E-05   4.4654968E-04
   9.1304348E-01   9.6831532E+05   3.9712619E+05   1.3654054E+06   7.8702981E-04   4.0745329E-05   5.5765242E-04
   9.2753623E-01   8.7928238E+05   3.4973100E+05   1.2290015E+06   1.2799292E-03   8.0860025E-05   9.2730037E-04
   9.4202899E-01   7.8361631E+05   2.9672969E+05   1.0803110E+06   2.6372305E-03   5.7297304E-05   1.9280814E-03
   9.5652174E-01   6.7962092E+05   2.4197058E+05   9.2159150E+05   1.7459959E-03   2.2383982E-05   1.2896925E-03
   9.7101449E-01   5.4924600E+05   1.8183419E+05   7.3106888E+05   4.1727549E-03   1.0875442E-04   3.1465744E-03
   9.8550725E-01   3.5876603E+05   1.1471911E+05   4.7348514E+05   2.4666609E-03   4.5896977E-06   1.8701327E-03
   1.0000000E+00   1.6892331E+05   5.3112691E+04   2.2203600E+05   5.2185837E-03   5.7276276E-04   3.8876097E-03
