   0.0000000E+00   3.4007222E+06   1.5336590E+06   4.9343813E+06   2.7917730E-03   5.0328729E-03   2.8430354E-03
   1.4492754E-02   3.3014587E+06   1.5359323E+06   4.8373910E+06   3.1113814E-03   1.2208622E-03   2.0195357E-03
   2.8985507E-02   3.2412187E+06   1.5851851E+06   4.8264038E+06   1.6382016E-03   1.2805627E-03   1.0415604E-03
   4.3478261E-02   3.3327785E+06   1.5644737E+06   4.8969996E+06   3.5786645E-04   1.0538524E-03   5.7750260E-04
   5.7971014E-02   3.3116882E+06   1.5749557E+06   4.8866439E+06   4.6961957E-04   1.1274239E-03   2.6816720E-04
   7.2463768E-02   3.3567735E+06   1.5924594E+06   4.9490814E+06   3.1357512E-04   1.4532795E-03   2.8076130E-04
   8.6956522E-02   3.3430080E+06   1.6042548E+06   4.9472628E+06   7.1270743E-04   5.1009592E-04   3.1777345E-04
   1.0144928E-01   3.3726860E+06   1.6233967E+06   4.9958662E+06   7.0523493E-04   4.4118719E-04   6.0689848E-04
   1.1594203E-01   3.3921030E+06   1.6286603E+06   5.0205738E+06   3.0852061E-04   3.1162422E-04   2.9257275E-04
   1.3043478E-01   3.4170557E+06   1.6370480E+06   5.0540195E+06   5.1445208E-04   4.1510157E-04   3.7059882E-04
   1.4492754E-01   3.4450498E+06   1.6445159E+06   5.0894900E+06   4.8136653E-04   1.2672170E-03   4.5788336E-04
   1.5942029E-01   3.4794580E+06   1.6869974E+06   5.1663865E+06   3.7740000E-04   1.7472571E-04   3.0430351E-04
   1.7391304E-01   3.5168454E+06   1.7033921E+06   5.2201112E+06   6.5693045E-04   5.0737122E-04   5.4109439E-04
   1.8840580E-01   3.5641019E+06   1.7244921E+06   5.2883609E+06   5.2097938E-04   1.7594315E-04   4.0334264E-04
   2.0289855E-01   3.6067725E+06   1.7587068E+06   5.3653711E+06   7.2559166E-04   6.7769138E-04   6.8022692E-04
   2.1739130E-01   3.6325897E+06   1.7793173E+06   5.4117554E+06   9.5945153E-04   4.7729541E-04   6.6641284E-04
   2.3188406E-01   3.6452818E+06   1.8002876E+06   5.4454273E+06   5.6276692E-04   5.7352466E-04   4.0376613E-04
   2.4637681E-01   3.6657964E+06   1.8301124E+06   5.4958196E+06   2.8742306E-04   2.6533140E-04   1.5881479E-04
   2.6086957E-01   3.7057954E+06   1.8410897E+06   5.5465483E+06   3.7312643E-04   5.4767320E-04   3.8429605E-04
   2.7536232E-01   3.7546252E+06   1.8595656E+06   5.6136723E+06   1.0986299E-03   3.6299688E-04   8.4746697E-04
   2.8985507E-01   3.7127582E+06   1.8721400E+06   5.5846709E+06   5.3004190E-04   1.8736702E-04   3.9072910E-04
   3.0434783E-01   3.7524203E+06   1.8958211E+06   5.6478806E+06   6.0675651E-04   4.0597878E-04   4.8496931E-04
   3.1884058E-01   3.7606472E+06   1.8814946E+06   5.6417629E+06   5.4318193E-04   3.1304551E-04   2.6830055E-04
   3.3333333E-01   3.7437134E+06   1.8921344E+06   5.6355842E+06   2.1230517E-04   4.7088609E-04   1.3975451E-04
   3.4782609E-01   3.7198241E+06   1.8849331E+06   5.6041889E+06   2.4310726E-04   5.6209725E-05   1.7607585E-04
   3.6231884E-01   3.7319138E+06   1.8877646E+06   5.6194359E+06   3.3924721E-04   3.2554758E-04   1.6935740E-04
   3.7681159E-01   3.6946658E+06   1.8835002E+06   5.5779620E+06   9.6926648E-05   1.4056177E-04   4.2853838E-05
   3.9130435E-01   3.6837790E+06   1.8804218E+06   5.5637237E+06   1.6663681E-04   4.6656725E-04   2.5467626E-04
   4.0579710E-01   3.6512895E+06   1.8512590E+06   5.5021696E+06   3.3118798E-04   2.3927035E-04   2.3521289E-04
   4.2028986E-01   3.6077150E+06   1.8385044E+06   5.4457490E+06   2.6102407E-04   3.7720095E-04   1.5702908E-04
   4.3478261E-01   3.5633073E+06   1.8083639E+06   5.3714438E+06   5.0940495E-05   2.3968607E-04   9.9235541E-05
   4.4927536E-01   3.5101541E+06   1.7974492E+06   5.3069922E+06   4.1620489E-04   2.2167003E-05   2.6771658E-04
   4.6376812E-01   3.4696526E+06   1.7595830E+06   5.2285252E+06   4.4466508E-04   2.2457828E-04   3.5983519E-04
   4.7826087E-01   3.3903895E+06   1.7356303E+06   5.1255605E+06   1.2643156E-04   5.8353038E-05   8.4070294E-05
   4.9275362E-01   3.3434017E+06   1.6864544E+06   5.0293658E+06   5.4318055E-05   7.3072581E-05   2.9670303E-05
   5.0724638E-01   3.2727730E+06   1.6578196E+06   4.9302462E+06   1.7553785E-04   9.6333241E-05   1.4015520E-04
   5.2173913E-01   3.1832518E+06   1.6238297E+06   4.8067448E+06   1.6376045E-04   1.1268313E-04   1.4531013E-04
   5.3623188E-01   3.1187828E+06   1.5726108E+06   4.6908816E+06   2.8132510E-04   7.5064651E-05   1.6867454E-04
   5.5072464E-01   3.0654238E+06   1.5370888E+06   4.6021736E+06   3.4772020E-04   2.2917774E-04   1.9209409E-04
   5.6521739E-01   2.9642270E+06   1.5007266E+06   4.4647205E+06   6.1786144E-05   2.9125740E-04   1.1836866E-04
   5.7971014E-01   2.8849498E+06   1.4531685E+06   4.3377015E+06   1.2434259E-04   2.3179949E-04   5.7759033E-05
   5.9420290E-01   2.7943481E+06   1.3982829E+06   4.1924092E+06   2.9599596E-04   4.2451958E-04   2.4895927E-04
   6.0869565E-01   2.6949627E+06   1.3668487E+06   4.0612160E+06   8.6487018E-05   7.3750071E-05   3.4660504E-05
   6.2318841E-01   2.6247470E+06   1.3138273E+06   3.9383981E+06   1.1342823E-04   3.1126716E-04   1.3708765E-04
   6.3768116E-01   2.5318910E+06   1.2603744E+06   3.7920760E+06   2.3479007E-04   1.2659828E-04   1.5927078E-04
   6.5217391E-01   2.4308361E+06   1.2190636E+06   3.6495293E+06   6.8090214E-05   2.4329319E-04   9.7533618E-05
   6.6666667E-01   2.3406321E+06   1.1752990E+06   3.5157335E+06   2.9541004E-04   2.5450888E-04   1.2137539E-04
   6.8115942E-01   2.2534122E+06   1.1172263E+06   3.3704450E+06   2.3639047E-04   9.6624841E-05   1.5803324E-04
   6.9565217E-01   2.1535666E+06   1.0799169E+06   3.2332624E+06   2.8831835E-04   8.1648642E-05   1.9246959E-04
   7.1014493E-01   2.0573788E+06   1.0423828E+06   3.0994987E+06   5.1932302E-04   2.9663878E-04   4.3960533E-04
   7.2463768E-01   1.9825574E+06   9.8052642E+05   2.9627504E+06   3.5938602E-04   1.8987992E-04   2.5925983E-04
   7.3913043E-01   1.8810293E+06   9.3980149E+05   2.8205039E+06   3.0555211E-04   1.7988573E-04   1.6305096E-04
   7.5362319E-01   1.7824881E+06   8.8478873E+05   2.6671020E+06   3.5483266E-05   4.5644195E-04   1.6207179E-04
   7.6811594E-01   1.6943278E+06   8.4780727E+05   2.5419492E+06   3.0150492E-04   2.2677067E-04   2.6873318E-04
   7.8260870E-01   1.6052371E+06   7.9876672E+05   2.4037793E+06   1.9236919E-04   2.2496602E-04   1.7194801E-04
   7.9710145E-01   1.5157076E+06   7.5667585E+05   2.2723283E+06   4.8896800E-05   3.0253246E-04   1.2100619E-04
   8.1159420E-01   1.4181313E+06   7.1037814E+05   2.1284553E+06   2.9953755E-04   1.8913427E-04   1.4655721E-04
   8.2608696E-01   1.3288176E+06   6.6793824E+05   1.9967159E+06   2.2755181E-04   4.8272705E-04   9.7591944E-06
   8.4057971E-01   1.2348887E+06   6.2319923E+05   1.8579181E+06   3.9948080E-04   6.6830918E-04   4.8280992E-04
   8.5507246E-01   1.1410872E+06   5.7203982E+05   1.7130372E+06   2.7589659E-04   9.4796324E-04   1.6758154E-04
   8.6956522E-01   1.0575857E+06   5.2896335E+05   1.5864354E+06   4.5530627E-04   1.8920525E-04   2.4145215E-04
   8.8405797E-01   9.6517021E+05   4.8691414E+05   1.4520471E+06   1.5363320E-04   3.0468998E-04   2.0435931E-04
   8.9855072E-01   8.7538142E+05   4.4007391E+05   1.3153942E+06   1.6717605E-04   5.5442439E-04   2.8588689E-04
   9.1304348E-01   7.8871970E+05   3.9561071E+05   1.1842582E+06   9.1123105E-04   2.2018145E-04   5.9091423E-04
   9.2753623E-01   6.9473798E+05   3.5112808E+05   1.0457950E+06   1.6150529E-04   3.8406215E-04   2.3621552E-04
   9.4202899E-01   6.0493034E+05   3.0409722E+05   9.0896927E+05   4.9065851E-04   6.2039915E-04   3.8822397E-04
   9.5652174E-01   5.1643199E+05   2.5442731E+05   7.7083634E+05   4.2344942E-05   5.7097216E-04   1.6119581E-04
   9.7101449E-01   4.1583911E+05   2.0326569E+05   6.1909349E+05   6.4579946E-04   4.3444282E-04   5.2486936E-04
   9.8550725E-01   2.9735593E+05   1.4013671E+05   4.3748150E+05   1.0296780E-03   1.5681440E-03   7.1033374E-04
   1.0000000E+00   1.5981952E+05   6.7556192E+04   2.2737572E+05   6.8228244E-04   1.7566056E-03   5.6357054E-04
