   0.0000000E+00   2.6854188E+06   1.7397634E+06   4.4251822E+06   6.2752423E-03   1.9590730E-06   3.8084024E-03
   1.4492754E-02   2.5111394E+06   1.6571701E+06   4.1683095E+06   1.5214689E-03   6.6146252E-06   9.1411582E-04
   2.8985507E-02   2.5081084E+06   1.7052864E+06   4.2133948E+06   3.0479131E-03   2.6805071E-06   1.8148710E-03
   4.3478261E-02   2.5578665E+06   1.6740929E+06   4.2317068E+06   2.2505530E-03   1.4666290E-05   1.3559420E-03
   5.7971014E-02   2.5287567E+06   1.6764924E+06   4.2052492E+06   1.2736972E-03   4.2337019E-06   7.6483306E-04
   7.2463768E-02   2.5591799E+06   1.7182437E+06   4.2774236E+06   2.2181579E-03   2.1135435E-05   1.3190589E-03
   8.6956522E-02   2.5501628E+06   1.7051601E+06   4.2553229E+06   2.1756826E-03   4.8056678E-05   1.3161407E-03
   1.0144928E-01   2.5617995E+06   1.7181138E+06   4.2798050E+06   1.9079510E-03   8.3835128E-06   1.1540302E-03
   1.1594203E-01   2.5835032E+06   1.7264083E+06   4.3099115E+06   1.2920727E-03   3.6879433E-05   7.9637138E-04
   1.3043478E-01   2.5927224E+06   1.7362273E+06   4.3288655E+06   1.5648929E-03   4.4784611E-06   9.4105023E-04
   1.4492754E-01   2.6435160E+06   1.7620409E+06   4.4054811E+06   1.3982345E-03   2.6997177E-05   8.4846924E-04
   1.5942029E-01   2.6488408E+06   1.7647687E+06   4.4134718E+06   1.9757586E-03   1.6151983E-05   1.1795540E-03
   1.7391304E-01   2.7254526E+06   1.7854802E+06   4.5108696E+06   1.2953773E-04   4.4903453E-06   7.9466632E-05
   1.8840580E-01   2.7477281E+06   1.7941456E+06   4.5418737E+06   1.7010796E-03   2.6274561E-05   1.0363147E-03
   2.0289855E-01   2.7918267E+06   1.8069314E+06   4.5987039E+06   1.4801697E-03   6.7849642E-06   8.9613962E-04
   2.1739130E-01   2.7947350E+06   1.8154361E+06   4.6100195E+06   2.3023210E-03   1.6111279E-05   1.3896161E-03
   2.3188406E-01   2.8490426E+06   1.8172420E+06   4.6661899E+06   3.5390948E-04   5.1357290E-06   2.1621252E-04
   2.4637681E-01   2.8950444E+06   1.8653694E+06   4.7602356E+06   9.3018690E-04   1.9881511E-05   5.6233828E-04
   2.6086957E-01   2.9402288E+06   1.8586018E+06   4.7987464E+06   5.9141199E-04   3.2723518E-06   3.5637510E-04
   2.7536232E-01   2.9603177E+06   1.8682197E+06   4.8284178E+06   1.2920382E-03   2.6412624E-05   8.0215955E-04
   2.8985507E-01   3.0201869E+06   1.8579325E+06   4.8780815E+06   1.4156643E-03   5.8970329E-06   8.7586944E-04
   3.0434783E-01   3.0549417E+06   1.8727643E+06   4.9275617E+06   1.6555453E-03   2.4515526E-05   1.0244090E-03
   3.1884058E-01   3.0861926E+06   1.8875565E+06   4.9737492E+06   5.7948990E-04   1.1198559E-05   3.5974083E-04
   3.3333333E-01   3.1326152E+06   1.8912778E+06   5.0236295E+06   1.7444839E-03   4.2850449E-06   1.0898568E-03
   3.4782609E-01   3.1461859E+06   1.8609066E+06   5.0067451E+06   7.1580662E-04   2.5124596E-05   4.5811468E-04
   3.6231884E-01   3.1705218E+06   1.8641535E+06   5.0344025E+06   1.6760967E-03   4.3536015E-06   1.0560194E-03
   3.7681159E-01   3.1850004E+06   1.8654894E+06   5.0502859E+06   1.3661619E-03   2.1673544E-05   8.5667151E-04
   3.9130435E-01   3.1853286E+06   1.8447801E+06   5.0298280E+06   1.6294589E-03   9.3188104E-06   1.0241905E-03
   4.0579710E-01   3.2105574E+06   1.8365102E+06   5.0469052E+06   2.9367675E-04   1.3842961E-05   1.9109057E-04
   4.2028986E-01   3.1925276E+06   1.8292809E+06   5.0214687E+06   1.1564415E-03   6.6752130E-06   7.3697900E-04
   4.3478261E-01   3.2040138E+06   1.8014432E+06   5.0053054E+06   1.0623281E-03   5.5495910E-06   6.7822539E-04
   4.4927536E-01   3.1889226E+06   1.7694863E+06   4.9582378E+06   1.1488512E-03   2.8963135E-06   7.3790128E-04
   4.6376812E-01   3.1658712E+06   1.7381769E+06   4.9037640E+06   7.5241173E-04   6.9343262E-06   4.8700980E-04
   4.7826087E-01   3.1486944E+06   1.7147352E+06   4.8630852E+06   2.5579260E-04   2.2206885E-06   1.6642297E-04
   4.9275362E-01   3.1329738E+06   1.6840475E+06   4.8167315E+06   6.9215557E-04   9.6724057E-06   4.4870384E-04
   5.0724638E-01   3.0928646E+06   1.6447432E+06   4.7373481E+06   4.9164627E-04   1.3309176E-06   3.2035371E-04
   5.2173913E-01   3.0777580E+06   1.6196622E+06   4.6971255E+06   3.5438042E-04   1.1632791E-05   2.3246010E-04
   5.3623188E-01   3.0211986E+06   1.5698871E+06   4.5908194E+06   4.7103248E-04   9.5415113E-06   3.1324689E-04
   5.5072464E-01   2.9994010E+06   1.5337189E+06   4.5330201E+06   7.2785044E-04   7.7428095E-06   4.7656268E-04
   5.6521739E-01   2.9554839E+06   1.4999883E+06   4.4554140E+06   4.7617810E-04   5.5763191E-06   3.1759724E-04
   5.7971014E-01   2.9133460E+06   1.4495124E+06   4.3626121E+06   5.5864255E-04   2.8725149E-05   3.6373999E-04
   5.9420290E-01   2.8591623E+06   1.4022379E+06   4.2612524E+06   4.6793660E-04   1.4263145E-05   3.0705996E-04
   6.0869565E-01   2.7976721E+06   1.3602276E+06   4.1576471E+06   7.9312055E-04   1.9796468E-05   5.4237976E-04
   6.2318841E-01   2.7295261E+06   1.3178803E+06   4.0470716E+06   2.7317366E-04   9.7943763E-06   1.8441596E-04
   6.3768116E-01   2.6853327E+06   1.2743409E+06   3.9594842E+06   6.1594631E-04   1.4536340E-05   4.1884855E-04
   6.5217391E-01   2.6222572E+06   1.2121261E+06   3.8341476E+06   4.1163126E-04   1.3069564E-05   2.8471545E-04
   6.6666667E-01   2.5575919E+06   1.1738000E+06   3.7312766E+06   2.9169539E-04   1.9846992E-05   1.9881479E-04
   6.8115942E-01   2.5027881E+06   1.1347671E+06   3.6373134E+06   8.0361023E-04   6.8657009E-06   5.5332003E-04
   6.9565217E-01   2.4321769E+06   1.0747548E+06   3.5067264E+06   1.1822683E-03   2.6928181E-05   8.2355152E-04
   7.1014493E-01   2.3598859E+06   1.0357023E+06   3.3954335E+06   6.5107045E-04   8.2552212E-06   4.5483625E-04
   7.2463768E-01   2.2925475E+06   9.8683079E+05   3.2791358E+06   2.6423510E-04   2.3863215E-06   1.8533907E-04
   7.3913043E-01   2.2055635E+06   9.4687370E+05   3.1523778E+06   1.1113830E-03   2.0661617E-05   7.7021258E-04
   7.5362319E-01   2.1329413E+06   8.9321126E+05   3.0260214E+06   4.5173159E-04   5.7356068E-06   3.1859258E-04
   7.6811594E-01   2.0536666E+06   8.4899392E+05   2.9024889E+06   4.1866283E-04   1.9151683E-05   2.9672255E-04
   7.8260870E-01   1.9636606E+06   8.0477249E+05   2.7682366E+06   1.0798322E-03   1.5952490E-05   7.6021043E-04
   7.9710145E-01   1.8661401E+06   7.5394800E+05   2.6199779E+06   9.7689675E-04   2.7477310E-05   6.8877168E-04
   8.1159420E-01   1.7687469E+06   7.0761781E+05   2.4762970E+06   5.2496305E-04   2.0332755E-05   3.7651921E-04
   8.2608696E-01   1.6711018E+06   6.6395015E+05   2.3350254E+06   9.3677621E-04   1.7087810E-05   6.6734794E-04
   8.4057971E-01   1.5620742E+06   6.1900555E+05   2.1810536E+06   8.2865641E-04   8.5050296E-06   5.9390175E-04
   8.5507246E-01   1.4548673E+06   5.7311864E+05   2.0279345E+06   1.8961979E-03   2.9687580E-06   1.3588390E-03
   8.6956522E-01   1.3391607E+06   5.2177748E+05   1.8608876E+06   1.7752755E-03   6.2707795E-06   1.2738728E-03
   8.8405797E-01   1.2210243E+06   4.8011935E+05   1.7010567E+06   1.0733344E-03   3.4318387E-05   7.6449692E-04
   8.9855072E-01   1.0990482E+06   4.2814567E+05   1.5271083E+06   3.0040797E-03   3.1595874E-05   2.1585090E-03
   9.1304348E-01   9.7893566E+05   3.8577217E+05   1.3646838E+06   1.7496163E-03   2.8956467E-05   1.2464737E-03
   9.2753623E-01   8.4926891E+05   3.3437499E+05   1.1836202E+06   1.8117558E-03   3.6755509E-05   1.2999122E-03
   9.4202899E-01   7.2363853E+05   2.8663430E+05   1.0102728E+06   6.9982869E-04   1.1352005E-05   5.0102616E-04
   9.5652174E-01   6.0088519E+05   2.4273980E+05   8.4359055E+05   7.9600036E-04   5.9580194E-05   5.8382427E-04
   9.7101449E-01   4.6653961E+05   1.9111929E+05   6.5765889E+05   2.9534738E-03   2.6100341E-05   2.0857618E-03
   9.8550725E-01   3.3133151E+05   1.3074301E+05   4.6207452E+05   6.0281324E-03   3.3041604E-05   4.3294279E-03
   1.0000000E+00   1.9391494E+05   7.6266060E+04   2.7018100E+05   9.0580442E-03   1.1658060E-05   6.4978970E-03
