   0.0000000E+00   3.3037319E+06   1.6730826E+06   4.9768145E+06   8.7757430E-03   3.5230241E-04   5.8949400E-03
   1.4492754E-02   3.2643296E+06   1.5821542E+06   4.8464838E+06   2.7066742E-03   4.2862642E-05   1.8308203E-03
   2.8985507E-02   3.2544791E+06   1.6192833E+06   4.8737624E+06   1.4960554E-03   2.5582418E-05   9.9344096E-04
   4.3478261E-02   3.2489223E+06   1.6715671E+06   4.9204894E+06   3.6573836E-03   4.3572326E-05   2.4268191E-03
   5.7971014E-02   3.2972912E+06   1.6893739E+06   4.9866651E+06   1.9071422E-03   2.4543511E-05   1.2605815E-03
   7.2463768E-02   3.2916082E+06   1.6929353E+06   4.9845435E+06   1.6728014E-03   4.2991723E-05   1.1018833E-03
   8.6956522E-02   3.2911030E+06   1.6430257E+06   4.9340024E+06   1.8372275E-03   1.2440331E-05   1.2230380E-03
   1.0144928E-01   3.3245156E+06   1.7001446E+06   5.0246602E+06   2.7617338E-03   1.8531453E-05   1.8276413E-03
   1.1594203E-01   3.3401033E+06   1.6553705E+06   4.9954738E+06   1.4251337E-03   1.4102306E-05   9.4827582E-04
   1.3043478E-01   3.3884301E+06   1.7068440E+06   5.0952740E+06   4.6018704E-04   1.6593880E-05   3.0415375E-04
   1.4492754E-01   3.3895835E+06   1.6886162E+06   5.0782755E+06   6.2388095E-04   1.5728763E-06   4.1327886E-04
   1.5942029E-01   3.4084374E+06   1.7184090E+06   5.1267775E+06   1.5732487E-03   1.3382943E-05   1.0379871E-03
   1.7391304E-01   3.4489017E+06   1.7413420E+06   5.1902437E+06   9.3649911E-04   1.0375958E-05   6.2504960E-04
   1.8840580E-01   3.4843647E+06   1.7372571E+06   5.2213886E+06   2.4455273E-03   7.4390420E-06   1.6299425E-03
   2.0289855E-01   3.5223390E+06   1.7631450E+06   5.2853216E+06   1.2153624E-03   1.7207951E-05   8.0800009E-04
   2.1739130E-01   3.5550479E+06   1.7762358E+06   5.3313343E+06   2.7296499E-04   2.0901890E-06   1.8190956E-04
   2.3188406E-01   3.5945134E+06   1.8082439E+06   5.4026626E+06   1.0001609E-03   1.6435188E-05   6.5445998E-04
   2.4637681E-01   3.6038848E+06   1.8057757E+06   5.4096159E+06   1.2172886E-03   2.1472000E-05   8.1404685E-04
   2.6086957E-01   3.6376833E+06   1.8130113E+06   5.4502316E+06   3.2641357E-04   1.1193379E-05   2.1366542E-04
   2.7536232E-01   3.6628991E+06   1.8282591E+06   5.4909987E+06   1.7308699E-04   5.2298829E-06   1.1621203E-04
   2.8985507E-01   3.6768415E+06   1.8387617E+06   5.5154138E+06   1.2795433E-03   5.0274123E-06   8.5146360E-04
   3.0434783E-01   3.7033118E+06   1.8422383E+06   5.5453336E+06   9.8370588E-05   2.7832225E-05   7.1107422E-05
   3.1884058E-01   3.7013026E+06   1.8687509E+06   5.5698124E+06   2.2924360E-04   2.8622438E-06   1.5430241E-04
   3.3333333E-01   3.6844782E+06   1.8577727E+06   5.5420532E+06   1.6488573E-03   1.8792709E-05   1.0916731E-03
   3.4782609E-01   3.7107313E+06   1.8527293E+06   5.5633659E+06   1.4919710E-03   1.2352904E-05   9.9047747E-04
   3.6231884E-01   3.6810848E+06   1.8505142E+06   5.5314475E+06   1.4811319E-03   2.2644193E-05   9.9353837E-04
   3.7681159E-01   3.6786367E+06   1.8214533E+06   5.4997986E+06   1.1752228E-03   6.2348972E-06   7.8756810E-04
   3.9130435E-01   3.6519540E+06   1.8085491E+06   5.4603067E+06   2.3842050E-04   3.4817386E-06   1.6204549E-04
   4.0579710E-01   3.6127532E+06   1.8125061E+06   5.4250699E+06   8.2121916E-04   3.6005912E-05   5.4392066E-04
   4.2028986E-01   3.5941803E+06   1.7917860E+06   5.3854959E+06   1.7436174E-03   1.8004537E-05   1.1657700E-03
   4.3478261E-01   3.5239807E+06   1.7571409E+06   5.2806922E+06   1.3391172E-03   1.0072268E-05   8.9057276E-04
   4.4927536E-01   3.5021612E+06   1.7407167E+06   5.2425112E+06   4.2435725E-04   1.1066082E-05   2.8327932E-04
   4.6376812E-01   3.4491937E+06   1.7097381E+06   5.1586240E+06   1.1774182E-03   4.4270956E-06   7.8723498E-04
   4.7826087E-01   3.3748903E+06   1.6943451E+06   5.0689599E+06   7.9870366E-04   1.2920049E-05   5.3135113E-04
   4.9275362E-01   3.3106407E+06   1.6725032E+06   4.9827873E+06   9.9272789E-04   1.3332008E-05   6.5804358E-04
   5.0724638E-01   3.2578997E+06   1.6288308E+06   4.8865356E+06   2.4703560E-04   1.5976251E-05   1.6179633E-04
   5.2173913E-01   3.1889138E+06   1.5954356E+06   4.7841179E+06   8.1637513E-04   4.8234846E-06   5.4288485E-04
   5.3623188E-01   3.1129052E+06   1.5522338E+06   4.6647704E+06   4.4173353E-04   3.7496794E-05   2.9841224E-04
   5.5072464E-01   3.0326816E+06   1.5163507E+06   4.5488927E+06   2.9787450E-04   1.3147264E-05   1.9817988E-04
   5.6521739E-01   2.9682489E+06   1.4750607E+06   4.4430959E+06   3.4207483E-04   2.4223327E-05   2.2850601E-04
   5.7971014E-01   2.8761411E+06   1.4326338E+06   4.3086423E+06   7.1285307E-04   1.5150806E-05   4.8377108E-04
   5.9420290E-01   2.7992826E+06   1.4008888E+06   4.1999311E+06   4.1482480E-04   3.4382770E-06   2.7785681E-04
   6.0869565E-01   2.7035143E+06   1.3517120E+06   4.0550098E+06   4.3777629E-04   2.2721457E-05   2.9785320E-04
   6.2318841E-01   2.6201653E+06   1.3156071E+06   3.9356138E+06   8.3693764E-05   4.0539099E-05   4.3096988E-05
   6.3768116E-01   2.5331826E+06   1.2747714E+06   3.8078163E+06   3.6851258E-04   2.0297750E-05   2.4115342E-04
   6.5217391E-01   2.4533998E+06   1.2221956E+06   3.6754102E+06   5.1690865E-04   1.0404561E-05   3.4604842E-04
   6.6666667E-01   2.3462493E+06   1.1805538E+06   3.5267866E+06   1.1031803E-03   2.1227015E-05   7.3662010E-04
   6.8115942E-01   2.2498814E+06   1.1331388E+06   3.3829557E+06   3.8463710E-04   2.5120390E-05   2.4599219E-04
   6.9565217E-01   2.1773406E+06   1.0887413E+06   3.2660030E+06   6.7748720E-05   2.2081951E-05   4.6686006E-05
   7.1014493E-01   2.0991626E+06   1.0436972E+06   3.1427516E+06   4.5041774E-04   1.1257669E-05   2.9983546E-04
   7.2463768E-01   1.9997126E+06   1.0006216E+06   3.0002281E+06   7.1075126E-04   2.2744352E-05   4.8226305E-04
   7.3913043E-01   1.9007156E+06   9.5439164E+05   2.8550478E+06   2.6450824E-04   2.0944673E-05   1.7174657E-04
   7.5362319E-01   1.8131765E+06   9.0473760E+05   2.7178558E+06   7.3110675E-04   1.3861483E-05   4.8374667E-04
   7.6811594E-01   1.7286690E+06   8.6573561E+05   2.5942617E+06   4.4539237E-04   5.6894196E-06   3.0457033E-04
   7.8260870E-01   1.6320105E+06   8.1559128E+05   2.4474614E+06   7.5107866E-04   2.8011416E-05   5.0885033E-04
   7.9710145E-01   1.5391423E+06   7.7083864E+05   2.3099534E+06   5.9401885E-04   2.1228872E-05   4.0230745E-04
   8.1159420E-01   1.4518505E+06   7.3231191E+05   2.1840136E+06   4.9541770E-04   3.2328939E-05   3.3522035E-04
   8.2608696E-01   1.3714635E+06   6.8652273E+05   2.0579730E+06   7.4656518E-04   2.0553298E-05   4.9076660E-04
   8.4057971E-01   1.2717043E+06   6.4380183E+05   1.9154930E+06   1.3179479E-03   3.4152329E-05   8.8404877E-04
   8.5507246E-01   1.1791410E+06   5.9565809E+05   1.7747349E+06   3.4108778E-04   1.9631222E-05   2.2467364E-04
   8.6956522E-01   1.0911535E+06   5.4404231E+05   1.6351326E+06   2.9504030E-04   5.3990171E-05   1.8057070E-04
   8.8405797E-01   1.0085103E+06   5.0354708E+05   1.5120698E+06   3.2107863E-04   5.7715088E-05   2.0978543E-04
   8.9855072E-01   9.0899070E+05   4.5546085E+05   1.3644149E+06   4.3238092E-04   3.1429025E-05   3.0063209E-04
   9.1304348E-01   8.0646036E+05   4.1371220E+05   1.2201365E+06   1.1337916E-03   7.5907590E-05   7.5558106E-04
   9.2753623E-01   7.0783262E+05   3.6096681E+05   1.0687994E+06   1.4679643E-03   6.4918492E-05   9.7680121E-04
   9.4202899E-01   6.0972157E+05   3.1142978E+05   9.2115134E+05   2.9211470E-03   2.1572191E-05   1.9406045E-03
   9.5652174E-01   5.0901536E+05   2.6154545E+05   7.7057228E+05   3.4745258E-03   3.1662829E-05   2.2992645E-03
   9.7101449E-01   4.0483496E+05   2.0516569E+05   6.1000065E+05   5.5177479E-03   5.5067155E-05   3.6794387E-03
   9.8550725E-01   2.7909225E+05   1.4565259E+05   4.2474484E+05   1.1719115E-02   5.7745209E-05   7.7192304E-03
   1.0000000E+00   1.4546356E+05   7.8782731E+04   2.2424629E+05   1.6779609E-02   3.4612345E-05   1.0885171E-02
