   0.0000000E+00   3.1000523E+07   1.5027434E+07   4.6027957E+07   1.9594239E-03   5.4016269E-04   1.4824760E-03
   1.4492754E-02   3.1167225E+07   1.5031223E+07   4.6198448E+07   1.0255047E-04   6.0253452E-05   7.1587618E-05
   2.8985507E-02   3.1562006E+07   1.5358186E+07   4.6920192E+07   3.5814891E-04   2.3108059E-04   2.0756785E-04
   4.3478261E-02   3.1857523E+07   1.5652314E+07   4.7509838E+07   3.5770980E-04   9.6785011E-05   2.1482780E-04
   5.7971014E-02   3.2287160E+07   1.6059661E+07   4.8346821E+07   5.0280284E-04   8.1457725E-05   3.0905198E-04
   7.2463768E-02   3.2915778E+07   1.6549424E+07   4.9465202E+07   8.0622006E-04   5.7451738E-05   5.2513971E-04
   8.6956522E-02   3.3751486E+07   1.7511042E+07   5.1262528E+07   5.9138886E-04   2.1504386E-04   4.4853961E-04
   1.0144928E-01   3.4699902E+07   1.8595508E+07   5.3295410E+07   1.0125667E-03   1.2257885E-04   6.5328837E-04
   1.1594203E-01   3.5441618E+07   2.0114689E+07   5.5556307E+07   1.1803395E-03   5.0522235E-05   7.3511121E-04
   1.3043478E-01   3.5553005E+07   2.1457335E+07   5.7010340E+07   1.2104549E-03   1.3472136E-04   7.8174437E-04
   1.4492754E-01   3.4927266E+07   2.2500915E+07   5.7428181E+07   1.1779030E-03   1.7963176E-04   7.7599212E-04
   1.5942029E-01   3.3265811E+07   2.2821376E+07   5.6087187E+07   9.6844487E-04   2.6766501E-05   5.8460567E-04
   1.7391304E-01   3.0544239E+07   2.2063398E+07   5.2607637E+07   4.8060837E-04   2.4851315E-05   2.8880579E-04
   1.8840580E-01   2.7255672E+07   2.0085210E+07   4.7340882E+07   2.1609592E-04   3.8980064E-05   1.4048649E-04
   2.0289855E-01   2.3705630E+07   1.6697269E+07   4.0402899E+07   2.4177906E-05   3.4007197E-05   2.8235599E-05
   2.1739130E-01   2.0039205E+07   1.2449159E+07   3.2488364E+07   9.1616910E-05   3.6995597E-05   6.5526157E-05
   2.3188406E-01   1.6611246E+07   7.6055452E+06   2.4216791E+07   1.4192999E-04   6.0009724E-05   1.1217639E-04
   2.4637681E-01   1.3468948E+07   3.2333961E+06   1.6702344E+07   4.2628757E-05   8.1263153E-05   4.9344823E-05
   2.6086957E-01   1.0656051E+07   1.7302496E+06   1.2386301E+07   7.7594409E-05   3.1754030E-04   1.1110411E-04
   2.7536232E-01   8.7197945E+06   1.1716603E+06   9.8914548E+06   1.0802574E-04   5.0973171E-04   1.5560652E-04
   2.8985507E-01   6.9919395E+06   7.9899545E+05   7.7909349E+06   1.3866344E-04   7.5365564E-04   1.9803770E-04
   3.0434783E-01   5.4852919E+06   5.2803422E+05   6.0133262E+06   2.6210209E-04   7.5866295E-04   3.0332549E-04
   3.1884058E-01   4.1783667E+06   3.4342693E+05   4.5217937E+06   3.1899189E-04   2.4155892E-03   4.6857095E-04
   3.3333333E-01   3.0470569E+06   2.1091436E+05   3.2579712E+06   5.8442681E-04   4.3224898E-03   8.2563410E-04
   3.4782609E-01   2.1528878E+06   1.2158517E+05   2.2744729E+06   9.1094176E-04   6.3731356E-03   1.1921107E-03
   3.6231884E-01   1.4536117E+06   6.6680828E+04   1.5202926E+06   1.4429565E-03   1.3988100E-02   1.9895133E-03
   3.7681159E-01   9.6929094E+05   3.1358641E+04   1.0006496E+06   1.8782457E-03   2.8151239E-02   2.7003719E-03
   3.9130435E-01   6.5193419E+05   1.5210862E+04   6.6714505E+05   2.7332979E-03   5.6084487E-02   3.9251686E-03
   4.0579710E-01   4.4441257E+05   7.6585529E+03   4.5207112E+05   3.3290589E-03   7.0571234E-02   4.4647953E-03
   4.2028986E-01   3.1396428E+05   4.7031932E+03   3.1866747E+05   4.3446739E-03   9.3022531E-02   5.6511569E-03
   4.3478261E-01   2.1868281E+05   3.0309467E+03   2.2171375E+05   4.7360682E-03   1.7865662E-01   7.0908356E-03
   4.4927536E-01   1.5042295E+05   2.1021082E+03   1.5252506E+05   8.1107374E-03   1.7698066E-01   1.0405226E-02
   4.6376812E-01   1.0333634E+05   1.3260392E+03   1.0466238E+05   6.9103831E-03   2.6915383E-01   1.0225159E-02
   4.7826087E-01   6.8793306E+04   6.6588981E+02   6.9459196E+04   1.2202864E-02   4.1157243E-01   1.5946280E-02
   4.9275362E-01   4.7269397E+04   6.0173207E+02   4.7871129E+04   1.4534083E-02   3.7401080E-01   1.9006871E-02
   5.0724638E-01   2.9876475E+04   4.1134277E+02   3.0287818E+04   1.8707327E-02   5.4979830E-01   2.5827452E-02
   5.2173913E-01   1.9195996E+04   4.2096482E+02   1.9616961E+04   1.6024938E-02   6.0851333E-01   2.8675689E-02
   5.3623188E-01   1.3434467E+04   2.4575244E+02   1.3680219E+04   3.0029609E-02   4.8139076E-01   3.8104105E-02
   5.5072464E-01   8.8535549E+03   2.3928527E+02   9.0928402E+03   1.9425858E-02   6.1811383E-01   3.5173124E-02
   5.6521739E-01   5.9841769E+03   1.9429146E+02   6.1784683E+03   4.3340743E-02   6.2726792E-01   6.1665433E-02
   5.7971014E-01   2.8793994E+03   5.6830251E+01   2.9362297E+03   6.2721207E-02   9.0655831E-01   7.9016189E-02
   5.9420290E-01   1.9959893E+03   1.1088830E+02   2.1068776E+03   4.1726661E-02   4.4082098E-01   6.0414034E-02
   6.0869565E-01   1.4793907E+03   5.4124049E+01   1.5335147E+03   1.0044461E-01   5.9969469E-01   1.1801465E-01
   6.2318841E-01   9.8681987E+02   3.5243567E+01   1.0220634E+03   2.0514375E-01   7.3956520E-01   2.2294469E-01
   6.3768116E-01   4.6497478E+02   6.8885153E+01   5.3385994E+02   1.8571861E-01   7.7595755E-01   2.4303233E-01
   6.5217391E-01   3.1993327E+02   1.6838593E+01   3.3677186E+02   1.7073309E-01   9.8000130E-01   2.0991271E-01
   6.6666667E-01   1.3178029E+02   1.6472537E+01   1.4825283E+02   1.2235597E-01   8.9171285E-01   2.0290305E-01
   6.8115942E-01   1.6122057E+02   1.6122057E+01   1.7734263E+02   1.8552543E-01   9.5780594E-01   2.4541401E-01
   6.9565217E-01   7.8930905E+01   0.0000000E+00   7.8930905E+01   5.3844436E-01   0.0000000E+00   5.3844436E-01
   7.1014493E-01   3.0928028E+01   1.5464014E+01   4.6392042E+01   9.1231904E-01   7.3805541E-01   8.3487617E-01
   7.2463768E-01   0.0000000E+00   0.0000000E+00   0.0000000E+00   0.0000000E+00   0.0000000E+00   0.0000000E+00
   7.3913043E-01   1.4857582E+01   0.0000000E+00   1.4857582E+01   1.3139352E-05   0.0000000E+00   1.3139352E-05
   7.5362319E-01   0.0000000E+00   0.0000000E+00   0.0000000E+00   0.0000000E+00   0.0000000E+00   0.0000000E+00
   7.6811594E-01   0.0000000E+00   0.0000000E+00   0.0000000E+00   0.0000000E+00   0.0000000E+00   0.0000000E+00
   7.8260870E-01   0.0000000E+00   0.0000000E+00   0.0000000E+00   0.0000000E+00   0.0000000E+00   0.0000000E+00
   7.9710145E-01   0.0000000E+00   0.0000000E+00   0.0000000E+00   0.0000000E+00   0.0000000E+00   0.0000000E+00
   8.1159420E-01   0.0000000E+00   0.0000000E+00   0.0000000E+00   0.0000000E+00   0.0000000E+00   0.0000000E+00
   8.2608696E-01   0.0000000E+00   0.0000000E+00   0.0000000E+00   0.0000000E+00   0.0000000E+00   0.0000000E+00
   8.4057971E-01   0.0000000E+00   0.0000000E+00   0.0000000E+00   0.0000000E+00   0.0000000E+00   0.0000000E+00
   8.5507246E-01   0.0000000E+00   0.0000000E+00   0.0000000E+00   0.0000000E+00   0.0000000E+00   0.0000000E+00
   8.6956522E-01   0.0000000E+00   0.0000000E+00   0.0000000E+00   0.0000000E+00   0.0000000E+00   0.0000000E+00
   8.8405797E-01   0.0000000E+00   0.0000000E+00   0.0000000E+00   0.0000000E+00   0.0000000E+00   0.0000000E+00
   8.9855072E-01   0.0000000E+00   0.0000000E+00   0.0000000E+00   0.0000000E+00   0.0000000E+00   0.0000000E+00
   9.1304348E-01   0.0000000E+00   0.0000000E+00   0.0000000E+00   0.0000000E+00   0.0000000E+00   0.0000000E+00
   9.2753623E-01   0.0000000E+00   0.0000000E+00   0.0000000E+00   0.0000000E+00   0.0000000E+00   0.0000000E+00
   9.4202899E-01   0.0000000E+00   0.0000000E+00   0.0000000E+00   0.0000000E+00   0.0000000E+00   0.0000000E+00
   9.5652174E-01   0.0000000E+00   0.0000000E+00   0.0000000E+00   0.0000000E+00   0.0000000E+00   0.0000000E+00
   9.7101449E-01   0.0000000E+00   0.0000000E+00   0.0000000E+00   0.0000000E+00   0.0000000E+00   0.0000000E+00
   9.8550725E-01   0.0000000E+00   0.0000000E+00   0.0000000E+00   0.0000000E+00   0.0000000E+00   0.0000000E+00
   1.0000000E+00   0.0000000E+00   0.0000000E+00   0.0000000E+00   0.0000000E+00   0.0000000E+00   0.0000000E+00
