   0.0000000E+00   1.2208653E+07   1.5148672E+07   2.7357325E+07   7.3908531E-04   2.7491810E-06   3.2839609E-04
   1.4492754E-02   1.2333680E+07   1.4973635E+07   2.7307315E+07   1.4761076E-04   4.2364589E-05   6.5346375E-05
   2.8985507E-02   1.2296172E+07   1.5283170E+07   2.7579342E+07   2.4683110E-04   1.3319721E-05   1.0289103E-04
   4.3478261E-02   1.2202592E+07   1.5534612E+07   2.7737204E+07   1.9605551E-04   1.8808481E-05   9.6442332E-05
   5.7971014E-02   1.2315684E+07   1.5811502E+07   2.8127186E+07   5.9737067E-05   3.8993614E-05   2.4494128E-05
   7.2463768E-02   1.2347016E+07   1.6091145E+07   2.8438161E+07   6.2813545E-05   7.8627269E-06   2.5949550E-05
   8.6956522E-02   1.2438753E+07   1.6564629E+07   2.9003382E+07   9.0341814E-05   1.3138284E-05   3.2592523E-05
   1.0144928E-01   1.2518351E+07   1.7418418E+07   2.9936769E+07   6.2358406E-05   1.9695736E-05   1.4653905E-05
   1.1594203E-01   1.2643784E+07   1.8352098E+07   3.0995882E+07   3.7369816E-05   4.1974607E-06   1.7727448E-05
   1.3043478E-01   1.2821999E+07   1.9211656E+07   3.2033655E+07   9.3034122E-05   1.9108102E-05   3.9373452E-05
   1.4492754E-01   1.3032465E+07   1.9792991E+07   3.2825456E+07   4.3982826E-05   3.0845929E-05   3.6808948E-06
   1.5942029E-01   1.3087559E+07   2.0058668E+07   3.3146227E+07   1.7668847E-05   2.3551824E-05   1.9860377E-05
   1.7391304E-01   1.3327767E+07   1.9449269E+07   3.2777037E+07   8.3902868E-05   3.4820244E-05   5.4269968E-05
   1.8840580E-01   1.3296122E+07   1.8000385E+07   3.1296507E+07   6.6082040E-05   2.8279021E-05   4.3890953E-05
   2.0289855E-01   1.3222992E+07   1.5585669E+07   2.8808662E+07   1.0333508E-04   3.7117623E-05   6.2535071E-05
   2.1739130E-01   1.2998215E+07   1.2166170E+07   2.5164385E+07   5.0550893E-05   6.2547780E-05   4.8769056E-05
   2.3188406E-01   1.2737885E+07   8.3271946E+06   2.1065080E+07   6.2775698E-05   1.4142191E-04   9.3663275E-05
   2.4637681E-01   1.2148569E+07   4.6410035E+06   1.6789573E+07   3.2984955E-05   2.3515306E-04   8.2598142E-05
   2.6086957E-01   1.1643256E+07   2.8684543E+06   1.4511710E+07   2.9643464E-05   5.5590180E-04   1.3366055E-04
   2.7536232E-01   1.1021121E+07   1.9399654E+06   1.2961086E+07   2.8005115E-05   9.9320205E-04   1.6774960E-04
   2.8985507E-01   1.0449909E+07   1.4210973E+06   1.1871006E+07   5.4459313E-05   1.2994195E-03   2.0157114E-04
   3.0434783E-01   9.8685822E+06   1.1073059E+06   1.0975888E+07   3.8922434E-05   2.0881874E-03   2.3451108E-04
   3.1884058E-01   9.2639509E+06   8.8724077E+05   1.0151192E+07   8.1106332E-05   3.1740514E-03   3.5139680E-04
   3.3333333E-01   8.5336964E+06   7.0403621E+05   9.2377326E+06   1.8530799E-04   4.0306331E-03   4.7049685E-04
   3.4782609E-01   7.8504362E+06   5.6236691E+05   8.4128031E+06   1.5393918E-04   5.1247089E-03   4.6866470E-04
   3.6231884E-01   7.0592871E+06   4.5403582E+05   7.5133229E+06   1.4907063E-04   8.0409255E-03   6.2342070E-04
   3.7681159E-01   6.2966461E+06   3.5030750E+05   6.6469536E+06   3.4146238E-04   1.0334831E-02   8.6794873E-04
   3.9130435E-01   5.5647901E+06   2.7483390E+05   5.8396240E+06   3.5810487E-04   1.1406737E-02   8.7805579E-04
   4.0579710E-01   4.9630670E+06   2.2393825E+05   5.1870053E+06   3.7423627E-04   1.3380516E-02   9.3232334E-04
   4.2028986E-01   4.4818818E+06   1.8347679E+05   4.6653586E+06   5.0747388E-04   1.4521231E-02   1.0523305E-03
   4.3478261E-01   4.0313360E+06   1.4720298E+05   4.1785389E+06   4.0675382E-04   1.6761497E-02   9.8162808E-04
   4.4927536E-01   3.5989315E+06   1.2390217E+05   3.7228337E+06   4.6493162E-04   1.4539462E-02   9.3297996E-04
   4.6376812E-01   3.1863538E+06   1.0151304E+05   3.2878668E+06   6.1591869E-04   1.6298211E-02   1.0996949E-03
   4.7826087E-01   2.7980690E+06   8.1628906E+04   2.8796979E+06   6.5785848E-04   1.9528823E-02   1.1788138E-03
   4.9275362E-01   2.4381292E+06   6.6591683E+04   2.5047209E+06   4.1652593E-04   1.7758956E-02   8.5470258E-04
   5.0724638E-01   2.0900326E+06   5.4448793E+04   2.1444814E+06   7.1545864E-04   1.7348584E-02   1.1324090E-03
   5.2173913E-01   1.7610432E+06   4.0160044E+04   1.8012032E+06   8.8870776E-04   2.2284469E-02   1.3656186E-03
   5.3623188E-01   1.4674288E+06   3.1968296E+04   1.4993971E+06   8.8926092E-04   2.8782760E-02   1.4830890E-03
   5.5072464E-01   1.1923784E+06   2.3410075E+04   1.2157885E+06   1.0381059E-03   2.7908356E-02   1.5470208E-03
   5.6521739E-01   9.3630996E+05   1.6223337E+04   9.5253330E+05   1.1946518E-03   4.2518782E-02   1.8978235E-03
   5.7971014E-01   7.2361959E+05   1.0380993E+04   7.3400058E+05   9.1069288E-04   3.9504693E-02   1.4558499E-03
   5.9420290E-01   5.4399950E+05   7.3740716E+03   5.5137357E+05   1.3990799E-03   6.2283667E-02   2.2052750E-03
   6.0869565E-01   3.9485298E+05   4.5825028E+03   3.9943548E+05   1.1596561E-03   7.8498278E-02   1.9789090E-03
   6.2318841E-01   2.7620383E+05   2.3084536E+03   2.7851229E+05   1.3453109E-03   1.0286749E-01   2.1860644E-03
   6.3768116E-01   2.0260846E+05   1.4121456E+03   2.0402060E+05   1.7205733E-03   1.6465645E-01   2.8444633E-03
   6.5217391E-01   1.4349849E+05   6.3986653E+02   1.4413836E+05   2.5305364E-03   1.9474056E-01   3.3374523E-03
   6.6666667E-01   1.0613255E+05   2.6356059E+02   1.0639611E+05   2.1489781E-03   1.3289410E-01   2.3983924E-03
   6.8115942E-01   8.3028594E+04   2.4183086E+02   8.3270425E+04   2.1526670E-03   2.2917716E-01   2.7865816E-03
   6.9565217E-01   6.4849631E+04   1.7364799E+02   6.5023279E+04   4.6219148E-03   2.8768194E-01   5.3776176E-03
   7.1014493E-01   5.0582790E+04   7.7320070E+01   5.0660110E+04   1.1407243E-03   4.8128994E-01   1.6929575E-03
   7.2463768E-01   4.0766234E+04   3.0309467E+01   4.0796543E+04   4.0645988E-04   8.5707433E-01   1.0399133E-03
   7.3913043E-01   3.3117550E+04   5.9430328E+01   3.3176981E+04   5.7016374E-03   3.9283817E-01   6.3767075E-03
   7.5362319E-01   2.5923338E+04   0.0000000E+00   2.5923338E+04   2.3462618E-03   0.0000000E+00   2.3462618E-03
   7.6811594E-01   2.1130846E+04   1.4296919E+01   2.1145143E+04   4.4293617E-03   7.8716974E-01   4.8064774E-03
   7.8260870E-01   1.7231493E+04   0.0000000E+00   1.7231493E+04   6.3534140E-03   0.0000000E+00   6.3534140E-03
   7.9710145E-01   1.4038794E+04   0.0000000E+00   1.4038794E+04   1.1305509E-02   0.0000000E+00   1.1305509E-02
   8.1159420E-01   1.1176616E+04   0.0000000E+00   1.1176616E+04   1.8921349E-02   0.0000000E+00   1.8921349E-02
   8.2608696E-01   8.4813334E+03   0.0000000E+00   8.4813334E+03   2.5787850E-02   0.0000000E+00   2.5787850E-02
   8.4057971E-01   6.6497926E+03   0.0000000E+00   6.6497926E+03   2.9340703E-02   0.0000000E+00   2.9340703E-02
   8.5507246E-01   3.8785844E+03   0.0000000E+00   3.8785844E+03   4.0219694E-02   0.0000000E+00   4.0219694E-02
   8.6956522E-01   2.5005311E+03   0.0000000E+00   2.5005311E+03   5.2095416E-02   0.0000000E+00   5.2095416E-02
   8.8405797E-01   1.8632869E+03   0.0000000E+00   1.8632869E+03   4.9166520E-02   0.0000000E+00   4.9166520E-02
   8.9855072E-01   8.9217384E+02   0.0000000E+00   8.9217384E+02   4.5805117E-02   0.0000000E+00   4.5805117E-02
   9.1304348E-01   6.0137832E+02   0.0000000E+00   6.0137832E+02   8.7910190E-02   0.0000000E+00   8.7910190E-02
   9.2753623E-01   2.0127381E+02   0.0000000E+00   2.0127381E+02   2.7633162E-02   0.0000000E+00   2.7633162E-02
   9.4202899E-01   6.9944925E+01   0.0000000E+00   6.9944925E+01   5.8568125E-05   0.0000000E+00   5.8568125E-05
   9.5652174E-01   0.0000000E+00   0.0000000E+00   0.0000000E+00   0.0000000E+00   0.0000000E+00   0.0000000E+00
   9.7101449E-01   0.0000000E+00   0.0000000E+00   0.0000000E+00   0.0000000E+00   0.0000000E+00   0.0000000E+00
   9.8550725E-01   0.0000000E+00   0.0000000E+00   0.0000000E+00   0.0000000E+00   0.0000000E+00   0.0000000E+00
   1.0000000E+00   0.0000000E+00   0.0000000E+00   0.0000000E+00   0.0000000E+00   0.0000000E+00   0.0000000E+00
