   0.0000000E+00   1.5809418E+07   1.5991275E+07   3.1800693E+07   2.7647242E-04   1.5490397E-04   2.1228791E-04
   1.4492754E-02   1.5762439E+07   1.5423730E+07   3.1186169E+07   3.7454591E-04   3.7272536E-05   2.0669630E-04
   2.8985507E-02   1.5955661E+07   1.5395315E+07   3.1350976E+07   5.4976354E-05   9.9776060E-06   3.2265318E-05
   4.3478261E-02   1.5890496E+07   1.5688685E+07   3.1579181E+07   1.2476003E-04   3.9799512E-06   6.0845246E-05
   5.7971014E-02   1.5847116E+07   1.6021584E+07   3.1868700E+07   9.6713597E-05   4.0649108E-06   4.7446278E-05
   7.2463768E-02   1.5835636E+07   1.6517750E+07   3.2353386E+07   1.3781329E-04   1.4727559E-05   6.6082181E-05
   8.6956522E-02   1.5901736E+07   1.7142403E+07   3.3044139E+07   7.6087582E-05   1.3374462E-05   3.2987250E-05
   1.0144928E-01   1.5901646E+07   1.7971566E+07   3.3873211E+07   1.1743391E-04   1.5510387E-05   6.1857218E-05
   1.1594203E-01   1.6095937E+07   1.8868780E+07   3.4964717E+07   1.5696071E-04   2.1139918E-05   7.7064751E-05
   1.3043478E-01   1.6378899E+07   1.9838220E+07   3.6217119E+07   6.3101736E-05   2.6773421E-05   3.9987199E-05
   1.4492754E-01   1.6567079E+07   2.0527920E+07   3.7094999E+07   2.1515553E-05   2.0169885E-05   1.2733775E-05
   1.5942029E-01   1.6863154E+07   2.0672986E+07   3.7536140E+07   2.8031097E-05   1.6061471E-05   5.6898599E-06
   1.7391304E-01   1.7087531E+07   2.0145251E+07   3.7232781E+07   4.7060623E-05   2.1650731E-05   3.3264085E-05
   1.8840580E-01   1.7055778E+07   1.8598997E+07   3.5654775E+07   2.3140775E-05   3.1692239E-05   1.7850149E-05
   2.0289855E-01   1.6779105E+07   1.5947435E+07   3.2726539E+07   5.3729306E-05   2.6244088E-05   4.0215302E-05
   2.1739130E-01   1.6338419E+07   1.2436884E+07   2.8775303E+07   3.1816600E-05   5.0716345E-05   3.9563723E-05
   2.3188406E-01   1.5648162E+07   8.3044625E+06   2.3952625E+07   4.8514058E-05   1.1656705E-04   7.1570722E-05
   2.4637681E-01   1.4489619E+07   4.4361917E+06   1.8925811E+07   9.1324610E-05   2.9331359E-04   1.3862666E-04
   2.6086957E-01   1.3238586E+07   2.5616972E+06   1.5800283E+07   8.0097426E-05   4.2194658E-04   1.3462765E-04
   2.7536232E-01   1.2019937E+07   1.6681374E+06   1.3688075E+07   8.1637511E-05   1.0528759E-03   1.9587634E-04
   2.8985507E-01   1.0980627E+07   1.1970345E+06   1.2177662E+07   1.1644055E-04   1.3754763E-03   2.3996240E-04
   3.0434783E-01   1.0064295E+07   9.1902635E+05   1.0983321E+07   1.0408310E-04   1.8137037E-03   2.4713316E-04
   3.1884058E-01   9.1794633E+06   7.1926433E+05   9.8987276E+06   9.3869941E-05   2.9843631E-03   3.0277579E-04
   3.3333333E-01   8.2920443E+06   5.5370785E+05   8.8457522E+06   2.0980903E-04   4.2409429E-03   4.5824668E-04
   3.4782609E-01   7.3668739E+06   4.2092273E+05   7.7877966E+06   2.3178370E-04   6.3594971E-03   5.5198075E-04
   3.6231884E-01   6.4375793E+06   3.2419006E+05   6.7617694E+06   3.1092202E-04   9.8724591E-03   7.6739528E-04
   3.7681159E-01   5.5213649E+06   2.3553953E+05   5.7569045E+06   3.9371450E-04   1.1535340E-02   8.4934782E-04
   3.9130435E-01   4.7175283E+06   1.8485969E+05   4.9023880E+06   4.7941428E-04   1.4513342E-02   1.0076836E-03
   4.0579710E-01   4.0889907E+06   1.3736684E+05   4.2263575E+06   5.4676922E-04   1.6747377E-02   1.0731865E-03
   4.2028986E-01   3.4843346E+06   1.0595249E+05   3.5902871E+06   6.7111476E-04   1.8834467E-02   1.1983602E-03
   4.3478261E-01   2.9809614E+06   8.1330404E+04   3.0622918E+06   6.0560879E-04   2.5259126E-02   1.2573288E-03
   4.4927536E-01   2.5139503E+06   6.0398947E+04   2.5743493E+06   9.1370326E-04   2.7619578E-02   1.5392288E-03
   4.6376812E-01   2.0648798E+06   4.7524298E+04   2.1124041E+06   9.5255288E-04   3.3163638E-02   1.6741966E-03
   4.7826087E-01   1.6584330E+06   3.4419615E+04   1.6928526E+06   1.0929203E-03   3.3643403E-02   1.7544454E-03
   4.9275362E-01   1.2855671E+06   2.3489837E+04   1.3090570E+06   1.5358390E-03   4.1705811E-02   2.2466165E-03
   5.0724638E-01   9.5858020E+05   1.5695974E+04   9.7427618E+05   1.7241241E-03   6.0969854E-02   2.6693505E-03
   5.2173913E-01   6.9008764E+05   8.7560683E+03   6.9884371E+05   2.3261184E-03   8.7110028E-02   3.3853403E-03
   5.3623188E-01   4.7780418E+05   5.4065536E+03   4.8321073E+05   2.4458138E-03   1.3460242E-01   3.9100208E-03
   5.5072464E-01   3.2203809E+05   2.7916615E+03   3.2482975E+05   3.3497628E-03   2.1928939E-01   5.1964212E-03
   5.6521739E-01   2.1972421E+05   1.2240362E+03   2.2094825E+05   4.7610197E-03   3.3391368E-01   6.5543765E-03
   5.7971014E-01   1.5033496E+05   8.5245377E+02   1.5118741E+05   5.0456929E-03   4.9358409E-01   7.6990629E-03
   5.9420290E-01   1.0942827E+05   4.9899733E+02   1.0992726E+05   6.0870940E-03   5.0291737E-01   8.2099352E-03
   6.0869565E-01   8.3621655E+04   4.6907509E+02   8.4090731E+04   6.2774604E-03   5.9374302E-01   9.5289972E-03
   6.2318841E-01   6.3121228E+04   2.4670497E+02   6.3367933E+04   6.8937041E-03   5.8863565E-01   9.0264775E-03
   6.3768116E-01   4.7840739E+04   1.5499159E+02   4.7995730E+04   5.3200185E-03   5.0875663E-01   6.9451467E-03
   6.5217391E-01   3.6994389E+04   3.3677186E+01   3.7028066E+04   5.2776770E-03   6.0168391E-01   5.7914670E-03
   6.6666667E-01   2.9980017E+04   1.3178029E+02   3.0111797E+04   1.2165702E-03   6.5207360E-01   4.0422663E-03
   6.8115942E-01   2.3780034E+04   3.2244114E+01   2.3812278E+04   2.5859097E-03   8.4567458E-01   3.6948320E-03
   6.9565217E-01   1.8832914E+04   4.7358543E+01   1.8880272E+04   4.9841227E-03   7.4190232E-01   6.7803313E-03
   7.1014493E-01   1.4860917E+04   0.0000000E+00   1.4860917E+04   3.1482887E-03   0.0000000E+00   3.1482887E-03
   7.2463768E-01   1.1926775E+04   0.0000000E+00   1.1926775E+04   4.3198537E-03   0.0000000E+00   4.3198537E-03
   7.3913043E-01   9.1076978E+03   0.0000000E+00   9.1076978E+03   4.4318025E-03   0.0000000E+00   4.4318025E-03
   7.5362319E-01   8.0145226E+03   1.4571859E+01   8.0290945E+03   9.8346783E-03   6.1539585E-01   1.0195689E-02
   7.6811594E-01   5.7759551E+03   1.4296919E+01   5.7902520E+03   3.3587981E-03   9.1402862E-01   5.4356947E-03
   7.8260870E-01   4.7288382E+03   1.4032161E+01   4.7428704E+03   7.5781099E-03   7.8687769E-01   9.8218098E-03
   7.9710145E-01   3.4442577E+03   0.0000000E+00   3.4442577E+03   6.0517839E-03   0.0000000E+00   6.0517839E-03
   8.1159420E-01   3.0444777E+03   0.0000000E+00   3.0444777E+03   5.1038049E-03   0.0000000E+00   5.1038049E-03
   8.2608696E-01   2.1136865E+03   0.0000000E+00   2.1136865E+03   1.7939014E-02   0.0000000E+00   1.7939014E-02
   8.4057971E-01   1.2541849E+03   0.0000000E+00   1.2541849E+03   2.2191026E-02   0.0000000E+00   2.2191026E-02
   8.5507246E-01   8.4763765E+02   0.0000000E+00   8.4763765E+02   3.5464463E-02   0.0000000E+00   3.5464463E-02
   8.6956522E-01   5.4304462E+02   0.0000000E+00   5.4304462E+02   5.2236828E-02   0.0000000E+00   5.2236828E-02
   8.8405797E-01   3.2296973E+02   0.0000000E+00   3.2296973E+02   4.7688560E-02   0.0000000E+00   4.7688560E-02
   8.9855072E-01   1.5888027E+02   0.0000000E+00   1.5888027E+02   6.1446071E-02   0.0000000E+00   6.1446071E-02
   9.1304348E-01   7.2165398E+01   0.0000000E+00   7.2165398E+01   7.0920937E-02   0.0000000E+00   7.0920937E-02
   9.2753623E-01   4.7358543E+01   0.0000000E+00   4.7358543E+01   6.2733702E-06   0.0000000E+00   6.2733702E-06
   9.4202899E-01   1.1657487E+01   0.0000000E+00   1.1657487E+01   1.9529905E-06   0.0000000E+00   1.9529905E-06
   9.5652174E-01   0.0000000E+00   0.0000000E+00   0.0000000E+00   0.0000000E+00   0.0000000E+00   0.0000000E+00
   9.7101449E-01   0.0000000E+00   0.0000000E+00   0.0000000E+00   0.0000000E+00   0.0000000E+00   0.0000000E+00
   9.8550725E-01   0.0000000E+00   0.0000000E+00   0.0000000E+00   0.0000000E+00   0.0000000E+00   0.0000000E+00
   1.0000000E+00   0.0000000E+00   0.0000000E+00   0.0000000E+00   0.0000000E+00   0.0000000E+00   0.0000000E+00
