   0.0000000E+00   3.0739862E+07   1.5312343E+07   4.6052205E+07   3.4991487E-03   2.9322199E-04   2.4293138E-03
   1.4492754E-02   3.1199050E+07   1.5110027E+07   4.6309077E+07   5.0267844E-04   1.2068355E-04   3.7200612E-04
   2.8985507E-02   3.1828729E+07   1.5368037E+07   4.7196766E+07   1.7873196E-04   8.1300702E-05   1.4636328E-04
   4.3478261E-02   3.2242959E+07   1.5601293E+07   4.7844252E+07   3.8742921E-04   5.5683805E-05   2.4310589E-04
   5.7971014E-02   3.2613934E+07   1.5949978E+07   4.8563912E+07   3.8433592E-04   9.7032853E-05   2.8970294E-04
   7.2463768E-02   3.3364207E+07   1.6621712E+07   4.9985919E+07   3.7740756E-04   2.5433943E-05   2.6027909E-04
   8.6956522E-02   3.4285817E+07   1.7494751E+07   5.1780568E+07   8.1573025E-04   4.1638773E-05   5.3274996E-04
   1.0144928E-01   3.5243091E+07   1.8773035E+07   5.4016126E+07   7.6193679E-04   3.3218440E-05   4.9602114E-04
   1.1594203E-01   3.5836778E+07   2.0248808E+07   5.6085586E+07   5.7320327E-04   3.7202295E-05   3.5609781E-04
   1.3043478E-01   3.5794134E+07   2.1847148E+07   5.7641282E+07   1.0475908E-03   1.4095112E-05   6.4571963E-04
   1.4492754E-01   3.4575980E+07   2.3166132E+07   5.7742112E+07   1.1828160E-03   1.1005193E-05   7.0634125E-04
   1.5942029E-01   3.2311821E+07   2.3593647E+07   5.5905468E+07   1.0874117E-03   1.4978432E-05   6.2311047E-04
   1.7391304E-01   2.9360970E+07   2.2979691E+07   5.2340661E+07   6.1521543E-04   1.8100985E-05   3.5184666E-04
   1.8840580E-01   2.5891979E+07   2.0845336E+07   4.6737315E+07   3.2748117E-04   1.5882882E-05   1.7435583E-04
   2.0289855E-01   2.2604043E+07   1.7402938E+07   4.0006981E+07   1.1214394E-04   5.9349796E-06   6.1002070E-05
   2.1739130E-01   1.9519954E+07   1.2768924E+07   3.2288878E+07   2.4841948E-05   1.3155655E-05   1.9897823E-05
   2.3188406E-01   1.6922770E+07   7.4709048E+06   2.4393675E+07   3.2226723E-05   4.1143433E-05   2.6513120E-05
   2.4637681E-01   1.4650705E+07   2.7832114E+06   1.7433916E+07   5.6544220E-05   1.6132513E-04   7.3250248E-05
   2.6086957E-01   1.1882406E+07   1.1832479E+06   1.3065654E+07   4.6631347E-05   4.8135299E-04   8.2510464E-05
   2.7536232E-01   9.7517920E+06   6.8910169E+05   1.0440894E+07   1.0550391E-04   7.3907234E-04   1.4731811E-04
   2.8985507E-01   7.8130608E+06   3.8231604E+05   8.1953769E+06   1.1580021E-04   1.2936244E-03   1.6639253E-04
   3.0434783E-01   6.0318005E+06   2.1162503E+05   6.2434255E+06   2.1005945E-04   2.3619658E-03   2.8287043E-04
   3.1884058E-01   4.4684421E+06   1.1734586E+05   4.5857880E+06   3.7653558E-04   6.3762497E-03   5.3003134E-04
   3.3333333E-01   3.1153191E+06   6.3287486E+04   3.1786066E+06   6.6782387E-04   1.3339718E-02   9.2006078E-04
   3.4782609E-01   2.0518878E+06   2.9488586E+04   2.0813764E+06   6.8490687E-04   3.0969266E-02   1.1105283E-03
   3.6231884E-01   1.2337469E+06   1.3699879E+04   1.2474467E+06   1.4008410E-03   6.4972337E-02   2.0956263E-03
   3.7681159E-01   6.9962411E+05   5.4790191E+03   7.0510313E+05   3.0171212E-03   1.7879291E-01   4.3704356E-03
   3.9130435E-01   3.7858770E+05   2.4977246E+03   3.8108542E+05   4.7442812E-03   2.0914798E-01   6.0811373E-03
   4.0579710E-01   2.1879647E+05   1.6507835E+03   2.2044725E+05   6.6818243E-03   3.9142596E-01   9.5540709E-03
   4.2028986E-01   1.2897201E+05   1.5154734E+03   1.3048748E+05   1.0319858E-02   5.3972463E-01   1.6464668E-02
   4.3478261E-01   7.5091705E+04   7.3247879E+02   7.5824184E+04   1.4691479E-02   5.1801451E-01   1.9552088E-02
   4.4927536E-01   4.3313207E+04   8.0662292E+02   4.4119830E+04   2.5303937E-02   5.6931113E-01   3.5207283E-02
   4.6376812E-01   2.3679271E+04   5.6830251E+02   2.4247574E+04   3.6080499E-02   6.6149576E-01   5.0738652E-02
   4.7826087E-01   1.1411974E+04   3.9034920E+02   1.1802323E+04   6.3120225E-02   5.8403799E-01   8.0259351E-02
   4.9275362E-01   6.9310620E+03   5.5715933E+02   7.4882213E+03   7.4055142E-02   5.8139436E-01   1.1178830E-01
   5.0724638E-01   3.6804353E+03   2.8144505E+02   3.9618804E+03   1.3345937E-01   6.9803912E-01   1.7126191E-01
   5.2173913E-01   1.9574864E+03   3.1572362E+02   2.2732101E+03   1.6855692E-01   6.8209548E-01   2.3934483E-01
   5.3623188E-01   1.0854066E+03   3.8910803E+02   1.4745146E+03   2.6752157E-01   6.6541153E-01   3.7239487E-01
   5.5072464E-01   9.1726020E+02   1.9940439E+02   1.1166646E+03   2.8625141E-01   7.9696838E-01   3.7264912E-01
   5.6521739E-01   7.3830754E+02   1.9429146E+02   9.3259900E+02   5.9080980E-01   6.1559981E-01   5.9595022E-01
   5.7971014E-01   4.9252884E+02   9.4717086E+01   5.8724593E+02   5.8861194E-01   6.5530448E-01   5.9886991E-01
   5.9420290E-01   1.6633244E+02   1.1088830E+02   2.7722074E+02   5.5938169E-01   8.3422063E-01   6.6849518E-01
   6.0869565E-01   1.6237215E+02   3.6082699E+01   1.9845485E+02   6.5643626E-01   7.1684521E-01   6.6673550E-01
   6.2318841E-01   8.8108917E+01   1.7621783E+01   1.0573070E+02   7.6286802E-01   9.1051975E-01   7.7718137E-01
   6.3768116E-01   1.5499159E+02   6.8885153E+01   2.2387675E+02   7.1451483E-01   6.5725633E-01   6.9504784E-01
   6.5217391E-01   3.3677186E+01   5.0515779E+01   8.4192965E+01   7.0750024E-01   7.1023275E-01   7.0532916E-01
   6.6666667E-01   6.5890146E+01   1.6472537E+01   8.2362683E+01   8.1173102E-01   8.6962127E-01   8.1372225E-01
   6.8115942E-01   3.2244114E+01   1.6122057E+01   4.8366171E+01   8.9078699E-01   8.2994916E-01   8.6409175E-01
   6.9565217E-01   1.5786181E+01   0.0000000E+00   1.5786181E+01   9.6785857E-01   0.0000000E+00   9.6785857E-01
   7.1014493E-01   0.0000000E+00   0.0000000E+00   0.0000000E+00   0.0000000E+00   0.0000000E+00   0.0000000E+00
   7.2463768E-01   0.0000000E+00   0.0000000E+00   0.0000000E+00   0.0000000E+00   0.0000000E+00   0.0000000E+00
   7.3913043E-01   1.4857582E+01   0.0000000E+00   1.4857582E+01   9.6638706E-01   0.0000000E+00   9.6638706E-01
   7.5362319E-01   0.0000000E+00   0.0000000E+00   0.0000000E+00   0.0000000E+00   0.0000000E+00   0.0000000E+00
   7.6811594E-01   0.0000000E+00   0.0000000E+00   0.0000000E+00   0.0000000E+00   0.0000000E+00   0.0000000E+00
   7.8260870E-01   0.0000000E+00   0.0000000E+00   0.0000000E+00   0.0000000E+00   0.0000000E+00   0.0000000E+00
   7.9710145E-01   0.0000000E+00   0.0000000E+00   0.0000000E+00   0.0000000E+00   0.0000000E+00   0.0000000E+00
   8.1159420E-01   0.0000000E+00   0.0000000E+00   0.0000000E+00   0.0000000E+00   0.0000000E+00   0.0000000E+00
   8.2608696E-01   0.0000000E+00   0.0000000E+00   0.0000000E+00   0.0000000E+00   0.0000000E+00   0.0000000E+00
   8.4057971E-01   0.0000000E+00   0.0000000E+00   0.0000000E+00   0.0000000E+00   0.0000000E+00   0.0000000E+00
   8.5507246E-01   0.0000000E+00   0.0000000E+00   0.0000000E+00   0.0000000E+00   0.0000000E+00   0.0000000E+00
   8.6956522E-01   0.0000000E+00   0.0000000E+00   0.0000000E+00   0.0000000E+00   0.0000000E+00   0.0000000E+00
   8.8405797E-01   0.0000000E+00   0.0000000E+00   0.0000000E+00   0.0000000E+00   0.0000000E+00   0.0000000E+00
   8.9855072E-01   0.0000000E+00   0.0000000E+00   0.0000000E+00   0.0000000E+00   0.0000000E+00   0.0000000E+00
   9.1304348E-01   0.0000000E+00   0.0000000E+00   0.0000000E+00   0.0000000E+00   0.0000000E+00   0.0000000E+00
   9.2753623E-01   0.0000000E+00   0.0000000E+00   0.0000000E+00   0.0000000E+00   0.0000000E+00   0.0000000E+00
   9.4202899E-01   0.0000000E+00   0.0000000E+00   0.0000000E+00   0.0000000E+00   0.0000000E+00   0.0000000E+00
   9.5652174E-01   0.0000000E+00   0.0000000E+00   0.0000000E+00   0.0000000E+00   0.0000000E+00   0.0000000E+00
   9.7101449E-01   0.0000000E+00   0.0000000E+00   0.0000000E+00   0.0000000E+00   0.0000000E+00   0.0000000E+00
   9.8550725E-01   0.0000000E+00   0.0000000E+00   0.0000000E+00   0.0000000E+00   0.0000000E+00   0.0000000E+00
   1.0000000E+00   0.0000000E+00   0.0000000E+00   0.0000000E+00   0.0000000E+00   0.0000000E+00   0.0000000E+00
