   0.0000000E+00   2.7781658E+07   1.4506111E+07   4.2287769E+07   1.8178066E-03   1.3064256E-03   7.5094839E-04
   1.4492754E-02   2.7923355E+07   1.4165887E+07   4.2088484E+07   1.3145227E-03   6.2578151E-04   7.4206301E-04
   2.8985507E-02   2.8371556E+07   1.4425412E+07   4.2796968E+07   5.2491083E-04   1.8972498E-04   3.2011274E-04
   4.3478261E-02   2.8621988E+07   1.4578096E+07   4.3200084E+07   4.9768833E-04   1.3243518E-04   3.6026367E-04
   5.7971014E-02   2.8911254E+07   1.4694219E+07   4.3603768E+07   2.5539127E-04   1.0429431E-04   1.7909378E-04
   7.2463768E-02   2.9753895E+07   1.5178375E+07   4.4930754E+07   3.8147563E-04   8.7765758E-05   2.2440358E-04
   8.6956522E-02   3.0987894E+07   1.5791106E+07   4.6777611E+07   1.8014811E-04   2.1716881E-04   1.8629758E-04
   1.0144928E-01   3.2435568E+07   1.6756373E+07   4.9190209E+07   1.3448066E-04   1.4214443E-04   1.0050907E-04
   1.1594203E-01   3.4444436E+07   1.7703097E+07   5.2144787E+07   4.7174913E-04   1.2963770E-04   2.8534654E-04
   1.3043478E-01   3.6370603E+07   1.8780588E+07   5.5146729E+07   2.8930001E-04   7.7115782E-05   2.1222321E-04
   1.4492754E-01   3.8250927E+07   1.9790112E+07   5.8034750E+07   2.3818713E-04   1.3265054E-04   1.5160273E-04
   1.5942029E-01   3.8986723E+07   2.0230536E+07   5.9212093E+07   4.6829211E-04   1.3242543E-04   3.5303900E-04
   1.7391304E-01   3.8211209E+07   1.9836031E+07   5.8041935E+07   4.6023489E-04   3.3215255E-04   4.1650720E-04
   1.8840580E-01   3.5253000E+07   1.8268099E+07   5.3515445E+07   9.3958006E-04   2.4611450E-04   7.0118010E-04
   2.0289855E-01   2.9957390E+07   1.5501994E+07   4.5456515E+07   1.7375824E-03   3.9687517E-04   1.2803989E-03
   2.1739130E-01   2.2664005E+07   1.1604333E+07   3.4266065E+07   2.5408767E-03   5.9472005E-04   1.8813613E-03
   2.3188406E-01   1.4093003E+07   7.0818544E+06   2.1173862E+07   5.0101048E-03   1.7290561E-03   3.9026955E-03
   2.4637681E-01   6.2076018E+06   2.9297220E+06   9.1370564E+06   1.3736769E-02   4.3920019E-03   1.0737622E-02
   2.6086957E-01   4.4814231E+06   2.0369646E+06   6.5183456E+06   2.3176030E-02   7.1692622E-03   1.8144198E-02
   2.7536232E-01   3.9069302E+06   1.7836324E+06   5.6905227E+06   2.7195447E-02   9.3590856E-03   2.1594810E-02
   2.8985507E-01   3.4056854E+06   1.5419184E+06   4.9475280E+06   3.2986175E-02   1.0582459E-02   2.6002824E-02
   3.0434783E-01   3.0016115E+06   1.3835189E+06   4.3850222E+06   3.8848340E-02   1.2697232E-02   3.0567258E-02
   3.1884058E-01   2.6416079E+06   1.1883378E+06   3.8299456E+06   4.2503215E-02   1.4249135E-02   3.3733302E-02
   3.3333333E-01   2.3047055E+06   1.0299948E+06   3.3346344E+06   4.6807345E-02   1.5500203E-02   3.7127609E-02
   3.4782609E-01   1.9938578E+06   8.9728652E+05   2.8911759E+06   5.1115243E-02   1.8264639E-02   4.0917306E-02
   3.6231884E-01   1.7092721E+06   7.6573838E+05   2.4750105E+06   5.3938178E-02   1.9738810E-02   4.3357135E-02
   3.7681159E-01   1.4313355E+06   6.1679766E+05   2.0480748E+06   5.4708180E-02   2.2496916E-02   4.5002971E-02
   3.9130435E-01   1.1547065E+06   4.8242569E+05   1.6371603E+06   5.3979306E-02   2.1717757E-02   4.4469680E-02
   4.0579710E-01   9.3250324E+05   3.8655396E+05   1.3190301E+06   5.3167330E-02   2.4103808E-02   4.4640236E-02
   4.2028986E-01   7.7984169E+05   3.1242267E+05   1.0922121E+06   4.9075332E-02   2.4880068E-02   4.2153411E-02
   4.3478261E-01   6.5827112E+05   2.5947430E+05   9.1774541E+05   4.7026562E-02   2.4792656E-02   4.0739340E-02
   4.4927536E-01   5.6290058E+05   2.2003696E+05   7.8293754E+05   4.1776101E-02   2.3992690E-02   3.6778207E-02
   4.6376812E-01   4.8715365E+05   1.9158898E+05   6.7876631E+05   3.9804541E-02   2.3598335E-02   3.5229130E-02
   4.7826087E-01   4.2692722E+05   1.6663319E+05   5.9358336E+05   3.6371318E-02   2.2905715E-02   3.2589785E-02
   4.9275362E-01   3.7886834E+05   1.4100588E+05   5.1985194E+05   3.2575179E-02   2.3485249E-02   3.0099250E-02
   5.0724638E-01   3.3667323E+05   1.2351108E+05   4.6018431E+05   3.2375531E-02   2.0535666E-02   2.9195263E-02
   5.2173913E-01   2.9307571E+05   1.0562007E+05   3.9869579E+05   3.3098852E-02   2.0015936E-02   2.9604418E-02
   5.3623188E-01   2.6146011E+05   9.4450854E+04   3.5591097E+05   3.2827054E-02   2.1094050E-02   2.9713375E-02
   5.5072464E-01   2.2674273E+05   8.3031988E+04   3.0977472E+05   2.9810565E-02   2.1272604E-02   2.7481450E-02
   5.6521739E-01   1.9133823E+05   7.2062702E+04   2.6340093E+05   3.1044336E-02   1.6766040E-02   2.7127670E-02
   5.7971014E-01   1.6973302E+05   6.3195239E+04   2.3292826E+05   3.3281650E-02   2.3585382E-02   3.0642329E-02
   5.9420290E-01   1.4421023E+05   5.3429677E+04   1.9763990E+05   2.8603625E-02   1.5555632E-02   2.5073449E-02
   6.0869565E-01   1.1939765E+05   4.3118826E+04   1.6251648E+05   3.2782228E-02   2.1347342E-02   2.9747419E-02
   6.2318841E-01   1.0086709E+05   3.6441848E+04   1.3730894E+05   3.5259962E-02   1.2886478E-02   2.9299459E-02
   6.3768116E-01   8.2300537E+04   2.9138420E+04   1.1143896E+05   3.5016620E-02   1.1935895E-02   2.8954115E-02
   6.5217391E-01   6.6327218E+04   2.3658223E+04   8.9985441E+04   3.8503759E-02   1.2649117E-02   3.1704834E-02
   6.6666667E-01   5.3272183E+04   1.9651736E+04   7.2923920E+04   3.8061924E-02   1.1353954E-02   3.0859045E-02
   6.8115942E-01   4.3868117E+04   1.5557785E+04   5.9425902E+04   4.5107477E-02   1.8220191E-02   3.8065372E-02
   6.9565217E-01   3.3703496E+04   1.2265863E+04   4.5969359E+04   5.2166280E-02   1.1144941E-02   4.1219937E-02
   7.1014493E-01   2.6288824E+04   9.6031527E+03   3.5891976E+04   5.5631062E-02   5.8076660E-03   4.2118122E-02
   7.2463768E-01   2.1807662E+04   7.8653068E+03   2.9672969E+04   5.8317583E-02   1.2215262E-02   4.6003222E-02
   7.3913043E-01   1.7190222E+04   6.3887603E+03   2.3578983E+04   5.5496735E-02   1.0354546E-02   4.3263962E-02
   7.5362319E-01   1.3464398E+04   4.6338513E+03   1.8098249E+04   6.0850785E-02   1.2361056E-02   4.8410689E-02
   7.6811594E-01   1.1323160E+04   3.8887619E+03   1.5211921E+04   6.8373174E-02   5.8891169E-03   5.2048245E-02
   7.8260870E-01   8.6438111E+03   3.3256221E+03   1.1969433E+04   6.9072086E-02   1.1580046E-02   5.3098283E-02
   7.9710145E-01   7.7151371E+03   2.7829602E+03   1.0498097E+04   7.4346698E-02   1.9149821E-02   5.9580293E-02
   8.1159420E-01   5.5612460E+03   2.2461480E+03   7.8073940E+03   7.9647193E-02   2.6097427E-02   6.4123947E-02
   8.2608696E-01   4.7591181E+03   1.7547586E+03   6.5138768E+03   7.6965350E-02   2.4179521E-02   6.2426591E-02
   8.4057971E-01   3.5665882E+03   1.4240224E+03   4.9906106E+03   6.0182710E-02   1.3948654E-02   4.6990153E-02
   8.5507246E-01   2.8383018E+03   1.1173405E+03   3.9556424E+03   7.3622786E-02   1.9333342E-02   5.8123990E-02
   8.6956522E-01   2.2605811E+03   9.3454191E+02   3.1951230E+03   8.7275542E-02   1.4554833E-02   6.5711717E-02
   8.8405797E-01   1.6272706E+03   6.4593947E+02   2.2732101E+03   1.1187840E-01   1.4555279E-02   8.3985776E-02
   8.9855072E-01   1.6499105E+03   5.2552706E+02   2.1754376E+03   1.3476562E-01   1.8593490E-02   1.0668223E-01
   9.1304348E-01   7.6976425E+02   3.3677186E+02   1.1065361E+03   1.1598261E-01   1.8908744E-02   8.5037500E-02
   9.2753623E-01   4.3806652E+02   1.7759454E+02   6.1566106E+02   1.3256322E-01   2.8174192E-02   9.4886165E-02
   9.4202899E-01   2.0983477E+02   6.9944925E+01   2.7977970E+02   1.2005404E-01   4.7270879E-05   9.0046803E-02
   9.5652174E-01   0.0000000E+00   0.0000000E+00   0.0000000E+00   0.0000000E+00   0.0000000E+00   0.0000000E+00
   9.7101449E-01   0.0000000E+00   0.0000000E+00   0.0000000E+00   0.0000000E+00   0.0000000E+00   0.0000000E+00
   9.8550725E-01   0.0000000E+00   0.0000000E+00   0.0000000E+00   0.0000000E+00   0.0000000E+00   0.0000000E+00
   1.0000000E+00   0.0000000E+00   0.0000000E+00   0.0000000E+00   0.0000000E+00   0.0000000E+00   0.0000000E+00
