   0.0000000E+00   2.7563430E+07   1.3742313E+07   4.1305742E+07   9.3905390E-05   2.8857385E-04   6.8318276E-05
   1.4492754E-02   2.7472501E+07   1.3774137E+07   4.1244365E+07   1.6735705E-04   2.1518267E-04   1.8303304E-04
   2.8985507E-02   2.7710052E+07   1.3996533E+07   4.1705069E+07   7.8157678E-05   1.2263317E-04   3.1406250E-05
   4.3478261E-02   2.8302223E+07   1.4165130E+07   4.2466090E+07   3.0350203E-05   1.0159947E-04   1.5870289E-05
   5.7971014E-02   2.9064127E+07   1.4532821E+07   4.3593917E+07   6.8481891E-05   4.9052458E-05   6.1593503E-05
   7.2463768E-02   3.0150949E+07   1.5159129E+07   4.5307956E+07   4.4347660E-05   2.5093173E-05   2.9032646E-05
   8.6956522E-02   3.1748536E+07   1.5933308E+07   4.7677045E+07   1.9303707E-05   1.3142496E-05   1.4097259E-05
   1.0144928E-01   3.4066867E+07   1.7178757E+07   5.1241294E+07   4.9885543E-05   2.9084197E-05   4.0550967E-05
   1.1594203E-01   3.6867489E+07   1.8499005E+07   5.5359200E+07   1.5491152E-05   1.2767182E-05   6.6597605E-06
   1.3043478E-01   3.9837333E+07   1.9992967E+07   5.9821122E+07   1.7422293E-05   2.7520227E-05   1.6253995E-05
   1.4492754E-01   4.2429238E+07   2.1406440E+07   6.3819614E+07   2.3134708E-05   1.6872613E-05   1.4565839E-05
   1.5942029E-01   4.3919589E+07   2.2098013E+07   6.6003067E+07   1.8495750E-05   1.8136483E-05   1.8009479E-05
   1.7391304E-01   4.3258051E+07   2.1720648E+07   6.4964933E+07   1.4157021E-05   1.5947688E-05   1.3541563E-05
   1.8840580E-01   4.0006632E+07   2.0078973E+07   6.0066370E+07   1.0687612E-05   1.7216830E-05   1.1547829E-05
   2.0289855E-01   3.3459487E+07   1.6867706E+07   5.0315718E+07   1.1534106E-05   5.9924259E-06   9.2407880E-06
   2.1739130E-01   2.4415690E+07   1.2262655E+07   3.6671071E+07   1.2263230E-05   4.3023015E-05   2.0295230E-05
   2.3188406E-01   1.3513097E+07   6.7678673E+06   2.0279591E+07   2.7224219E-05   7.6198243E-05   3.8605420E-05
   2.4637681E-01   3.3963095E+06   1.6683133E+06   5.0645337E+06   3.2600854E-04   1.0026116E-04   2.3503897E-04
   2.6086957E-01   1.5881319E+06   7.7790090E+05   2.3659486E+06   5.1631032E-04   5.7486736E-04   5.1278881E-04
   2.7536232E-01   1.4139765E+06   6.9520347E+05   2.1092199E+06   4.4914111E-04   9.0724958E-04   5.3054108E-04
   2.8985507E-01   1.2894405E+06   6.3551376E+05   1.9249543E+06   4.9936383E-04   3.0965264E-05   3.4337017E-04
   3.0434783E-01   1.1978013E+06   5.9637485E+05   1.7941761E+06   2.6524898E-04   1.4078728E-03   6.2901516E-04
   3.1884058E-01   1.1212436E+06   5.5321666E+05   1.6744603E+06   7.8547117E-04   1.4943679E-03   9.2302663E-04
   3.3333333E-01   1.0317738E+06   5.0307127E+05   1.5348451E+06   2.0409022E-03   1.6382944E-03   1.9010728E-03
   3.4782609E-01   9.5285388E+05   4.7229096E+05   1.4251448E+06   5.7628685E-04   1.6854052E-03   9.4362256E-04
   3.6231884E-01   8.6497158E+05   4.2833339E+05   1.2933050E+06   2.0501362E-03   2.0747642E-03   2.0572969E-03
   3.7681159E-01   7.8291686E+05   3.8469709E+05   1.1675848E+06   1.6594991E-03   1.5299237E-03   1.4822254E-03
   3.9130435E-01   7.0124320E+05   3.4356343E+05   1.0447786E+06   1.8170740E-03   1.6370215E-03   1.7009222E-03
   4.0579710E-01   6.5094994E+05   3.1237695E+05   9.6329982E+05   2.3508224E-03   1.9326668E-03   2.2152651E-03
   4.2028986E-01   5.9343847E+05   2.8540544E+05   8.7881778E+05   2.9668680E-03   2.4895237E-03   2.7988325E-03
   4.3478261E-01   5.4617660E+05   2.7233056E+05   8.1850717E+05   3.7049087E-03   2.6299775E-03   3.2997379E-03
   4.4927536E-01   5.0277051E+05   2.4572667E+05   7.4849719E+05   2.9203959E-03   2.1563998E-03   2.6256641E-03
   4.6376812E-01   4.6155636E+05   2.2350864E+05   6.8506500E+05   3.1530413E-03   3.1697340E-03   3.1049542E-03
   4.7826087E-01   4.1978612E+05   2.0745912E+05   6.2724524E+05   2.7528470E-03   3.2360450E-03   2.8482013E-03
   4.9275362E-01   3.8031696E+05   1.8488775E+05   5.6520471E+05   2.2420237E-03   2.2579123E-03   2.1899504E-03
   5.0724638E-01   3.4344956E+05   1.6681032E+05   5.1025988E+05   2.7515203E-03   4.5787673E-03   3.0991160E-03
   5.2173913E-01   3.1018793E+05   1.4952671E+05   4.5971464E+05   3.1416882E-03   3.0838982E-03   2.9385479E-03
   5.3623188E-01   2.7552944E+05   1.3643356E+05   4.1196300E+05   1.3930978E-03   2.8484426E-03   1.8637963E-03
   5.5072464E-01   2.5180786E+05   1.2069948E+05   3.7248740E+05   2.8676318E-03   8.9860669E-04   2.0251874E-03
   5.6521739E-01   2.2046252E+05   1.0958038E+05   3.3004290E+05   3.9928557E-03   3.2593520E-03   3.2854485E-03
   5.7971014E-01   1.9401848E+05   9.4489765E+04   2.8850824E+05   4.7650609E-03   5.6094424E-03   5.0319448E-03
   5.9420290E-01   1.7269004E+05   8.1539860E+04   2.5422990E+05   5.5522825E-03   4.5499997E-03   5.1290676E-03
   6.0869565E-01   1.5138496E+05   7.1624158E+04   2.2300912E+05   6.0844834E-03   8.4586212E-03   6.6040385E-03
   6.2318841E-01   1.3121180E+05   6.2909767E+04   1.9412157E+05   5.4873507E-03   6.4037049E-03   5.7037658E-03
   6.3768116E-01   1.1663979E+05   5.6692481E+04   1.7333227E+05   7.5930551E-03   9.2023720E-03   8.0190281E-03
   6.5217391E-01   1.0517385E+05   4.8646695E+04   1.5382055E+05   7.3700281E-03   9.8320038E-03   8.1345911E-03
   6.6666667E-01   9.3300447E+04   4.4014618E+04   1.3731507E+05   1.0142608E-02   1.2438757E-03   7.2582742E-03
   6.8115942E-01   8.4930997E+04   4.0127800E+04   1.2505880E+05   7.5485222E-03   6.1142456E-03   7.0841979E-03
   6.9565217E-01   7.4763353E+04   3.6039851E+04   1.1080320E+05   9.9935174E-03   1.1516963E-02   1.0334473E-02
   7.1014493E-01   6.6696292E+04   3.1515660E+04   9.8211953E+04   1.2857978E-02   1.5221875E-02   1.3507336E-02
   7.2463768E-01   5.8951914E+04   2.9157708E+04   8.8109622E+04   1.1771175E-02   1.7030245E-02   1.3481030E-02
   7.3913043E-01   5.4631329E+04   2.4203001E+04   7.8834330E+04   1.7890327E-02   1.1326192E-02   1.5850606E-02
   7.5362319E-01   4.5639063E+04   2.2469807E+04   6.8108870E+04   2.0497856E-02   2.2270369E-02   2.1014373E-02
   7.6811594E-01   4.0617546E+04   2.0816313E+04   6.1433859E+04   2.4635982E-02   2.7769371E-02   2.5692220E-02
   7.8260870E-01   3.6497650E+04   1.7456008E+04   5.3953658E+04   3.4592279E-02   3.8836693E-02   3.5947593E-02
   7.9710145E-01   3.2210698E+04   1.4961855E+04   4.7172553E+04   5.2338450E-02   4.7631089E-02   5.0842919E-02
   8.1159420E-01   2.6534315E+04   1.2827400E+04   3.9361715E+04   7.9667903E-02   7.9603773E-02   7.9641682E-02
   8.2608696E-01   2.3077735E+04   1.1366050E+04   3.4443785E+04   1.0991803E-01   1.0571254E-01   1.0852986E-01
   8.4057971E-01   1.8172616E+04   8.7531651E+03   2.6925781E+04   1.4197025E-01   1.5466209E-01   1.4603355E-01
   8.5507246E-01   1.3485144E+04   6.4471833E+03   1.9932328E+04   1.7691550E-01   1.9404869E-01   1.8241577E-01
   8.6956522E-01   9.7495453E+03   4.1549228E+03   1.3904468E+04   1.9821558E-01   2.2463264E-01   2.0602993E-01
   8.8405797E-01   6.9438493E+03   3.1179001E+03   1.0061749E+04   2.3046036E-01   2.4280699E-01   2.3428006E-01
   8.9855072E-01   4.5464201E+03   2.2732101E+03   6.8196302E+03   2.3777510E-01   2.4348976E-01   2.3967482E-01
   9.1304348E-01   2.8144505E+03   1.4312804E+03   4.2457309E+03   2.8802450E-01   2.9638864E-01   2.9067453E-01
   9.2753623E-01   1.4562752E+03   7.3405741E+02   2.1903326E+03   3.0862526E-01   2.7062194E-01   2.9561253E-01
   9.4202899E-01   5.8287437E+02   1.8651980E+02   7.6939417E+02   3.2271459E-01   2.8066256E-01   3.1251853E-01
   9.5652174E-01   8.0366012E+01   5.7404294E+01   1.3777031E+02   3.5026243E-01   2.5147012E-01   3.0825315E-01
   9.7101449E-01   0.0000000E+00   0.0000000E+00   0.0000000E+00   0.0000000E+00   0.0000000E+00   0.0000000E+00
   9.8550725E-01   0.0000000E+00   0.0000000E+00   0.0000000E+00   0.0000000E+00   0.0000000E+00   0.0000000E+00
   1.0000000E+00   0.0000000E+00   0.0000000E+00   0.0000000E+00   0.0000000E+00   0.0000000E+00   0.0000000E+00
