   0.0000000E+00   2.8084752E+07   1.3990850E+07   4.2075603E+07   6.8389717E-04   1.8322212E-03   9.1786036E-04
   1.4492754E-02   2.8055958E+07   1.4118150E+07   4.2174108E+07   1.3426841E-04   7.5924215E-04   2.6054657E-04
   2.8985507E-02   2.8373829E+07   1.4347744E+07   4.2718542E+07   1.9026027E-04   1.8899431E-04   8.7881255E-05
   4.3478261E-02   2.8917505E+07   1.4595019E+07   4.3510756E+07   1.3516277E-04   5.4663556E-04   2.3784055E-04
   5.7971014E-02   2.9796669E+07   1.4896345E+07   4.4690931E+07   1.9039324E-04   1.7627498E-04   1.5054028E-04
   7.2463768E-02   3.0743196E+07   1.5473892E+07   4.6213906E+07   1.7289003E-04   1.4462539E-04   1.6091993E-04
   8.6956522E-02   3.2536203E+07   1.6386056E+07   4.8918596E+07   8.7622201E-05   3.1937374E-04   1.6008072E-04
   1.0144928E-01   3.4801330E+07   1.7463882E+07   5.2259692E+07   1.5749385E-04   1.6631519E-04   1.1032947E-04
   1.1594203E-01   3.7616322E+07   1.8956583E+07   5.6565706E+07   1.0799625E-04   1.2746283E-04   1.0909376E-04
   1.3043478E-01   4.0492438E+07   2.0457375E+07   6.0940804E+07   4.4354348E-05   1.0796008E-04   1.0892341E-05
   1.4492754E-01   4.3369514E+07   2.1787506E+07   6.5145957E+07   6.6515055E-05   2.8123188E-04   1.1151852E-04
   1.5942029E-01   4.4759093E+07   2.2599497E+07   6.7344812E+07   2.1727753E-05   7.6824028E-05   1.4757620E-05
   1.7391304E-01   4.4137530E+07   2.2236099E+07   6.6360937E+07   8.5152097E-05   1.3691966E-04   8.9405688E-05
   1.8840580E-01   4.0681833E+07   2.0488034E+07   6.1155179E+07   1.7416182E-05   9.5971249E-05   4.3891305E-05
   2.0289855E-01   3.4077638E+07   1.7158839E+07   5.1227005E+07   5.0024025E-05   6.2656468E-05   5.1884859E-05
   2.1739130E-01   2.4660692E+07   1.2461131E+07   3.7116469E+07   2.6363135E-04   1.6717417E-04   2.2855583E-04
   2.3188406E-01   1.3484682E+07   6.7800384E+06   2.0262968E+07   3.4152882E-04   4.8969306E-04   3.6540235E-04
   2.4637681E-01   3.1585139E+06   1.5528253E+06   4.7112501E+06   2.2380091E-03   2.1562467E-03   2.1969798E-03
   2.6086957E-01   1.2370893E+06   6.0206389E+05   1.8391532E+06   8.3020408E-03   6.7136658E-03   7.7736878E-03
   2.7536232E-01   1.0575212E+06   5.0038538E+05   1.5578667E+06   9.2250191E-03   7.2975867E-03   8.4991138E-03
   2.8985507E-01   9.4262443E+05   4.5680156E+05   1.3994260E+06   9.7167658E-03   7.5012694E-03   8.9856012E-03
   3.0434783E-01   8.6750026E+05   4.2101293E+05   1.2885132E+06   6.5797027E-03   9.3974662E-03   7.4996559E-03
   3.1884058E-01   8.0413083E+05   3.8813340E+05   1.1922642E+06   1.1190842E-02   9.9137427E-03   1.0772019E-02
   3.3333333E-01   7.5371739E+05   3.5521378E+05   1.1089312E+06   1.0998844E-02   1.1387284E-02   1.1112148E-02
   3.4782609E-01   6.8878265E+05   3.3406716E+05   1.0228498E+06   1.2779461E-02   1.2389870E-02   1.2628658E-02
   3.6231884E-01   6.3213425E+05   3.0382210E+05   9.3592604E+05   1.5564952E-02   1.6165665E-02   1.5662756E-02
   3.7681159E-01   5.8022229E+05   2.7564129E+05   8.5586358E+05   1.4545228E-02   1.6346545E-02   1.5124916E-02
   3.9130435E-01   5.2974214E+05   2.4772377E+05   7.7746590E+05   1.6285528E-02   1.6750892E-02   1.6433752E-02
   4.0579710E-01   4.8698113E+05   2.3013546E+05   7.1708952E+05   1.6888319E-02   1.5656567E-02   1.6463646E-02
   4.2028986E-01   4.4714303E+05   2.1276724E+05   6.5991027E+05   1.5462666E-02   1.5845337E-02   1.5521442E-02
   4.3478261E-01   4.1847271E+05   1.9744092E+05   6.1591363E+05   1.8152222E-02   1.5531830E-02   1.7257614E-02
   4.4927536E-01   3.8737455E+05   1.8369004E+05   5.7106459E+05   1.6953923E-02   1.4058808E-02   1.6012533E-02
   4.6376812E-01   3.6489757E+05   1.6611009E+05   5.3100766E+05   1.2829998E-02   1.5380892E-02   1.3579899E-02
   4.7826087E-01   3.4010896E+05   1.5907878E+05   4.9918774E+05   1.6481134E-02   1.6727499E-02   1.6535918E-02
   4.9275362E-01   3.1688994E+05   1.4588660E+05   4.6277654E+05   1.3235110E-02   1.4528536E-02   1.3621603E-02
   5.0724638E-01   2.9198842E+05   1.3565652E+05   4.2764493E+05   1.1877763E-02   1.2852617E-02   1.2181039E-02
   5.2173913E-01   2.7347980E+05   1.2805750E+05   4.0153730E+05   8.5996631E-03   1.1070940E-02   9.3726349E-03
   5.3623188E-01   2.5523439E+05   1.1943568E+05   3.7467007E+05   1.4679251E-02   1.0799381E-02   1.3363445E-02
   5.5072464E-01   2.3629420E+05   1.0893462E+05   3.4522882E+05   8.7281011E-03   1.3825205E-02   1.0335451E-02
   5.6521739E-01   2.1480864E+05   1.0072069E+05   3.1552933E+05   1.1030885E-02   8.8520217E-03   1.0172709E-02
   5.7971014E-01   1.9812920E+05   9.2368102E+04   2.9049730E+05   6.5943322E-03   8.6626305E-03   7.2391486E-03
   5.9420290E-01   1.7950967E+05   8.2907482E+04   2.6241715E+05   1.0500541E-02   4.5767803E-03   8.6118518E-03
   6.0869565E-01   1.6836187E+05   7.7686051E+04   2.4604793E+05   7.5201646E-03   9.5551248E-03   7.9630091E-03
   6.2318841E-01   1.5336238E+05   6.9711775E+04   2.2307416E+05   9.9994432E-03   5.4501964E-03   7.9327163E-03
   6.3768116E-01   1.3950966E+05   6.4011529E+04   2.0352118E+05   1.0397950E-02   7.4777590E-03   9.3296882E-03
   6.5217391E-01   1.2596951E+05   5.6779736E+04   1.8274925E+05   5.7722417E-03   1.0218532E-02   6.0613115E-03
   6.6666667E-01   1.1168380E+05   5.2349721E+04   1.6403352E+05   8.5875985E-03   7.0650091E-03   8.0960613E-03
   6.8115942E-01   1.0184303E+05   4.6544379E+04   1.4838741E+05   9.8279366E-03   2.7526596E-03   7.6063105E-03
   6.9565217E-01   9.0723182E+04   4.3254136E+04   1.3397732E+05   9.7744521E-03   1.0822155E-02   9.7468186E-03
   7.1014493E-01   8.1526282E+04   3.8443539E+04   1.1996982E+05   8.2076260E-03   3.4643808E-03   5.7711732E-03
   7.2463768E-01   7.2666948E+04   3.4355781E+04   1.0702273E+05   9.4626392E-03   7.6366063E-03   8.2546794E-03
   7.3913043E-01   6.5031637E+04   3.0012316E+04   9.5043952E+04   8.0519331E-03   1.5656845E-02   1.0439133E-02
   7.5362319E-01   5.8608018E+04   2.6054484E+04   8.4662503E+04   1.4957667E-02   4.8779272E-03   1.1698308E-02
   7.6811594E-01   4.9510229E+04   2.3175305E+04   7.2685534E+04   1.6728948E-02   1.4568508E-02   1.5878159E-02
   7.8260870E-01   4.6306131E+04   2.1328884E+04   6.7635015E+04   1.7071406E-02   1.7232618E-02   1.6958508E-02
   7.9710145E-01   4.0931558E+04   1.8047910E+04   5.8979468E+04   2.0609135E-02   2.1577007E-02   2.0765933E-02
   8.1159420E-01   3.4910012E+04   1.6088374E+04   5.0998385E+04   2.6093860E-02   2.3682845E-02   2.5308770E-02
   8.2608696E-01   3.0030301E+04   1.3572792E+04   4.3603093E+04   3.1110518E-02   2.7405737E-02   2.9730376E-02
   8.4057971E-01   2.6220302E+04   1.1627339E+04   3.7847641E+04   5.1410739E-02   3.7633600E-02   4.7173484E-02
   8.5507246E-01   2.1627603E+04   1.0171652E+04   3.1799255E+04   6.7019005E-02   5.5964018E-02   6.3346446E-02
   8.6956522E-01   1.7857328E+04   8.3477325E+03   2.6205060E+04   9.6924080E-02   8.3627249E-02   9.2685953E-02
   8.8405797E-01   1.4670279E+04   6.2730660E+03   2.0943345E+04   1.1674498E-01   1.0544518E-01   1.1333254E-01
   8.9855072E-01   1.0205002E+04   4.8030729E+03   1.5008075E+04   1.6275539E-01   1.4391401E-01   1.5672549E-01
   9.1304348E-01   7.3247879E+03   3.5481321E+03   1.0872920E+04   1.7999943E-01   1.9211719E-01   1.8389112E-01
   9.2753623E-01   4.2149103E+03   1.5154734E+03   5.7303837E+03   2.0460470E-01   1.6253155E-01   1.9340770E-01
   9.4202899E-01   1.5387883E+03   7.3442171E+02   2.2732101E+03   1.8360109E-01   1.4663572E-01   1.7165724E-01
   9.5652174E-01   2.2961718E+02   1.1480859E+02   3.4442577E+02   2.2022725E-01   1.9918423E-01   2.1303031E-01
   9.7101449E-01   0.0000000E+00   0.0000000E+00   0.0000000E+00   0.0000000E+00   0.0000000E+00   0.0000000E+00
   9.8550725E-01   0.0000000E+00   0.0000000E+00   0.0000000E+00   0.0000000E+00   0.0000000E+00   0.0000000E+00
   1.0000000E+00   0.0000000E+00   0.0000000E+00   0.0000000E+00   0.0000000E+00   0.0000000E+00   0.0000000E+00
