   0.0000000E+00   2.8478776E+07   1.4427306E+07   4.2906082E+07   4.9771982E-04   5.1298502E-04   2.2422980E-04
   1.4492754E-02   2.8877345E+07   1.4417456E+07   4.3294043E+07   3.3372864E-04   2.8284703E-04   2.9468184E-04
   2.8985507E-02   2.9355477E+07   1.4683800E+07   4.4037383E+07   2.0909337E-04   2.0285643E-04   1.9121239E-04
   4.3478261E-02   3.0011929E+07   1.5060774E+07   4.5072199E+07   1.6187012E-04   2.7112036E-05   1.1679393E-04
   5.7971014E-02   3.0691177E+07   1.5433012E+07   4.6121159E+07   3.6325537E-05   7.0304760E-05   2.2135937E-05
   7.2463768E-02   3.1981338E+07   1.6026737E+07   4.8003377E+07   2.7367823E-04   1.9738038E-04   2.4208655E-04
   8.6956522E-02   3.3618251E+07   1.6859894E+07   5.0474103E+07   1.7937078E-04   5.8297745E-05   1.3751307E-04
   1.0144928E-01   3.6216891E+07   1.8178861E+07   5.4389690E+07   5.9749602E-05   1.3066331E-04   8.3242575E-05
   1.1594203E-01   3.9269514E+07   1.9673402E+07   5.8934297E+07   4.7606984E-05   1.2447071E-04   4.9360759E-05
   1.3043478E-01   4.2591116E+07   2.1336265E+07   6.3917699E+07   2.7573746E-05   9.8329453E-05   3.7291484E-05
   1.4492754E-01   4.5409644E+07   2.2825378E+07   6.8217670E+07   1.4316411E-05   7.6168620E-05   3.4835938E-05
   1.5942029E-01   4.7047733E+07   2.3588481E+07   7.0618235E+07   1.9163032E-05   6.3704839E-05   2.6420669E-05
   1.7391304E-01   4.6332062E+07   2.3260306E+07   6.9573741E+07   9.2213932E-05   9.1555051E-05   3.8118823E-05
   1.8840580E-01   4.2734542E+07   2.1428502E+07   6.4143576E+07   6.3518338E-05   7.7522757E-05   1.6112028E-05
   2.0289855E-01   3.5641282E+07   1.7882423E+07   5.3510553E+07   2.5701306E-05   5.0745374E-05   3.0090506E-05
   2.1739130E-01   2.5537040E+07   1.2850406E+07   3.8380828E+07   4.7128816E-05   1.5021830E-04   7.5710828E-05
   2.3188406E-01   1.3598153E+07   6.8249343E+06   2.0421193E+07   4.8294288E-04   2.3208805E-04   3.9092956E-04
   2.4637681E-01   2.5387299E+06   1.2553914E+06   3.7940767E+06   1.7107861E-03   2.1733281E-03   1.8526891E-03
   2.6086957E-01   6.4929615E+05   3.1673393E+05   9.6603008E+05   6.1338197E-03   8.0300212E-03   6.7500293E-03
   2.7536232E-01   5.4804303E+05   2.7031259E+05   8.1835562E+05   7.5365526E-03   8.4786026E-03   7.7300200E-03
   2.8985507E-01   4.9207420E+05   2.3618652E+05   7.2826073E+05   9.6628067E-03   9.7699896E-03   9.6828886E-03
   3.0434783E-01   4.5691522E+05   2.2079004E+05   6.7770526E+05   1.0389178E-02   7.7004350E-03   9.3914782E-03
   3.1884058E-01   4.2164602E+05   2.0427892E+05   6.2592494E+05   9.0432320E-03   1.1135338E-02   9.6532428E-03
   3.3333333E-01   3.8305237E+05   1.9223450E+05   5.7528687E+05   1.0992789E-02   7.9161256E-03   9.9201343E-03
   3.4782609E-01   3.5468391E+05   1.7917315E+05   5.3385707E+05   1.4325611E-02   1.7233040E-02   1.5301384E-02
   3.6231884E-01   3.3304043E+05   1.6745981E+05   5.0050023E+05   1.5864387E-02   1.6705241E-02   1.6121619E-02
   3.7681159E-01   3.0257009E+05   1.5049816E+05   4.5306825E+05   1.8452312E-02   1.8064836E-02   1.8148069E-02
   3.9130435E-01   2.7747195E+05   1.3462455E+05   4.1209650E+05   1.9349452E-02   1.9378451E-02   1.9352409E-02
   4.0579710E-01   2.5121677E+05   1.2307809E+05   3.7426780E+05   1.9686137E-02   2.0805012E-02   2.0031451E-02
   4.2028986E-01   2.3696255E+05   1.1138729E+05   3.4834984E+05   1.7694276E-02   1.9688052E-02   1.8330991E-02
   4.3478261E-01   2.1772301E+05   1.0547695E+05   3.2319995E+05   2.0454299E-02   2.0617458E-02   2.0505493E-02
   4.4927536E-01   2.0080022E+05   1.0195225E+05   3.0275247E+05   1.9226801E-02   2.0376319E-02   1.9549640E-02
   4.6376812E-01   1.8720832E+05   9.5261709E+04   2.8247003E+05   1.7783805E-02   1.5151248E-02   1.6774105E-02
   4.7826087E-01   1.7067445E+05   8.6887140E+04   2.5756159E+05   1.6725653E-02   1.7448577E-02   1.6921018E-02
   4.9275362E-01   1.6001616E+05   7.9205770E+04   2.3922193E+05   1.4980946E-02   1.6842332E-02   1.5554237E-02
   5.0724638E-01   1.5291126E+05   7.1400445E+04   2.2431171E+05   1.2514754E-02   1.7452350E-02   1.3934573E-02
   5.2173913E-01   1.3948669E+05   7.0322174E+04   2.0980887E+05   1.5264032E-02   1.5122499E-02   1.5212357E-02
   5.3623188E-01   1.3244008E+05   6.2462078E+04   1.9490216E+05   1.2044147E-02   1.1561453E-02   1.1770092E-02
   5.5072464E-01   1.1796764E+05   5.7986797E+04   1.7595443E+05   1.3887983E-02   8.1043248E-03   1.1907220E-02
   5.6521739E-01   1.0987182E+05   5.4518183E+04   1.6439000E+05   1.8989627E-02   1.1798933E-02   1.6586924E-02
   5.7971014E-01   1.0216185E+05   4.9991678E+04   1.5215353E+05   1.1112751E-02   1.4770618E-02   1.2301715E-02
   5.9420290E-01   9.4365939E+04   4.5482682E+04   1.3984862E+05   1.0259446E-02   8.6749608E-03   9.7362726E-03
   6.0869565E-01   8.4126813E+04   4.4670382E+04   1.2879719E+05   6.0270159E-03   1.1429165E-02   7.8704705E-03
   6.2318841E-01   7.8328827E+04   3.8609327E+04   1.1693815E+05   8.3064881E-03   6.6553201E-03   6.8996233E-03
   6.3768116E-01   7.0555618E+04   3.3478184E+04   1.0403380E+05   6.5673949E-03   7.7064993E-03   6.9334423E-03
   6.5217391E-01   6.3582527E+04   3.2128035E+04   9.5710562E+04   6.8528650E-03   6.7156715E-03   6.7330165E-03
   6.6666667E-01   5.7538570E+04   2.7591499E+04   8.5130069E+04   1.0786175E-02   8.4958965E-03   9.7798864E-03
   6.8115942E-01   5.0865090E+04   2.5456728E+04   7.6321818E+04   9.9221602E-03   1.1084849E-02   1.0125794E-02
   6.9565217E-01   4.8084707E+04   2.3584554E+04   7.1669261E+04   1.0139107E-02   5.4493578E-03   8.5917570E-03
   7.1014493E-01   4.2139438E+04   2.0381570E+04   6.2521008E+04   2.3430253E-03   8.5383464E-03   4.3455897E-03
   7.2463768E-01   3.6977550E+04   1.8458466E+04   5.5436016E+04   5.9821882E-03   9.8239626E-03   7.2524446E-03
   7.3913043E-01   3.3830714E+04   1.5867898E+04   4.9698612E+04   1.1101801E-02   1.0137234E-02   1.0764016E-02
   7.5362319E-01   2.8721135E+04   1.4396997E+04   4.3118132E+04   1.8776392E-02   1.4884130E-02   1.7464710E-02
   7.6811594E-01   2.6635159E+04   1.3653557E+04   4.0288717E+04   1.5514119E-02   1.8027412E-02   1.6365347E-02
   7.8260870E-01   2.2872422E+04   1.1758951E+04   3.4631373E+04   2.2325615E-02   1.7649096E-02   2.0330608E-02
   7.9710145E-01   2.2015695E+04   1.0429212E+04   3.2444907E+04   1.5763882E-02   1.3474566E-02   1.4489619E-02
   8.1159420E-01   1.7766219E+04   8.6598478E+03   2.6426067E+04   3.2067618E-02   3.4302297E-02   3.2665517E-02
   8.2608696E-01   1.6085288E+04   7.4444306E+03   2.3529718E+04   3.3378844E-02   4.7045647E-02   3.7548727E-02
   8.4057971E-01   1.4305546E+04   6.3231820E+03   2.0628728E+04   5.5372828E-02   4.2012715E-02   5.1070719E-02
   8.5507246E-01   1.1751340E+04   5.3426858E+03   1.7094026E+04   6.5663069E-02   7.2750602E-02   6.7863715E-02
   8.6956522E-01   9.4464507E+03   4.8621437E+03   1.4308594E+04   9.6458294E-02   8.9507616E-02   9.3901816E-02
   8.8405797E-01   7.2668190E+03   3.5278233E+03   1.0794642E+04   1.1756496E-01   1.2029566E-01   1.1842027E-01
   8.9855072E-01   5.7685760E+03   2.5909706E+03   8.3595466E+03   1.6193526E-01   1.6484392E-01   1.6283677E-01
   9.1304348E-01   3.8127386E+03   1.9244106E+03   5.7371492E+03   1.7217683E-01   1.6823181E-01   1.7071129E-01
   9.2753623E-01   2.3560875E+03   1.0774068E+03   3.4334943E+03   1.9345753E-01   2.1418970E-01   1.9977010E-01
   9.4202899E-01   8.9762653E+02   3.9635457E+02   1.2939811E+03   2.0654620E-01   2.3388492E-01   2.1448279E-01
   9.5652174E-01   8.0366012E+01   8.0366012E+01   1.6073202E+02   3.4523521E-01   1.5535227E-01   2.5025411E-01
   9.7101449E-01   0.0000000E+00   0.0000000E+00   0.0000000E+00   0.0000000E+00   0.0000000E+00   0.0000000E+00
   9.8550725E-01   0.0000000E+00   0.0000000E+00   0.0000000E+00   0.0000000E+00   0.0000000E+00   0.0000000E+00
   1.0000000E+00   0.0000000E+00   0.0000000E+00   0.0000000E+00   0.0000000E+00   0.0000000E+00   0.0000000E+00
