   0.0000000E+00   2.5884285E+07   1.3348289E+07   3.9232575E+07   2.2025616E-03   3.5760213E-03   2.4752901E-04
   1.4492754E-02   2.5897167E+07   1.3732462E+07   3.9628871E+07   4.8511989E-04   3.9296641E-04   4.5319550E-04
   2.8985507E-02   2.6316953E+07   1.3894996E+07   4.0211191E+07   3.3508270E-04   4.5154636E-04   1.4497655E-04
   4.3478261E-02   2.6533160E+07   1.4131537E+07   4.0663687E+07   2.8068931E-04   6.0023789E-05   1.9523934E-04
   5.7971014E-02   2.7097232E+07   1.4458374E+07   4.1555037E+07   4.2764703E-04   9.3574143E-05   3.1010545E-04
   7.2463768E-02   2.7905472E+07   1.4791626E+07   4.2695280E+07   1.3735567E-04   1.5124119E-04   8.6925381E-05
   8.6956522E-02   2.8965874E+07   1.5500135E+07   4.4463610E+07   2.0412263E-04   1.7733243E-04   1.9344037E-04
   1.0144928E-01   3.0531592E+07   1.6364190E+07   4.6893401E+07   5.8282020E-04   2.4303459E-04   4.0428327E-04
   1.1594203E-01   3.2391917E+07   1.7394035E+07   4.9782258E+07   5.2600768E-04   2.1981756E-04   4.1074128E-04
   1.3043478E-01   3.4303918E+07   1.8507971E+07   5.2807427E+07   5.0399786E-04   1.1207375E-04   3.6097947E-04
   1.4492754E-01   3.6040685E+07   1.9438295E+07   5.5471175E+07   9.7681006E-04   4.3771544E-04   7.8764477E-04
   1.5942029E-01   3.6841571E+07   1.9952653E+07   5.6789540E+07   8.9097103E-04   5.6705810E-04   7.7422368E-04
   1.7391304E-01   3.6255806E+07   1.9531042E+07   5.5780281E+07   3.4027813E-04   3.8892201E-04   3.5214861E-04
   1.8840580E-01   3.3572573E+07   1.8087058E+07   5.1652520E+07   4.5818478E-04   3.6142278E-04   4.2314138E-04
   2.0289855E-01   2.8725960E+07   1.5362841E+07   4.4084254E+07   3.5375820E-04   2.9546373E-04   3.2959406E-04
   2.1739130E-01   2.1950823E+07   1.1583521E+07   3.3531212E+07   1.6746075E-04   1.8276688E-04   1.7286398E-04
   2.3188406E-01   1.3855594E+07   7.0637634E+06   2.0918032E+07   1.6134231E-03   5.9345369E-04   1.2699663E-03
   2.4637681E-01   6.2807902E+06   2.8960250E+06   9.1766815E+06   5.2527332E-03   3.4915722E-03   4.6930705E-03
   2.6086957E-01   4.1433463E+06   1.7945730E+06   5.9377930E+06   8.3675275E-03   5.5612445E-03   7.5079907E-03
   2.7536232E-01   3.3460854E+06   1.3954319E+06   4.7412781E+06   9.4562411E-03   8.0192806E-03   9.0268335E-03
   2.8985507E-01   2.8526513E+06   1.1611936E+06   4.0138070E+06   9.0881747E-03   7.0316007E-03   8.4852584E-03
   3.0434783E-01   2.4880825E+06   9.9869695E+05   3.4867073E+06   6.5445893E-03   7.0335311E-03   6.6810660E-03
   3.1884058E-01   2.2126256E+06   8.7935342E+05   3.0919445E+06   6.1131493E-03   5.2730792E-03   5.8531549E-03
   3.3333333E-01   2.0163703E+06   7.8353268E+05   2.7998041E+06   5.1608834E-03   5.9177643E-03   5.3716205E-03
   3.4782609E-01   1.8179682E+06   6.8793019E+05   2.5058668E+06   5.3750935E-03   6.2405381E-03   5.6050708E-03
   3.6231884E-01   1.6219505E+06   6.1452445E+05   2.2364447E+06   5.6015350E-03   7.8092353E-03   6.2072449E-03
   3.7681159E-01   1.4557287E+06   5.4851393E+05   2.0042135E+06   6.5344014E-03   8.9948996E-03   7.2040840E-03
   3.9130435E-01   1.3069555E+06   4.8472696E+05   1.7916544E+06   5.8420859E-03   6.6764942E-03   6.0286579E-03
   4.0579710E-01   1.1858850E+06   4.3407487E+05   1.6199328E+06   5.8883175E-03   7.1151078E-03   6.2115570E-03
   4.2028986E-01   1.0973595E+06   3.9809918E+05   1.4954325E+06   5.0842929E-03   6.6695297E-03   5.5040546E-03
   4.3478261E-01   1.0107702E+06   3.6747703E+05   1.3782220E+06   4.0766539E-03   8.0600760E-03   5.1343229E-03
   4.4927536E-01   9.3296940E+05   3.3887940E+05   1.2718488E+06   4.1245874E-03   7.4766608E-03   5.0168097E-03
   4.6376812E-01   8.8006380E+05   3.1048261E+05   1.1905227E+06   3.7053555E-03   6.8736261E-03   4.4806187E-03
   4.7826087E-01   8.2409605E+05   2.8433495E+05   1.1084310E+06   3.4612856E-03   5.9232776E-03   4.0830004E-03
   4.9275362E-01   7.6072306E+05   2.6629987E+05   1.0270229E+06   4.0105349E-03   6.5557346E-03   4.6617570E-03
   5.0724638E-01   7.0960958E+05   2.4533349E+05   9.5492142E+05   4.5250988E-03   5.6332661E-03   4.8085852E-03
   5.2173913E-01   6.5209556E+05   2.2298507E+05   8.7508063E+05   3.6795704E-03   6.6822533E-03   4.2629730E-03
   5.3623188E-01   6.1163686E+05   2.1009786E+05   8.2171424E+05   3.2275385E-03   4.7067191E-03   3.6049839E-03
   5.5072464E-01   5.5895045E+05   1.9220589E+05   7.5115634E+05   3.8046881E-03   3.4207495E-03   3.6813393E-03
   5.6521739E-01   5.0360346E+05   1.7264739E+05   6.7625085E+05   3.4292563E-03   5.2951411E-03   3.7989989E-03
   5.7971014E-01   4.7072497E+05   1.5482455E+05   6.2554952E+05   2.4405087E-03   4.4620685E-03   2.9349541E-03
   5.9420290E-01   4.2281707E+05   1.4267627E+05   5.6549334E+05   3.6988604E-03   3.2248608E-03   3.2255918E-03
   6.0869565E-01   3.7758741E+05   1.2484614E+05   5.0243355E+05   4.5678351E-03   3.9168131E-03   4.3289324E-03
   6.2318841E-01   3.3544827E+05   1.1374861E+05   4.4919688E+05   3.4488799E-03   5.4332790E-03   3.7905755E-03
   6.3768116E-01   3.0070091E+05   9.7610262E+04   3.9831118E+05   4.1745607E-03   1.7897167E-03   3.5494285E-03
   6.5217391E-01   2.6037516E+05   8.3957225E+04   3.4433239E+05   3.3882117E-03   3.5328024E-03   3.4225097E-03
   6.6666667E-01   2.2807874E+05   7.4785316E+04   3.0286406E+05   6.2478518E-03   3.9981008E-03   5.4504428E-03
   6.8115942E-01   1.9680195E+05   6.2908267E+04   2.5971022E+05   5.6306821E-03   4.5529427E-03   5.3666216E-03
   6.9565217E-01   1.7003295E+05   5.5377923E+04   2.2541088E+05   6.2271953E-03   3.9740597E-03   5.5092133E-03
   7.1014493E-01   1.4149573E+05   4.6392042E+04   1.8788777E+05   6.8977395E-03   7.1525676E-03   6.8940043E-03
   7.2463768E-01   1.2502655E+05   3.9856950E+04   1.6488350E+05   8.8289633E-03   4.4422500E-03   7.7318969E-03
   7.3913043E-01   1.0756889E+05   3.2315241E+04   1.3988413E+05   1.2367724E-02   6.7301532E-03   1.0003691E-02
   7.5362319E-01   8.9558647E+04   2.8852281E+04   1.1841093E+05   1.3324386E-02   6.9858758E-03   1.1725706E-02
   7.6811594E-01   7.7289142E+04   2.2774991E+04   1.0006413E+05   1.2195172E-02   8.1251008E-03   1.1225580E-02
   7.8260870E-01   6.5445998E+04   2.0276472E+04   8.5722470E+04   1.9961988E-02   1.1381491E-02   1.7925029E-02
   7.9710145E-01   5.7119569E+04   1.7028410E+04   7.4147979E+04   2.5440443E-02   1.2875005E-02   2.2528368E-02
   8.1159420E-01   4.9902373E+04   1.5682443E+04   6.5584816E+04   3.4914708E-02   1.9344704E-02   3.1127980E-02
   8.2608696E-01   4.2964999E+04   1.2695413E+04   5.5660412E+04   4.2338056E-02   2.6450526E-02   3.8711695E-02
   8.4057971E-01   3.6711036E+04   1.1339921E+04   4.8050957E+04   5.9836034E-02   3.3345415E-02   5.3558667E-02
   8.5507246E-01   2.9937021E+04   1.0145966E+04   4.0082986E+04   7.9248259E-02   4.4281247E-02   7.0363749E-02
   8.6956522E-01   2.4272832E+04   7.3121590E+03   3.1584991E+04   1.0108467E-01   5.9050970E-02   9.1351623E-02
   8.8405797E-01   1.8049039E+04   5.6271265E+03   2.3676166E+04   1.1036771E-01   6.4835257E-02   9.9526644E-02
   8.9855072E-01   1.3309278E+04   3.8620128E+03   1.7171291E+04   1.4592987E-01   8.4823424E-02   1.3215720E-01
   9.1304348E-01   9.7182737E+03   2.9587813E+03   1.2677055E+04   1.4568063E-01   9.3883210E-02   1.3357003E-01
   9.2753623E-01   5.7185440E+03   1.6457094E+03   7.3642534E+03   1.8816978E-01   7.5149162E-02   1.6291211E-01
   9.4202899E-01   2.3897849E+03   8.5099658E+02   3.2407815E+03   2.0705497E-01   1.2400642E-01   1.8511680E-01
   9.5652174E-01   2.8702147E+02   1.2628945E+02   4.1331092E+02   2.0047792E-01   9.4285078E-02   1.6726677E-01
   9.7101449E-01   0.0000000E+00   0.0000000E+00   0.0000000E+00   0.0000000E+00   0.0000000E+00   0.0000000E+00
   9.8550725E-01   0.0000000E+00   0.0000000E+00   0.0000000E+00   0.0000000E+00   0.0000000E+00   0.0000000E+00
   1.0000000E+00   0.0000000E+00   0.0000000E+00   0.0000000E+00   0.0000000E+00   0.0000000E+00   0.0000000E+00
