   0.0000000E+00   2.3247361E+07   1.2608738E+07   3.5856100E+07   3.1497710E-04   1.2463073E-03   2.4554295E-04
   1.4492754E-02   2.2920777E+07   1.2689816E+07   3.5610593E+07   4.1063876E-04   3.7079779E-04   3.9169241E-04
   2.8985507E-02   2.3185985E+07   1.2645868E+07   3.5831473E+07   2.4716901E-04   2.8792557E-04   8.0328476E-05
   4.3478261E-02   2.3443363E+07   1.2794131E+07   3.6236484E+07   5.6773112E-05   8.3686018E-05   7.9841318E-06
   5.7971014E-02   2.3968916E+07   1.3055614E+07   3.7023393E+07   8.2575907E-05   1.8743224E-04   1.1939144E-04
   7.2463768E-02   2.4708126E+07   1.3406938E+07   3.8113246E+07   2.2045919E-04   3.9488395E-05   1.2975164E-04
   8.6956522E-02   2.5695861E+07   1.3953468E+07   3.9647435E+07   4.4973519E-05   4.2233969E-05   2.4402392E-05
   1.0144928E-01   2.7092226E+07   1.4845144E+07   4.1933256E+07   5.0209231E-05   1.6657007E-04   6.8925868E-05
   1.1594203E-01   2.8762548E+07   1.5832056E+07   4.4591288E+07   6.9293141E-05   6.2580351E-05   4.3405766E-05
   1.3043478E-01   3.0698270E+07   1.6871091E+07   4.7564395E+07   5.1186661E-05   1.6544761E-05   3.5508356E-05
   1.4492754E-01   3.2267989E+07   1.7839016E+07   5.0098897E+07   2.4744538E-05   4.9696064E-05   3.2215529E-05
   1.5942029E-01   3.3039799E+07   1.8373324E+07   5.1405339E+07   1.7905077E-05   2.3764523E-05   5.5782082E-06
   1.7391304E-01   3.2625048E+07   1.8022072E+07   5.0638722E+07   2.3217106E-05   2.9831792E-05   1.0552472E-05
   1.8840580E-01   3.0485029E+07   1.6810213E+07   4.7286674E+07   1.3036206E-05   2.8598191E-05   1.8530065E-05
   2.0289855E-01   2.6357005E+07   1.4415129E+07   4.0764069E+07   1.3188535E-05   5.2811436E-05   1.0441962E-05
   2.1739130E-01   2.0527491E+07   1.1053004E+07   3.1575090E+07   1.8180695E-05   4.0605597E-05   2.4595065E-05
   2.3188406E-01   1.3568696E+07   7.0001136E+06   2.0567105E+07   1.1229218E-04   2.2347369E-05   7.0887796E-05
   2.4637681E-01   6.9744759E+06   3.2099955E+06   1.0183936E+07   1.4146705E-04   2.7449522E-04   1.2653902E-04
   2.6086957E-01   5.2067455E+06   2.2250517E+06   7.4315867E+06   1.4547400E-04   3.2527568E-04   1.6566607E-04
   2.7536232E-01   4.5590225E+06   1.9340232E+06   6.4926867E+06   2.7832570E-04   4.7942255E-04   3.0498023E-04
   2.8985507E-01   4.1216329E+06   1.7448781E+06   5.8665490E+06   2.6736555E-04   6.6494612E-04   3.8545058E-04
   3.0434783E-01   3.7892968E+06   1.5681541E+06   5.3572705E+06   8.0966902E-04   6.8016082E-04   7.7123958E-04
   3.1884058E-01   3.4733616E+06   1.4276448E+06   4.9009375E+06   5.0959552E-04   7.5083428E-04   5.7760948E-04
   3.3333333E-01   3.1418399E+06   1.2789277E+06   4.4206688E+06   1.1174268E-03   1.2321463E-03   1.1357205E-03
   3.4782609E-01   2.8526576E+06   1.1484447E+06   4.0011023E+06   9.9103967E-04   1.7206037E-03   1.1831818E-03
   3.6231884E-01   2.5837912E+06   1.0214291E+06   3.6051596E+06   9.5111061E-04   1.4380201E-03   1.0871294E-03
   3.7681159E-01   2.3064339E+06   8.9998717E+05   3.2063045E+06   1.1318439E-03   1.1726541E-03   1.1431166E-03
   3.9130435E-01   2.0492848E+06   8.0033832E+05   2.8495670E+06   1.5184973E-03   1.4333898E-03   1.4942818E-03
   4.0579710E-01   1.8496623E+06   7.1045933E+05   2.5599863E+06   1.1711936E-03   2.0751251E-03   1.4056835E-03
   4.2028986E-01   1.6876102E+06   6.3396432E+05   2.3215223E+06   1.5400003E-03   1.1078787E-03   1.4017702E-03
   4.3478261E-01   1.5171909E+06   5.6405919E+05   2.0812248E+06   2.0836931E-03   1.9642917E-03   2.0532620E-03
   4.4927536E-01   1.3637794E+06   5.1242554E+05   1.8762049E+06   2.0952165E-03   1.8245430E-03   1.9709860E-03
   4.6376812E-01   1.2201218E+06   4.4377322E+05   1.6638240E+06   2.2930326E-03   2.3147732E-03   2.2891131E-03
   4.7826087E-01   1.0878343E+06   3.8908631E+05   1.4769206E+06   2.0561083E-03   3.1126624E-03   2.2816559E-03
   4.9275362E-01   9.5555053E+05   3.3770541E+05   1.2932559E+06   2.7182120E-03   2.9129347E-03   2.7603736E-03
   5.0724638E-01   8.4126092E+05   3.0008538E+05   1.1413463E+06   1.8713404E-03   2.7732134E-03   2.1076573E-03
   5.2173913E-01   7.4218203E+05   2.5499944E+05   9.9716043E+05   1.7558603E-03   2.4723626E-03   1.9389982E-03
   5.3623188E-01   6.4978993E+05   2.1964124E+05   8.6943117E+05   3.6280237E-03   2.9670569E-03   3.4482193E-03
   5.5072464E-01   5.7649803E+05   1.9260470E+05   7.6910273E+05   3.9181668E-03   2.5977283E-03   3.5766974E-03
   5.6521739E-01   5.1574667E+05   1.6858670E+05   6.8429451E+05   3.8260142E-03   3.2624441E-03   3.6857523E-03
   5.7971014E-01   4.6413266E+05   1.5287338E+05   6.1700604E+05   3.2104206E-03   4.5229761E-03   3.5254296E-03
   5.9420290E-01   4.1461134E+05   1.3363888E+05   5.4823173E+05   3.1625820E-03   4.3146390E-03   3.3628698E-03
   6.0869565E-01   3.7924721E+05   1.2176107E+05   5.0100828E+05   6.1716556E-03   5.3196450E-03   5.8801703E-03
   6.2318841E-01   3.4001231E+05   1.0950176E+05   4.4951407E+05   5.6242037E-03   7.2487137E-03   5.9082247E-03
   6.3768116E-01   3.1105091E+05   9.7782475E+04   4.0885060E+05   8.1164199E-03   6.1137322E-03   7.6347097E-03
   6.5217391E-01   2.8341036E+05   9.0726339E+04   3.7411986E+05   5.8639075E-03   6.3546036E-03   5.9393295E-03
   6.6666667E-01   2.5626325E+05   8.0138891E+04   3.3640214E+05   9.6858752E-03   7.0687004E-03   9.0563086E-03
   6.8115942E-01   2.3059378E+05   7.1952741E+04   3.0254652E+05   9.5934873E-03   7.2964077E-03   9.0357597E-03
   6.9565217E-01   2.1215049E+05   6.4849631E+04   2.7700012E+05   1.0894444E-02   9.9008451E-03   1.0656362E-02
   7.1014493E-01   1.9062490E+05   5.9629238E+04   2.5025414E+05   1.2596878E-02   1.2251013E-02   1.2511867E-02
   7.2463768E-01   1.6939961E+05   5.4253947E+04   2.2365356E+05   1.5036916E-02   8.9224811E-03   1.3548569E-02
   7.3913043E-01   1.5380569E+05   4.6355656E+04   2.0016135E+05   1.9189948E-02   1.6331227E-02   1.8526293E-02
   7.5362319E-01   1.3314308E+05   4.1296649E+04   1.7443973E+05   2.4038683E-02   1.7161733E-02   2.2355846E-02
   7.6811594E-01   1.2039435E+05   3.6828862E+04   1.5722321E+05   2.8936440E-02   2.6024226E-02   2.8249681E-02
   7.8260870E-01   1.0665845E+05   3.2554613E+04   1.3921307E+05   3.7821710E-02   3.4269368E-02   3.6988811E-02
   7.9710145E-01   9.5337052E+04   2.7843379E+04   1.2318043E+05   5.6652668E-02   4.9574735E-02   5.5034003E-02
   8.1159420E-01   7.8087471E+04   2.2799756E+04   1.0088723E+05   8.5972997E-02   8.1749570E-02   8.5016531E-02
   8.2608696E-01   6.1841948E+04   1.9488456E+04   8.1330404E+04   1.2750848E-01   1.1409073E-01   1.2427210E-01
   8.4057971E-01   5.1421579E+04   1.4684414E+04   6.6105993E+04   1.6672694E-01   1.4934166E-01   1.6286461E-01
   8.5507246E-01   3.6294303E+04   1.0531256E+04   4.6825558E+04   1.9989913E-01   1.9823974E-01   1.9948362E-01
   8.6956522E-01   2.6078771E+04   7.3247879E+03   3.3403559E+04   2.3105947E-01   2.2448136E-01   2.2961129E-01
   8.8405797E-01   1.8160837E+04   5.4035321E+03   2.3564369E+04   2.4846699E-01   2.3941781E-01   2.4638257E-01
   8.9855072E-01   1.1231613E+04   3.2020486E+03   1.4433662E+04   2.7334488E-01   2.6968278E-01   2.7250785E-01
   9.1304348E-01   7.0240988E+03   2.0687414E+03   9.0928402E+03   2.8426434E-01   2.9871664E-01   2.8754938E-01
   9.2753623E-01   3.7176456E+03   1.0063690E+03   4.7240146E+03   2.8312661E-01   3.1699171E-01   2.9031876E-01
   9.4202899E-01   1.3755835E+03   3.7303960E+02   1.7486231E+03   3.1575123E-01   2.8775795E-01   3.0975653E-01
   9.5652174E-01   1.8369374E+02   5.7404294E+01   2.4109804E+02   3.3095765E-01   2.3478952E-01   3.0802411E-01
   9.7101449E-01   0.0000000E+00   0.0000000E+00   0.0000000E+00   0.0000000E+00   0.0000000E+00   0.0000000E+00
   9.8550725E-01   0.0000000E+00   0.0000000E+00   0.0000000E+00   0.0000000E+00   0.0000000E+00   0.0000000E+00
   1.0000000E+00   0.0000000E+00   0.0000000E+00   0.0000000E+00   0.0000000E+00   0.0000000E+00   0.0000000E+00
