   0.0000000E+00   2.7684667E+07   1.4251512E+07   4.1936179E+07   2.3871404E-03   2.4980709E-03   2.1006365E-03
   1.4492754E-02   2.8449224E+07   1.4361383E+07   4.2810607E+07   2.4426273E-04   5.3056443E-04   1.0864580E-04
   2.8985507E-02   2.8787932E+07   1.4559910E+07   4.3347085E+07   2.1296203E-05   3.0636561E-04   1.0980103E-04
   4.3478261E-02   2.9187259E+07   1.4777633E+07   4.3964135E+07   6.6742201E-04   3.0172118E-04   4.5622108E-04
   5.7971014E-02   2.9680735E+07   1.5102450E+07   4.4781480E+07   3.1354089E-04   2.6846531E-04   2.0752313E-04
   7.2463768E-02   3.0711977E+07   1.5633169E+07   4.6343933E+07   4.6250915E-04   1.9584412E-04   2.9187075E-04
   8.6956522E-02   3.2111365E+07   1.6337434E+07   4.8449178E+07   4.6285138E-04   2.8066292E-04   3.0106256E-04
   1.0144928E-01   3.4016856E+07   1.7332469E+07   5.1348243E+07   2.6502555E-04   1.9062537E-04   2.4020168E-04
   1.1594203E-01   3.6487673E+07   1.8488207E+07   5.4973607E+07   2.2267277E-04   1.2074712E-04   1.4187074E-04
   1.3043478E-01   3.8897234E+07   1.9795871E+07   5.8690326E+07   2.1520394E-04   1.5708485E-04   1.3756243E-04
   1.4492754E-01   4.0902475E+07   2.0943160E+07   6.1840861E+07   2.1813199E-04   2.1951074E-04   2.1612163E-04
   1.5942029E-01   4.2141663E+07   2.1508769E+07   6.3646988E+07   2.0083272E-04   3.0414119E-04   2.3313516E-04
   1.7391304E-01   4.1409363E+07   2.1094632E+07   6.2499448E+07   2.2505832E-04   4.0591323E-04   2.8421116E-04
   1.8840580E-01   3.8127445E+07   1.9454715E+07   5.7574757E+07   1.6895773E-04   2.0462086E-04   1.6269114E-04
   2.0289855E-01   3.2226000E+07   1.6394878E+07   4.8617143E+07   2.9350769E-05   1.8621300E-04   5.7549453E-05
   2.1739130E-01   2.3881890E+07   1.2136113E+07   3.6014416E+07   2.8331618E-04   2.0437930E-04   2.4921319E-04
   2.3188406E-01   1.4010125E+07   7.0542444E+06   2.1063422E+07   1.1528114E-03   1.4588336E-03   1.2525562E-03
   2.4637681E-01   4.8974751E+06   2.3644505E+06   7.2618364E+06   5.8406759E-03   4.1521182E-03   5.2826474E-03
   2.6086957E-01   2.8722430E+06   1.3520548E+06   4.2243399E+06   9.3672474E-03   9.4721915E-03   9.3689587E-03
   2.7536232E-01   2.3171189E+06   1.0774218E+06   3.3943413E+06   1.3925370E-02   1.2544530E-02   1.3468074E-02
   2.8985507E-01   1.9370781E+06   8.8962075E+05   2.8266988E+06   1.6414001E-02   1.5252575E-02   1.6032237E-02
   3.0434783E-01   1.6363504E+06   7.3864894E+05   2.3749633E+06   1.7280310E-02   1.3909350E-02   1.6181002E-02
   3.1884058E-01   1.4316746E+06   6.4018417E+05   2.0717899E+06   1.7942661E-02   1.5359232E-02   1.7143270E-02
   3.3333333E-01   1.2433141E+06   5.5581633E+05   1.7990646E+06   1.7266503E-02   1.5053492E-02   1.6581495E-02
   3.4782609E-01   1.0835635E+06   4.8646695E+05   1.5699988E+06   1.7539843E-02   1.8064615E-02   1.7690657E-02
   3.6231884E-01   9.6329549E+05   4.2703009E+05   1.3903256E+06   1.8716838E-02   1.6993225E-02   1.8179451E-02
   3.7681159E-01   8.4304035E+05   3.6901777E+05   1.2120290E+06   1.8041947E-02   1.4987612E-02   1.7112129E-02
   3.9130435E-01   7.3640780E+05   3.1732328E+05   1.0537311E+06   1.3559842E-02   1.5225911E-02   1.4042061E-02
   4.0579710E-01   6.4315607E+05   2.8001077E+05   9.2316684E+05   1.4095741E-02   1.2778161E-02   1.3679973E-02
   4.2028986E-01   5.8782076E+05   2.5397243E+05   8.4179320E+05   1.3641464E-02   1.2348563E-02   1.3219690E-02
   4.3478261E-01   5.3534097E+05   2.3156433E+05   7.6690530E+05   1.3709942E-02   1.2103020E-02   1.3219839E-02
   4.4927536E-01   4.8284937E+05   2.0715543E+05   6.9000480E+05   1.3107608E-02   9.3996449E-03   1.1982483E-02
   4.6376812E-01   4.4824861E+05   1.8787134E+05   6.3609627E+05   1.0280463E-02   1.0142198E-02   1.0189802E-02
   4.7826087E-01   4.0940743E+05   1.7441721E+05   5.8382463E+05   9.5619922E-03   1.3811355E-02   1.0815301E-02
   4.9275362E-01   3.6763601E+05   1.5620519E+05   5.2384120E+05   1.0577876E-02   1.1000301E-02   1.0703840E-02
   5.0724638E-01   3.4561453E+05   1.4799680E+05   4.9361133E+05   1.3434391E-02   9.9397047E-03   1.2377495E-02
   5.2173913E-01   3.0850407E+05   1.3382472E+05   4.4232879E+05   1.0815499E-02   9.7584854E-03   1.0277309E-02
   5.3623188E-01   2.8607632E+05   1.2101260E+05   4.0708891E+05   1.1024363E-02   1.0558744E-02   1.0876395E-02
   5.5072464E-01   2.6004327E+05   1.1144711E+05   3.7151032E+05   6.4676948E-03   7.6766269E-03   6.7029804E-03
   5.6521739E-01   2.3526753E+05   9.8680631E+04   3.3394816E+05   1.0048219E-02   8.4600801E-03   9.4474787E-03
   5.7971014E-01   2.0904061E+05   8.8295267E+04   2.9733587E+05   1.2874840E-02   1.4540886E-02   1.2955662E-02
   5.9420290E-01   1.8291024E+05   7.5755187E+04   2.5866543E+05   7.3031558E-03   1.0990350E-02   8.3828568E-03
   6.0869565E-01   1.6134379E+05   6.8503005E+04   2.2984679E+05   9.2031475E-03   1.2535023E-02   1.0196166E-02
   6.2318841E-01   1.3903587E+05   5.7217931E+04   1.9625380E+05   8.7898981E-03   5.3755269E-03   7.5508982E-03
   6.3768116E-01   1.1867190E+05   5.0200055E+04   1.6887195E+05   7.3973996E-03   8.6881613E-03   7.3828847E-03
   6.5217391E-01   1.0118311E+05   4.2382739E+04   1.4356584E+05   5.9229677E-03   8.7475754E-03   6.6117116E-03
   6.6666667E-01   8.5657190E+04   3.5959547E+04   1.2161674E+05   8.7235975E-03   1.2217837E-02   9.7135515E-03
   6.8115942E-01   7.0356657E+04   2.8810116E+04   9.9166773E+04   1.4216344E-02   5.1428476E-03   1.1502616E-02
   6.9565217E-01   5.7256478E+04   2.4437008E+04   8.1693486E+04   1.3260682E-02   3.4257778E-03   1.0065601E-02
   7.1014493E-01   4.8093083E+04   2.0118682E+04   6.8211766E+04   1.6494298E-02   1.1395173E-02   1.4990282E-02
   7.2463768E-01   3.9053749E+04   1.5488138E+04   5.4541887E+04   1.1110140E-02   1.3219939E-02   1.1337218E-02
   7.3913043E-01   3.2196380E+04   1.3000384E+04   4.5196765E+04   2.3193189E-02   1.1831358E-02   1.9896165E-02
   7.5362319E-01   2.6375065E+04   1.2007212E+04   3.8382277E+04   2.8337374E-02   9.4359985E-03   2.2395309E-02
   7.6811594E-01   2.2017255E+04   9.3787786E+03   3.1396033E+04   3.0447072E-02   2.4360856E-02   2.8617956E-02
   7.8260870E-01   1.8704870E+04   7.5773668E+03   2.6282237E+04   3.2717916E-02   2.2139532E-02   2.9474369E-02
   7.9710145E-01   1.6105349E+04   7.0262856E+03   2.3131634E+04   3.3885274E-02   4.5771259E-02   3.7429004E-02
   8.1159420E-01   1.3422764E+04   5.3718118E+03   1.8794576E+04   5.3088871E-02   2.6433439E-02   4.5324407E-02
   8.2608696E-01   1.1552161E+04   4.4932456E+03   1.6045407E+04   5.0200978E-02   2.6966780E-02   4.3686963E-02
   8.4057971E-01   9.5500951E+03   4.1544873E+03   1.3704582E+04   4.8861968E-02   3.5803136E-02   4.4874841E-02
   8.5507246E-01   7.7828548E+03   3.1593767E+03   1.0942231E+04   7.3240168E-02   3.8042196E-02   6.2990138E-02
   8.6956522E-01   6.3397303E+03   2.7025942E+03   9.0423244E+03   9.7321284E-02   7.6264163E-02   9.1022390E-02
   8.8405797E-01   5.1675157E+03   2.2359443E+03   7.4034601E+03   1.2107215E-01   8.4719523E-02   1.1001501E-01
   8.9855072E-01   3.8253481E+03   1.4910302E+03   5.3163783E+03   1.3304767E-01   8.2748677E-02   1.1887090E-01
   9.1304348E-01   2.5378165E+03   1.0463983E+03   3.5842148E+03   1.3705889E-01   1.1331474E-01   1.3010098E-01
   9.2753623E-01   1.8706624E+03   6.6301960E+02   2.5336820E+03   1.8351352E-01   8.2411255E-02   1.5638679E-01
   9.4202899E-01   8.7431156E+02   3.4972462E+02   1.2240362E+03   1.9725829E-01   1.5688643E-01   1.8361423E-01
   9.5652174E-01   8.0366012E+01   3.4442577E+01   1.1480859E+02   1.7937228E-01   2.4479880E-01   1.9830818E-01
   9.7101449E-01   0.0000000E+00   0.0000000E+00   0.0000000E+00   0.0000000E+00   0.0000000E+00   0.0000000E+00
   9.8550725E-01   0.0000000E+00   0.0000000E+00   0.0000000E+00   0.0000000E+00   0.0000000E+00   0.0000000E+00
   1.0000000E+00   0.0000000E+00   0.0000000E+00   0.0000000E+00   0.0000000E+00   0.0000000E+00   0.0000000E+00
