   0.0000000E+00   3.2952453E+07   1.4791020E+07   4.7743473E+07   1.9299717E-03   1.9196975E-04   1.2936514E-03
   1.4492754E-02   3.3138856E+07   1.4955449E+07   4.8093547E+07   5.0275894E-04   2.2752127E-04   2.7794027E-04
   2.8985507E-02   3.3110441E+07   1.5254755E+07   4.8364438E+07   3.4788769E-04   7.9764081E-05   2.6401540E-04
   4.3478261E-02   3.3671292E+07   1.5634381E+07   4.9303400E+07   4.6357358E-04   4.2304723E-05   3.2317397E-04
   5.7971014E-02   3.4139637E+07   1.6043748E+07   5.0181112E+07   1.9658731E-04   4.1216152E-05   1.3026245E-04
   7.2463768E-02   3.4947119E+07   1.6567458E+07   5.1508970E+07   4.6002114E-04   4.3902818E-05   2.9877363E-04
   8.6956522E-02   3.5916214E+07   1.7537689E+07   5.3448094E+07   5.5977500E-04   4.2882214E-05   3.7734570E-04
   1.0144928E-01   3.6725332E+07   1.8755823E+07   5.5472279E+07   9.9155611E-04   3.9540806E-05   6.6422601E-04
   1.1594203E-01   3.7274867E+07   2.0260174E+07   5.7524906E+07   1.2631175E-03   2.6816091E-05   8.1300057E-04
   1.3043478E-01   3.7271131E+07   2.1934541E+07   5.9194474E+07   1.0121708E-03   1.1448025E-05   6.3239511E-04
   1.4492754E-01   3.6100318E+07   2.3137944E+07   5.9223335E+07   1.0915060E-03   2.3177453E-05   6.6012969E-04
   1.5942029E-01   3.3800842E+07   2.3657641E+07   5.7445120E+07   8.2714659E-04   2.5172138E-05   4.9432316E-04
   1.7391304E-01   3.0660110E+07   2.2968893E+07   5.3616753E+07   3.5598029E-04   1.6527070E-05   2.0893476E-04
   1.8840580E-01   2.7246404E+07   2.0949904E+07   4.8179521E+07   2.0801291E-04   5.6102795E-06   1.2016801E-04
   2.0289855E-01   2.4087962E+07   1.7534622E+07   4.1613654E+07   5.4925398E-05   2.3477116E-05   4.1295314E-05
   2.1739130E-01   2.1204907E+07   1.2951084E+07   3.4148414E+07   5.4180678E-05   4.8535682E-06   3.3884867E-05
   2.3188406E-01   1.8772169E+07   7.7739995E+06   2.6541858E+07   9.4357183E-05   3.1279313E-05   7.5096195E-05
   2.4637681E-01   1.5792748E+07   3.0044260E+06   1.8796149E+07   7.1312140E-05   1.3486576E-04   8.0952591E-05
   2.6086957E-01   1.1812231E+07   1.0424352E+06   1.2854035E+07   7.2734800E-05   3.9305715E-04   9.7821945E-05
   2.7536232E-01   9.0228891E+06   5.0190085E+05   9.5245507E+06   1.1931159E-04   1.1005867E-03   1.6991450E-04
   2.8985507E-01   6.7481756E+06   2.6721584E+05   7.0153157E+06   1.2707758E-04   1.7736954E-03   1.8969555E-04
   3.0434783E-01   4.6690291E+06   1.3065545E+05   4.7995402E+06   2.2854669E-04   3.2336266E-03   3.1018237E-04
   3.1884058E-01   2.8982050E+06   5.7105792E+04   2.9552420E+06   4.8486098E-04   1.4262705E-02   7.4584750E-04
   3.3333333E-01   1.5401822E+06   2.3193332E+04   1.5633755E+06   9.3067617E-04   3.4635810E-02   1.4290074E-03
   3.4782609E-01   6.6949193E+05   7.5142221E+03   6.7700615E+05   2.4366628E-03   1.3659466E-01   3.9252727E-03
   3.6231884E-01   2.4996218E+05   2.4550669E+03   2.5241724E+05   7.2501117E-03   3.3915802E-01   1.0449339E-02
   3.7681159E-01   1.0410136E+05   1.7194794E+03   1.0582084E+05   1.5340986E-02   4.4261350E-01   2.2263990E-02
   3.9130435E-01   5.0824486E+04   1.6557950E+03   5.2480281E+04   3.2621241E-02   4.4868161E-01   4.5648590E-02
   4.0579710E-01   2.4680566E+04   1.0012949E+03   2.5681861E+04   4.1768284E-02   5.4195471E-01   6.1257400E-02
   4.2028986E-01   1.2280560E+04   1.0451540E+03   1.3325714E+04   1.0974841E-01   4.5701390E-01   1.3653701E-01
   4.3478261E-01   6.0871514E+03   5.5567357E+02   6.6428249E+03   1.6534680E-01   5.9179470E-01   2.0072690E-01
   4.4927536E-01   3.3242642E+03   8.7995228E+02   4.2042164E+03   2.5134049E-01   6.4643294E-01   3.3342753E-01
   4.6376812E-01   2.0837759E+03   4.2622688E+02   2.5100028E+03   3.5712005E-01   5.5158689E-01   3.9012062E-01
   4.7826087E-01   1.7450905E+03   4.5923435E+02   2.2043249E+03   4.8482079E-01   6.2058159E-01   5.1309875E-01
   4.9275362E-01   1.1811778E+03   4.0115472E+02   1.5823325E+03   5.7826633E-01   7.1283157E-01   6.0934050E-01
   5.0724638E-01   9.3093364E+02   2.8144505E+02   1.2123787E+03   5.8740899E-01   6.3450515E-01   5.9128449E-01
   5.2173913E-01   9.0507437E+02   2.1048241E+02   1.1155568E+03   5.6681936E-01   7.0396187E-01   5.8839997E-01
   5.3623188E-01   4.9150488E+02   2.4575244E+02   7.3725731E+02   5.3613353E-01   7.2349521E-01   5.9562778E-01
   5.5072464E-01   6.1815361E+02   2.1934483E+02   8.3749844E+02   6.2447936E-01   6.7754457E-01   6.3822420E-01
   5.6521739E-01   5.0515779E+02   1.3600402E+02   6.4116181E+02   5.8514676E-01   7.3888699E-01   6.1732207E-01
   5.7971014E-01   2.8415126E+02   7.5773668E+01   3.5992492E+02   5.4836121E-01   7.6334956E-01   5.8298096E-01
   5.9420290E-01   2.7722074E+02   3.6962765E+01   3.1418350E+02   6.8814729E-01   7.0802053E-01   6.8716500E-01
   6.0869565E-01   1.8041350E+02   9.0206748E+01   2.7062024E+02   7.1275546E-01   6.8385919E-01   7.0036334E-01
   6.2318841E-01   3.5243567E+01   1.7621783E+01   5.2865350E+01   7.3182790E-01   8.0251244E-01   7.0877446E-01
   6.3768116E-01   6.8885153E+01   1.7221288E+01   8.6106441E+01   9.1832201E-01   6.9084376E-01   8.4229681E-01
   6.5217391E-01   3.3677186E+01   0.0000000E+00   3.3677186E+01   9.3690159E-01   0.0000000E+00   9.3690159E-01
   6.6666667E-01   3.2945073E+01   1.6472537E+01   4.9417610E+01   8.8419245E-01   9.7943360E-01   9.1075991E-01
   6.8115942E-01   0.0000000E+00   0.0000000E+00   0.0000000E+00   0.0000000E+00   0.0000000E+00   0.0000000E+00
   6.9565217E-01   1.5786181E+01   0.0000000E+00   1.5786181E+01   9.5206910E-01   0.0000000E+00   9.5206910E-01
   7.1014493E-01   0.0000000E+00   1.5464014E+01   1.5464014E+01   0.0000000E+00   8.1596661E-01   8.1596661E-01
   7.2463768E-01   1.5154734E+01   0.0000000E+00   1.5154734E+01   9.6411130E-01   0.0000000E+00   9.6411130E-01
   7.3913043E-01   0.0000000E+00   0.0000000E+00   0.0000000E+00   0.0000000E+00   0.0000000E+00   0.0000000E+00
   7.5362319E-01   0.0000000E+00   0.0000000E+00   0.0000000E+00   0.0000000E+00   0.0000000E+00   0.0000000E+00
   7.6811594E-01   0.0000000E+00   0.0000000E+00   0.0000000E+00   0.0000000E+00   0.0000000E+00   0.0000000E+00
   7.8260870E-01   0.0000000E+00   0.0000000E+00   0.0000000E+00   0.0000000E+00   0.0000000E+00   0.0000000E+00
   7.9710145E-01   0.0000000E+00   0.0000000E+00   0.0000000E+00   0.0000000E+00   0.0000000E+00   0.0000000E+00
   8.1159420E-01   0.0000000E+00   0.0000000E+00   0.0000000E+00   0.0000000E+00   0.0000000E+00   0.0000000E+00
   8.2608696E-01   0.0000000E+00   0.0000000E+00   0.0000000E+00   0.0000000E+00   0.0000000E+00   0.0000000E+00
   8.4057971E-01   0.0000000E+00   0.0000000E+00   0.0000000E+00   0.0000000E+00   0.0000000E+00   0.0000000E+00
   8.5507246E-01   0.0000000E+00   0.0000000E+00   0.0000000E+00   0.0000000E+00   0.0000000E+00   0.0000000E+00
   8.6956522E-01   0.0000000E+00   0.0000000E+00   0.0000000E+00   0.0000000E+00   0.0000000E+00   0.0000000E+00
   8.8405797E-01   0.0000000E+00   0.0000000E+00   0.0000000E+00   0.0000000E+00   0.0000000E+00   0.0000000E+00
   8.9855072E-01   0.0000000E+00   0.0000000E+00   0.0000000E+00   0.0000000E+00   0.0000000E+00   0.0000000E+00
   9.1304348E-01   0.0000000E+00   0.0000000E+00   0.0000000E+00   0.0000000E+00   0.0000000E+00   0.0000000E+00
   9.2753623E-01   0.0000000E+00   0.0000000E+00   0.0000000E+00   0.0000000E+00   0.0000000E+00   0.0000000E+00
   9.4202899E-01   0.0000000E+00   0.0000000E+00   0.0000000E+00   0.0000000E+00   0.0000000E+00   0.0000000E+00
   9.5652174E-01   0.0000000E+00   0.0000000E+00   0.0000000E+00   0.0000000E+00   0.0000000E+00   0.0000000E+00
   9.7101449E-01   0.0000000E+00   0.0000000E+00   0.0000000E+00   0.0000000E+00   0.0000000E+00   0.0000000E+00
   9.8550725E-01   0.0000000E+00   0.0000000E+00   0.0000000E+00   0.0000000E+00   0.0000000E+00   0.0000000E+00
   1.0000000E+00   0.0000000E+00   0.0000000E+00   0.0000000E+00   0.0000000E+00   0.0000000E+00   0.0000000E+00
