   0.0000000E+00   2.9430493E+07   1.4433368E+07   4.3863861E+07   1.2046152E-03   1.1989746E-04   8.4677668E-04
   1.4492754E-02   2.8781870E+07   1.4509142E+07   4.3291012E+07   4.3921626E-04   3.9253774E-04   4.0672218E-04
   2.8985507E-02   2.9392985E+07   1.4722445E+07   4.4113914E+07   2.5444470E-04   2.6444190E-05   1.6508197E-04
   4.3478261E-02   2.9732325E+07   1.4869825E+07   4.4601897E+07   2.0291216E-04   2.4072482E-04   8.0099769E-05
   5.7971014E-02   3.0418960E+07   1.5353071E+07   4.5772221E+07   6.4475159E-05   2.8378205E-04   1.1615847E-04
   7.2463768E-02   3.1735376E+07   1.6000368E+07   4.7735138E+07   4.8754959E-05   2.6877662E-04   1.0041386E-04
   8.6956522E-02   3.3340667E+07   1.6812030E+07   5.0152065E+07   7.9448924E-05   1.1494803E-04   7.1255269E-05
   1.0144928E-01   3.5719491E+07   1.7894385E+07   5.3612360E+07   8.7819869E-05   1.0489901E-04   6.2731464E-05
   1.1594203E-01   3.8759084E+07   1.9455363E+07   5.8212079E+07   7.6482860E-05   3.2269022E-05   5.7135824E-05
   1.3043478E-01   4.1798860E+07   2.1050851E+07   6.2847691E+07   4.2383958E-05   1.3502882E-04   7.3648890E-05
   1.4492754E-01   4.4549764E+07   2.2383617E+07   6.6929290E+07   4.6471359E-05   6.6897436E-05   1.4845959E-05
   1.5942029E-01   4.6064397E+07   2.3081762E+07   6.9143335E+07   5.4003976E-05   1.1106366E-04   4.3521561E-05
   1.7391304E-01   4.5275398E+07   2.2793161E+07   6.8063066E+07   4.2867318E-05   4.8424486E-05   1.7098137E-05
   1.8840580E-01   4.1689740E+07   2.0937897E+07   6.2620350E+07   1.0210560E-04   4.9106641E-05   5.7069924E-05
   2.0289855E-01   3.4902759E+07   1.7545934E+07   5.2445013E+07   2.5519862E-05   8.1451281E-06   1.6302898E-05
   2.1739130E-01   2.5223589E+07   1.2657486E+07   3.7878802E+07   3.1927870E-04   8.4095572E-05   2.4017259E-04
   2.3188406E-01   1.3676721E+07   6.8244607E+06   2.0500377E+07   9.5637012E-04   4.8358360E-04   7.9161335E-04
   2.4637681E-01   3.0286735E+06   1.5139579E+06   4.5424531E+06   4.6081745E-03   4.4472599E-03   4.5246051E-03
   2.6086957E-01   1.1231762E+06   5.4195012E+05   1.6651264E+06   1.5576938E-02   1.1548518E-02   1.4173547E-02
   2.7536232E-01   9.2667208E+05   4.5185035E+05   1.3784826E+06   1.8391705E-02   1.9881093E-02   1.8846726E-02
   2.8985507E-01   7.9948798E+05   3.7591317E+05   1.1753633E+06   1.9731059E-02   2.2217721E-02   2.0509063E-02
   3.0434783E-01   7.1512302E+05   3.4292997E+05   1.0580530E+06   2.5378410E-02   2.3240603E-02   2.4657076E-02
   3.1884058E-01   6.4827818E+05   3.1301414E+05   9.6129231E+05   2.2834072E-02   2.5321466E-02   2.3622310E-02
   3.3333333E-01   6.0118170E+05   2.8639152E+05   8.8757322E+05   2.8208339E-02   2.6360114E-02   2.7605095E-02
   3.4782609E-01   5.5712590E+05   2.6748105E+05   8.2460695E+05   3.2741937E-02   3.2371628E-02   3.2588597E-02
   3.6231884E-01   5.2359605E+05   2.4520359E+05   7.6876933E+05   4.0794417E-02   3.4465404E-02   3.8744652E-02
   3.7681159E-01   4.7119564E+05   2.2122997E+05   6.9242561E+05   4.3430836E-02   3.7778602E-02   4.1615325E-02
   3.9130435E-01   4.2626898E+05   1.9799379E+05   6.2426277E+05   4.3833242E-02   4.0625423E-02   4.2813626E-02
   4.0579710E-01   3.8644571E+05   1.8131556E+05   5.6776127E+05   4.3446382E-02   4.0579900E-02   4.2506120E-02
   4.2028986E-01   3.4382955E+05   1.6160694E+05   5.0543650E+05   4.5565046E-02   4.0575048E-02   4.3965524E-02
   4.3478261E-01   3.1590042E+05   1.4619266E+05   4.6209309E+05   4.6381720E-02   4.1033992E-02   4.4682375E-02
   4.4927536E-01   2.8483566E+05   1.3380163E+05   4.1863730E+05   4.4814407E-02   3.5807553E-02   4.1934125E-02
   4.6376812E-01   2.5817510E+05   1.2237447E+05   3.8054957E+05   3.8795615E-02   4.0995014E-02   3.9502773E-02
   4.7826087E-01   2.3786043E+05   1.1258130E+05   3.5044174E+05   4.0917582E-02   4.1150923E-02   4.0966685E-02
   4.9275362E-01   2.1769329E+05   1.0271789E+05   3.2041119E+05   4.0314287E-02   3.8745571E-02   3.9803065E-02
   5.0724638E-01   1.9439193E+05   8.9066535E+04   2.8345847E+05   4.0445792E-02   3.9359236E-02   4.0096464E-02
   5.2173913E-01   1.8032028E+05   8.4403447E+04   2.6472373E+05   3.9830488E-02   3.6007030E-02   3.8552270E-02
   5.3623188E-01   1.6078353E+05   7.6039900E+04   2.3682343E+05   3.8122616E-02   3.8461812E-02   3.8163330E-02
   5.5072464E-01   1.4797800E+05   6.8834396E+04   2.1681239E+05   3.7324550E-02   3.4018377E-02   3.6213097E-02
   5.6521739E-01   1.3320622E+05   6.0852084E+04   1.9405831E+05   3.0548774E-02   3.6148890E-02   3.2300397E-02
   5.7971014E-01   1.1851002E+05   5.4632815E+04   1.7314283E+05   2.9759855E-02   3.2593752E-02   3.0652721E-02
   5.9420290E-01   1.0314460E+05   4.8679962E+04   1.5182456E+05   3.1963612E-02   2.4953661E-02   2.9706807E-02
   6.0869565E-01   8.9773756E+04   4.3515735E+04   1.3328949E+05   2.8873602E-02   2.1999379E-02   2.6629325E-02
   6.2318841E-01   7.6901463E+04   3.6283252E+04   1.1318471E+05   2.2254869E-02   2.7144821E-02   2.3821667E-02
   6.3768116E-01   6.8730162E+04   3.2479350E+04   1.0120951E+05   2.3026575E-02   2.2748636E-02   2.2856787E-02
   6.5217391E-01   5.8211016E+04   2.7648970E+04   8.5859986E+04   2.1160489E-02   2.6660825E-02   2.2392888E-02
   6.6666667E-01   4.8248060E+04   2.2501485E+04   7.0749545E+04   1.5454592E-02   1.9346883E-02   1.6624353E-02
   6.8115942E-01   4.1320832E+04   1.8798319E+04   6.0119151E+04   1.5912684E-02   7.4902640E-03   1.3163782E-02
   6.9565217E-01   3.5787272E+04   1.6307125E+04   5.2094397E+04   1.9859158E-02   7.4400515E-03   1.5965454E-02
   7.1014493E-01   3.0000187E+04   1.3685652E+04   4.3685839E+04   1.5170879E-02   1.4077108E-02   1.4827306E-02
   7.2463768E-01   2.4520359E+04   1.1290277E+04   3.5810636E+04   1.5312210E-02   7.9079134E-03   1.1479395E-02
   7.3913043E-01   2.0414318E+04   9.8802921E+03   3.0294610E+04   1.5925168E-02   4.8719335E-03   1.2292225E-02
   7.5362319E-01   1.7719381E+04   8.5391096E+03   2.6258490E+04   2.0231159E-02   1.2143768E-02   1.7069132E-02
   7.6811594E-01   1.4840201E+04   6.5765825E+03   2.1416784E+04   1.6481002E-02   1.3824171E-02   1.5663857E-02
   7.8260870E-01   1.2320237E+04   5.7672181E+03   1.8087455E+04   1.6838181E-02   1.6621283E-02   1.5618644E-02
   7.9710145E-01   1.0814969E+04   4.4913120E+03   1.5306281E+04   1.8892361E-02   2.1561477E-02   1.9667768E-02
   8.1159420E-01   8.6057238E+03   4.6817302E+03   1.3287454E+04   2.2775591E-02   2.4713693E-02   2.3368268E-02
   8.2608696E-01   8.3483972E+03   3.9482069E+03   1.2296604E+04   3.4729759E-02   2.5164670E-02   3.1041032E-02
   8.4057971E-01   6.7281792E+03   3.2922352E+03   1.0020414E+04   2.7650538E-02   3.2019682E-02   2.6570336E-02
   8.5507246E-01   6.0875795E+03   2.7740868E+03   8.8616663E+03   5.2757899E-02   5.2489157E-02   5.2668483E-02
   8.6956522E-01   5.4178173E+03   2.2858390E+03   7.7036563E+03   6.4893268E-02   6.5839058E-02   6.5120180E-02
   8.8405797E-01   4.0743874E+03   1.9999280E+03   6.0743154E+03   9.3575464E-02   8.8076767E-02   9.1102048E-02
   8.9855072E-01   3.2387132E+03   1.6254674E+03   4.8641806E+03   9.6703436E-02   6.8277200E-02   8.7062591E-02
   9.1304348E-01   2.3333479E+03   1.1185637E+03   3.4519116E+03   1.5242133E-01   1.2119959E-01   1.4227375E-01
   9.2753623E-01   1.4917941E+03   6.0382142E+02   2.0956155E+03   1.5840543E-01   1.6217172E-01   1.5921669E-01
   9.4202899E-01   7.1110673E+02   3.2640965E+02   1.0375164E+03   2.0909219E-01   1.6743115E-01   1.9564193E-01
   9.5652174E-01   1.2628945E+02   1.1480859E+01   1.3777031E+02   2.3349612E-01   4.4491258E-05   2.1404092E-01
   9.7101449E-01   0.0000000E+00   0.0000000E+00   0.0000000E+00   0.0000000E+00   0.0000000E+00   0.0000000E+00
   9.8550725E-01   0.0000000E+00   0.0000000E+00   0.0000000E+00   0.0000000E+00   0.0000000E+00   0.0000000E+00
   1.0000000E+00   0.0000000E+00   0.0000000E+00   0.0000000E+00   0.0000000E+00   0.0000000E+00   0.0000000E+00
