   0.0000000E+00   2.3235238E+07   1.1990425E+07   3.5225663E+07   5.0985847E-04   3.8557116E-04   4.6446214E-04
   1.4492754E-02   2.3139763E+07   1.2322314E+07   3.5461319E+07   1.2756365E-04   2.1684800E-04   1.0142019E-04
   2.8985507E-02   2.3393226E+07   1.2488637E+07   3.5881484E+07   1.6485635E-04   2.7264201E-04   1.8978241E-04
   4.3478261E-02   2.3909371E+07   1.2602171E+07   3.6512552E+07   4.4547393E-04   1.0168728E-04   3.1559142E-04
   5.7971014E-02   2.4462771E+07   1.2901414E+07   3.7364564E+07   1.6598649E-04   4.3132718E-04   2.3190380E-04
   7.2463768E-02   2.5256425E+07   1.3321162E+07   3.8578193E+07   1.0717238E-04   1.6958631E-04   1.0785454E-04
   8.6956522E-02   2.6329582E+07   1.4031136E+07   4.0360844E+07   1.5688037E-04   2.5978087E-04   1.2748481E-04
   1.0144928E-01   2.8197763E+07   1.4847742E+07   4.3044315E+07   1.0069843E-04   8.5607289E-05   6.8467610E-05
   1.1594203E-01   3.0141345E+07   1.5999326E+07   4.6140576E+07   1.1338153E-04   6.3876935E-05   7.2022550E-05
   1.3043478E-01   3.2255588E+07   1.7125607E+07   4.9379342E+07   8.0529622E-05   1.4050127E-04   4.5520964E-05
   1.4492754E-01   3.4117776E+07   1.8104981E+07   5.2218287E+07   7.5418887E-05   3.5044421E-05   3.8051297E-05
   1.5942029E-01   3.5148167E+07   1.8673043E+07   5.3817766E+07   1.0288541E-04   1.0750165E-04   1.0315774E-04
   1.7391304E-01   3.4543574E+07   1.8285449E+07   5.2824666E+07   1.9618611E-05   1.4366900E-04   5.7081501E-05
   1.8840580E-01   3.1943847E+07   1.6967415E+07   4.8906132E+07   3.8447032E-05   1.1083395E-04   1.6594167E-05
   2.0289855E-01   2.6953560E+07   1.4317543E+07   4.1268613E+07   7.6604464E-05   2.4544251E-04   1.2795092E-04
   2.1739130E-01   2.0146804E+07   1.0592805E+07   3.0737791E+07   1.5358175E-04   1.1437675E-04   1.2882414E-04
   2.3188406E-01   1.1958364E+07   6.2114518E+06   1.8167968E+07   1.9182373E-04   7.6338751E-05   1.4378123E-04
   2.4637681E-01   4.4009347E+06   2.1411410E+06   6.5421202E+06   3.8391526E-04   8.6734407E-04   5.2962963E-04
   2.6086957E-01   2.8248845E+06   1.2958560E+06   4.1206563E+06   7.2424684E-04   6.4295852E-04   6.9480653E-04
   2.7536232E-01   2.5241804E+06   1.1415104E+06   3.6656509E+06   1.1823949E-03   1.1765794E-03   9.1744428E-04
   2.8985507E-01   2.3485670E+06   1.0480635E+06   3.3965168E+06   1.2450505E-03   1.2690381E-03   1.2377492E-03
   3.0434783E-01   2.2089468E+06   9.7816589E+05   3.1871487E+06   1.7339020E-03   2.3010672E-03   1.8920750E-03
   3.1884058E-01   2.0832248E+06   9.1631031E+05   2.9995351E+06   2.0744615E-03   1.1066737E-03   1.7674842E-03
   3.3333333E-01   1.9876422E+06   8.5703313E+05   2.8446094E+06   2.2407736E-03   2.6894557E-03   2.3712368E-03
   3.4782609E-01   1.8758719E+06   8.1428278E+05   2.6901862E+06   1.7131246E-03   2.1634444E-03   1.8431763E-03
   3.6231884E-01   1.7625865E+06   7.6476848E+05   2.5273549E+06   2.1634988E-03   2.2402895E-03   2.1769366E-03
   3.7681159E-01   1.6718294E+06   7.2165676E+05   2.3933405E+06   2.5630173E-03   2.3570422E-03   2.4324985E-03
   3.9130435E-01   1.5810597E+06   6.8123334E+05   2.2622088E+06   1.8616702E-03   2.7487397E-03   2.1306929E-03
   4.0579710E-01   1.5247286E+06   6.4053106E+05   2.1652326E+06   1.6358205E-03   2.6330599E-03   1.9220630E-03
   4.2028986E-01   1.4522154E+06   6.2066473E+05   2.0729063E+06   1.8182962E-03   4.0204721E-03   2.4430613E-03
   4.3478261E-01   1.3984788E+06   5.9398979E+05   1.9924434E+06   2.1062499E-03   2.1641582E-03   2.1051162E-03
   4.4927536E-01   1.3554443E+06   5.7248229E+05   1.9278777E+06   2.7873622E-03   1.7874681E-03   2.4773043E-03
   4.6376812E-01   1.2840322E+06   5.3643021E+05   1.8204624E+06   1.5432774E-03   2.1550452E-03   1.6977292E-03
   4.7826087E-01   1.2326998E+06   5.1691419E+05   1.7495910E+06   2.1353767E-03   2.1690479E-03   2.1446815E-03
   4.9275362E-01   1.1767651E+06   4.9633981E+05   1.6731049E+06   1.6990799E-03   2.5873038E-03   1.7820864E-03
   5.0724638E-01   1.1168389E+06   4.6838952E+05   1.5851851E+06   2.0355930E-03   1.7269375E-03   1.9225478E-03
   5.2173913E-01   1.0594843E+06   4.4188678E+05   1.5013290E+06   1.0876345E-03   1.9544668E-03   1.3276989E-03
   5.3623188E-01   1.0078922E+06   4.1730812E+05   1.4252413E+06   1.8309525E-03   2.8088410E-03   2.0720402E-03
   5.5072464E-01   9.5070031E+05   3.9340492E+05   1.3441052E+06   1.5839547E-03   2.0930253E-03   1.6180671E-03
   5.6521739E-01   8.8565818E+05   3.6029408E+05   1.2459523E+06   1.4402772E-03   2.3424967E-03   1.6612001E-03
   5.7971014E-01   8.2888816E+05   3.3340414E+05   1.1622544E+06   1.9387149E-03   3.2255586E-03   2.1822341E-03
   5.9420290E-01   7.7290990E+05   3.1192877E+05   1.0848202E+06   1.9822316E-03   1.9760848E-03   1.8940520E-03
   6.0869565E-01   7.1115392E+05   2.9082656E+05   1.0019985E+06   1.9442077E-03   3.0210880E-03   2.2518135E-03
   6.2318841E-01   6.5228793E+05   2.6485540E+05   9.1714334E+05   3.3234047E-03   2.1027806E-03   2.9652275E-03
   6.3768116E-01   5.9163736E+05   2.3959978E+05   8.3123714E+05   1.5917660E-03   3.4537780E-03   2.1239016E-03
   6.5217391E-01   5.3708376E+05   2.1834604E+05   7.5541296E+05   2.9842113E-03   2.5118901E-03   2.8476358E-03
   6.6666667E-01   4.9234765E+05   1.9613849E+05   6.8848614E+05   2.3292387E-03   2.6644889E-03   2.4200101E-03
   6.8115942E-01   4.3947115E+05   1.7418270E+05   6.1365386E+05   3.4379845E-03   2.5515687E-03   3.1440147E-03
   6.9565217E-01   3.9479660E+05   1.5729351E+05   5.5210589E+05   4.9932574E-03   3.6471082E-03   4.5799911E-03
   7.1014493E-01   3.5489912E+05   1.4171222E+05   4.9661134E+05   4.5892668E-03   4.5769983E-03   4.5560087E-03
   7.2463768E-01   3.1144493E+05   1.2143488E+05   4.3287981E+05   4.6628736E-03   7.5623328E-03   5.4239282E-03
   7.3913043E-01   2.7785164E+05   1.0926266E+05   3.8711430E+05   8.0061430E-03   7.5309114E-03   7.8682812E-03
   7.5362319E-01   2.4195115E+05   9.3303615E+04   3.3526934E+05   9.4801337E-03   8.7455822E-03   9.2532655E-03
   7.6811594E-01   2.1076517E+05   8.0420167E+04   2.9118534E+05   1.2193724E-02   1.1062547E-02   1.1880872E-02
   7.8260870E-01   1.8109907E+05   7.0048547E+04   2.5114761E+05   1.9182624E-02   1.6799979E-02   1.8505955E-02
   7.9710145E-01   1.5610753E+05   6.0508718E+04   2.1660248E+05   2.6133963E-02   2.3523227E-02   2.5295455E-02
   8.1159420E-01   1.3257686E+05   5.1756122E+04   1.8433298E+05   3.5150551E-02   3.1339905E-02   3.4024104E-02
   8.2608696E-01   1.0770496E+05   4.0492385E+04   1.4819734E+05   5.2381120E-02   4.6975334E-02   5.0858832E-02
   8.4057971E-01   8.3612324E+04   3.2726386E+04   1.1633871E+05   7.8506797E-02   7.1496830E-02   7.6534409E-02
   8.5507246E-01   6.4407618E+04   2.4157673E+04   8.8565291E+04   1.0013919E-01   8.4726268E-02   9.5934815E-02
   8.6956522E-01   4.6436630E+04   1.7743667E+04   6.4180297E+04   1.2215431E-01   1.0560828E-01   1.1757990E-01
   8.8405797E-01   3.2383927E+04   1.2272850E+04   4.4656777E+04   1.4613290E-01   1.3635367E-01   1.4342432E-01
   8.9855072E-01   2.0410004E+04   7.8829058E+03   2.8292910E+04   1.5976295E-01   1.4658235E-01   1.5608885E-01
   9.1304348E-01   1.2111759E+04   4.8230541E+03   1.6934814E+04   1.8031360E-01   1.6958319E-01   1.7725708E-01
   9.2753623E-01   6.5828374E+03   2.2376911E+03   8.8205286E+03   1.8556524E-01   1.8374626E-01   1.8510279E-01
   9.4202899E-01   2.6229347E+03   8.9762653E+02   3.5205612E+03   2.0713738E-01   1.3628315E-01   1.8904463E-01
   9.5652174E-01   2.7554061E+02   1.4925117E+02   4.2479178E+02   2.2211560E-01   2.2482491E-01   2.2209887E-01
   9.7101449E-01   0.0000000E+00   0.0000000E+00   0.0000000E+00   0.0000000E+00   0.0000000E+00   0.0000000E+00
   9.8550725E-01   0.0000000E+00   0.0000000E+00   0.0000000E+00   0.0000000E+00   0.0000000E+00   0.0000000E+00
   1.0000000E+00   0.0000000E+00   0.0000000E+00   0.0000000E+00   0.0000000E+00   0.0000000E+00   0.0000000E+00
