   0.0000000E+00   3.1127823E+07   1.5985213E+07   4.7113036E+07   4.0127922E-03   1.0639732E-04   2.6763116E-03
   1.4492754E-02   3.0554216E+07   1.5840485E+07   4.6393944E+07   1.2917920E-03   1.5301967E-05   8.5408646E-04
   2.8985507E-02   3.0935358E+07   1.6156840E+07   4.7089546E+07   8.4957071E-04   1.5371570E-05   5.5823581E-04
   4.3478261E-02   3.1522099E+07   1.6433035E+07   4.7952356E+07   6.1944836E-04   2.9149233E-05   3.9807074E-04
   5.7971014E-02   3.2118185E+07   1.6713398E+07   4.8830067E+07   3.1774374E-04   7.1583912E-06   2.0917611E-04
   7.2463768E-02   3.3282068E+07   1.7316102E+07   5.0594381E+07   9.9817090E-04   2.2313588E-05   6.4928193E-04
   8.6956522E-02   3.4874199E+07   1.7999151E+07   5.2867162E+07   9.6642887E-04   1.3593622E-05   6.3943206E-04
   1.0144928E-01   3.6463372E+07   1.8968206E+07   5.5424109E+07   2.0200984E-03   2.8776526E-05   1.3184390E-03
   1.1594203E-01   3.8549191E+07   1.9927906E+07   5.8469236E+07   2.2340002E-03   4.7156622E-05   1.4527222E-03
   1.3043478E-01   4.0506246E+07   2.0956218E+07   6.1449835E+07   2.4537372E-03   3.8122015E-05   1.6053652E-03
   1.4492754E-01   4.2186005E+07   2.1606331E+07   6.3775135E+07   1.7826671E-03   4.0689013E-05   1.1716202E-03
   1.5942029E-01   4.3113564E+07   2.1869452E+07   6.4965726E+07   8.6609267E-04   7.3419504E-05   5.5117746E-04
   1.7391304E-01   4.2284612E+07   2.1299284E+07   6.3567541E+07   1.1017127E-03   8.8592063E-05   7.0272441E-04
   1.8840580E-01   3.9110812E+07   1.9649161E+07   5.8743303E+07   4.4058395E-04   1.0440037E-04   2.6767387E-04
   2.0289855E-01   3.3125379E+07   1.6695375E+07   4.9808360E+07   3.8708565E-04   1.3593071E-04   2.1687141E-04
   2.1739130E-01   2.4943429E+07   1.2612072E+07   3.7547924E+07   7.7967589E-04   2.3414443E-04   6.0276002E-04
   2.3188406E-01   1.5422309E+07   7.8807930E+06   2.3299787E+07   2.2905577E-03   4.2444729E-04   1.6589617E-03
   2.4637681E-01   6.6000648E+06   3.4687848E+06   1.0068226E+07   9.9072083E-03   1.1977250E-03   6.9132596E-03
   2.6086957E-01   2.9526473E+06   1.5832487E+06   4.5356855E+06   1.2647308E-02   3.2373497E-03   9.3575035E-03
   2.7536232E-01   1.9161167E+06   9.8784935E+05   2.9039261E+06   7.1209526E-03   5.4313789E-03   6.5412360E-03
   2.8985507E-01   1.3879463E+06   6.9927730E+05   2.0871857E+06   6.0747976E-03   9.4015200E-03   7.1815626E-03
   3.0434783E-01   1.0279239E+06   5.1085886E+05   1.5387828E+06   7.7182224E-03   1.3814546E-02   9.7354776E-03
   3.1884058E-01   7.7630123E+05   3.7762841E+05   1.1539296E+06   1.0378234E-02   2.1533767E-02   1.4026756E-02
   3.3333333E-01   5.9686589E+05   2.7716690E+05   8.7403279E+05   1.4427210E-02   3.3335740E-02   2.0419877E-02
   3.4782609E-01   4.7087020E+05   2.0919847E+05   6.8010025E+05   1.7457690E-02   4.9551770E-02   2.7278723E-02
   3.6231884E-01   3.9159832E+05   1.5600283E+05   5.4760115E+05   1.9481387E-02   7.1014281E-02   3.4160967E-02
   3.7681159E-01   3.1521846E+05   1.1654573E+05   4.3176419E+05   1.8063015E-02   9.0099631E-02   3.7503618E-02
   3.9130435E-01   2.5353308E+05   8.5764567E+04   3.3929765E+05   1.8991203E-02   1.0713020E-01   4.1236036E-02
   4.0579710E-01   2.0637500E+05   6.3595757E+04   2.6997076E+05   1.0059256E-02   1.3339705E-01   3.9098967E-02
   4.2028986E-01   1.7629136E+05   4.8077086E+04   2.2436845E+05   4.1530479E-03   1.5057646E-01   3.5528236E-02
   4.3478261E-01   1.5091589E+05   3.7836318E+04   1.8875221E+05   4.2946965E-04   1.7242533E-01   3.4453215E-02
   4.4927536E-01   1.3189507E+05   2.9918377E+04   1.6181345E+05   5.8888728E-03   2.1158317E-01   3.4389690E-02
   4.6376812E-01   1.1624154E+05   2.4081819E+04   1.4029968E+05   1.0712230E-02   2.2650715E-01   3.0101318E-02
   4.7826087E-01   1.0677199E+05   1.9563383E+04   1.2633537E+05   1.3976403E-02   2.3790630E-01   2.5028392E-02
   4.9275362E-01   9.8171473E+04   1.4931870E+04   1.1310334E+05   1.6715667E-02   2.8595334E-01   2.3269514E-02
   5.0724638E-01   8.9326330E+04   1.1907291E+04   1.0123362E+05   1.9799384E-02   3.0825196E-01   1.8796802E-02
   5.2173913E-01   8.6992381E+04   1.0334686E+04   9.7327067E+04   1.9823908E-02   3.1907000E-01   1.6162978E-02
   5.3623188E-01   7.9644269E+04   7.2087382E+03   8.6853007E+04   1.9321623E-02   3.3048453E-01   9.7364437E-03
   5.5072464E-01   7.7149559E+04   6.2214170E+03   8.3370976E+04   2.1972081E-02   3.5583421E-01   6.2303563E-03
   5.6521739E-01   7.3927900E+04   5.4401608E+03   7.9368060E+04   2.0010421E-02   3.8476886E-01   7.8027954E-03
   5.7971014E-01   7.1416682E+04   3.9023439E+03   7.5319026E+04   1.6266841E-02   3.8868822E-01   4.7612423E-03
   5.9420290E-01   6.8436560E+04   3.1048723E+03   7.1541432E+04   1.5645999E-02   4.1386764E-01   2.9983893E-03
   6.0869565E-01   6.9368989E+04   2.2010447E+03   7.1570034E+04   1.3417336E-02   4.2553871E-01   2.4095404E-04
   6.2318841E-01   6.6786559E+04   1.6212041E+03   6.8407763E+04   1.1095711E-02   4.4243194E-01   6.1177756E-04
   6.3768116E-01   6.3598218E+04   1.1710476E+03   6.4769265E+04   9.3550910E-03   4.5268215E-01   1.4355937E-03
   6.5217391E-01   6.5013807E+04   8.4192965E+02   6.5855737E+04   7.6059463E-03   4.5740025E-01   1.9654718E-03
   6.6666667E-01   6.4984157E+04   4.7770356E+02   6.5461860E+04   5.6234837E-03   5.1534693E-01   1.8254199E-03
   6.8115942E-01   6.2585826E+04   3.0631909E+02   6.2892145E+04   3.0610719E-03   5.0829081E-01   6.3871581E-04
   6.9565217E-01   6.3302585E+04   1.5786181E+02   6.3460447E+04   2.3201445E-03   4.9005008E-01   1.0992566E-03
   7.1014493E-01   6.2892145E+04   7.7320070E+01   6.2969465E+04   1.7235167E-03   4.3537706E-01   1.1947352E-03
   7.2463768E-01   6.2392039E+04   9.0928402E+01   6.2482967E+04   8.0299429E-04   6.0388957E-01   1.1916797E-04
   7.3913043E-01   6.2996148E+04   4.4572746E+01   6.3040721E+04   9.7200585E-04   6.3179761E-01   5.2586277E-04
   7.5362319E-01   6.2163552E+04   1.4571859E+01   6.2178124E+04   6.4888753E-04   5.3242498E-01   5.2753246E-04
   7.6811594E-01   6.0275809E+04   0.0000000E+00   6.0275809E+04   2.9756149E-04   0.0000000E+00   2.9756149E-04
   7.8260870E-01   5.8822818E+04   1.4032161E+01   5.8836850E+04   4.8557307E-04   7.0886417E-01   3.1860731E-04
   7.9710145E-01   5.6747589E+04   0.0000000E+00   5.6747589E+04   3.7810998E-04   0.0000000E+00   3.7810998E-04
   8.1159420E-01   5.4069925E+04   0.0000000E+00   5.4069925E+04   8.5835182E-07   0.0000000E+00   8.5835182E-07
   8.2608696E-01   4.9944153E+04   0.0000000E+00   4.9944153E+04   1.2910363E-04   0.0000000E+00   1.2910363E-04
   8.4057971E-01   4.4902431E+04   0.0000000E+00   4.4902431E+04   7.7815753E-05   0.0000000E+00   7.7815753E-05
   8.5507246E-01   3.8811530E+04   0.0000000E+00   3.8811530E+04   1.3147851E-04   0.0000000E+00   1.3147851E-04
   8.6956522E-01   3.1875457E+04   0.0000000E+00   3.1875457E+04   9.7010818E-05   0.0000000E+00   9.7010818E-05
   8.8405797E-01   2.5850001E+04   0.0000000E+00   2.5850001E+04   2.4970851E-05   0.0000000E+00   2.4970851E-05
   8.9855072E-01   1.9750040E+04   0.0000000E+00   1.9750040E+04   7.3312876E-06   0.0000000E+00   7.3312876E-06
   9.1304348E-01   1.4132391E+04   0.0000000E+00   1.4132391E+04   3.4400378E-04   0.0000000E+00   3.4400378E-04
   9.2753623E-01   9.7321805E+03   0.0000000E+00   9.7321805E+03   6.6546162E-04   0.0000000E+00   6.6546162E-04
   9.4202899E-01   3.9868607E+03   0.0000000E+00   3.9868607E+03   1.5835821E-05   0.0000000E+00   1.5835821E-05
   9.5652174E-01   4.7071521E+02   0.0000000E+00   4.7071521E+02   1.1628067E-05   0.0000000E+00   1.1628067E-05
   9.7101449E-01   0.0000000E+00   0.0000000E+00   0.0000000E+00   0.0000000E+00   0.0000000E+00   0.0000000E+00
   9.8550725E-01   0.0000000E+00   0.0000000E+00   0.0000000E+00   0.0000000E+00   0.0000000E+00   0.0000000E+00
   1.0000000E+00   0.0000000E+00   0.0000000E+00   0.0000000E+00   0.0000000E+00   0.0000000E+00   0.0000000E+00
