   0.0000000E+00   8.5351460E+06   1.5379024E+07   2.3914170E+07   2.7350271E-03   4.3032722E-05   9.9265461E-04
   1.4492754E-02   8.8352097E+06   1.5566185E+07   2.4401394E+07   2.8824327E-03   5.8636542E-05   1.0190382E-03
   2.8985507E-02   8.7071522E+06   1.5872689E+07   2.4579841E+07   2.1855351E-04   9.7485988E-06   7.9135069E-05
   4.3478261E-02   8.6849253E+06   1.6054167E+07   2.4739092E+07   1.0924243E-03   5.6755374E-06   3.7983357E-04
   5.7971014E-02   8.5904608E+06   1.6408788E+07   2.4999249E+07   2.0430785E-04   2.0459925E-05   6.7510876E-05
   7.2463768E-02   8.4572507E+06   1.6921776E+07   2.5379026E+07   1.5001181E-04   1.0854142E-05   5.6246514E-05
   8.6956522E-02   8.2504896E+06   1.7578860E+07   2.5829349E+07   6.1692985E-04   1.6067248E-05   2.0773625E-04
   1.0144928E-01   8.0599369E+06   1.8620188E+07   2.6680125E+07   6.1358733E-04   2.6549371E-05   1.8660542E-04
   1.1594203E-01   7.7780723E+06   1.9626706E+07   2.7404779E+07   4.9573555E-04   1.8856655E-05   1.3662061E-04
   1.3043478E-01   7.4067077E+06   2.0570951E+07   2.7977659E+07   4.9187543E-05   1.5531852E-05   1.8321136E-05
   1.4492754E-01   6.9597357E+06   2.1240269E+07   2.8200004E+07   6.5632918E-04   3.9498724E-05   1.8051572E-04
   1.5942029E-01   6.4411062E+06   2.1490032E+07   2.7931139E+07   4.1712146E-04   2.8645620E-05   9.8087440E-05
   1.7391304E-01   5.9865618E+06   2.0818752E+07   2.6805314E+07   3.8483495E-04   3.6938440E-05   1.0788155E-04
   1.8840580E-01   5.4678862E+06   1.9134192E+07   2.4602078E+07   7.7512752E-04   3.9533019E-05   1.9359238E-04
   2.0289855E-01   5.0418175E+06   1.6206797E+07   2.1248614E+07   3.0216665E-04   7.4682820E-05   1.1900015E-04
   2.1739130E-01   4.6866014E+06   1.2286347E+07   1.6972948E+07   3.1580294E-04   1.2445731E-04   1.6168277E-04
   2.3188406E-01   4.5014295E+06   7.7740942E+06   1.2275524E+07   4.3685820E-04   2.4516764E-04   2.9443967E-04
   2.4637681E-01   4.3969677E+06   3.4920072E+06   7.8889749E+06   1.3831093E-04   6.3318056E-04   3.4973376E-04
   2.6086957E-01   4.3390107E+06   1.9126958E+06   6.2517065E+06   9.7438349E-05   1.3937847E-03   3.9175549E-04
   2.7536232E-01   4.3353306E+06   1.3937569E+06   5.7290875E+06   2.0123859E-04   2.1918507E-03   4.4904822E-04
   2.8985507E-01   4.3264870E+06   1.0757209E+06   5.4022079E+06   7.0626682E-05   3.0345677E-03   6.0972661E-04
   3.0434783E-01   4.3290218E+06   8.1691231E+05   5.1459342E+06   2.3100195E-04   4.4855099E-03   7.0376263E-04
   3.1884058E-01   4.3474109E+06   6.1676322E+05   4.9641741E+06   1.6742541E-04   6.7949202E-03   9.6584942E-04
   3.3333333E-01   4.3645962E+06   4.7141105E+05   4.8360073E+06   3.4561397E-04   8.9501964E-03   5.7234926E-04
   3.4782609E-01   4.4187730E+06   3.5512593E+05   4.7738990E+06   2.5659383E-04   1.3864242E-02   8.0499610E-04
   3.6231884E-01   4.4600684E+06   2.6693548E+05   4.7270039E+06   8.8401772E-05   2.1327882E-02   1.1443223E-03
   3.7681159E-01   4.4487886E+06   1.9835215E+05   4.6471408E+06   2.4123414E-04   2.7422311E-02   9.4046346E-04
   3.9130435E-01   4.4815354E+06   1.4860058E+05   4.6301360E+06   2.2850201E-04   3.5173605E-02   9.6525872E-04
   4.0579710E-01   4.5091557E+06   1.1379581E+05   4.6229515E+06   1.5226783E-04   3.6858572E-02   7.6016343E-04
   4.2028986E-01   4.5414295E+06   8.6617142E+04   4.6280466E+06   2.3663042E-04   4.8254714E-02   7.8631161E-04
   4.3478261E-01   4.5562454E+06   6.2841629E+04   4.6190871E+06   1.7417741E-04   5.9181747E-02   6.3802286E-04
   4.4927536E-01   4.5203637E+06   4.7688525E+04   4.5680523E+06   1.6054063E-04   6.5867322E-02   5.2897457E-04
   4.6376812E-01   4.4747193E+06   3.6655512E+04   4.5113748E+06   2.0589812E-04   7.3034868E-02   5.1482482E-04
   4.7826087E-01   4.3721177E+06   2.7921449E+04   4.4000392E+06   1.3438964E-04   7.9214087E-02   3.7796281E-04
   4.9275362E-01   4.2675061E+06   2.0347459E+04   4.2878536E+06   1.0678362E-04   9.5961814E-02   3.6577764E-04
   5.0724638E-01   4.1613600E+06   1.4375347E+04   4.1757353E+06   1.4889979E-04   1.0754847E-01   2.2220804E-04
   5.2173913E-01   4.0048489E+06   1.1765967E+04   4.0166148E+06   1.3411016E-04   1.4250343E-01   2.8497305E-04
   5.3623188E-01   3.8704166E+06   8.0279130E+03   3.8784445E+06   4.6492643E-05   1.5460412E-01   2.7919749E-04
   5.5072464E-01   3.6765185E+06   6.4407618E+03   3.6829592E+06   3.1743368E-05   1.9915699E-01   3.1993104E-04
   5.6521739E-01   3.4939433E+06   4.6241367E+03   3.4985674E+06   7.4470992E-05   2.1119032E-01   2.0502558E-04
   5.7971014E-01   3.3077479E+06   3.4098151E+03   3.3111578E+06   2.2101352E-05   2.5248795E-01   2.4826131E-04
   5.9420290E-01   3.1195465E+06   2.1438404E+03   3.1216903E+06   7.7516258E-05   2.4976039E-01   1.0012553E-04
   6.0869565E-01   2.9295183E+06   1.7860936E+03   2.9313044E+06   2.4505651E-05   2.2881838E-01   1.4640222E-04
   6.2318841E-01   2.7231118E+06   1.2863902E+03   2.7243982E+06   3.6963626E-05   2.6870220E-01   1.1892163E-04
   6.3768116E-01   2.5230737E+06   8.0940055E+02   2.5238831E+06   4.5287090E-05   2.6098407E-01   4.2213264E-05
   6.5217391E-01   2.3340816E+06   4.2096482E+02   2.3345025E+06   1.3960125E-05   3.1539898E-01   6.7350866E-05
   6.6666667E-01   2.1310191E+06   4.1181342E+02   2.1314309E+06   5.8062577E-05   4.5305623E-01   8.6024862E-05
   6.8115942E-01   1.9365976E+06   2.2570880E+02   1.9368233E+06   1.2969768E-05   2.8784188E-01   2.7817129E-05
   6.9565217E-01   1.7546024E+06   9.4717086E+01   1.7546972E+06   1.6598192E-05   2.2799636E-01   2.8771477E-05
   7.1014493E-01   1.5656696E+06   1.7010415E+02   1.5658397E+06   3.5154824E-06   2.1782239E-01   2.2725850E-05
   7.2463768E-01   1.3865975E+06   9.0928402E+01   1.3866884E+06   8.4161220E-06   1.7412333E-01   1.2558514E-05
   7.3913043E-01   1.2189903E+06   4.4572746E+01   1.2190349E+06   1.6241853E-05   4.9091176E-01   1.8651704E-05
   7.5362319E-01   1.0379244E+06   1.4571859E+01   1.0379390E+06   1.6068657E-05   3.6103263E-06   1.6068440E-05
   7.6811594E-01   8.8752411E+05   0.0000000E+00   8.8752411E+05   7.6195325E-06   0.0000000E+00   7.6195325E-06
   7.8260870E-01   7.3667441E+05   0.0000000E+00   7.3667441E+05   1.7069985E-05   0.0000000E+00   1.7069985E-05
   7.9710145E-01   6.0646489E+05   0.0000000E+00   6.0646489E+05   1.2837141E-05   0.0000000E+00   1.2837141E-05
   8.1159420E-01   4.6668461E+05   0.0000000E+00   4.6668461E+05   5.8674512E-06   0.0000000E+00   5.8674512E-06
   8.2608696E-01   3.3414858E+05   0.0000000E+00   3.3414858E+05   1.7605914E-05   0.0000000E+00   1.7605914E-05
   8.4057971E-01   2.2120685E+05   1.3064426E+01   2.2121992E+05   7.4238119E-07   6.7468969E-06   7.4245208E-07
   8.5507246E-01   1.3387538E+05   0.0000000E+00   1.3387538E+05   4.6491122E-06   0.0000000E+00   4.6491122E-06
   8.6956522E-01   7.6468260E+04   0.0000000E+00   7.6468260E+04   9.7814221E-07   0.0000000E+00   9.7814221E-07
   8.8405797E-01   3.9650746E+04   0.0000000E+00   3.9650746E+04   4.1886094E-06   0.0000000E+00   4.1886094E-06
   8.9855072E-01   1.8332339E+04   0.0000000E+00   1.8332339E+04   5.0243410E-06   0.0000000E+00   5.0243410E-06
   9.1304348E-01   7.3488431E+03   0.0000000E+00   7.3488431E+03   1.4302367E-03   0.0000000E+00   1.4302367E-03
   9.2753623E-01   2.9362297E+03   0.0000000E+00   2.9362297E+03   1.4257475E-05   0.0000000E+00   1.4257475E-05
   9.4202899E-01   7.9270915E+02   0.0000000E+00   7.9270915E+02   3.6922502E-05   0.0000000E+00   3.6922502E-05
   9.5652174E-01   8.0366012E+01   0.0000000E+00   8.0366012E+01   2.4239259E-04   0.0000000E+00   2.4239259E-04
   9.7101449E-01   0.0000000E+00   0.0000000E+00   0.0000000E+00   0.0000000E+00   0.0000000E+00   0.0000000E+00
   9.8550725E-01   0.0000000E+00   0.0000000E+00   0.0000000E+00   0.0000000E+00   0.0000000E+00   0.0000000E+00
   1.0000000E+00   0.0000000E+00   0.0000000E+00   0.0000000E+00   0.0000000E+00   0.0000000E+00   0.0000000E+00
