   0.0000000E+00   2.0137610E+07   1.2111663E+07   3.2249273E+07   3.4402242E-04   3.8268864E-04   2.5212788E-04
   1.4492754E-02   2.0408122E+07   1.1977544E+07   3.2385666E+07   2.4650470E-04   1.3752471E-04   1.1306334E-04
   2.8985507E-02   2.0514584E+07   1.2154096E+07   3.2668681E+07   1.0792839E-04   3.2213184E-05   5.5829781E-05
   4.3478261E-02   2.0901409E+07   1.2305644E+07   3.3206547E+07   9.4380835E-05   5.3998567E-05   6.9750041E-05
   5.7971014E-02   2.1198631E+07   1.2459654E+07   3.3657148E+07   1.1919609E-04   7.8534884E-05   4.7203208E-05
   7.2463768E-02   2.1925566E+07   1.2927897E+07   3.4851644E+07   4.5322953E-05   9.2539137E-05   6.2049914E-05
   8.6956522E-02   2.2775292E+07   1.3484808E+07   3.6259342E+07   4.8988572E-05   7.9847781E-05   5.9468441E-05
   1.0144928E-01   2.4008887E+07   1.4240578E+07   3.8247084E+07   6.6666039E-05   1.0640805E-05   3.8363497E-05
   1.1594203E-01   2.5452849E+07   1.5232781E+07   4.0683451E+07   1.3566542E-04   7.7215254E-05   8.9668553E-05
   1.3043478E-01   2.6817227E+07   1.6160166E+07   4.2974615E+07   4.5305925E-05   2.7364506E-05   2.5339586E-05
   1.4492754E-01   2.8238118E+07   1.6961254E+07   4.5194371E+07   3.2064030E-05   4.4362475E-05   3.1405128E-05
   1.5942029E-01   2.8739368E+07   1.7339909E+07   4.6074248E+07   8.7713124E-05   2.2301128E-05   5.4732396E-05
   1.7391304E-01   2.8437605E+07   1.7100412E+07   4.5533218E+07   8.3055517E-05   4.1324679E-05   5.7720449E-05
   1.8840580E-01   2.6527137E+07   1.5880879E+07   4.2402595E+07   6.5393137E-05   5.4896036E-05   4.3558224E-05
   2.0289855E-01   2.3135054E+07   1.3670544E+07   3.6802675E+07   3.0274826E-05   9.8068899E-06   1.6114060E-05
   2.1739130E-01   1.8269436E+07   1.0492784E+07   2.8759795E+07   1.8208118E-04   4.1775637E-05   1.3033860E-04
   2.3188406E-01   1.2509949E+07   6.7547963E+06   1.9263324E+07   8.8892977E-05   1.4482596E-05   5.3223849E-05
   2.4637681E-01   7.0986110E+06   3.2653994E+06   1.0363743E+07   4.3823136E-05   4.7133259E-04   1.7835843E-04
   2.6086957E-01   5.6332671E+06   2.3298298E+06   7.9625497E+06   2.4640440E-04   8.1208692E-04   4.1152971E-04
   2.7536232E-01   5.0941840E+06   2.0243534E+06   7.1183379E+06   1.8279005E-04   3.8437848E-04   2.2964588E-04
   2.8985507E-01   4.6971718E+06   1.7938279E+06   6.4909240E+06   4.3376757E-04   5.2949397E-04   4.5364600E-04
   3.0434783E-01   4.3994914E+06   1.6586134E+06   6.0577440E+06   5.2490990E-04   6.7800936E-04   5.6375288E-04
   3.1884058E-01   4.0813420E+06   1.5242907E+06   5.6054604E+06   9.2861237E-04   7.6078909E-04   8.7772662E-04
   3.3333333E-01   3.8296012E+06   1.4019776E+06   5.2314470E+06   1.0233332E-03   1.0672934E-03   1.0349219E-03
   3.4782609E-01   3.5577947E+06   1.2824062E+06   4.8400746E+06   1.3852401E-03   9.3504934E-04   1.2655266E-03
   3.6231884E-01   3.2663907E+06   1.1736129E+06   4.4399429E+06   9.9090464E-04   1.8319142E-03   1.2058887E-03
   3.7681159E-01   2.9867940E+06   1.0499025E+06   4.0366382E+06   1.1527611E-03   1.8273843E-03   1.3274370E-03
   3.9130435E-01   2.7161492E+06   9.3950930E+05   3.6556305E+06   1.4876568E-03   1.3821492E-03   1.4599197E-03
   4.0579710E-01   2.5010723E+06   8.5751437E+05   3.3585596E+06   1.5966603E-03   1.6332624E-03   1.6074066E-03
   4.2028986E-01   2.2913696E+06   7.7843073E+05   3.0697481E+06   1.5538982E-03   2.2968762E-03   1.7420751E-03
   4.3478261E-01   2.1338875E+06   7.1684416E+05   2.8507064E+06   1.1667045E-03   2.2564330E-03   1.4383977E-03
   4.4927536E-01   1.9702620E+06   6.5681105E+05   2.6270731E+06   1.0815888E-03   1.8926684E-03   1.2652367E-03
   4.6376812E-01   1.8194915E+06   6.0552633E+05   2.4249705E+06   1.2394133E-03   2.4742849E-03   1.5410057E-03
   4.7826087E-01   1.6733811E+06   5.5036941E+05   2.2237276E+06   1.5632522E-03   1.6777810E-03   1.5914604E-03
   4.9275362E-01   1.5329682E+06   4.9163739E+05   2.0245833E+06   1.4475405E-03   2.5592965E-03   1.6970140E-03
   5.0724638E-01   1.3964221E+06   4.4825537E+05   1.8446558E+06   1.6332904E-03   1.3880512E-03   1.5706498E-03
   5.2173913E-01   1.2623472E+06   4.0221084E+05   1.6645370E+06   2.0808649E-03   1.9807069E-03   2.0560117E-03
   5.3623188E-01   1.1370965E+06   3.5574713E+05   1.4928027E+06   1.9858165E-03   2.2984682E-03   2.0630880E-03
   5.5072464E-01   1.0226654E+06   3.1657441E+05   1.3391799E+06   2.8905918E-03   2.4372606E-03   2.7058910E-03
   5.6521739E-01   9.0942002E+05   2.7974084E+05   1.1891609E+06   1.9220854E-03   2.3132473E-03   2.0141029E-03
   5.7971014E-01   7.9583190E+05   2.3650856E+05   1.0323215E+06   1.9736716E-03   2.8376714E-03   2.1701055E-03
   5.9420290E-01   6.9600887E+05   2.0813733E+05   9.0414620E+05   3.5365982E-03   4.6035586E-03   3.7633110E-03
   6.0869565E-01   6.1338785E+05   1.7734647E+05   7.9073431E+05   2.9777393E-03   3.7793090E-03   3.1187099E-03
   6.2318841E-01   5.3171969E+05   1.5212886E+05   6.8383092E+05   3.3917907E-03   4.1253043E-03   3.4437047E-03
   6.3768116E-01   4.5553752E+05   1.2540542E+05   5.8096016E+05   2.7537140E-03   2.2513075E-03   2.5359236E-03
   6.5217391E-01   3.8870208E+05   1.0480340E+05   4.9350548E+05   4.1078274E-03   3.4111586E-03   3.8799860E-03
   6.6666667E-01   3.3356887E+05   8.6398455E+04   4.1996732E+05   5.4890081E-03   6.5838109E-03   5.7052208E-03
   6.8115942E-01   2.9122884E+05   7.1968863E+04   3.6319770E+05   5.5595201E-03   6.7499350E-03   5.6902218E-03
   6.9565217E-01   2.4512782E+05   6.1360885E+04   3.0648870E+05   8.0591497E-03   5.0772850E-03   7.3702218E-03
   7.1014493E-01   2.1133121E+05   5.1819911E+04   2.6315113E+05   9.2693924E-03   7.2872578E-03   8.8790621E-03
   7.2463768E-01   1.8484229E+05   4.5676367E+04   2.3051865E+05   1.1105049E-02   8.7580164E-03   1.0463601E-02
   7.3913043E-01   1.6044703E+05   3.7396534E+04   1.9784356E+05   1.7788640E-02   1.3007671E-02   1.6875193E-02
   7.5362319E-01   1.3665490E+05   3.2976118E+04   1.6963101E+05   1.7828859E-02   1.5524573E-02   1.7378365E-02
   7.6811594E-01   1.1649129E+05   2.7693131E+04   1.4418442E+05   2.0548691E-02   2.4183323E-02   2.1246646E-02
   7.8260870E-01   1.0228042E+05   2.3419676E+04   1.2570010E+05   3.1788749E-02   2.1736523E-02   2.9898019E-02
   7.9710145E-01   8.7677023E+04   2.0321120E+04   1.0799814E+05   4.1788329E-02   3.1520423E-02   3.9818533E-02
   8.1159420E-01   7.3838734E+04   1.6805517E+04   9.0644251E+04   5.4673415E-02   5.2208243E-02   5.4216212E-02
   8.2608696E-01   6.0632228E+04   1.3080928E+04   7.3713156E+04   8.6621530E-02   8.1007232E-02   8.5622568E-02
   8.4057971E-01   4.7058061E+04   1.0451540E+04   5.7509601E+04   1.1317709E-01   1.1246457E-01   1.1303593E-01
   8.5507246E-01   3.7719875E+04   8.2323596E+03   4.5952235E+04   1.5144056E-01   1.3702201E-01   1.4884725E-01
   8.6956522E-01   2.7531100E+04   5.6198804E+03   3.3150980E+04   1.8210054E-01   1.5481100E-01   1.7747324E-01
   8.8405797E-01   1.9750841E+04   4.3104038E+03   2.4061245E+04   1.9895395E-01   1.9025136E-01   1.9739433E-01
   8.9855072E-01   1.2575985E+04   2.8965096E+03   1.5472494E+04   2.2042834E-01   1.9937636E-01   2.1648713E-01
   9.1304348E-01   8.5756549E+03   1.8402177E+03   1.0415873E+04   2.4948176E-01   2.2760967E-01   2.4558587E-01
   9.2753623E-01   4.2267499E+03   8.9981231E+02   5.1265623E+03   2.6422552E-01   2.6091880E-01   2.6360558E-01
   9.4202899E-01   1.7136507E+03   3.8469709E+02   2.0983477E+03   2.5972892E-01   2.4405868E-01   2.5685535E-01
   9.5652174E-01   1.2628945E+02   3.4442577E+01   1.6073202E+02   2.9159265E-01   4.2409831E-01   3.1998149E-01
   9.7101449E-01   0.0000000E+00   0.0000000E+00   0.0000000E+00   0.0000000E+00   0.0000000E+00   0.0000000E+00
   9.8550725E-01   0.0000000E+00   0.0000000E+00   0.0000000E+00   0.0000000E+00   0.0000000E+00   0.0000000E+00
   1.0000000E+00   0.0000000E+00   0.0000000E+00   0.0000000E+00   0.0000000E+00   0.0000000E+00   0.0000000E+00
