   0.0000000E+00   2.7569492E+07   1.3590765E+07   4.1160257E+07   6.5598913E-04   7.7909040E-04   4.0234170E-04
   1.4492754E-02   2.7524027E+07   1.3838545E+07   4.1362572E+07   2.2879629E-04   6.1730075E-04   2.3682492E-04
   2.8985507E-02   2.7677090E+07   1.3940082E+07   4.1615278E+07   3.6327258E-04   4.0982023E-04   2.2894557E-04
   4.3478261E-02   2.8109758E+07   1.4111078E+07   4.2220078E+07   4.8482734E-04   1.7847024E-04   2.8363455E-04
   5.7971014E-02   2.8667263E+07   1.4440188E+07   4.3104420E+07   4.1683876E-04   3.8047106E-04   3.9601164E-04
   7.2463768E-02   2.9653570E+07   1.4932717E+07   4.4584923E+07   2.0025345E-04   2.7420739E-04   2.0029747E-04
   8.6956522E-02   3.1020982E+07   1.5562017E+07   4.6579968E+07   1.0131885E-04   1.5324699E-04   1.1136869E-04
   1.0144928E-01   3.2862715E+07   1.6546263E+07   4.9405623E+07   2.3541223E-04   2.2681033E-04   2.3047219E-04
   1.1594203E-01   3.5177452E+07   1.7706696E+07   5.2877707E+07   2.4521582E-04   1.2558970E-04   1.7032463E-04
   1.3043478E-01   3.7768375E+07   1.9078715E+07   5.6840607E+07   1.5337230E-04   2.8809737E-05   1.0953883E-04
   1.4492754E-01   4.0028274E+07   2.0163222E+07   6.0183615E+07   5.0085582E-04   1.6952379E-04   3.9032678E-04
   1.5942029E-01   4.1219016E+07   2.0701573E+07   6.1909980E+07   2.7821382E-04   3.6500288E-04   2.9924305E-04
   1.7391304E-01   4.0469517E+07   2.0363037E+07   6.0823334E+07   5.0354854E-04   5.4043386E-04   5.0977200E-04
   1.8840580E-01   3.7404273E+07   1.8854995E+07   5.6249475E+07   7.2086968E-04   5.1026839E-04   6.5095004E-04
   2.0289855E-01   3.1575212E+07   1.5932117E+07   4.7499969E+07   9.6688336E-04   6.8692428E-04   8.7239686E-04
   2.1739130E-01   2.3463620E+07   1.1782199E+07   3.5241323E+07   1.4501793E-03   1.2626557E-03   1.3881039E-03
   2.3188406E-01   1.3785314E+07   6.9292652E+06   2.0712780E+07   2.4200269E-03   2.2957860E-03   2.3681376E-03
   2.4637681E-01   4.8948898E+06   2.4239105E+06   7.3184883E+06   9.5555090E-03   6.9931972E-03   8.7083962E-03
   2.6086957E-01   3.3137088E+06   1.6078331E+06   4.9214998E+06   1.3127272E-02   1.2321181E-02   1.2856871E-02
   2.7536232E-01   3.0588634E+06   1.4871181E+06   4.5459814E+06   1.6400108E-02   1.4739477E-02   1.5855455E-02
   2.8985507E-01   2.8317378E+06   1.3782473E+06   4.2098335E+06   1.9442836E-02   1.6072016E-02   1.8334989E-02
   3.0434783E-01   2.6003358E+06   1.2732502E+06   3.8733334E+06   2.2582052E-02   1.9450860E-02   2.1528525E-02
   3.1884058E-01   2.3770889E+06   1.1589238E+06   3.5359438E+06   2.5352285E-02   2.2708431E-02   2.4486362E-02
   3.3333333E-01   2.1443289E+06   1.0512443E+06   3.1955733E+06   2.8119343E-02   2.4444586E-02   2.6910399E-02
   3.4782609E-01   1.9069075E+06   9.4316117E+05   2.8500055E+06   3.2100833E-02   2.8322872E-02   3.0849185E-02
   3.6231884E-01   1.6754467E+06   8.1911336E+05   2.4945601E+06   3.6081749E-02   3.1221051E-02   3.4478591E-02
   3.7681159E-01   1.4291788E+06   6.9292105E+05   2.1219250E+06   3.9486239E-02   3.5555868E-02   3.8197007E-02
   3.9130435E-01   1.1679529E+06   5.6050063E+05   1.7284535E+06   4.3854445E-02   4.0859579E-02   4.2883271E-02
   4.0579710E-01   9.4936288E+05   4.5656341E+05   1.4059263E+06   4.7442117E-02   4.3741499E-02   4.6240007E-02
   4.2028986E-01   7.6168214E+05   3.6603908E+05   1.1276951E+06   5.0437688E-02   4.5101180E-02   4.8695134E-02
   4.3478261E-01   6.1626725E+05   2.9930599E+05   9.1557324E+05   5.5395492E-02   4.8851547E-02   5.3256233E-02
   4.4927536E-01   4.9832186E+05   2.3372510E+05   7.3204697E+05   5.7988143E-02   4.7888670E-02   5.4762799E-02
   4.6376812E-01   4.0787545E+05   1.9061813E+05   5.9849358E+05   5.8542266E-02   4.9586275E-02   5.5689812E-02
   4.7826087E-01   3.3609066E+05   1.5965282E+05   4.9574349E+05   5.5172704E-02   5.4094872E-02   5.4796174E-02
   4.9275362E-01   2.7947112E+05   1.2906039E+05   4.0853150E+05   6.0134505E-02   5.1295223E-02   5.7341354E-02
   5.0724638E-01   2.2660657E+05   1.0658108E+05   3.3318764E+05   5.5051657E-02   5.4380468E-02   5.4833648E-02
   5.2173913E-01   1.9191786E+05   8.8465758E+04   2.8038362E+05   5.7102738E-02   5.8601898E-02   5.7567030E-02
   5.3623188E-01   1.6315914E+05   7.5364081E+04   2.3852322E+05   5.6853395E-02   5.4827130E-02   5.6202680E-02
   5.5072464E-01   1.3196583E+05   6.2712681E+04   1.9467851E+05   5.6949858E-02   5.1265505E-02   5.5114956E-02
   5.6521739E-01   1.1105700E+05   5.2614127E+04   1.6367112E+05   5.3833477E-02   5.0958081E-02   5.2891715E-02
   5.7971014E-01   9.1420931E+04   4.3361482E+04   1.3478241E+05   5.3782308E-02   5.3365446E-02   5.3647700E-02
   5.9420290E-01   7.8305618E+04   3.4578667E+04   1.1288428E+05   5.3484435E-02   4.8030456E-02   5.1809121E-02
   6.0869565E-01   6.2296780E+04   2.8992449E+04   9.1289229E+04   5.3720246E-02   5.6020005E-02   5.4448890E-02
   6.2318841E-01   5.3411625E+04   2.2696857E+04   7.6108482E+04   4.9167616E-02   5.0683352E-02   4.9613154E-02
   6.3768116E-01   4.1468862E+04   1.8891753E+04   6.0360615E+04   6.4032473E-02   5.0897144E-02   5.9822012E-02
   6.5217391E-01   3.2077520E+04   1.5575699E+04   4.7653218E+04   5.6285281E-02   4.8804864E-02   5.3828463E-02
   6.6666667E-01   2.6372531E+04   1.2239095E+04   3.8611626E+04   5.3500243E-02   5.3569523E-02   5.3440617E-02
   6.8115942E-01   2.0023595E+04   9.1573284E+03   2.9180923E+04   5.7419544E-02   6.5797839E-02   5.9971952E-02
   6.9565217E-01   1.7285868E+04   7.6562977E+03   2.4942166E+04   6.5160036E-02   5.3906933E-02   6.1510799E-02
   7.1014493E-01   1.3113484E+04   5.8917893E+03   1.9005273E+04   7.8747348E-02   7.5025742E-02   7.7570760E-02
   7.2463768E-01   1.0138517E+04   4.8343600E+03   1.4972877E+04   6.1576531E-02   5.0818843E-02   5.7941312E-02
   7.3913043E-01   8.1419550E+03   3.7441107E+03   1.1886066E+04   6.5963423E-02   5.5778331E-02   6.2692131E-02
   7.5362319E-01   6.1201809E+03   2.9726593E+03   9.0928402E+03   6.7775539E-02   6.7936203E-02   6.7556905E-02
   7.6811594E-01   5.0039215E+03   2.1445378E+03   7.1484593E+03   7.1068611E-02   6.4292552E-02   6.8588007E-02
   7.8260870E-01   3.6202975E+03   1.7820844E+03   5.4023819E+03   7.6305864E-02   6.1943213E-02   7.1568043E-02
   7.9710145E-01   2.5625277E+03   1.1848246E+03   3.7473523E+03   6.4897848E-02   4.7684053E-02   5.9339796E-02
   8.1159420E-01   1.9078727E+03   8.9304681E+02   2.8009195E+03   4.9346520E-02   6.1213622E-02   5.2443245E-02
   8.2608696E-01   1.7148778E+03   7.5773668E+02   2.4726144E+03   6.8741279E-02   6.3032585E-02   6.6116671E-02
   8.4057971E-01   1.3064426E+03   5.4870587E+02   1.8551484E+03   4.6078573E-02   9.8904553E-02   6.1609446E-02
   8.5507246E-01   9.7606759E+02   3.5960385E+02   1.3356714E+03   8.5628857E-02   1.4375255E-01   1.0085584E-01
   8.6956522E-01   6.8196302E+02   2.5257889E+02   9.3454191E+02   5.6069934E-02   5.4767132E-02   5.5509683E-02
   8.8405797E-01   3.4781356E+02   1.7390678E+02   5.2172034E+02   5.5312695E-02   3.6241534E-02   3.5255581E-02
   8.9855072E-01   4.0331146E+02   1.0999403E+02   5.1330550E+02   9.3741905E-02   1.0260321E-01   8.2784471E-02
   9.1304348E-01   1.8041350E+02   2.4055133E+01   2.0446863E+02   6.8078625E-02   3.9303318E-06   6.0069076E-02
   9.2753623E-01   9.4717086E+01   4.7358543E+01   1.4207563E+02   8.6074719E-02   8.4239089E-02   6.4315673E-02
   9.4202899E-01   0.0000000E+00   0.0000000E+00   0.0000000E+00   0.0000000E+00   0.0000000E+00   0.0000000E+00
   9.5652174E-01   0.0000000E+00   0.0000000E+00   0.0000000E+00   0.0000000E+00   0.0000000E+00   0.0000000E+00
   9.7101449E-01   0.0000000E+00   0.0000000E+00   0.0000000E+00   0.0000000E+00   0.0000000E+00   0.0000000E+00
   9.8550725E-01   0.0000000E+00   0.0000000E+00   0.0000000E+00   0.0000000E+00   0.0000000E+00   0.0000000E+00
   1.0000000E+00   0.0000000E+00   0.0000000E+00   0.0000000E+00   0.0000000E+00   0.0000000E+00   0.0000000E+00
