   0.0000000E+00   1.4160583E+07   1.3615013E+07   2.7775596E+07   1.1650187E-03   8.9635266E-05   5.5100363E-04
   1.4492754E-02   1.3987061E+07   1.3738524E+07   2.7726343E+07   4.3521471E-04   1.5625588E-04   2.2968820E-04
   2.8985507E-02   1.3910530E+07   1.3814676E+07   2.7724828E+07   2.3401850E-04   7.6016792E-05   1.4179726E-04
   4.3478261E-02   1.3929221E+07   1.4052732E+07   2.7982205E+07   4.1373956E-04   2.8712751E-05   1.9506780E-04
   5.7971014E-02   1.4003732E+07   1.4379001E+07   2.8382543E+07   2.1038570E-04   7.9539344E-06   1.0655392E-04
   7.2463768E-02   1.4062532E+07   1.4746920E+07   2.8808846E+07   2.0373751E-04   1.2118006E-05   9.8230212E-05
   8.6956522E-02   1.4117771E+07   1.5326361E+07   2.9442995E+07   7.0752646E-05   8.1423286E-06   3.5106520E-05
   1.0144928E-01   1.4103753E+07   1.6097142E+07   3.0200462E+07   1.6684128E-05   1.4872005E-05   1.9016209E-06
   1.1594203E-01   1.4333347E+07   1.7010810E+07   3.1343020E+07   8.9494220E-05   2.6958032E-05   3.8846517E-05
   1.3043478E-01   1.4410468E+07   1.7901782E+07   3.2310903E+07   1.6435885E-04   2.2289047E-05   6.1955696E-05
   1.4492754E-01   1.4414122E+07   1.8505521E+07   3.2917976E+07   1.2367506E-04   1.9075852E-05   5.9339901E-05
   1.5942029E-01   1.4430957E+07   1.8792972E+07   3.3223240E+07   4.3690802E-05   2.4489189E-05   2.1148017E-05
   1.7391304E-01   1.4103311E+07   1.8275283E+07   3.2377962E+07   1.6149153E-04   2.0061675E-05   7.8917720E-05
   1.8840580E-01   1.3615304E+07   1.6929936E+07   3.0544016E+07   1.5842548E-04   1.3643667E-05   6.4116610E-05
   2.0289855E-01   1.2756010E+07   1.4447441E+07   2.7202097E+07   6.0210607E-05   4.6368011E-05   4.4558157E-05
   2.1739130E-01   1.1679602E+07   1.1084374E+07   2.2763572E+07   6.7907849E-05   3.7327677E-05   1.9202330E-05
   2.3188406E-01   1.0564696E+07   7.2218463E+06   1.7786116E+07   1.6614033E-04   7.3367627E-05   1.1681303E-04
   2.4637681E-01   9.4253083E+06   3.5388086E+06   1.2963760E+07   1.1912967E-04   3.1114468E-04   1.2338130E-04
   2.6086957E-01   8.5814100E+06   2.3921326E+06   1.0973669E+07   1.5626417E-04   4.4859272E-04   2.2101517E-04
   2.7536232E-01   8.0891183E+06   2.0565372E+06   1.0145456E+07   1.6779960E-04   7.5754412E-04   2.5204691E-04
   2.8985507E-01   7.6779185E+06   1.7847351E+06   9.4627673E+06   1.8622799E-04   9.9458052E-04   3.2002328E-04
   3.0434783E-01   7.2731897E+06   1.5698500E+06   8.8430036E+06   1.4468777E-04   8.3544744E-04   2.4613489E-04
   3.1884058E-01   6.8416045E+06   1.3597929E+06   8.2013974E+06   2.2977076E-04   1.7567329E-03   4.8096734E-04
   3.3333333E-01   6.4414537E+06   1.1911621E+06   7.6325498E+06   1.6512017E-04   1.8975996E-03   4.2017485E-04
   3.4782609E-01   6.0227437E+06   1.0327004E+06   7.0553810E+06   3.9988802E-04   2.3413134E-03   6.8299393E-04
   3.6231884E-01   5.6415315E+06   9.0407079E+05   6.5456023E+06   3.0906399E-04   2.5023063E-03   6.0653742E-04
   3.7681159E-01   5.2145690E+06   7.8653068E+05   6.0011871E+06   4.6732223E-04   3.4890048E-03   8.6324017E-04
   3.9130435E-01   4.8553522E+06   6.8869845E+05   5.5440506E+06   3.3089955E-04   3.2539869E-03   6.8981681E-04
   4.0579710E-01   4.5417384E+06   5.9939678E+05   5.1409998E+06   6.3464510E-04   4.1119498E-03   1.0392369E-03
   4.2028986E-01   4.2270733E+06   5.3221857E+05   4.7592919E+06   5.0217081E-05   3.3838498E-03   4.1675150E-04
   4.3478261E-01   3.9367957E+06   4.6398743E+05   4.4008336E+06   5.5808613E-04   3.5371301E-03   8.7153974E-04
   4.4927536E-01   3.6500909E+06   4.0854229E+05   4.0587066E+06   3.1691089E-04   3.8423630E-03   6.6572922E-04
   4.6376812E-01   3.3854254E+06   3.5800690E+05   3.7434087E+06   6.0623223E-04   3.7342446E-03   8.9756022E-04
   4.7826087E-01   3.1081670E+06   3.1423111E+05   3.4223981E+06   4.2145161E-04   3.9268781E-03   7.4310527E-04
   4.9275362E-01   2.8555307E+06   2.7098001E+05   3.1266221E+06   4.4049267E-04   3.6912702E-03   7.1714867E-04
   5.0724638E-01   2.5921739E+06   2.3199732E+05   2.8241496E+06   4.7055501E-04   3.5054648E-03   6.9547022E-04
   5.2173913E-01   2.3540143E+06   1.9831653E+05   2.5523308E+06   6.0418701E-04   4.2417866E-03   8.8628208E-04
   5.3623188E-01   2.1242022E+06   1.7151472E+05   2.2957169E+06   5.8812562E-04   4.3956618E-03   8.6746256E-04
   5.5072464E-01   1.9049700E+06   1.4628306E+05   2.0512131E+06   6.1141339E-04   3.7617571E-03   8.2744021E-04
   5.6521739E-01   1.7012743E+06   1.2193732E+05   1.8231922E+06   6.1334863E-04   3.9551012E-03   8.3685372E-04
   5.7971014E-01   1.4965110E+06   1.0083581E+05   1.5973468E+06   5.7556556E-04   3.7132762E-03   7.7315813E-04
   5.9420290E-01   1.3334872E+06   8.3036852E+04   1.4165425E+06   5.6274501E-04   4.3904179E-03   7.8402982E-04
   6.0869565E-01   1.1449221E+06   6.8430839E+04   1.2133529E+06   7.3053167E-04   3.7193223E-03   8.9132811E-04
   6.2318841E-01   9.8128663E+05   5.3164920E+04   1.0344515E+06   1.1048530E-03   2.6789943E-03   1.1796644E-03
   6.3768116E-01   8.2440029E+05   4.0435585E+04   8.6481865E+05   5.4168149E-04   5.2220656E-03   7.1666086E-04
   6.5217391E-01   6.9406996E+05   2.9905341E+04   7.2397531E+05   6.6824706E-04   5.2412726E-03   7.0642501E-04
   6.6666667E-01   5.7602813E+05   2.1480188E+04   5.9750832E+05   9.9202937E-04   3.1877860E-03   1.0534965E-03
   6.8115942E-01   4.8179155E+05   1.4977391E+04   4.9676895E+05   1.0084520E-03   1.4344725E-03   1.0193076E-03
   6.9565217E-01   4.0196352E+05   1.1034540E+04   4.1299807E+05   1.4584709E-03   2.6348066E-04   1.4127138E-03
   7.1014493E-01   3.3895572E+05   7.6856149E+03   3.4664134E+05   1.8588462E-03   4.1963579E-03   1.9069645E-03
   7.2463768E-01   2.8510600E+05   6.3195239E+03   2.9141037E+05   1.7593179E-03   1.5964159E-03   1.7286607E-03
   7.3913043E-01   2.3968251E+05   4.3235564E+03   2.4400607E+05   2.5318892E-03   3.1768420E-03   2.5270268E-03
   7.5362319E-01   2.0074193E+05   4.1529799E+03   2.0489491E+05   4.1892567E-03   4.7707539E-03   4.1619326E-03
   7.6811594E-01   1.6517230E+05   2.9165714E+03   1.6808887E+05   6.2432232E-03   3.3011088E-03   6.0799726E-03
   7.8260870E-01   1.3404923E+05   1.9364382E+03   1.3598567E+05   1.0117055E-02   3.2263654E-03   1.0011711E-02
   7.9710145E-01   1.0772260E+05   1.7772369E+03   1.0949984E+05   1.8814569E-02   3.7226867E-03   1.8569252E-02
   8.1159420E-01   7.8114534E+04   1.1771981E+03   7.9291732E+04   2.9569437E-02   1.2182198E-02   2.9309150E-02
   8.2608696E-01   5.2430061E+04   7.8432394E+02   5.3214385E+04   4.3131633E-02   7.0350861E-03   4.2597598E-02
   8.4057971E-01   3.4163473E+04   4.5725490E+02   3.4620728E+04   6.4021807E-02   2.2481726E-02   6.3471605E-02
   8.5507246E-01   2.1229470E+04   2.1833091E+02   2.1447801E+04   6.6456278E-02   4.0113615E-06   6.5779818E-02
   8.6956522E-01   1.3310908E+04   6.3144724E+01   1.3374052E+04   7.8853342E-02   3.9703543E-06   7.8481022E-02
   8.8405797E-01   6.8568959E+03   7.4531477E+01   6.9314274E+03   9.0243265E-02   1.9807612E-05   8.9273120E-02
   8.9855072E-01   4.8886238E+03   2.4443119E+01   4.9130669E+03   1.0033246E-01   4.5537109E-06   9.9833273E-02
   9.1304348E-01   2.3574030E+03   3.6082699E+01   2.3934857E+03   1.1071704E-01   1.7622021E-05   1.0904820E-01
   9.2753623E-01   1.1721239E+03   0.0000000E+00   1.1721239E+03   9.2255310E-02   0.0000000E+00   9.2255310E-02
   9.4202899E-01   3.6138211E+02   0.0000000E+00   3.6138211E+02   5.2825442E-02   0.0000000E+00   5.2825442E-02
   9.5652174E-01   2.2961718E+01   0.0000000E+00   2.2961718E+01   2.8232518E-06   0.0000000E+00   2.8232518E-06
   9.7101449E-01   0.0000000E+00   0.0000000E+00   0.0000000E+00   0.0000000E+00   0.0000000E+00   0.0000000E+00
   9.8550725E-01   0.0000000E+00   0.0000000E+00   0.0000000E+00   0.0000000E+00   0.0000000E+00   0.0000000E+00
   1.0000000E+00   0.0000000E+00   0.0000000E+00   0.0000000E+00   0.0000000E+00   0.0000000E+00   0.0000000E+00
