   0.0000000E+00   2.8684880E+07   1.4918320E+07   4.3603200E+07   3.8222862E-04   1.4138195E-04   2.1115547E-04
   1.4492754E-02   2.9128156E+07   1.4678117E+07   4.3805515E+07   7.4217749E-05   1.5387568E-04   2.7861934E-05
   2.8985507E-02   2.9834366E+07   1.4942946E+07   4.4777313E+07   2.6865395E-04   3.0661904E-04   2.7144092E-04
   4.3478261E-02   3.0211719E+07   1.5169383E+07   4.5379840E+07   2.0806640E-05   7.8620493E-05   2.4852474E-05
   5.7971014E-02   3.1113994E+07   1.5630024E+07   4.6740230E+07   4.3711149E-05   5.6760806E-05   2.2436112E-05
   7.2463768E-02   3.2249879E+07   1.6220566E+07   4.8466808E+07   1.1587598E-04   1.7882599E-04   1.3498804E-04
   8.6956522E-02   3.4344036E+07   1.7195571E+07   5.1533924E+07   2.2554017E-05   1.2424994E-04   4.1304570E-05
   1.0144928E-01   3.6683007E+07   1.8401094E+07   5.5076199E+07   1.7891153E-05   1.8542699E-04   6.0709243E-05
   1.1594203E-01   3.9887164E+07   1.9998850E+07   5.9875027E+07   2.9038581E-05   2.0949879E-05   2.1971925E-05
   1.3043478E-01   4.3236708E+07   2.1612755E+07   6.4835318E+07   1.4257411E-05   7.0010366E-05   1.7494133E-05
   1.4492754E-01   4.6132373E+07   2.3067096E+07   6.9179465E+07   8.3896641E-05   4.6236523E-05   7.0904848E-05
   1.5942029E-01   4.7819316E+07   2.3959634E+07   7.1756217E+07   4.9504358E-05   5.1158136E-05   2.2800940E-05
   1.7391304E-01   4.7267235E+07   2.3574325E+07   7.0820533E+07   2.0708448E-05   7.3354517E-05   3.6743258E-05
   1.8840580E-01   4.3503878E+07   2.1819319E+07   6.5298600E+07   3.5286807E-05   2.3498087E-05   1.5283616E-05
   2.0289855E-01   3.6091864E+07   1.8113695E+07   5.4191325E+07   2.7256183E-05   1.0558584E-04   4.5851105E-05
   2.1739130E-01   2.5887569E+07   1.3001398E+07   3.8879974E+07   1.3681652E-04   7.1347250E-05   1.1448622E-04
   2.3188406E-01   1.3599195E+07   6.8650944E+06   2.0462063E+07   1.9446652E-04   1.8253737E-04   1.7439803E-04
   2.4637681E-01   2.3037870E+06   1.1566628E+06   3.4603606E+06   1.4910334E-03   1.6440710E-03   1.2731368E-03
   2.6086957E-01   4.4167629E+05   2.1856494E+05   6.6024123E+05   9.5915226E-03   9.8007016E-03   9.6429324E-03
   2.7536232E-01   3.6351420E+05   1.8273418E+05   5.4624839E+05   7.7309809E-03   1.2410659E-02   8.9469933E-03
   2.8985507E-01   3.3366935E+05   1.6386056E+05   4.9752991E+05   5.7700652E-03   7.0016313E-03   6.0797167E-03
   3.0434783E-01   3.0179570E+05   1.4685659E+05   4.4865228E+05   9.9531383E-03   1.3097431E-02   1.0930201E-02
   3.1884058E-01   2.8322131E+05   1.4018129E+05   4.2340259E+05   1.0551279E-02   1.6414827E-02   1.2417639E-02
   3.3333333E-01   2.6240751E+05   1.2558662E+05   3.8799413E+05   1.5303559E-02   1.5634657E-02   1.5393584E-02
   3.4782609E-01   2.3609812E+05   1.2202718E+05   3.5812530E+05   1.0107419E-02   1.3258537E-02   1.1180729E-02
   3.6231884E-01   2.1937992E+05   1.0932625E+05   3.2870617E+05   1.8621351E-02   1.9801649E-02   1.8935896E-02
   3.7681159E-01   2.0176196E+05   9.8097757E+04   2.9985972E+05   1.8391223E-02   1.9673982E-02   1.8717352E-02
   3.9130435E-01   1.8615065E+05   9.1658074E+04   2.7780872E+05   2.2186985E-02   1.3775036E-02   1.9250727E-02
   4.0579710E-01   1.6859641E+05   8.2214430E+04   2.5081084E+05   1.9430129E-02   1.7372145E-02   1.8755398E-02
   4.2028986E-01   1.5755697E+05   7.9692996E+04   2.3719771E+05   1.6375037E-02   1.8362867E-02   1.7009605E-02
   4.3478261E-01   1.4672308E+05   7.1909211E+04   2.1863229E+05   1.5606184E-02   1.8704264E-02   1.6521373E-02
   4.4927536E-01   1.3316611E+05   6.7536337E+04   2.0070245E+05   2.0289743E-02   1.2855376E-02   1.7743485E-02
   4.6376812E-01   1.2767863E+05   6.3720919E+04   1.9139955E+05   1.4334572E-02   1.6662335E-02   1.5015457E-02
   4.7826087E-01   1.1790842E+05   5.6325094E+04   1.7423351E+05   1.8202933E-02   2.0093753E-02   1.8811823E-02
   4.9275362E-01   1.1056270E+05   5.4133600E+04   1.6469630E+05   1.1573591E-02   1.7801500E-02   1.3592319E-02
   5.0724638E-01   1.0361508E+05   5.1093102E+04   1.5470818E+05   1.8315003E-02   1.4232349E-02   1.6874333E-02
   5.2173913E-01   9.4443458E+04   4.7337495E+04   1.4178095E+05   1.7608321E-02   1.2846926E-02   1.6018565E-02
   5.3623188E-01   8.7405950E+04   4.2146543E+04   1.2955249E+05   1.5390060E-02   1.2385369E-02   1.4375972E-02
   5.5072464E-01   8.0579314E+04   4.0160044E+04   1.2073936E+05   1.3795852E-02   1.8890651E-02   1.5489883E-02
   5.6521739E-01   7.3345025E+04   3.6682227E+04   1.1002725E+05   1.5326914E-02   1.0455580E-02   1.3664631E-02
   5.7971014E-01   6.8669887E+04   3.3113093E+04   1.0178298E+05   1.1955600E-02   5.9927924E-03   9.8480432E-03
   5.9420290E-01   6.2097445E+04   3.2878380E+04   9.4975825E+04   1.4153067E-02   7.8826234E-03   1.1982341E-02
   6.0869565E-01   5.7335409E+04   2.7440893E+04   8.4776302E+04   6.7457523E-03   1.2329947E-02   8.3682278E-03
   6.2318841E-01   5.3711196E+04   2.5128663E+04   7.8839859E+04   1.2767727E-02   1.5653010E-02   1.3666304E-02
   6.3768116E-01   4.9493982E+04   2.2267126E+04   7.1761108E+04   6.9065657E-03   9.0231876E-03   6.6645489E-03
   6.5217391E-01   4.3123637E+04   2.1603915E+04   6.4727551E+04   1.1644093E-02   1.1598787E-02   1.1567713E-02
   6.6666667E-01   3.7442076E+04   1.9239923E+04   5.6681998E+04   4.0611366E-03   7.1808604E-03   5.0528852E-03
   6.8115942E-01   3.6194018E+04   1.7847117E+04   5.4041135E+04   4.6551573E-03   3.9716240E-03   1.8062568E-03
   6.9565217E-01   3.1824941E+04   1.5517816E+04   4.7342757E+04   8.8370458E-03   1.5218600E-03   5.5202197E-03
   7.1014493E-01   2.7324913E+04   1.4582565E+04   4.1907478E+04   8.8575936E-03   2.2093934E-02   1.3345680E-02
   7.2463768E-01   2.5656964E+04   1.2790595E+04   3.8447559E+04   1.2405189E-02   1.5126979E-02   1.3168186E-02
   7.3913043E-01   2.2182370E+04   1.1425481E+04   3.3607851E+04   8.3091281E-03   1.1334438E-02   8.8276888E-03
   7.5362319E-01   2.0007163E+04   1.0448023E+04   3.0455186E+04   9.8220677E-03   1.5413244E-02   1.1248874E-02
   7.6811594E-01   1.7999820E+04   8.4923696E+03   2.6492190E+04   1.5959669E-02   5.1929913E-03   1.2422747E-02
   7.8260870E-01   1.5758117E+04   8.0404281E+03   2.3798545E+04   2.7143540E-02   1.3108076E-02   2.2265943E-02
   7.9710145E-01   1.2922855E+04   6.8747383E+03   1.9797593E+04   1.0691821E-02   1.8083041E-02   1.3257803E-02
   8.1159420E-01   1.2421469E+04   5.7506802E+03   1.8172149E+04   2.5513877E-02   2.8140436E-02   2.6308971E-02
   8.2608696E-01   1.0329147E+04   4.9452289E+03   1.5274376E+04   2.9434318E-02   6.3440018E-02   4.0431755E-02
   8.4057971E-01   8.5049411E+03   4.6901288E+03   1.3195070E+04   5.3055353E-02   3.3359961E-02   4.5395637E-02
   8.5507246E-01   8.0782436E+03   3.8143694E+03   1.1892613E+04   5.9940962E-02   7.9893011E-02   6.6110958E-02
   8.6956522E-01   6.3523592E+03   3.2330099E+03   9.5853691E+03   9.5039583E-02   7.6321014E-02   8.8509433E-02
   8.8405797E-01   4.5339982E+03   2.2483662E+03   6.7823644E+03   1.3096782E-01   1.3198176E-01   1.3128228E-01
   8.9855072E-01   3.7153541E+03   1.7965692E+03   5.5119233E+03   1.4624576E-01   1.4464890E-01   1.4571850E-01
   9.1304348E-01   2.5257889E+03   1.4793907E+03   4.0051796E+03   1.6599240E-01   1.9594904E-01   1.7705055E-01
   9.2753623E-01   1.5628319E+03   7.4589705E+02   2.3087290E+03   2.0025129E-01   1.9889259E-01   1.9973922E-01
   9.4202899E-01   7.2276422E+02   4.0801206E+02   1.1307763E+03   2.3887249E-01   2.5336586E-01   2.4376393E-01
   9.5652174E-01   1.4925117E+02   2.2961718E+01   1.7221288E+02   1.3239553E-01   4.2355755E-01   1.7052545E-01
   9.7101449E-01   0.0000000E+00   0.0000000E+00   0.0000000E+00   0.0000000E+00   0.0000000E+00   0.0000000E+00
   9.8550725E-01   0.0000000E+00   0.0000000E+00   0.0000000E+00   0.0000000E+00   0.0000000E+00   0.0000000E+00
   1.0000000E+00   0.0000000E+00   0.0000000E+00   0.0000000E+00   0.0000000E+00   0.0000000E+00   0.0000000E+00
