   0.0000000E+00   2.7866524E+07   1.3772622E+07   4.1639146E+07   9.1288479E-04   7.1413903E-04   4.6300369E-04
   1.4492754E-02   2.8160526E+07   1.3976453E+07   4.2134706E+07   3.1376747E-04   3.5156389E-04   2.6063652E-04
   2.8985507E-02   2.8274187E+07   1.4126485E+07   4.2399156E+07   3.2740696E-04   2.2139284E-04   2.5414318E-04
   4.3478261E-02   2.8561874E+07   1.4354816E+07   4.2914165E+07   7.8384383E-05   1.4003285E-04   6.5366718E-05
   5.7971014E-02   2.9349036E+07   1.4829665E+07   4.4175859E+07   8.9800375E-05   2.8343957E-04   1.4746987E-04
   7.2463768E-02   3.0438434E+07   1.5321890E+07   4.5755778E+07   7.7082114E-05   1.1863203E-04   1.2248310E-05
   8.6956522E-02   3.2010460E+07   1.6061492E+07   4.8067279E+07   1.2598639E-04   2.6503209E-04   6.8127839E-05
   1.0144928E-01   3.4049223E+07   1.7148447E+07   5.1190417E+07   8.7885614E-05   9.3600437E-05   4.6902495E-05
   1.1594203E-01   3.6753544E+07   1.8529693E+07   5.5275186E+07   1.0502567E-04   1.7365194E-04   4.2683943E-05
   1.3043478E-01   3.9826135E+07   2.0072276E+07   5.9888645E+07   1.3671740E-04   2.0054382E-04   1.5723065E-04
   1.4492754E-01   4.2331566E+07   2.1268229E+07   6.3582367E+07   1.8421006E-04   1.5119718E-04   1.7054444E-04
   1.5942029E-01   4.3700810E+07   2.2028439E+07   6.5715334E+07   1.9737417E-04   1.8279951E-04   1.9197859E-04
   1.7391304E-01   4.3128793E+07   2.1614376E+07   6.4727509E+07   1.0260909E-04   1.6422151E-04   1.0741066E-04
   1.8840580E-01   3.9744979E+07   1.9986821E+07   5.9715421E+07   1.7828846E-04   2.0306344E-04   1.7997961E-04
   2.0289855E-01   3.3287156E+07   1.6780728E+07   5.0056681E+07   1.5037884E-04   8.6537004E-05   1.2725947E-04
   2.1739130E-01   2.4229792E+07   1.2198399E+07   3.6421624E+07   3.3470820E-05   1.5588346E-04   7.3988962E-05
   2.3188406E-01   1.3475731E+07   6.7458455E+06   2.0219019E+07   3.3384964E-04   2.4805527E-04   2.8806913E-04
   2.4637681E-01   3.5188400E+06   1.7546507E+06   5.2733124E+06   1.7979713E-03   2.7527835E-03   2.1138261E-03
   2.6086957E-01   1.6614640E+06   8.3300519E+05   2.4944271E+06   5.9606924E-03   6.2927806E-03   6.0655993E-03
   2.7536232E-01   1.3818724E+06   6.8044754E+05   2.0622402E+06   6.6716727E-03   7.5578592E-03   6.9607926E-03
   2.8985507E-01   1.1908211E+06   5.8141136E+05   1.7722324E+06   6.6517776E-03   5.5442141E-03   6.2883844E-03
   3.0434783E-01   1.0415993E+06   5.1089494E+05   1.5524942E+06   6.7471703E-03   5.8988835E-03   6.4606424E-03
   3.1884058E-01   9.3384158E+05   4.5660524E+05   1.3904468E+06   7.5132051E-03   6.6346963E-03   7.2021780E-03
   3.3333333E-01   8.5238788E+05   4.2469494E+05   1.2770828E+06   6.1236567E-03   7.0425190E-03   6.3782966E-03
   3.4782609E-01   7.7671167E+05   3.8101526E+05   1.1577269E+06   5.9452784E-03   6.1249179E-03   6.0003350E-03
   3.6231884E-01   7.1057515E+05   3.3831427E+05   1.0488894E+06   5.7190461E-03   5.9358998E-03   5.7719530E-03
   3.7681159E-01   6.5908520E+05   3.1233323E+05   9.7141843E+05   5.0631213E-03   6.0528384E-03   5.3254893E-03
   3.9130435E-01   6.0369162E+05   2.9344055E+05   8.9713217E+05   4.6825209E-03   6.0753085E-03   5.1249193E-03
   4.0579710E-01   5.6099577E+05   2.6867178E+05   8.2966754E+05   5.6147100E-03   8.8078229E-03   6.6071187E-03
   4.2028986E-01   5.1808286E+05   2.5175148E+05   7.6983434E+05   5.9232084E-03   5.1060874E-03   5.5627960E-03
   4.3478261E-01   5.0056085E+05   2.3944479E+05   7.4003090E+05   4.3341233E-03   3.7944950E-03   3.9322309E-03
   4.4927536E-01   4.8035617E+05   2.3025418E+05   7.1058591E+05   5.0245964E-03   5.3373649E-03   5.0284947E-03
   4.6376812E-01   4.5412107E+05   2.1765986E+05   6.7178093E+05   4.6438003E-03   4.7407486E-03   4.6639401E-03
   4.7826087E-01   4.3744368E+05   2.0778058E+05   6.4522427E+05   4.4015737E-03   3.0918412E-03   3.9614442E-03
   4.9275362E-01   4.1044813E+05   1.9932932E+05   6.0977745E+05   5.4835892E-03   2.7843176E-03   4.5127811E-03
   5.0724638E-01   3.9439112E+05   1.8668467E+05   5.8107579E+05   3.3080524E-03   6.3859215E-03   4.2838467E-03
   5.2173913E-01   3.7529014E+05   1.8084649E+05   5.5613663E+05   5.5656306E-03   4.9575308E-03   5.3655191E-03
   5.3623188E-01   3.5193797E+05   1.7008117E+05   5.2201914E+05   4.6512096E-03   2.7525291E-03   3.9651459E-03
   5.5072464E-01   3.3406218E+05   1.5828721E+05   4.9234938E+05   2.8405490E-03   2.4561106E-03   2.7071665E-03
   5.6521739E-01   3.0334725E+05   1.4661233E+05   4.4994016E+05   2.4018013E-03   2.9086649E-03   2.4872810E-03
   5.7971014E-01   2.8485216E+05   1.3665781E+05   4.2150997E+05   4.3137473E-03   2.1141832E-03   3.4795070E-03
   5.9420290E-01   2.5761199E+05   1.2099761E+05   3.7857264E+05   5.5858393E-03   4.8092700E-03   5.0434491E-03
   6.0869565E-01   2.3572827E+05   1.1055739E+05   3.4626762E+05   2.5784390E-03   3.2273882E-03   2.6205114E-03
   6.2318841E-01   2.0987544E+05   9.9545454E+04   3.0942089E+05   3.0634287E-03   5.4404993E-03   3.7806735E-03
   6.3768116E-01   1.8326895E+05   8.6450867E+04   2.6971982E+05   2.0028950E-03   3.6259957E-03   1.2533201E-03
   6.5217391E-01   1.5895632E+05   7.5554767E+04   2.3451108E+05   4.0023616E-03   5.5162543E-03   4.4549043E-03
   6.6666667E-01   1.3436648E+05   6.4572344E+04   1.9893882E+05   4.2689348E-03   1.0622408E-03   2.9186506E-03
   6.8115942E-01   1.1719123E+05   5.7184937E+04   1.7437617E+05   4.0263159E-03   4.1096982E-03   4.0515807E-03
   6.9565217E-01   9.8032184E+04   4.7516405E+04   1.4554859E+05   3.1136645E-03   2.8508073E-03   2.9920320E-03
   7.1014493E-01   8.3629387E+04   3.9216739E+04   1.2284613E+05   6.6047277E-03   4.7964807E-03   6.0144124E-03
   7.2463768E-01   6.9939096E+04   3.1309680E+04   1.0123362E+05   5.4366948E-03   6.7870038E-03   5.7862997E-03
   7.3913043E-01   5.6770821E+04   2.7397381E+04   8.4168202E+04   1.1600226E-02   7.2896001E-03   9.6039712E-03
   7.5362319E-01   4.6149078E+04   2.3358690E+04   6.9507769E+04   9.7072728E-03   1.0358103E-02   9.9234346E-03
   7.6811594E-01   3.9688246E+04   1.9229355E+04   5.8917601E+04   8.0573696E-03   8.8012081E-03   8.2946480E-03
   7.8260870E-01   3.2694935E+04   1.6754400E+04   4.9449335E+04   1.6080485E-02   1.5603508E-02   1.5915120E-02
   7.9710145E-01   3.0323244E+04   1.4162787E+04   4.4486032E+04   1.6846200E-02   1.4176994E-02   1.5971602E-02
   8.1159420E-01   2.6534315E+04   1.2773276E+04   3.9307590E+04   2.2011750E-02   1.6676601E-02   2.0160004E-02
   8.2608696E-01   2.2386466E+04   1.0874186E+04   3.3260652E+04   2.6427576E-02   2.7548784E-02   2.6748323E-02
   8.4057971E-01   1.9021804E+04   8.4788122E+03   2.7500616E+04   3.5150192E-02   3.8807596E-02   3.6270596E-02
   8.5507246E-01   1.4281410E+04   6.8196302E+03   2.1101040E+04   5.1098368E-02   4.2391750E-02   4.8253263E-02
   8.6956522E-01   1.0759861E+04   5.1778673E+03   1.5937728E+04   6.7837380E-02   6.3144338E-02   6.6302132E-02
   8.8405797E-01   7.6270545E+03   4.1737627E+03   1.1800817E+04   7.1770558E-02   7.4934910E-02   7.2765362E-02
   8.9855072E-01   5.4508155E+03   2.7009646E+03   8.1517801E+03   8.0966681E-02   8.4052891E-02   8.1959571E-02
   9.1304348E-01   3.8127386E+03   1.9364382E+03   5.7491767E+03   9.2383080E-02   7.6384403E-02   8.6760477E-02
   9.2753623E-01   2.6402388E+03   1.0063690E+03   3.6466078E+03   7.8722910E-02   8.1407470E-02   7.9341107E-02
   9.4202899E-01   8.1602412E+02   4.6629950E+02   1.2823236E+03   8.4745840E-02   6.9145749E-02   7.9069137E-02
   9.5652174E-01   1.3777031E+02   8.0366012E+01   2.1813632E+02   6.2583980E-02   1.1826120E-01   8.2788109E-02
   9.7101449E-01   0.0000000E+00   0.0000000E+00   0.0000000E+00   0.0000000E+00   0.0000000E+00   0.0000000E+00
   9.8550725E-01   0.0000000E+00   0.0000000E+00   0.0000000E+00   0.0000000E+00   0.0000000E+00   0.0000000E+00
   1.0000000E+00   0.0000000E+00   0.0000000E+00   0.0000000E+00   0.0000000E+00   0.0000000E+00   0.0000000E+00
