   0.0000000E+00   2.5847914E+07   1.2857276E+07   3.8705190E+07   1.7971049E-03   4.0486704E-04   1.1024027E-03
   1.4492754E-02   2.5758501E+07   1.3424063E+07   3.9181048E+07   2.1955750E-04   6.3805256E-04   1.8400635E-04
   2.8985507E-02   2.6075614E+07   1.3546059E+07   3.9621672E+07   1.9163916E-04   5.8315251E-04   2.7411864E-04
   4.3478261E-02   2.6473047E+07   1.3707962E+07   4.0179745E+07   4.5972247E-04   2.9250123E-04   3.1359559E-04
   5.7971014E-02   2.7034529E+07   1.3969444E+07   4.1003216E+07   1.2492940E-04   3.7501617E-04   2.0959452E-04
   7.2463768E-02   2.7944117E+07   1.4414425E+07   4.2357178E+07   3.3545908E-04   3.0020236E-04   1.5405122E-04
   8.6956522E-02   2.9133839E+07   1.5024403E+07   4.4155842E+07   3.4818971E-04   1.5472470E-04   2.1334686E-04
   1.0144928E-01   3.0834579E+07   1.5968651E+07   4.6801823E+07   8.1531813E-05   7.8801312E-05   7.4135686E-05
   1.1594203E-01   3.2745970E+07   1.7010052E+07   4.9753370E+07   1.7275115E-04   2.5781091E-04   1.8457811E-04
   1.3043478E-01   3.4844690E+07   1.8009549E+07   5.2848008E+07   1.2713588E-04   7.4207039E-05   8.1510600E-05
   1.4492754E-01   3.6566326E+07   1.9090873E+07   5.5650758E+07   6.9938391E-05   2.6365222E-05   4.8150674E-05
   1.5942029E-01   3.7421859E+07   1.9495256E+07   5.6911811E+07   1.4300276E-05   6.7752702E-05   2.8464352E-05
   1.7391304E-01   3.6645788E+07   1.9077284E+07   5.5716568E+07   3.9880526E-05   5.2193610E-05   1.5790316E-05
   1.8840580E-01   3.3843726E+07   1.7569174E+07   5.1406955E+07   2.0849388E-05   1.3101455E-05   1.5661440E-05
   2.0289855E-01   2.8873502E+07   1.4904356E+07   4.3771959E+07   2.4352595E-05   4.0168995E-05   2.7534858E-05
   2.1739130E-01   2.1793366E+07   1.1247237E+07   3.3036562E+07   2.6525351E-05   5.5844648E-05   2.9132064E-05
   2.3188406E-01   1.3433393E+07   6.8461509E+06   2.0277697E+07   3.7630149E-05   4.7717125E-05   3.2369220E-05
   2.4637681E-01   5.6345300E+06   2.7151043E+06   8.3494114E+06   8.5974407E-05   3.2648383E-04   1.6365708E-04
   2.6086957E-01   3.7989129E+06   1.7297024E+06   5.5284468E+06   2.6715697E-04   4.8813913E-04   3.0117470E-04
   2.7536232E-01   3.2982284E+06   1.5259620E+06   4.8242303E+06   3.0371203E-04   2.9378357E-04   2.9313930E-04
   2.8985507E-01   2.9693427E+06   1.3517265E+06   4.3209556E+06   3.9153777E-04   9.2627367E-05   2.4844325E-04
   3.0434783E-01   2.6499134E+06   1.2026003E+06   3.8523333E+06   4.4376233E-04   3.1713643E-04   4.0365177E-04
   3.1884058E-01   2.3594543E+06   1.0532540E+06   3.4127083E+06   6.0472324E-04   2.3745427E-04   4.3667639E-04
   3.3333333E-01   2.0888494E+06   9.3728733E+05   3.0261697E+06   4.5508615E-04   9.1122287E-04   5.9005187E-04
   3.4782609E-01   1.8137375E+06   8.1494580E+05   2.6286833E+06   8.1592720E-04   7.3723341E-04   7.9145750E-04
   3.6231884E-01   1.5783352E+06   6.9608723E+05   2.2743921E+06   1.0612726E-03   8.6127875E-04   9.9014628E-04
   3.7681159E-01   1.3877364E+06   6.0499445E+05   1.9927309E+06   1.3468162E-03   9.9921873E-04   1.2341656E-03
   3.9130435E-01   1.2199280E+06   5.2853537E+05   1.7484353E+06   1.3004938E-03   1.6906666E-03   1.4087709E-03
   4.0579710E-01   1.1002066E+06   4.7326068E+05   1.5733590E+06   1.8004638E-03   1.3599824E-03   1.6677560E-03
   4.2028986E-01   1.0118398E+06   4.3313797E+05   1.4449777E+06   1.2827693E-03   1.4783943E-03   1.3219563E-03
   4.3478261E-01   9.3780018E+05   3.9076481E+05   1.3285397E+06   1.7047777E-03   2.3321386E-03   1.8874211E-03
   4.4927536E-01   8.6765739E+05   3.6706232E+05   1.2347197E+06   2.0268595E-03   1.5649500E-03   1.8665048E-03
   4.6376812E-01   7.9806248E+05   3.4387038E+05   1.1419329E+06   1.8635943E-03   1.7624288E-03   1.8325899E-03
   4.7826087E-01   7.3929842E+05   3.1464442E+05   1.0539199E+06   2.8910492E-03   1.1289702E-03   2.3642575E-03
   4.9275362E-01   6.9045412E+05   2.9293209E+05   9.8340850E+05   2.0715634E-03   2.6722001E-03   2.2492490E-03
   5.0724638E-01   6.4121843E+05   2.6663671E+05   9.0783350E+05   2.7414627E-03   2.9819884E-03   2.7379431E-03
   5.2173913E-01   5.9135034E+05   2.4725369E+05   8.3860403E+05   3.3869967E-03   3.0035190E-03   3.2703745E-03
   5.3623188E-01   5.5519572E+05   2.2846785E+05   7.8364309E+05   2.7055223E-03   3.3764707E-03   2.8840075E-03
   5.5072464E-01   5.1025589E+05   2.1246538E+05   7.2270133E+05   3.3733383E-03   3.4067936E-03   3.3673703E-03
   5.6521739E-01   4.7906445E+05   2.0099451E+05   6.8003953E+05   4.4246113E-03   3.4111300E-03   4.1248919E-03
   5.7971014E-01   4.3827490E+05   1.8287975E+05   6.2113570E+05   4.8746680E-03   3.6580624E-03   4.4656686E-03
   5.9420290E-01   4.0612838E+05   1.6849476E+05   5.7460466E+05   5.1685355E-03   5.1277181E-03   5.1448893E-03
   6.0869565E-01   3.7385285E+05   1.5226899E+05   5.2612184E+05   6.1156253E-03   4.3828149E-03   5.6133975E-03
   6.2318841E-01   3.3726331E+05   1.4153816E+05   4.7880148E+05   6.5487569E-03   7.5460704E-03   6.8357338E-03
   6.3768116E-01   3.1339300E+05   1.2711033E+05   4.4045167E+05   7.3206454E-03   5.3882450E-03   6.7255384E-03
   6.5217391E-01   2.8465641E+05   1.1648939E+05   4.0112896E+05   8.0076018E-03   9.0783300E-03   8.2805863E-03
   6.6666667E-01   2.5799287E+05   1.0504537E+05   3.6302176E+05   9.8927153E-03   9.5933929E-03   9.8031730E-03
   6.8115942E-01   2.3212538E+05   9.2073068E+04   3.2419845E+05   1.3532218E-02   1.2314577E-02   1.3178721E-02
   6.9565217E-01   2.1126646E+05   8.6066258E+04   2.9733272E+05   1.5336858E-02   1.2675523E-02   1.4531741E-02
   7.1014493E-01   1.8787231E+05   7.6361301E+04   2.6423361E+05   1.7842621E-02   1.7294951E-02   1.7646075E-02
   7.2463768E-01   1.6795991E+05   6.6983923E+04   2.3494384E+05   2.2632008E-02   2.3039985E-02   2.2726181E-02
   7.3913043E-01   1.4915527E+05   5.8568588E+04   2.0772385E+05   3.0429814E-02   2.9976433E-02   3.0301978E-02
   7.5362319E-01   1.3215219E+05   5.2954137E+04   1.8510633E+05   3.7955748E-02   3.4474461E-02   3.6954590E-02
   7.6811594E-01   1.1497582E+05   4.6436392E+04   1.6141221E+05   5.2152130E-02   5.1264865E-02   5.1896323E-02
   7.8260870E-01   1.0048430E+05   3.9556661E+04   1.4004096E+05   7.5583522E-02   7.7457947E-02   7.6101239E-02
   7.9710145E-01   8.4701184E+04   3.4070597E+04   1.1877178E+05   1.1443526E-01   1.1499538E-01   1.1459278E-01
   8.1159420E-01   7.0090643E+04   2.6913183E+04   9.7003827E+04   1.5577047E-01   1.6134628E-01   1.5731315E-01
   8.2608696E-01   5.2735814E+04   2.1163453E+04   7.3899267E+04   2.0040190E-01   2.0045528E-01   2.0041098E-01
   8.4057971E-01   3.6580392E+04   1.4723608E+04   5.1303999E+04   2.3613896E-01   2.3722915E-01   2.3645181E-01
   8.5507246E-01   2.3900813E+04   9.5808740E+03   3.3481687E+04   2.6890746E-01   2.7500107E-01   2.7063446E-01
   8.6956522E-01   1.5445199E+04   6.3397303E+03   2.1784930E+04   2.8944713E-01   3.0266766E-01   2.9328311E-01
   8.8405797E-01   1.0434407E+04   3.6396205E+03   1.4074027E+04   3.1202885E-01   3.1214027E-01   3.1205227E-01
   8.9855072E-01   5.8541270E+03   2.5665275E+03   8.4206544E+03   3.2386669E-01   2.9667032E-01   3.1557542E-01
   9.1304348E-01   3.3556910E+03   1.5996663E+03   4.9553574E+03   3.1235243E-01   3.3979548E-01   3.2120587E-01
   9.2753623E-01   1.6457094E+03   6.6301960E+02   2.3087290E+03   3.5232083E-01   3.5217486E-01   3.5227651E-01
   9.4202899E-01   5.2458694E+02   3.2640965E+02   8.5099658E+02   3.3830998E-01   3.5735440E-01   3.4557990E-01
   9.5652174E-01   5.7404294E+01   4.5923435E+01   1.0332773E+02   4.1463307E-01   3.8995631E-01   3.9699254E-01
   9.7101449E-01   0.0000000E+00   0.0000000E+00   0.0000000E+00   0.0000000E+00   0.0000000E+00   0.0000000E+00
   9.8550725E-01   0.0000000E+00   0.0000000E+00   0.0000000E+00   0.0000000E+00   0.0000000E+00   0.0000000E+00
   1.0000000E+00   0.0000000E+00   0.0000000E+00   0.0000000E+00   0.0000000E+00   0.0000000E+00   0.0000000E+00
