   0.0000000E+00   4.8737624E+06   1.5748799E+07   2.0622562E+07   3.2714150E-03   3.7420232E-05   7.9297976E-04
   1.4492754E-02   4.9442319E+06   1.5470710E+07   2.0414942E+07   2.4582124E-03   2.0378241E-05   5.8187362E-04
   2.8985507E-02   4.8074604E+06   1.5732508E+07   2.0539968E+07   2.5203636E-03   2.1111965E-05   5.7419398E-04
   4.3478261E-02   4.7684370E+06   1.6099126E+07   2.0867563E+07   4.0070953E-04   5.4877996E-06   9.2940472E-05
   5.7971014E-02   4.6987252E+06   1.6410493E+07   2.1109218E+07   3.9137095E-04   1.5385463E-05   8.0021640E-05
   7.2463768E-02   4.6370454E+06   1.7098783E+07   2.1735828E+07   1.2486725E-03   2.2944594E-05   2.5176732E-04
   8.6956522E-02   4.5389690E+06   1.7884606E+07   2.2423575E+07   6.1079063E-04   1.6074579E-05   1.3533846E-04
   1.0144928E-01   4.3940068E+06   1.9187950E+07   2.3581956E+07   4.5675344E-04   2.5613552E-05   1.0481620E-04
   1.1594203E-01   4.2880319E+06   2.0607407E+07   2.4895439E+07   1.0804212E-04   1.9002660E-05   1.9566532E-05
   1.3043478E-01   4.2083012E+06   2.2063693E+07   2.6271994E+07   4.7180256E-04   1.9411576E-05   8.7607404E-05
   1.4492754E-01   4.1695977E+06   2.3096875E+07   2.7266473E+07   9.6085545E-05   2.5902341E-05   1.0005543E-05
   1.5942029E-01   4.1016287E+06   2.3469516E+07   2.7571145E+07   1.2002735E-04   3.6521582E-05   2.0332286E-05
   1.7391304E-01   4.1347165E+06   2.2908843E+07   2.7043559E+07   1.1897768E-04   3.5177249E-05   2.4526572E-05
   1.8840580E-01   4.1891764E+06   2.0931310E+07   2.5120487E+07   1.2561074E-04   6.1055813E-05   5.5788553E-05
   2.0289855E-01   4.2404027E+06   1.7602710E+07   2.1843113E+07   1.3230198E-04   8.1207545E-05   4.9803049E-05
   2.1739130E-01   4.2922752E+06   1.2899356E+07   1.7191631E+07   2.0809973E-04   9.1010350E-05   6.9999420E-05
   2.3188406E-01   4.3580752E+06   7.5591338E+06   1.1917209E+07   7.1654050E-05   2.1508074E-04   1.2530369E-04
   2.4637681E-01   4.4680612E+06   2.5907909E+06   7.0588521E+06   1.5957065E-04   9.1075787E-04   2.3453332E-04
   2.6086957E-01   4.5998826E+06   8.0400072E+05   5.4038834E+06   1.7858240E-04   3.4164453E-03   5.3069547E-04
   2.7536232E-01   4.7352561E+06   4.0032425E+05   5.1355803E+06   1.2996103E-04   6.9335826E-03   4.2065734E-04
   2.8985507E-01   4.9062693E+06   2.1485624E+05   5.1211255E+06   9.6552519E-05   1.5900679E-02   5.7870774E-04
   3.0434783E-01   5.1003978E+06   1.1615021E+05   5.2165480E+06   1.3665123E-04   3.1406296E-02   5.7229122E-04
   3.1884058E-01   5.3091854E+06   6.7851876E+04   5.3770373E+06   1.1535926E-04   6.5143432E-02   7.1201356E-04
   3.3333333E-01   5.5257454E+06   4.2004968E+04   5.5677503E+06   1.5860440E-04   1.1350279E-01   7.0315156E-04
   3.4782609E-01   5.7480642E+06   2.7783678E+04   5.7758479E+06   1.9877837E-04   1.7988581E-01   7.0463038E-04
   3.6231884E-01   5.8556982E+06   2.3247361E+04   5.8789455E+06   2.9165683E-04   2.4911472E-01   7.0012974E-04
   3.7681159E-01   5.9241894E+06   1.8331399E+04   5.9425208E+06   2.7532705E-04   2.9160568E-01   6.2549200E-04
   3.9130435E-01   5.8979698E+06   1.4565383E+04   5.9125352E+06   2.5991806E-04   3.2239726E-01   5.3537407E-04
   4.0579710E-01   5.8458573E+06   1.1122492E+04   5.8569798E+06   2.7945214E-04   3.4300970E-01   3.7310617E-04
   4.2028986E-01   5.7606801E+06   1.0164123E+04   5.7708442E+06   1.3754815E-04   3.8023856E-01   5.3352299E-04
   4.3478261E-01   5.5964411E+06   8.4361351E+03   5.6048772E+06   1.9176549E-04   3.9287223E-01   4.0902572E-04
   4.4927536E-01   5.4350986E+06   7.0151751E+03   5.4421138E+06   2.0822586E-04   4.2060671E-01   3.3877239E-04
   4.6376812E-01   5.2487236E+06   5.6356666E+03   5.2543593E+06   1.1874568E-04   4.4093594E-01   3.6045816E-04
   4.7826087E-01   5.0565606E+06   4.6382670E+03   5.0611989E+06   1.7172810E-04   4.6423124E-01   3.2499104E-04
   4.9275362E-01   4.8335132E+06   4.1229790E+03   4.8376361E+06   1.5692214E-04   4.7070758E-01   2.4549314E-04
   5.0724638E-01   4.6228649E+06   3.3556910E+03   4.6262206E+06   6.0878348E-05   4.8601063E-01   2.9185724E-04
   5.2173913E-01   4.3797601E+06   2.8625608E+03   4.3826227E+06   6.5114342E-05   5.1233646E-01   2.8913445E-04
   5.3623188E-01   4.1447173E+06   2.6008800E+03   4.1473181E+06   3.4545016E-05   5.2945599E-01   3.6559378E-04
   5.5072464E-01   3.8977776E+06   1.8943417E+03   3.8996719E+06   6.5643349E-05   5.2506733E-01   2.3054622E-04
   5.6521739E-01   3.6724777E+06   1.2628945E+03   3.6737406E+06   1.1774095E-05   5.2773404E-01   1.8292157E-04
   5.7971014E-01   3.4254055E+06   1.1934353E+03   3.4265989E+06   3.2639385E-05   5.7685543E-01   1.8919729E-04
   5.9420290E-01   3.1850630E+06   7.7621807E+02   3.1858392E+06   2.4051495E-05   5.9658431E-01   1.2172787E-04
   6.0869565E-01   2.9512581E+06   8.2990208E+02   2.9520880E+06   1.2401214E-05   6.0099698E-01   1.7683868E-04
   6.2318841E-01   2.7083095E+06   5.1103172E+02   2.7088205E+06   1.0125644E-04   6.3749192E-01   2.1639587E-04
   6.3768116E-01   2.4729598E+06   2.5831932E+02   2.4732181E+06   3.7597968E-05   6.1833788E-01   9.5516226E-05
   6.5217391E-01   2.2316692E+06   3.0309467E+02   2.2319723E+06   1.5815096E-05   6.0668317E-01   9.7131543E-05
   6.6666667E-01   2.0110002E+06   1.3178029E+02   2.0111320E+06   1.8813099E-05   6.8032961E-01   6.3094719E-05
   6.8115942E-01   1.7738132E+06   1.6122057E+01   1.7738293E+06   3.8969359E-05   7.4539499E-01   4.5598152E-05
   6.9565217E-01   1.5533444E+06   9.4717086E+01   1.5534391E+06   2.9898904E-05   6.2346111E-01   6.5356843E-05
   7.1014493E-01   1.3296887E+06   4.6392042E+01   1.3297351E+06   1.3683350E-05   6.3858869E-01   3.4405735E-05
   7.2463768E-01   1.1079171E+06   1.5154734E+01   1.1079323E+06   4.3987251E-05   6.3310852E-01   4.3270136E-05
   7.3913043E-01   8.8271866E+05   0.0000000E+00   8.8271866E+05   3.4900489E-05   0.0000000E+00   3.4900489E-05
   7.5362319E-01   6.7278274E+05   1.4571859E+01   6.7279732E+05   8.9667792E-06   8.0914320E-01   1.0750741E-05
   7.6811594E-01   4.9361541E+05   0.0000000E+00   4.9361541E+05   2.5861566E-05   0.0000000E+00   2.5861566E-05
   7.8260870E-01   3.4119199E+05   0.0000000E+00   3.4119199E+05   4.2039223E-05   0.0000000E+00   4.2039223E-05
   7.9710145E-01   2.1578963E+05   0.0000000E+00   2.1578963E+05   2.8567585E-05   0.0000000E+00   2.8567585E-05
   8.1159420E-01   1.1639377E+05   0.0000000E+00   1.1639377E+05   5.8748591E-05   0.0000000E+00   5.8748591E-05
   8.2608696E-01   4.9837804E+04   0.0000000E+00   4.9837804E+04   6.2517563E-06   0.0000000E+00   6.2517563E-06
   8.4057971E-01   1.6565692E+04   0.0000000E+00   1.6565692E+04   3.5793670E-06   0.0000000E+00   3.5793670E-06
   8.5507246E-01   4.7775940E+03   0.0000000E+00   4.7775940E+03   1.6084662E-05   0.0000000E+00   1.6084662E-05
   8.6956522E-01   1.5912470E+03   0.0000000E+00   1.5912470E+03   2.6299196E-06   0.0000000E+00   2.6299196E-06
   8.8405797E-01   4.3476695E+02   0.0000000E+00   4.3476695E+02   6.0727806E-06   0.0000000E+00   6.0727806E-06
   8.9855072E-01   1.5888027E+02   0.0000000E+00   1.5888027E+02   4.6208082E-06   0.0000000E+00   4.6208082E-06
   9.1304348E-01   1.2027566E+01   0.0000000E+00   1.2027566E+01   3.2995095E-05   0.0000000E+00   3.2995095E-05
   9.2753623E-01   1.1839636E+01   0.0000000E+00   1.1839636E+01   2.8844689E-05   0.0000000E+00   2.8844689E-05
   9.4202899E-01   0.0000000E+00   0.0000000E+00   0.0000000E+00   0.0000000E+00   0.0000000E+00   0.0000000E+00
   9.5652174E-01   0.0000000E+00   0.0000000E+00   0.0000000E+00   0.0000000E+00   0.0000000E+00   0.0000000E+00
   9.7101449E-01   0.0000000E+00   0.0000000E+00   0.0000000E+00   0.0000000E+00   0.0000000E+00   0.0000000E+00
   9.8550725E-01   0.0000000E+00   0.0000000E+00   0.0000000E+00   0.0000000E+00   0.0000000E+00   0.0000000E+00
   1.0000000E+00   0.0000000E+00   0.0000000E+00   0.0000000E+00   0.0000000E+00   0.0000000E+00   0.0000000E+00
