   0.0000000E+00   2.6757198E+07   1.3378599E+07   4.0135797E+07   4.1369078E-04   7.4479376E-04   1.3900640E-04
   1.4492754E-02   2.6007038E+07   1.3367233E+07   3.9373514E+07   1.2878997E-04   8.2219820E-04   2.5167272E-04
   2.8985507E-02   2.6338169E+07   1.3502868E+07   3.9840658E+07   2.4718635E-04   4.5726666E-04   2.7493874E-04
   4.3478261E-02   2.6696831E+07   1.3787272E+07   4.0482082E+07   4.0946472E-04   4.9980081E-04   1.6250041E-04
   5.7971014E-02   2.7509441E+07   1.3913372E+07   4.1421297E+07   1.8459876E-04   2.9550089E-04   2.1302955E-04
   7.2463768E-02   2.8421339E+07   1.4527631E+07   4.2945636E+07   9.0609664E-05   1.0710593E-04   9.3653221E-05
   8.6956522E-02   2.9893975E+07   1.5290874E+07   4.5181692E+07   7.9135784E-05   4.2991440E-04   1.5304317E-04
   1.0144928E-01   3.1793008E+07   1.6376855E+07   4.8166615E+07   2.7465947E-04   3.0102143E-04   2.8355130E-04
   1.1594203E-01   3.4110085E+07   1.7496235E+07   5.1600163E+07   3.0369388E-04   2.5530607E-04   2.8514913E-04
   1.3043478E-01   3.6721098E+07   1.8838092E+07   5.5552791E+07   2.6772911E-04   2.6864654E-04   2.6629382E-04
   1.4492754E-01   3.9019954E+07   1.9975000E+07   5.8983587E+07   1.1221858E-04   2.7714242E-04   1.6808514E-04
   1.5942029E-01   4.0243395E+07   2.0621115E+07   6.0853902E+07   3.5217465E-04   3.2864512E-04   3.2952074E-04
   1.7391304E-01   3.9672756E+07   2.0332159E+07   5.9992729E+07   2.8766413E-04   2.8542555E-04   2.8278184E-04
   1.8840580E-01   3.6656969E+07   1.8750952E+07   5.5396497E+07   3.4498791E-04   2.8910040E-04   3.0884292E-04
   2.0289855E-01   3.0991539E+07   1.5845735E+07   4.6829318E+07   1.9966799E-04   1.1086300E-04   1.7092699E-04
   2.1739130E-01   2.3087075E+07   1.1744413E+07   3.4826083E+07   2.0489260E-04   5.8065274E-05   1.5103169E-04
   2.3188406E-01   1.3467491E+07   6.8037177E+06   2.0269172E+07   7.3134190E-04   5.4152784E-04   6.6846152E-04
   2.4637681E-01   4.5870259E+06   2.2223971E+06   6.8093784E+06   3.3479622E-03   3.4516126E-03   3.3830536E-03
   2.6086957E-01   2.5534463E+06   1.2121682E+06   3.7654041E+06   6.1998543E-03   5.8685957E-03   6.0736736E-03
   2.7536232E-01   2.1161990E+06   9.8585531E+05   3.1020145E+06   5.9196403E-03   4.8915786E-03   5.5563099E-03
   2.8985507E-01   1.7965558E+06   8.4195912E+05   2.6384770E+06   4.9542385E-03   3.4435457E-03   4.4630405E-03
   3.0434783E-01   1.6450103E+06   7.4128297E+05   2.3862932E+06   3.4264470E-03   3.6021529E-03   3.4236846E-03
   3.1884058E-01   1.4944290E+06   6.7772658E+05   2.1721900E+06   3.7468387E-03   3.6586827E-03   3.4005817E-03
   3.3333333E-01   1.3705480E+06   6.2332079E+05   1.9938358E+06   3.7475941E-03   2.6980134E-03   3.2824836E-03
   3.4782609E-01   1.2477082E+06   5.6498742E+05   1.8125693E+06   3.5498027E-03   4.7144356E-03   3.8527603E-03
   3.6231884E-01   1.1385145E+06   5.1498816E+05   1.6535027E+06   4.4860058E-03   5.7362303E-03   4.8642300E-03
   3.7681159E-01   1.0334654E+06   4.6373485E+05   1.4971711E+06   4.3767350E-03   4.6529304E-03   4.4634789E-03
   3.9130435E-01   9.4296121E+05   4.2259256E+05   1.3655818E+06   3.2364105E-03   5.9727145E-03   4.0699651E-03
   4.0579710E-01   8.6433400E+05   3.8942253E+05   1.2537565E+06   4.6334949E-03   7.7036654E-03   5.5833332E-03
   4.2028986E-01   8.1947916E+05   3.6185846E+05   1.1813115E+06   5.8249390E-03   2.9762626E-03   4.9524606E-03
   4.3478261E-01   7.7165378E+05   3.4194131E+05   1.1135698E+06   4.5770065E-03   4.5590766E-03   4.5624561E-03
   4.4927536E-01   7.2816051E+05   3.1981377E+05   1.0479498E+06   4.1323025E-03   3.2915352E-03   3.8733931E-03
   4.6376812E-01   6.7867160E+05   3.0273948E+05   9.8141108E+05   4.6887786E-03   4.6118964E-03   4.6532492E-03
   4.7826087E-01   6.5388083E+05   2.8424310E+05   9.3807801E+05   4.3368492E-03   4.0116471E-03   4.1117944E-03
   4.9275362E-01   6.2410759E+05   2.7044514E+05   8.9455273E+05   2.9931410E-03   6.3802378E-03   3.9554053E-03
   5.0724638E-01   5.8497272E+05   2.5594180E+05   8.4089287E+05   2.6858430E-03   4.5857455E-03   3.2646489E-03
   5.2173913E-01   5.5716799E+05   2.3719263E+05   7.9436062E+05   3.3078566E-03   4.8929324E-03   3.7620895E-03
   5.3623188E-01   5.2715946E+05   2.2365520E+05   7.5079418E+05   3.8468053E-03   4.0810367E-03   3.8154117E-03
   5.5072464E-01   4.9254879E+05   2.0863681E+05   7.0118560E+05   3.3842350E-03   5.6062061E-03   3.9717920E-03
   5.6521739E-01   4.6447316E+05   1.9382516E+05   6.5829832E+05   2.5722368E-03   2.5743631E-03   2.5290872E-03
   5.7971014E-01   4.2408628E+05   1.8310707E+05   6.0719335E+05   2.2998894E-03   3.5442154E-03   2.6636888E-03
   5.9420290E-01   3.9696162E+05   1.7233889E+05   5.6930051E+05   3.9401174E-03   3.5471139E-03   3.7919344E-03
   6.0869565E-01   3.7020849E+05   1.5640046E+05   5.2660895E+05   2.9923678E-03   3.9955420E-03   3.1932661E-03
   6.2318841E-01   3.3365085E+05   1.4204920E+05   4.7570004E+05   3.5758611E-03   3.5909972E-03   3.4935909E-03
   6.3768116E-01   3.0547121E+05   1.2893579E+05   4.3440700E+05   2.3678831E-03   3.0405918E-03   2.5321108E-03
   6.5217391E-01   2.7992477E+05   1.1746602E+05   3.9739079E+05   2.7004288E-03   3.2454104E-03   2.7902986E-03
   6.6666667E-01   2.4978955E+05   1.0415585E+05   3.5394539E+05   4.8759188E-03   1.6130486E-03   3.7761008E-03
   6.8115942E-01   2.2343559E+05   9.4491377E+04   3.1792697E+05   5.5064969E-03   3.2119915E-03   4.8225264E-03
   6.9565217E-01   1.9953733E+05   8.3572042E+04   2.8310937E+05   2.8986491E-03   2.9535348E-03   2.9065932E-03
   7.1014493E-01   1.7559388E+05   7.3716955E+04   2.4929537E+05   9.3324110E-03   5.2317765E-03   8.0253491E-03
   7.2463768E-01   1.5923079E+05   6.4877415E+04   2.2410820E+05   4.4251329E-03   5.9798057E-03   4.8576330E-03
   7.3913043E-01   1.3611031E+05   5.6934254E+04   1.9304456E+05   8.0087546E-03   7.3494480E-03   7.7645451E-03
   7.5362319E-01   1.1887723E+05   4.9005163E+04   1.6788239E+05   1.1224866E-02   9.7861817E-03   1.0518033E-02
   7.6811594E-01   1.0472493E+05   4.3219585E+04   1.4794451E+05   1.3035626E-02   1.4220201E-02   1.3377729E-02
   7.8260870E-01   9.1040659E+04   3.7199258E+04   1.2823992E+05   1.7327904E-02   1.4550781E-02   1.6400345E-02
   7.9710145E-01   7.9548575E+04   3.2376022E+04   1.1192460E+05   1.9108604E-02   1.8244603E-02   1.8751291E-02
   8.1159420E-01   6.9508810E+04   2.8604560E+04   9.8113370E+04   2.6805620E-02   2.4649765E-02   2.6124393E-02
   8.2608696E-01   5.8717946E+04   2.5018604E+04   8.3736550E+04   3.5689449E-02   3.0395863E-02   3.4105953E-02
   8.4057971E-01   5.0454812E+04   2.0498084E+04   7.0952895E+04   4.6889108E-02   4.4881425E-02   4.6295894E-02
   8.5507246E-01   4.2972660E+04   1.7389415E+04   6.0362075E+04   6.7804821E-02   5.9255605E-02   6.5340131E-02
   8.6956522E-01   3.3555106E+04   1.3576116E+04   4.7131222E+04   8.4823627E-02   7.7886596E-02   8.2817768E-02
   8.8405797E-01   2.4669919E+04   9.9375303E+03   3.4607449E+04   1.0104329E-01   9.1334435E-02   9.8233482E-02
   8.9855072E-01   1.7635710E+04   7.2229416E+03   2.4858652E+04   1.1776187E-01   9.6000041E-02   1.1143623E-01
   9.1304348E-01   1.1991484E+04   5.1357709E+03   1.7127255E+04   1.2049022E-01   1.1363815E-01   1.1843554E-01
   9.2753623E-01   7.0919418E+03   2.6875973E+03   9.7795391E+03   1.2517808E-01   1.0664012E-01   1.2006437E-01
   9.4202899E-01   2.9143719E+03   1.2473512E+03   4.1617230E+03   1.4901632E-01   1.0966542E-01   1.3712319E-01
   9.5652174E-01   3.9034920E+02   1.2628945E+02   5.1663865E+02   2.1744237E-01   1.0018132E-01   1.8773644E-01
   9.7101449E-01   0.0000000E+00   0.0000000E+00   0.0000000E+00   0.0000000E+00   0.0000000E+00   0.0000000E+00
   9.8550725E-01   0.0000000E+00   0.0000000E+00   0.0000000E+00   0.0000000E+00   0.0000000E+00   0.0000000E+00
   1.0000000E+00   0.0000000E+00   0.0000000E+00   0.0000000E+00   0.0000000E+00   0.0000000E+00   0.0000000E+00
