   0.0000000E+00   1.4900134E+07   1.2208653E+07   2.7108788E+07   3.7561583E-03   6.6100723E-04   1.8284733E-03
   1.4492754E-02   1.4886495E+07   1.2145004E+07   2.7031498E+07   6.6340031E-04   5.5923392E-04   1.3941269E-04
   2.8985507E-02   1.4764120E+07   1.2189331E+07   2.6953452E+07   3.0726976E-04   2.1212100E-04   2.1353104E-04
   4.3478261E-02   1.5025161E+07   1.2392278E+07   2.7417439E+07   2.4633975E-04   1.5766279E-04   2.0395817E-04
   5.7971014E-02   1.5175761E+07   1.2619347E+07   2.7794539E+07   2.7720228E-04   1.3782437E-05   1.5243242E-04
   7.2463768E-02   1.5335681E+07   1.2883797E+07   2.8219175E+07   2.7632830E-04   2.1665679E-04   2.5152346E-04
   8.6956522E-02   1.5767111E+07   1.3538229E+07   2.9304203E+07   2.8202668E-04   1.9380321E-04   2.0010276E-04
   1.0144928E-01   1.6090755E+07   1.4139800E+07   3.0229580E+07   4.0669978E-04   8.2964292E-05   1.8895951E-04
   1.1594203E-01   1.6570186E+07   1.5036527E+07   3.1604724E+07   1.4212293E-04   1.7072692E-04   1.2773308E-04
   1.3043478E-01   1.7019608E+07   1.5869448E+07   3.2887793E+07   1.2397622E-04   1.2607949E-04   1.0118025E-04
   1.4492754E-01   1.7354064E+07   1.6653006E+07   3.4004646E+07   2.4808357E-04   4.5207876E-05   1.0939720E-04
   1.5942029E-01   1.7406176E+07   1.6991419E+07   3.4394839E+07   1.5155051E-04   9.4208678E-05   1.0693799E-04
   1.7391304E-01   1.6972860E+07   1.6547201E+07   3.3516714E+07   1.1519490E-04   1.5685501E-04   5.1398570E-05
   1.8840580E-01   1.5854999E+07   1.5258485E+07   3.1109929E+07   1.5105865E-04   2.9489184E-05   7.3950023E-05
   2.0289855E-01   1.4078910E+07   1.3054829E+07   2.7131953E+07   2.5834927E-04   8.8979499E-05   1.5956942E-04
   2.1739130E-01   1.1637674E+07   9.9188742E+06   2.1555790E+07   2.1737267E-04   1.2597626E-04   7.9133273E-05
   2.3188406E-01   8.9098468E+06   6.2789377E+06   1.5188453E+07   8.8347860E-05   2.1503817E-04   1.0412223E-04
   2.4637681E-01   6.2858269E+06   2.8785079E+06   9.1640229E+06   1.8558371E-04   6.2121673E-04   3.1756959E-04
   2.6086957E-01   5.4266996E+06   2.0144009E+06   7.4408059E+06   2.7941347E-04   6.8189189E-04   2.1902145E-04
   2.7536232E-01   5.1150018E+06   1.7831538E+06   6.8981157E+06   8.6334990E-05   7.4284713E-04   1.3794826E-04
   2.8985507E-01   4.8942970E+06   1.6258377E+06   6.5199832E+06   5.4111565E-04   1.4484975E-03   7.4496923E-04
   3.0434783E-01   4.6398021E+06   1.4823855E+06   6.1220433E+06   3.0306073E-04   1.5565013E-03   5.3407597E-04
   3.1884058E-01   4.4279032E+06   1.3607573E+06   5.7885916E+06   3.2108393E-04   1.7002809E-03   6.2963855E-04
   3.3333333E-01   4.2277095E+06   1.2567228E+06   5.4843993E+06   5.2546543E-04   1.9810830E-03   8.5829363E-04
   3.4782609E-01   4.0619422E+06   1.1468660E+06   5.2087135E+06   6.5508639E-04   1.9749238E-03   9.4291763E-04
   3.6231884E-01   3.8559704E+06   1.0615588E+06   4.9175292E+06   9.5380992E-04   2.6099606E-03   1.3011088E-03
   3.7681159E-01   3.6952778E+06   9.7325448E+05   4.6684740E+06   1.2148924E-03   2.8928115E-03   1.5407813E-03
   3.9130435E-01   3.5328210E+06   9.0316600E+05   4.4359589E+06   7.2682930E-04   2.8898241E-03   1.1572170E-03
   4.0579710E-01   3.4193138E+06   8.3491758E+05   4.2541502E+06   5.4151493E-04   2.4761196E-03   9.1451878E-04
   4.2028986E-01   3.2890475E+06   7.8067782E+05   4.0696731E+06   9.2703774E-04   2.0735230E-03   1.1452576E-03
   4.3478261E-01   3.1634749E+06   7.3975307E+05   3.9031269E+06   7.2022041E-04   2.9702378E-03   1.0572643E-03
   4.4927536E-01   3.0336844E+06   6.8665609E+05   3.7202427E+06   9.1235681E-04   2.6675864E-03   1.2062942E-03
   4.6376812E-01   2.9238928E+06   6.4163722E+05   3.5654352E+06   1.1239146E-03   2.6894917E-03   1.3671042E-03
   4.7826087E-01   2.7922138E+06   5.9955341E+05   3.3918361E+06   9.7014231E-04   1.6703654E-03   1.0909335E-03
   4.9275362E-01   2.6801815E+06   5.5484154E+05   3.2350231E+06   9.8417771E-04   2.0598667E-03   1.1639833E-03
   5.0724638E-01   2.5480736E+06   5.1617023E+05   3.0641789E+06   9.3442281E-04   2.4668926E-03   1.1460074E-03
   5.2173913E-01   2.4254099E+06   4.7642694E+05   2.9017947E+06   1.1943355E-03   1.9780397E-03   1.3019116E-03
   5.3623188E-01   2.2823439E+06   4.4393130E+05   2.7262547E+06   8.0294041E-04   1.6594265E-03   9.2688436E-04
   5.5072464E-01   2.1517927E+06   4.1769238E+05   2.5694851E+06   1.2406611E-03   2.4140680E-03   1.4270823E-03
   5.6521739E-01   2.0381368E+06   3.8259874E+05   2.4206967E+06   9.7818832E-04   1.6416486E-03   1.0773484E-03
   5.7971014E-01   1.9113529E+06   3.4778219E+05   2.2591161E+06   1.2565179E-03   1.2198397E-03   1.2390977E-03
   5.9420290E-01   1.7943759E+06   3.1919196E+05   2.1135309E+06   1.1256766E-03   1.1946899E-03   1.1337524E-03
   6.0869565E-01   1.6712063E+06   2.9290131E+05   1.9641076E+06   1.8739423E-03   1.3655283E-03   1.7687060E-03
   6.2318841E-01   1.5635632E+06   2.6474967E+05   1.8282776E+06   1.6880329E-03   1.0264823E-03   1.5545626E-03
   6.3768116E-01   1.4614674E+06   2.4070195E+05   1.7021521E+06   1.7342211E-03   1.0725685E-03   1.6326915E-03
   6.5217391E-01   1.3436524E+06   2.2206736E+05   1.5656861E+06   1.9285790E-03   1.2869759E-03   1.7745598E-03
   6.6666667E-01   1.2308938E+06   1.9949889E+05   1.4303762E+06   1.4746892E-03   6.3158684E-04   1.3571122E-03
   6.8115942E-01   1.1270930E+06   1.7616572E+05   1.3032749E+06   1.5711456E-03   6.2691243E-04   1.4405651E-03
   6.9565217E-01   1.0369153E+06   1.6122427E+05   1.1981238E+06   1.7757884E-03   1.7704070E-03   1.7774779E-03
   7.1014493E-01   9.4859354E+05   1.4358337E+05   1.0921460E+06   2.4351879E-03   1.4370344E-03   2.2632390E-03
   7.2463768E-01   8.5798525E+05   1.2002549E+05   9.7801074E+05   2.8483995E-03   8.3103222E-04   2.5999001E-03
   7.3913043E-01   7.6589350E+05   1.0835635E+05   8.7424984E+05   4.3974965E-03   1.7548181E-03   4.0511727E-03
   7.5362319E-01   6.7203958E+05   9.5853691E+04   7.6789327E+05   5.0499627E-03   3.0025277E-03   4.7277249E-03
   7.6811594E-01   5.8760335E+05   8.0806184E+04   6.6839524E+05   8.2149833E-03   2.7719545E-03   7.5485085E-03
   7.8260870E-01   5.0828696E+05   6.5403902E+04   5.7369086E+05   1.2624339E-02   3.4466118E-03   1.1572859E-02
   7.9710145E-01   4.2409833E+05   5.3744196E+04   4.7784253E+05   2.0505803E-02   6.6772538E-03   1.8947345E-02
   8.1159420E-01   3.4447251E+05   4.4489968E+04   3.8894895E+05   3.2298320E-02   1.1455751E-02   2.9901892E-02
   8.2608696E-01   2.6050190E+05   3.0974149E+04   2.9147604E+05   4.8753745E-02   1.8577760E-02   4.5546990E-02
   8.4057971E-01   1.8024988E+05   2.0485019E+04   2.0073490E+05   7.0761777E-02   1.8383072E-02   6.5416522E-02
   8.5507246E-01   1.2304873E+05   1.2457705E+04   1.3550644E+05   9.2657659E-02   3.0529602E-02   8.6945688E-02
   8.6956522E-01   8.0395862E+04   7.9941220E+03   8.8389984E+04   1.0861112E-01   5.1148256E-02   1.0340826E-01
   8.8405797E-01   4.8693898E+04   4.4967325E+03   5.3190631E+04   1.2221785E-01   4.7292477E-02   1.1587340E-01
   8.9855072E-01   2.8390683E+04   2.6276353E+03   3.1018318E+04   1.4176388E-01   5.8412881E-02   1.3470082E-01
   9.1304348E-01   1.5335147E+04   1.2388393E+03   1.6573987E+04   1.5193853E-01   7.9857209E-02   1.4655045E-01
   9.2753623E-01   7.7312821E+03   4.2622688E+02   8.1575090E+03   1.6438294E-01   7.7753847E-02   1.5984419E-01
   9.4202899E-01   2.8094545E+03   2.9143719E+02   3.1008917E+03   1.7475151E-01   1.1426539E-01   1.6906083E-01
   9.5652174E-01   2.4109804E+02   0.0000000E+00   2.4109804E+02   1.5539465E-01   0.0000000E+00   1.5539465E-01
   9.7101449E-01   0.0000000E+00   0.0000000E+00   0.0000000E+00   0.0000000E+00   0.0000000E+00   0.0000000E+00
   9.8550725E-01   0.0000000E+00   0.0000000E+00   0.0000000E+00   0.0000000E+00   0.0000000E+00   0.0000000E+00
   1.0000000E+00   0.0000000E+00   0.0000000E+00   0.0000000E+00   0.0000000E+00   0.0000000E+00   0.0000000E+00
