   0.0000000E+00   2.8490899E+07   1.4306069E+07   4.2796968E+07   1.4351363E-03   1.9695636E-04   9.2523453E-04
   1.4492754E-02   2.8438615E+07   1.4442461E+07   4.2881077E+07   5.6915478E-04   1.3212174E-03   2.2678039E-04
   2.8985507E-02   2.8430659E+07   1.4538315E+07   4.2968974E+07   4.4409315E-04   5.2232108E-04   4.1305343E-04
   4.3478261E-02   2.8912706E+07   1.4673571E+07   4.3585772E+07   5.8784198E-04   4.9673030E-04   4.0883272E-04
   5.7971014E-02   2.9409276E+07   1.4875129E+07   4.4284026E+07   4.7053398E-04   1.7032897E-04   2.9549115E-04
   7.2463768E-02   3.0234755E+07   1.5452524E+07   4.5685157E+07   3.7514874E-05   3.8939822E-04   1.5667455E-04
   8.6956522E-02   3.1438242E+07   1.6030677E+07   4.7467278E+07   2.4872758E-04   1.2722391E-04   1.6434259E-04
   1.0144928E-01   3.3133552E+07   1.6861806E+07   4.9992435E+07   3.3643334E-04   1.5090418E-04   1.9119349E-04
   1.1594203E-01   3.5295564E+07   1.7993878E+07   5.3286127E+07   2.5033682E-04   3.3958607E-04   2.7769095E-04
   1.3043478E-01   3.7484897E+07   1.9158614E+07   5.6638712E+07   2.7286278E-04   1.0394153E-04   1.9733329E-04
   1.4492754E-01   3.9395943E+07   2.0220582E+07   5.9611069E+07   4.8724707E-04   4.9998497E-05   3.3452571E-04
   1.5942029E-01   4.0408720E+07   2.0701366E+07   6.1103404E+07   3.7412622E-04   1.3575149E-04   2.2390777E-04
   1.7391304E-01   3.9468168E+07   2.0259669E+07   5.9720196E+07   4.4445873E-04   3.0386196E-04   3.9559486E-04
   1.8840580E-01   3.6362501E+07   1.8722857E+07   5.5078422E+07   7.3178767E-04   3.7021703E-04   6.0406924E-04
   2.0289855E-01   3.0911273E+07   1.5829336E+07   4.6736657E+07   1.1497530E-03   6.0647447E-04   9.5594211E-04
   2.1739130E-01   2.3195482E+07   1.1796849E+07   3.4989047E+07   1.8897032E-03   8.6567773E-04   1.5442779E-03
   2.3188406E-01   1.4076048E+07   7.0510240E+06   2.1125793E+07   3.7244528E-03   1.9881766E-03   3.1403071E-03
   2.4637681E-01   5.6431325E+06   2.6818084E+06   8.3248518E+06   1.1735468E-02   6.0850669E-03   9.8985358E-03
   2.6086957E-01   3.9022597E+06   1.8213043E+06   5.7232694E+06   2.0163550E-02   1.1654638E-02   1.7449673E-02
   2.7536232E-01   3.3892764E+06   1.5802798E+06   4.9695562E+06   2.4530654E-02   1.3375809E-02   2.0975625E-02
   2.8985507E-01   2.9989702E+06   1.3701774E+06   4.3689582E+06   3.0497469E-02   1.4990293E-02   2.5621470E-02
   3.0434783E-01   2.6372845E+06   1.2070024E+06   3.8442869E+06   3.3242493E-02   1.7979117E-02   2.8439409E-02
   3.1884058E-01   2.3150233E+06   1.0619335E+06   3.3768535E+06   3.7885867E-02   2.0077710E-02   3.2284054E-02
   3.3333333E-01   2.0131087E+06   9.1636721E+05   2.9294430E+06   4.1600678E-02   2.2102420E-02   3.5497084E-02
   3.4782609E-01   1.7426681E+06   7.8953005E+05   2.5321666E+06   4.5182283E-02   2.6426253E-02   3.9329679E-02
   3.6231884E-01   1.5003186E+06   6.7108192E+05   2.1713702E+06   4.6502251E-02   2.6770423E-02   4.0403402E-02
   3.7681159E-01   1.2497409E+06   5.5037913E+05   1.8000909E+06   5.1918883E-02   3.0593332E-02   4.5398033E-02
   3.9130435E-01   1.0094736E+06   4.3763503E+05   1.4470806E+06   5.1573084E-02   3.0845665E-02   4.5284542E-02
   4.0579710E-01   8.1567648E+05   3.5348416E+05   1.1691336E+06   4.7877350E-02   3.0508123E-02   4.2625608E-02
   4.2028986E-01   6.7597951E+05   2.8514415E+05   9.6112366E+05   5.0529860E-02   3.1054920E-02   4.4749903E-02
   4.3478261E-01   5.7562730E+05   2.4121284E+05   8.1686540E+05   4.3221094E-02   2.9407991E-02   3.9129227E-02
   4.4927536E-01   4.9054895E+05   2.0324453E+05   6.9379349E+05   3.8707375E-02   2.9163350E-02   3.5875596E-02
   4.6376812E-01   4.2615585E+05   1.7368746E+05   5.9984330E+05   3.9448364E-02   3.0820532E-02   3.6949056E-02
   4.7826087E-01   3.7687067E+05   1.5007779E+05   5.2694846E+05   3.5368432E-02   2.5793759E-02   3.2627254E-02
   4.9275362E-01   3.3144294E+05   1.2926096E+05   4.6070390E+05   3.4908027E-02   2.7576208E-02   3.2836317E-02
   5.0724638E-01   2.9226986E+05   1.1088935E+05   4.0315922E+05   3.7669789E-02   2.8578613E-02   3.5167910E-02
   5.2173913E-01   2.5678854E+05   1.0016858E+05   3.5695712E+05   3.1974833E-02   2.6489767E-02   3.0347891E-02
   5.3623188E-01   2.2662471E+05   8.9453887E+04   3.1607859E+05   3.1358368E-02   2.6140027E-02   2.9880890E-02
   5.5072464E-01   1.9754993E+05   7.4856408E+04   2.7240634E+05   3.1109276E-02   2.3273550E-02   2.8927368E-02
   5.6521739E-01   1.7099591E+05   6.4465906E+04   2.3546182E+05   3.2468818E-02   2.7392990E-02   3.1076655E-02
   5.7971014E-01   1.4558016E+05   5.5788363E+04   2.0136852E+05   3.4243752E-02   2.3551291E-02   3.1258773E-02
   5.9420290E-01   1.2742913E+05   4.7792855E+04   1.7522199E+05   3.2561180E-02   2.3056125E-02   2.9968228E-02
   6.0869565E-01   1.0552385E+05   4.1080153E+04   1.4660401E+05   3.1158315E-02   1.8094168E-02   2.7422978E-02
   6.2318841E-01   8.8672814E+04   3.5296432E+04   1.2396925E+05   3.2779591E-02   2.6770531E-02   3.1064945E-02
   6.3768116E-01   7.0676167E+04   2.7605725E+04   9.8281892E+04   3.8285060E-02   2.4692402E-02   3.4380161E-02
   6.5217391E-01   5.9793844E+04   2.1182950E+04   8.0976794E+04   4.0032166E-02   2.2172021E-02   3.5328010E-02
   6.6666667E-01   4.8478675E+04   1.7773867E+04   6.6252542E+04   3.7378707E-02   2.1450424E-02   3.3098328E-02
   6.8115942E-01   3.6806656E+04   1.4090678E+04   5.0897334E+04   4.4987208E-02   2.1524707E-02   3.8408274E-02
   6.9565217E-01   3.0467329E+04   1.0466238E+04   4.0933567E+04   5.0079559E-02   1.7349153E-02   4.1700029E-02
   7.1014493E-01   2.3134165E+04   8.4742797E+03   3.1608445E+04   5.0460833E-02   1.7212636E-02   4.1467010E-02
   7.2463768E-01   1.9685999E+04   6.9408680E+03   2.6626867E+04   5.4107270E-02   2.8430363E-02   4.7321644E-02
   7.3913043E-01   1.5065588E+04   5.4081599E+03   2.0473748E+04   6.1375132E-02   2.3295297E-02   5.1118992E-02
   7.5362319E-01   1.1934353E+04   4.1529799E+03   1.6087333E+04   6.2125485E-02   4.6313972E-02   5.7989495E-02
   7.6811594E-01   9.9792492E+03   3.5170420E+03   1.3496291E+04   6.7424228E-02   2.2348994E-02   5.5677264E-02
   7.8260870E-01   7.2405950E+03   2.9467538E+03   1.0187349E+04   7.3863906E-02   8.8240562E-03   5.5000847E-02
   7.9710145E-01   5.7312447E+03   2.4523115E+03   8.1835562E+03   8.4692248E-02   2.0515405E-02   6.5401742E-02
   8.1159420E-01   4.5328891E+03   2.2326170E+03   6.7655061E+03   5.8086795E-02   2.9296527E-02   4.8071008E-02
   8.2608696E-01   4.0279687E+03   1.6085288E+03   5.6364974E+03   9.4195751E-02   3.7654598E-02   7.5593178E-02
   8.4057971E-01   3.0178823E+03   1.3978935E+03   4.4157758E+03   7.1749232E-02   4.6781668E-02   6.3792595E-02
   8.5507246E-01   2.5557559E+03   8.8616663E+02   3.4419226E+03   9.0062786E-02   2.9078185E-02   7.3388331E-02
   8.6956522E-01   1.9827443E+03   8.3351035E+02   2.8162547E+03   1.0710887E-01   3.2203657E-02   8.4824756E-02
   8.8405797E-01   1.8260212E+03   7.7015860E+02   2.5961798E+03   1.1521643E-01   2.1902238E-02   8.6924492E-02
   8.9855072E-01   1.0388326E+03   4.1553302E+02   1.4543656E+03   1.3236726E-01   9.3794926E-02   1.1996442E-01
   9.1304348E-01   9.5017775E+02   2.2852376E+02   1.1787015E+03   1.2020295E-01   5.2927793E-02   1.0690857E-01
   9.2753623E-01   4.1438725E+02   1.7759454E+02   5.9198178E+02   1.4477514E-01   4.8750277E-02   1.1464079E-01
   9.4202899E-01   1.8651980E+02   9.3259900E+01   2.7977970E+02   1.7144812E-01   4.3365352E-02   1.2532827E-01
   9.5652174E-01   2.2961718E+01   0.0000000E+00   2.2961718E+01   2.5273514E-01   0.0000000E+00   2.5273514E-01
   9.7101449E-01   0.0000000E+00   0.0000000E+00   0.0000000E+00   0.0000000E+00   0.0000000E+00   0.0000000E+00
   9.8550725E-01   0.0000000E+00   0.0000000E+00   0.0000000E+00   0.0000000E+00   0.0000000E+00   0.0000000E+00
   1.0000000E+00   0.0000000E+00   0.0000000E+00   0.0000000E+00   0.0000000E+00   0.0000000E+00   0.0000000E+00
