   0.0000000E+00   2.0925656E+07   1.1396360E+07   3.2322016E+07   8.0473436E-04   6.2382847E-04   4.8774492E-04
   1.4492754E-02   2.0999157E+07   1.1729764E+07   3.2728921E+07   5.2669145E-04   2.0501653E-04   4.0438758E-04
   2.8985507E-02   2.1130245E+07   1.1973376E+07   3.3102485E+07   2.3384671E-04   3.7856588E-04   2.6744687E-04
   4.3478261E-02   2.1129740E+07   1.1983101E+07   3.3111578E+07   1.4940274E-04   1.3035444E-04   1.1048150E-04
   5.7971014E-02   2.1568217E+07   1.2304128E+07   3.3871209E+07   2.0371422E-04   1.6388361E-04   1.7551732E-04
   7.2463768E-02   2.2266396E+07   1.2729370E+07   3.4994705E+07   6.1074800E-05   1.1476512E-04   2.7329925E-05
   8.6956522E-02   2.3262516E+07   1.3272516E+07   3.6534148E+07   1.1675445E-04   1.4271971E-04   1.0669729E-04
   1.0144928E-01   2.4541143E+07   1.4119016E+07   3.8657452E+07   5.1515072E-05   8.4105263E-05   6.3336527E-05
   1.1594203E-01   2.6074098E+07   1.5049882E+07   4.1120665E+07   8.6088036E-05   9.0993654E-05   7.7588202E-05
   1.3043478E-01   2.7750927E+07   1.6020322E+07   4.3767460E+07   5.6992073E-06   2.5456131E-05   6.4470208E-06
   1.4492754E-01   2.9146190E+07   1.6921473E+07   4.6062131E+07   7.4916193E-05   1.4800672E-05   4.9736186E-05
   1.5942029E-01   2.9849866E+07   1.7372629E+07   4.7215950E+07   8.0141472E-05   6.0225680E-05   2.9049850E-05
   1.7391304E-01   2.9288922E+07   1.7019524E+07   4.6303521E+07   1.5873276E-05   2.3273229E-05   4.4942232E-06
   1.8840580E-01   2.7257304E+07   1.5714410E+07   4.2964952E+07   2.7406261E-05   3.6266050E-05   1.9829464E-05
   2.0289855E-01   2.3368383E+07   1.3399328E+07   3.6761379E+07   4.0868911E-05   1.5649719E-05   2.8510846E-05
   2.1739130E-01   1.8029738E+07   1.0114522E+07   2.8141128E+07   1.0422016E-04   4.9279521E-05   6.5005137E-05
   2.3188406E-01   1.1600001E+07   6.2426137E+06   1.7841621E+07   1.3600757E-04   1.3703729E-04   1.2366187E-04
   2.4637681E-01   5.6480801E+06   2.5938664E+06   8.2415899E+06   2.7735382E-04   6.3797476E-04   3.6770238E-04
   2.6086957E-01   4.2540600E+06   1.8127587E+06   6.0665241E+06   2.8924351E-04   4.9267270E-04   3.4962306E-04
   2.7536232E-01   3.9600516E+06   1.6576088E+06   5.6176205E+06   4.6697593E-04   5.4280014E-04   4.8919114E-04
   2.8985507E-01   3.7372331E+06   1.5426382E+06   5.2797956E+06   6.7523528E-04   9.4855674E-04   7.1628273E-04
   3.0434783E-01   3.5012486E+06   1.4479626E+06   4.9491391E+06   6.2527310E-04   3.5995338E-04   5.1600081E-04
   3.1884058E-01   3.3143058E+06   1.3412628E+06   4.6555686E+06   6.2049055E-04   6.6119942E-04   6.3207593E-04
   3.3333333E-01   3.1017786E+06   1.2365933E+06   4.3383390E+06   1.1053851E-03   1.1081576E-03   1.0939185E-03
   3.4782609E-01   2.9451646E+06   1.1637257E+06   4.1088272E+06   1.0688794E-03   1.0993947E-03   1.0774893E-03
   3.6231884E-01   2.7472804E+06   1.0776834E+06   3.8249335E+06   1.4212084E-03   1.3053637E-03   1.3827871E-03
   3.7681159E-01   2.5674742E+06   9.9633631E+05   3.5636356E+06   1.0308153E-03   1.3230731E-03   1.1122415E-03
   3.9130435E-01   2.4235787E+06   9.2530875E+05   3.3488032E+06   9.9005956E-04   1.1593975E-03   1.0268308E-03
   4.0579710E-01   2.2539960E+06   8.5984170E+05   3.1138377E+06   1.4673084E-03   1.2481410E-03   1.3675957E-03
   4.2028986E-01   2.1407890E+06   8.0847891E+05   2.9492418E+06   1.0413838E-03   1.7906435E-03   1.2434742E-03
   4.3478261E-01   1.9983790E+06   7.5220521E+05   2.7505842E+06   2.0035638E-03   1.3967896E-03   1.8251823E-03
   4.4927536E-01   1.8739317E+06   6.9943985E+05   2.5733471E+06   1.3223593E-03   1.9423064E-03   1.4740247E-03
   4.6376812E-01   1.7590384E+06   6.5300327E+05   2.4120653E+06   1.5289866E-03   2.1755446E-03   1.7035994E-03
   4.7826087E-01   1.6386171E+06   6.0350283E+05   2.2420510E+06   1.2798684E-03   1.1904205E-03   1.2522577E-03
   4.9275362E-01   1.5354420E+06   5.5816221E+05   2.0936042E+06   1.4663946E-03   1.0409168E-03   1.2057112E-03
   5.0724638E-01   1.4177470E+06   5.1930942E+05   1.9370781E+06   2.2446726E-03   1.3715541E-03   2.0044892E-03
   5.2173913E-01   1.3273442E+06   4.7518509E+05   1.8025082E+06   1.1062730E-03   1.8342939E-03   1.2874814E-03
   5.3623188E-01   1.2243182E+06   4.3850427E+05   1.6628020E+06   2.1881331E-03   1.5756804E-03   1.9661251E-03
   5.5072464E-01   1.1333747E+06   3.9753259E+05   1.5308873E+06   2.0046131E-03   1.5097238E-03   1.8629548E-03
   5.6521739E-01   1.0440834E+06   3.6417991E+05   1.4082633E+06   2.9813783E-03   1.9687480E-03   2.7123250E-03
   5.7971014E-01   9.5630158E+05   3.2957757E+05   1.2858602E+06   2.5165816E-03   1.7841162E-03   2.2890638E-03
   5.9420290E-01   8.7376280E+05   2.9880699E+05   1.1725328E+06   3.2493279E-03   3.3930918E-03   3.2838560E-03
   6.0869565E-01   7.9291732E+05   2.7054808E+05   1.0634113E+06   3.3677151E-03   3.4327459E-03   3.3789278E-03
   6.2318841E-01   7.2275744E+05   2.4032588E+05   9.6308333E+05   3.9196108E-03   3.1264486E-03   3.7214617E-03
   6.3768116E-01   6.5182576E+05   2.1490446E+05   8.6671300E+05   3.9872215E-03   4.2681848E-03   4.0437520E-03
   6.5217391E-01   5.8857618E+05   1.9019191E+05   7.7876809E+05   4.6017012E-03   3.8018708E-03   4.3521873E-03
   6.6666667E-01   5.2998739E+05   1.7037545E+05   7.0034637E+05   6.1731897E-03   6.8335165E-03   6.3339721E-03
   6.8115942E-01   4.8509658E+05   1.4832293E+05   6.3341950E+05   7.0134359E-03   4.2753783E-03   6.2052694E-03
   6.9565217E-01   4.3489350E+05   1.3484556E+05   5.6973906E+05   7.9455724E-03   5.8467538E-03   7.3001803E-03
   7.1014493E-01   3.9406947E+05   1.1867084E+05   5.1274031E+05   9.2753123E-03   4.9790389E-03   8.2769608E-03
   7.2463768E-01   3.5502995E+05   1.0715912E+05   4.6218907E+05   1.0662546E-02   8.9113746E-03   1.0246758E-02
   7.3913043E-01   3.2544048E+05   9.8015469E+04   4.2345595E+05   1.2792617E-02   1.0474869E-02   1.2254160E-02
   7.5362319E-01   2.9245722E+05   8.6906569E+04   3.7936379E+05   1.7257942E-02   1.1159444E-02   1.5832125E-02
   7.6811594E-01   2.6247713E+05   7.5502027E+04   3.3797915E+05   1.9032481E-02   1.9136402E-02   1.9054616E-02
   7.8260870E-01   2.3499660E+05   6.7326308E+04   3.0232290E+05   3.4158152E-02   3.2066015E-02   3.3608835E-02
   7.9710145E-01   1.9732841E+05   5.6664927E+04   2.5399334E+05   5.9288338E-02   4.7058835E-02   5.6555225E-02
   8.1159420E-01   1.5882702E+05   4.5748352E+04   2.0457537E+05   8.9523550E-02   9.1444809E-02   8.9950889E-02
   8.2608696E-01   1.2591723E+05   3.3858866E+04   1.5977609E+05   1.3138961E-01   1.1388435E-01   1.2767906E-01
   8.4057971E-01   8.5754890E+04   2.4234509E+04   1.0998940E+05   1.6951129E-01   1.6648865E-01   1.6883654E-01
   8.5507246E-01   5.8769543E+04   1.6079429E+04   7.4848973E+04   1.9855747E-01   1.9730177E-01   1.9827897E-01
   8.6956522E-01   4.0602057E+04   1.0317848E+04   5.0919905E+04   2.3125489E-01   2.1103347E-01   2.2715640E-01
   8.8405797E-01   2.5961798E+04   7.2668190E+03   3.3228617E+04   2.3438944E-01   2.2165460E-01   2.3158917E-01
   8.9855072E-01   1.5044740E+04   4.2653242E+03   1.9310064E+04   2.5092271E-01   2.4775616E-01   2.5021822E-01
   9.1304348E-01   9.4175845E+03   2.4415960E+03   1.1859180E+04   2.6017661E-01   2.2425931E-01   2.5278086E-01
   9.2753623E-01   4.7595335E+03   1.1247654E+03   5.8842989E+03   2.8074142E-01   2.4334849E-01   2.7359379E-01
   9.4202899E-01   1.8535405E+03   3.8469709E+02   2.2382376E+03   2.9320027E-01   2.9256679E-01   2.9309126E-01
   9.5652174E-01   2.0665546E+02   3.4442577E+01   2.4109804E+02   3.1805185E-01   1.4264945E-01   2.9251990E-01
   9.7101449E-01   0.0000000E+00   0.0000000E+00   0.0000000E+00   0.0000000E+00   0.0000000E+00   0.0000000E+00
   9.8550725E-01   0.0000000E+00   0.0000000E+00   0.0000000E+00   0.0000000E+00   0.0000000E+00   0.0000000E+00
   1.0000000E+00   0.0000000E+00   0.0000000E+00   0.0000000E+00   0.0000000E+00   0.0000000E+00   0.0000000E+00
