   0.0000000E+00   3.0382210E+07   1.4621287E+07   4.5003497E+07   1.4349151E-03   7.0548934E-05   9.6710057E-04
   1.4492754E-02   2.9606288E+07   1.5108512E+07   4.4714799E+07   8.6385887E-04   1.7896362E-05   5.7789018E-04
   2.8985507E-02   3.0086314E+07   1.5208912E+07   4.5295226E+07   3.3920383E-04   6.2968363E-06   2.2545962E-04
   4.3478261E-02   3.0333210E+07   1.5370183E+07   4.5703393E+07   3.9628122E-04   7.9399031E-06   2.6220508E-04
   5.7971014E-02   3.1225382E+07   1.5953767E+07   4.7179149E+07   2.0251826E-04   5.7173901E-06   1.3587105E-04
   7.2463768E-02   3.2047564E+07   1.6686726E+07   4.8734289E+07   4.4460830E-04   5.7442758E-06   2.9067302E-04
   8.6956522E-02   3.3136709E+07   1.7536805E+07   5.0673514E+07   2.5284047E-04   1.4575737E-06   1.6571238E-04
   1.0144928E-01   3.4206182E+07   1.8883123E+07   5.3089305E+07   1.4611179E-04   4.5910374E-06   9.5622466E-05
   1.1594203E-01   3.4853614E+07   2.0567247E+07   5.5420861E+07   1.1287548E-04   7.2734084E-06   6.8508984E-05
   1.3043478E-01   3.4484681E+07   2.2363672E+07   5.6848353E+07   2.0801733E-04   3.4989781E-06   1.2677946E-04
   1.4492754E-01   3.2982611E+07   2.3793614E+07   5.6776225E+07   2.7641784E-04   5.0122669E-06   1.5934804E-04
   1.5942029E-01   3.0273234E+07   2.4690023E+07   5.4963257E+07   3.1182210E-04   6.3036764E-06   1.7200114E-04
   1.7391304E-01   2.6970248E+07   2.4324989E+07   5.1295237E+07   1.9657994E-04   3.4334509E-06   1.0176205E-04
   1.8840580E-01   2.3689996E+07   2.2315812E+07   4.6005808E+07   7.9964353E-05   1.1702019E-05   4.6327700E-05
   2.0289855E-01   2.0884738E+07   1.8501927E+07   3.9386666E+07   1.5712205E-04   1.1012578E-05   8.8392837E-05
   2.1739130E-01   1.8682857E+07   1.3153450E+07   3.1836307E+07   8.3421990E-05   2.3315083E-05   5.8145698E-05
   2.3188406E-01   1.6985710E+07   6.9402524E+06   2.3925962E+07   7.3424696E-05   5.1616638E-05   5.4820035E-05
   2.4637681E-01   1.5617443E+07   1.3596025E+06   1.6977046E+07   3.7119641E-05   3.6267046E-04   6.3154573E-05
   2.6086957E-01   1.3443133E+07   7.4679160E+04   1.3517812E+07   6.2738595E-05   8.5768528E-03   1.0970906E-04
   2.7536232E-01   1.1596961E+07   8.1755800E+03   1.1605136E+07   9.4858193E-05   7.2609177E-02   1.4594167E-04
   2.8985507E-01   9.6775856E+06   2.9551731E+03   9.6805408E+06   1.3318850E-04   3.2615477E-01   2.3264960E-04
   3.0434783E-01   7.7307183E+06   2.5979543E+03   7.7333163E+06   1.6326545E-04   3.0449071E-01   2.6547048E-04
   3.1884058E-01   5.8376034E+06   1.7565714E+03   5.8393600E+06   2.2137434E-04   4.0336395E-01   3.4061106E-04
   3.3333333E-01   4.0827841E+06   2.1414298E+03   4.0849255E+06   4.7457462E-04   3.9802086E-01   6.8171447E-04
   3.4782609E-01   2.4817771E+06   2.3047824E+03   2.4840819E+06   7.4191055E-04   3.8582390E-01   1.0934039E-03
   3.6231884E-01   1.2705426E+06   2.2732101E+03   1.2728158E+06   1.5305066E-03   4.7064848E-01   2.3574377E-03
   3.7681159E-01   4.7448888E+05   2.2149226E+03   4.7670381E+05   5.0766149E-03   4.7276230E-01   7.2484438E-03
   3.9130435E-01   9.8926734E+04   2.1328884E+03   1.0105962E+05   2.0385081E-02   5.5421020E-01   3.1632635E-02
   4.0579710E-01   1.0581252E+04   1.1095430E+03   1.1690795E+04   1.3509206E-01   5.8199417E-01   1.7697858E-01
   4.2028986E-01   3.9715854E+03   1.0974117E+03   5.0689971E+03   3.4798262E-01   5.5634896E-01   3.9300734E-01
   4.3478261E-01   2.8541415E+03   7.0722091E+02   3.5613624E+03   3.9425563E-01   5.7280388E-01   4.2970498E-01
   4.4927536E-01   2.5909706E+03   8.7995228E+02   3.4709229E+03   4.4165637E-01   6.2130235E-01   4.8515808E-01
   4.6376812E-01   1.3733977E+03   7.5773668E+02   2.1311344E+03   4.9762040E-01   6.1869346E-01   5.3938423E-01
   4.7826087E-01   1.5384351E+03   5.9700466E+02   2.1354397E+03   5.5076928E-01   6.2694618E-01   5.6828722E-01
   4.9275362E-01   8.6916855E+02   4.4572746E+02   1.3148960E+03   4.8577413E-01   6.0981600E-01   5.2162544E-01
   5.0724638E-01   9.3093364E+02   3.6804353E+02   1.2989772E+03   5.3774274E-01   6.7619860E-01   5.7337408E-01
   5.2173913E-01   8.4192965E+02   2.5257889E+02   1.0945085E+03   6.1628058E-01   5.8818589E-01   6.0025239E-01
   5.3623188E-01   7.3725731E+02   2.2527307E+02   9.6253038E+02   5.5868027E-01   6.5547699E-01   5.8125653E-01
   5.5072464E-01   4.3868966E+02   1.3958307E+02   5.7827273E+02   5.9290908E-01   7.6024706E-01   6.1593566E-01
   5.6521739E-01   2.9143719E+02   1.1657487E+02   4.0801206E+02   6.3219819E-01   8.5192790E-01   6.7733816E-01
   5.7971014E-01   2.4626442E+02   1.3260392E+02   3.7886834E+02   5.8021748E-01   7.0567617E-01   6.2233061E-01
   5.9420290E-01   2.0329521E+02   1.8481383E+02   3.8810903E+02   8.0775643E-01   6.6317997E-01   7.3888587E-01
   6.0869565E-01   2.8866159E+02   7.2165398E+01   3.6082699E+02   6.4226730E-01   7.9176964E-01   6.6971025E-01
   6.2318841E-01   2.2908318E+02   5.2865350E+01   2.8194853E+02   7.9105071E-01   8.0882342E-01   7.9012689E-01
   6.3768116E-01   5.1663865E+01   5.1663865E+01   1.0332773E+02   9.1277337E-01   7.5369054E-01   8.3189564E-01
   6.5217391E-01   6.7354372E+01   5.0515779E+01   1.1787015E+02   7.5809524E-01   7.7200169E-01   7.6296298E-01
   6.6666667E-01   1.6472537E+01   0.0000000E+00   1.6472537E+01   8.8414969E-01   0.0000000E+00   8.8414969E-01
   6.8115942E-01   0.0000000E+00   3.2244114E+01   3.2244114E+01   0.0000000E+00   8.6809076E-01   8.6809076E-01
   6.9565217E-01   0.0000000E+00   0.0000000E+00   0.0000000E+00   0.0000000E+00   0.0000000E+00   0.0000000E+00
   7.1014493E-01   0.0000000E+00   0.0000000E+00   0.0000000E+00   0.0000000E+00   0.0000000E+00   0.0000000E+00
   7.2463768E-01   0.0000000E+00   0.0000000E+00   0.0000000E+00   0.0000000E+00   0.0000000E+00   0.0000000E+00
   7.3913043E-01   0.0000000E+00   0.0000000E+00   0.0000000E+00   0.0000000E+00   0.0000000E+00   0.0000000E+00
   7.5362319E-01   0.0000000E+00   0.0000000E+00   0.0000000E+00   0.0000000E+00   0.0000000E+00   0.0000000E+00
   7.6811594E-01   0.0000000E+00   0.0000000E+00   0.0000000E+00   0.0000000E+00   0.0000000E+00   0.0000000E+00
   7.8260870E-01   0.0000000E+00   0.0000000E+00   0.0000000E+00   0.0000000E+00   0.0000000E+00   0.0000000E+00
   7.9710145E-01   0.0000000E+00   0.0000000E+00   0.0000000E+00   0.0000000E+00   0.0000000E+00   0.0000000E+00
   8.1159420E-01   0.0000000E+00   0.0000000E+00   0.0000000E+00   0.0000000E+00   0.0000000E+00   0.0000000E+00
   8.2608696E-01   0.0000000E+00   0.0000000E+00   0.0000000E+00   0.0000000E+00   0.0000000E+00   0.0000000E+00
   8.4057971E-01   0.0000000E+00   0.0000000E+00   0.0000000E+00   0.0000000E+00   0.0000000E+00   0.0000000E+00
   8.5507246E-01   0.0000000E+00   0.0000000E+00   0.0000000E+00   0.0000000E+00   0.0000000E+00   0.0000000E+00
   8.6956522E-01   0.0000000E+00   0.0000000E+00   0.0000000E+00   0.0000000E+00   0.0000000E+00   0.0000000E+00
   8.8405797E-01   0.0000000E+00   0.0000000E+00   0.0000000E+00   0.0000000E+00   0.0000000E+00   0.0000000E+00
   8.9855072E-01   0.0000000E+00   0.0000000E+00   0.0000000E+00   0.0000000E+00   0.0000000E+00   0.0000000E+00
   9.1304348E-01   0.0000000E+00   0.0000000E+00   0.0000000E+00   0.0000000E+00   0.0000000E+00   0.0000000E+00
   9.2753623E-01   0.0000000E+00   0.0000000E+00   0.0000000E+00   0.0000000E+00   0.0000000E+00   0.0000000E+00
   9.4202899E-01   0.0000000E+00   0.0000000E+00   0.0000000E+00   0.0000000E+00   0.0000000E+00   0.0000000E+00
   9.5652174E-01   0.0000000E+00   0.0000000E+00   0.0000000E+00   0.0000000E+00   0.0000000E+00   0.0000000E+00
   9.7101449E-01   0.0000000E+00   0.0000000E+00   0.0000000E+00   0.0000000E+00   0.0000000E+00   0.0000000E+00
   9.8550725E-01   0.0000000E+00   0.0000000E+00   0.0000000E+00   0.0000000E+00   0.0000000E+00   0.0000000E+00
   1.0000000E+00   0.0000000E+00   0.0000000E+00   0.0000000E+00   0.0000000E+00   0.0000000E+00   0.0000000E+00
