   0.0000000E+00   1.9094964E+07   1.3148247E+07   3.2243211E+07   1.2719690E-03   3.0340773E-04   8.5666408E-04
   1.4492754E-02   1.9839820E+07   1.3161128E+07   3.3000948E+07   6.7132373E-04   3.9312022E-04   3.1180525E-04
   2.8985507E-02   1.9790188E+07   1.3117180E+07   3.2907368E+07   4.9782006E-05   5.8011594E-05   2.6957597E-05
   4.3478261E-02   1.9886042E+07   1.3413455E+07   3.3298991E+07   2.5776346E-04   9.5256543E-05   1.6330563E-04
   5.7971014E-02   2.0078696E+07   1.3622022E+07   3.3700718E+07   2.0302195E-04   1.7036867E-05   1.1464919E-04
   7.2463768E-02   2.0336289E+07   1.4015855E+07   3.4351841E+07   6.2962507E-05   2.3525514E-05   4.1561802E-05
   8.6956522E-02   2.0748093E+07   1.4546145E+07   3.5293354E+07   1.4437609E-04   7.5612799E-05   1.1087940E-04
   1.0144928E-01   2.1439835E+07   1.5265471E+07   3.6704007E+07   1.4499268E-04   6.2005046E-05   1.0546199E-04
   1.1594203E-01   2.2136235E+07   1.6224374E+07   3.8359757E+07   2.7969040E-05   4.7751820E-05   3.2898417E-05
   1.3043478E-01   2.2832038E+07   1.7183447E+07   4.0015401E+07   1.1660857E-04   5.1946918E-05   8.8477618E-05
   1.4492754E-01   2.3606453E+07   1.7911380E+07   4.1515635E+07   3.3890552E-05   5.7271162E-05   4.3809129E-05
   1.5942029E-01   2.3912585E+07   1.8209584E+07   4.2119965E+07   4.0903871E-05   2.2757759E-05   3.2077128E-05
   1.7391304E-01   2.3638038E+07   1.7851077E+07   4.1488294E+07   2.1902781E-05   3.7107380E-05   2.8759255E-05
   1.8840580E-01   2.2457916E+07   1.6655927E+07   3.9113377E+07   1.9798079E-05   4.0527160E-05   2.8031058E-05
   2.0289855E-01   2.0422519E+07   1.4419567E+07   3.4841112E+07   2.6285736E-05   4.0908820E-05   2.7705779E-05
   2.1739130E-01   1.7603789E+07   1.1308412E+07   2.8911443E+07   5.4680905E-05   7.5873311E-05   2.5641695E-05
   2.3188406E-01   1.4188051E+07   7.6194686E+06   2.1806620E+07   2.4191614E-05   1.3042171E-04   6.1313400E-05
   2.4637681E-01   1.0716625E+07   4.1437945E+06   1.4860509E+07   1.8023502E-04   2.0753702E-04   1.8385613E-04
   2.6086957E-01   8.9980810E+06   2.9238112E+06   1.1921261E+07   8.4191239E-05   1.9862248E-04   9.6787951E-05
   2.7536232E-01   7.9427953E+06   2.3720747E+06   1.0314711E+07   1.6954342E-04   4.7931275E-04   2.3992113E-04
   2.8985507E-01   7.1704622E+06   2.0337274E+06   9.2042654E+06   1.7315006E-04   6.9998853E-04   2.8939625E-04
   3.0434783E-01   6.5482883E+06   1.8082845E+06   8.3566810E+06   3.0020018E-04   9.5550353E-04   4.4107839E-04
   3.1884058E-01   5.9613900E+06   1.5795366E+06   7.5409266E+06   3.2138330E-04   9.6602948E-04   4.4277410E-04
   3.3333333E-01   5.3901434E+06   1.3845167E+06   6.7746931E+06   4.2510149E-04   1.4435229E-03   6.3297391E-04
   3.4782609E-01   4.8274773E+06   1.2081164E+06   6.0356253E+06   5.7327198E-04   1.3865987E-03   7.2554584E-04
   3.6231884E-01   4.3223422E+06   1.0390995E+06   5.3615023E+06   7.7754022E-04   1.8605473E-03   9.7207343E-04
   3.7681159E-01   3.7953865E+06   8.6734621E+05   4.6625870E+06   6.7478407E-04   2.1020599E-03   9.3232102E-04
   3.9130435E-01   3.3379143E+06   7.4693192E+05   4.0847901E+06   9.1159009E-04   2.2322037E-03   1.1483235E-03
   4.0579710E-01   2.9683252E+06   6.3717537E+05   3.6054735E+06   1.0872860E-03   2.3414909E-03   1.3033802E-03
   4.2028986E-01   2.6487339E+06   5.5189359E+05   3.2004707E+06   9.2741686E-04   2.8198143E-03   1.2478699E-03
   4.3478261E-01   2.3465084E+06   4.7333285E+05   2.8198160E+06   1.2658497E-03   2.4409301E-03   1.4396672E-03
   4.4927536E-01   2.0700388E+06   4.0504692E+05   2.4750858E+06   9.8764675E-04   3.1284367E-03   1.3097205E-03
   4.6376812E-01   1.7894662E+06   3.4081575E+05   2.1303530E+06   1.2233351E-03   3.8738693E-03   1.6299568E-03
   4.7826087E-01   1.5678490E+06   2.7969668E+05   1.8475228E+06   1.4037373E-03   4.7900558E-03   1.9158743E-03
   4.9275362E-01   1.3487713E+06   2.2790045E+05   1.5766717E+06   1.9203223E-03   4.4374584E-03   2.2834555E-03
   5.0724638E-01   1.1528639E+06   1.8445476E+05   1.3373403E+06   2.2516064E-03   3.0708840E-03   2.3243654E-03
   5.2173913E-01   9.6539863E+05   1.4110741E+05   1.1065060E+06   2.0434540E-03   4.4613429E-03   2.3488027E-03
   5.3623188E-01   8.2222622E+05   1.0966703E+05   9.3189325E+05   2.5794096E-03   5.9284341E-03   2.9735221E-03
   5.5072464E-01   6.9360823E+05   8.7259361E+04   7.8086759E+05   1.9396661E-03   6.0087966E-03   2.3888341E-03
   5.6521739E-01   6.0721909E+05   6.8740318E+04   6.7595941E+05   3.5332403E-03   8.8232263E-03   4.0620600E-03
   5.7971014E-01   5.2386126E+05   5.6849195E+04   5.8069151E+05   2.8478357E-03   6.9460355E-03   3.1900081E-03
   5.9420290E-01   4.6436322E+05   4.9363773E+04   5.1372699E+05   2.6265996E-03   6.2603720E-03   2.9619945E-03
   6.0869565E-01   4.0351283E+05   3.9835300E+04   4.4334813E+05   3.9668306E-03   7.9182778E-03   4.2992595E-03
   6.2318841E-01   3.6207478E+05   3.5331676E+04   3.9738884E+05   4.0105187E-03   7.1594549E-03   4.1559202E-03
   6.3768116E-01   3.2534458E+05   3.0447238E+04   3.5579182E+05   4.2742450E-03   7.2998784E-03   4.5309863E-03
   6.5217391E-01   2.8591931E+05   2.6453430E+04   3.1237274E+05   4.4960068E-03   1.0289178E-02   4.9785893E-03
   6.6666667E-01   2.5146974E+05   2.2929771E+04   2.7439951E+05   7.4677572E-03   3.6509122E-03   7.1322128E-03
   6.8115942E-01   2.2414496E+05   2.0007473E+04   2.4415243E+05   5.7641388E-03   7.9213467E-03   5.7890246E-03
   6.9565217E-01   2.0080022E+05   1.7285868E+04   2.1808609E+05   7.8364431E-03   7.8222374E-03   7.7781287E-03
   7.1014493E-01   1.7658358E+05   1.5278446E+04   1.9186202E+05   9.8024935E-03   1.0676632E-02   9.4173391E-03
   7.2463768E-01   1.5626046E+05   1.3063380E+04   1.6932384E+05   1.2022373E-02   2.8646357E-03   1.1101930E-02
   7.3913043E-01   1.3985442E+05   1.0964896E+04   1.5081932E+05   1.5213564E-02   1.6297179E-02   1.5280086E-02
   7.5362319E-01   1.2161674E+05   9.0199809E+03   1.3063672E+05   1.7804448E-02   1.2591194E-02   1.7206061E-02
   7.6811594E-01   1.0421024E+05   8.2922128E+03   1.1250245E+05   2.6744298E-02   3.0485968E-02   2.7010855E-02
   7.8260870E-01   9.0633727E+04   6.9038231E+03   9.7537550E+04   2.8633110E-02   3.3891724E-02   2.8995175E-02
   7.9710145E-01   7.8101987E+04   5.5108122E+03   8.3612799E+04   5.0140773E-02   2.9604078E-02   4.8770538E-02
   8.1159420E-01   6.5923092E+04   4.3028619E+03   7.0225953E+04   7.8126495E-02   6.8981809E-02   7.7538205E-02
   8.2608696E-01   5.0768358E+04   4.0146751E+03   5.4783033E+04   1.1170305E-01   9.9747095E-02   1.1082398E-01
   8.4057971E-01   3.8383282E+04   2.6390140E+03   4.1022296E+04   1.4508660E-01   1.1328778E-01   1.4303712E-01
   8.5507246E-01   2.6816173E+04   1.9007632E+03   2.8716936E+04   1.7636554E-01   1.8298542E-01   1.7677597E-01
   8.6956522E-01   1.9953733E+04   1.3134103E+03   2.1267143E+04   2.0817447E-01   1.9987894E-01   2.0764396E-01
   8.8405797E-01   1.3142384E+04   8.6953390E+02   1.4011918E+04   2.2155372E-01   1.7008362E-01   2.1835959E-01
   8.9855072E-01   8.3595466E+03   4.8886238E+02   8.8484090E+03   2.5048322E-01   2.2502440E-01   2.4898693E-01
   9.1304348E-01   5.0034676E+03   2.4055133E+02   5.2440190E+03   2.6698875E-01   2.5875637E-01   2.6645974E-01
   9.2753623E-01   2.3087290E+03   1.4207563E+02   2.4508046E+03   2.6912384E-01   2.5259797E-01   2.6815292E-01
   9.4202899E-01   9.4425648E+02   2.3314975E+01   9.6757146E+02   3.0509681E-01   2.1238674E-01   3.0268929E-01
   9.5652174E-01   1.1480859E+02   0.0000000E+00   1.1480859E+02   2.0412955E-01   0.0000000E+00   2.0412955E-01
   9.7101449E-01   0.0000000E+00   0.0000000E+00   0.0000000E+00   0.0000000E+00   0.0000000E+00   0.0000000E+00
   9.8550725E-01   0.0000000E+00   0.0000000E+00   0.0000000E+00   0.0000000E+00   0.0000000E+00   0.0000000E+00
   1.0000000E+00   0.0000000E+00   0.0000000E+00   0.0000000E+00   0.0000000E+00   0.0000000E+00   0.0000000E+00
