   0.0000000E+00   2.3368599E+07   1.2529934E+07   3.5898533E+07   9.0535849E-04   8.7145335E-04   2.8955335E-04
   1.4492754E-02   2.3494384E+07   1.2496593E+07   3.5989462E+07   5.1585129E-04   3.5972690E-04   3.1387768E-04
   2.8985507E-02   2.3777019E+07   1.2561380E+07   3.6337642E+07   9.1780286E-05   6.0987111E-04   1.7136952E-04
   4.3478261E-02   2.4137702E+07   1.2761296E+07   3.6896725E+07   1.4696377E-04   1.7705764E-04   1.4798912E-04
   5.7971014E-02   2.4748248E+07   1.2991585E+07   3.7739265E+07   7.3548761E-05   1.8629979E-04   8.0179644E-05
   7.2463768E-02   2.5559216E+07   1.3449220E+07   3.9006769E+07   3.1231327E-04   2.8385922E-04   1.7062214E-04
   8.6956522E-02   2.6831709E+07   1.4210341E+07   4.1039271E+07   1.2448986E-04   2.9235938E-04   1.6526516E-04
   1.0144928E-01   2.8553683E+07   1.5127672E+07   4.3677566E+07   1.2364572E-04   2.1924519E-04   1.2422325E-04
   1.1594203E-01   3.0701217E+07   1.6274479E+07   4.6971150E+07   2.4823771E-04   3.3573431E-04   2.7608310E-04
   1.3043478E-01   3.3005074E+07   1.7452191E+07   5.0451287E+07   1.8788795E-04   3.2729705E-05   1.1323290E-04
   1.4492754E-01   3.4868087E+07   1.8544848E+07   5.3404296E+07   2.6923021E-04   9.7031079E-05   2.0568473E-04
   1.5942029E-01   3.5958670E+07   1.9049845E+07   5.4999628E+07   2.0503249E-04   1.3956141E-04   1.7866133E-04
   1.7391304E-01   3.5467128E+07   1.8740470E+07   5.4197748E+07   2.3917770E-04   1.7763080E-04   2.1857488E-04
   1.8840580E-01   3.2912759E+07   1.7340046E+07   5.0242197E+07   2.3212665E-04   2.5392655E-04   2.2017167E-04
   2.0289855E-01   2.7866741E+07   1.4710700E+07   4.2570242E+07   1.6621793E-04   5.5221437E-05   1.1792990E-04
   2.1739130E-01   2.0932830E+07   1.0949851E+07   3.1878639E+07   9.7147259E-05   4.5048198E-05   5.8036094E-05
   2.3188406E-01   1.2578997E+07   6.4753336E+06   1.9053242E+07   4.3657814E-04   3.3692131E-04   3.9320012E-04
   2.4637681E-01   4.7790453E+06   2.3279454E+06   7.1064558E+06   2.0274820E-03   1.8360559E-03   1.9604922E-03
   2.6086957E-01   2.9441438E+06   1.3557593E+06   4.2999031E+06   3.2376522E-03   3.7312804E-03   3.3925250E-03
   2.7536232E-01   2.5137715E+06   1.1308622E+06   3.6445938E+06   3.2575869E-03   3.5068953E-03   3.2720318E-03
   2.8985507E-01   2.2524860E+06   1.0096841E+06   3.2620564E+06   2.7833959E-03   2.1954437E-03   2.6038995E-03
   3.0434783E-01   2.0779305E+06   9.2638722E+05   3.0042455E+06   2.4856423E-03   2.9854493E-03   2.6372382E-03
   3.1884058E-01   1.9391515E+06   8.6729852E+05   2.8063811E+06   2.6043228E-03   2.7672960E-03   2.6300877E-03
   3.3333333E-01   1.8057524E+06   7.9035231E+05   2.5960718E+06   1.9650925E-03   3.7879807E-03   2.4937265E-03
   3.4782609E-01   1.7045918E+06   7.3206835E+05   2.4366602E+06   2.2266108E-03   2.2674626E-03   2.2369862E-03
   3.6231884E-01   1.5861854E+06   6.7562834E+05   2.2617834E+06   3.9586446E-03   2.0450722E-03   3.3558118E-03
   3.7681159E-01   1.4691640E+06   6.2565735E+05   2.0947631E+06   2.7938690E-03   3.7504706E-03   3.0083531E-03
   3.9130435E-01   1.3710824E+06   5.8115597E+05   1.9522384E+06   3.5825404E-03   3.2198812E-03   3.4725619E-03
   4.0579710E-01   1.2934024E+06   5.4616578E+05   1.8395411E+06   2.5826563E-03   2.5587771E-03   2.4218119E-03
   4.2028986E-01   1.2256260E+06   5.1946769E+05   1.7450153E+06   2.7968631E-03   3.4485441E-03   2.9740079E-03
   4.3478261E-01   1.2043719E+06   4.9098811E+05   1.6953348E+06   2.3895968E-03   2.5032180E-03   2.4254941E-03
   4.4927536E-01   1.1451846E+06   4.7197218E+05   1.6171323E+06   2.4613784E-03   1.8955320E-03   2.2409513E-03
   4.6376812E-01   1.1066271E+06   4.5007191E+05   1.5566990E+06   2.7977254E-03   3.3273739E-03   2.9490347E-03
   4.7826087E-01   1.0490520E+06   4.3611190E+05   1.4851409E+06   2.6497719E-03   2.7372554E-03   2.6660378E-03
   4.9275362E-01   1.0122916E+06   4.1780264E+05   1.4300497E+06   3.1316233E-03   2.3920356E-03   2.8918299E-03
   5.0724638E-01   9.8440820E+05   4.0149219E+05   1.3859004E+06   2.1035347E-03   1.7447892E-03   2.0086039E-03
   5.2173913E-01   9.4167726E+05   3.8511967E+05   1.3267338E+06   2.3564715E-03   2.2693128E-03   2.2998223E-03
   5.3623188E-01   8.9584955E+05   3.6447135E+05   1.2603004E+06   2.2997054E-03   1.7085057E-03   2.1293295E-03
   5.5072464E-01   8.5707995E+05   3.4413210E+05   1.2011722E+06   1.8209529E-03   3.5176291E-03   2.2965390E-03
   5.6521739E-01   8.1384806E+05   3.2745882E+05   1.1413069E+06   2.4029512E-03   4.4874397E-04   1.7926722E-03
   5.7971014E-01   7.7177376E+05   3.0614456E+05   1.0779183E+06   2.4421469E-03   3.5663764E-03   2.7502893E-03
   5.9420290E-01   7.2609656E+05   2.8834653E+05   1.0144431E+06   2.2353992E-03   1.1205625E-03   1.8517627E-03
   6.0869565E-01   6.7543205E+05   2.6789600E+05   9.4329196E+05   1.2948714E-03   1.8517265E-03   1.4024548E-03
   6.2318841E-01   6.2802274E+05   2.4894293E+05   8.7694805E+05   3.2002162E-03   2.4094354E-03   2.8909360E-03
   6.3768116E-01   5.7414053E+05   2.2756210E+05   8.0170263E+05   2.6800306E-03   2.3211409E-03   2.4129277E-03
   6.5217391E-01   5.2551565E+05   2.0804082E+05   7.3355646E+05   2.3154508E-03   1.3580625E-03   2.0350636E-03
   6.6666667E-01   4.8226645E+05   1.8259807E+05   6.6486452E+05   2.6134579E-03   2.5651235E-03   2.5894178E-03
   6.8115942E-01   4.2534823E+05   1.7108727E+05   5.9643550E+05   4.9471428E-03   1.8766753E-03   4.0014370E-03
   6.9565217E-01   3.8489866E+05   1.4853218E+05   5.3343084E+05   3.5800959E-03   4.5657305E-03   3.8172503E-03
   7.1014493E-01   3.4837331E+05   1.3749055E+05   4.8586385E+05   4.6730810E-03   3.3952254E-03   4.2132924E-03
   7.2463768E-01   3.0576191E+05   1.2070745E+05   4.2646936E+05   5.8701600E-03   1.9253000E-03   4.6981624E-03
   7.3913043E-01   2.6918967E+05   1.0577113E+05   3.7494594E+05   8.0722570E-03   6.4944047E-03   7.6036621E-03
   7.5362319E-01   2.3361605E+05   8.9864656E+04   3.2348070E+05   8.3519791E-03   8.1977978E-03   8.3012915E-03
   7.6811594E-01   2.0227280E+05   7.8189848E+04   2.8046265E+05   1.1795205E-02   1.0942356E-02   1.1556686E-02
   7.8260870E-01   1.7512137E+05   6.7087761E+04   2.4220913E+05   1.4171822E-02   1.5182187E-02   1.4436437E-02
   7.9710145E-01   1.5335213E+05   5.9778536E+04   2.1313066E+05   1.9124928E-02   1.8170790E-02   1.8852672E-02
   8.1159420E-01   1.3165675E+05   5.1296067E+04   1.8293929E+05   2.6897274E-02   2.2353354E-02   2.5625024E-02
   8.2608696E-01   1.0895456E+05   4.2419961E+04   1.5137452E+05   3.9848038E-02   3.0982306E-02   3.7334618E-02
   8.4057971E-01   8.8955674E+04   3.4620728E+04   1.2357640E+05   5.2130330E-02   4.4301695E-02   4.9934065E-02
   8.5507246E-01   7.2383118E+04   2.7548224E+04   9.9931341E+04   7.1672612E-02   6.5591687E-02   6.9993125E-02
   8.6956522E-01   5.4430752E+04   2.0799872E+04   7.5230624E+04   9.1731277E-02   7.6152145E-02   8.7398465E-02
   8.8405797E-01   3.7712927E+04   1.4098871E+04   5.1811799E+04   1.0643599E-01   9.2087201E-02   1.0252340E-01
   8.9855072E-01   2.6215245E+04   9.5572595E+03   3.5772504E+04   1.1686086E-01   1.0931723E-01   1.1484410E-01
   9.1304348E-01   1.6297352E+04   6.4106929E+03   2.2708045E+04   1.3271688E-01   1.1834423E-01   1.2865197E-01
   9.2753623E-01   8.7731700E+03   3.5637303E+03   1.2336900E+04   1.3418313E-01   1.1982371E-01   1.2998813E-01
   9.4202899E-01   4.1384080E+03   1.2590086E+03   5.3974167E+03   1.3980326E-01   1.2621019E-01   1.3662894E-01
   9.5652174E-01   4.2479178E+02   1.6073202E+02   5.8552380E+02   2.3992796E-01   5.8160668E-02   1.9002064E-01
   9.7101449E-01   0.0000000E+00   0.0000000E+00   0.0000000E+00   0.0000000E+00   0.0000000E+00   0.0000000E+00
   9.8550725E-01   0.0000000E+00   0.0000000E+00   0.0000000E+00   0.0000000E+00   0.0000000E+00   0.0000000E+00
   1.0000000E+00   0.0000000E+00   0.0000000E+00   0.0000000E+00   0.0000000E+00   0.0000000E+00   0.0000000E+00
