   0.0000000E+00   1.5457828E+07   1.2851214E+07   2.8309043E+07   1.5199725E-03   1.2290595E-03   1.2203088E-03
   1.4492754E-02   1.5058501E+07   1.2772410E+07   2.7830911E+07   8.1374394E-04   2.6706314E-04   5.0611828E-04
   2.8985507E-02   1.5213458E+07   1.2856897E+07   2.8070355E+07   1.5593541E-03   1.5009631E-04   8.6289885E-04
   4.3478261E-02   1.5325730E+07   1.3069695E+07   2.8395424E+07   1.0634099E-03   9.9048833E-05   6.1949674E-04
   5.7971014E-02   1.5621310E+07   1.3321200E+07   2.8941942E+07   1.0333346E-04   8.0855978E-05   6.4833489E-05
   7.2463768E-02   1.5928534E+07   1.3708214E+07   2.9635688E+07   1.1465920E-03   1.1659670E-04   6.6359893E-04
   8.6956522E-02   1.6578268E+07   1.4388283E+07   3.0965794E+07   4.7233907E-04   1.6021548E-04   3.2664048E-04
   1.0144928E-01   1.7101251E+07   1.5025377E+07   3.2125113E+07   1.7527039E-04   2.6906744E-05   9.0719617E-05
   1.1594203E-01   1.7919715E+07   1.5941738E+07   3.3860032E+07   1.0982616E-03   1.9314945E-04   6.6867445E-04
   1.3043478E-01   1.8557982E+07   1.6838761E+07   3.5395312E+07   1.1132384E-03   1.2216755E-04   6.1845533E-04
   1.4492754E-01   1.9183847E+07   1.7603663E+07   3.6785994E+07   1.2791579E-03   2.0629039E-05   6.7153600E-04
   1.5942029E-01   1.9575438E+07   1.7973445E+07   3.7546473E+07   1.4756198E-03   2.3606351E-04   8.5965594E-04
   1.7391304E-01   1.9321401E+07   1.7586248E+07   3.6905755E+07   1.0441997E-03   1.6087720E-04   6.2345876E-04
   1.8840580E-01   1.8339443E+07   1.6334471E+07   3.4670184E+07   9.9733981E-04   1.3222668E-04   5.8628700E-04
   2.0289855E-01   1.6462858E+07   1.4005788E+07   3.0466427E+07   4.2208987E-04   1.1501953E-04   2.6680978E-04
   2.1739130E-01   1.3898608E+07   1.0856851E+07   2.4754096E+07   1.2101472E-04   4.5293210E-05   8.5867946E-05
   2.3188406E-01   1.0747595E+07   7.0523974E+06   1.7799424E+07   1.3895436E-03   3.7235140E-04   9.7183545E-04
   2.4637681E-01   7.7129126E+06   3.5130901E+06   1.1225780E+07   3.0495220E-03   1.3242505E-03   2.5091315E-03
   2.6086957E-01   6.1040321E+06   2.3365232E+06   8.4403868E+06   4.0605272E-03   1.9455173E-03   3.4701008E-03
   2.7536232E-01   5.2839372E+06   1.8250686E+06   7.1088064E+06   3.2791881E-03   1.7233555E-03   2.8667121E-03
   2.8985507E-01   4.8212891E+06   1.5496094E+06   6.3707091E+06   1.6373194E-03   1.5415813E-03   1.6146738E-03
   3.0434783E-01   4.5169045E+06   1.3704570E+06   5.8873254E+06   1.3151609E-03   1.6288828E-03   1.3870303E-03
   3.1884058E-01   4.2397778E+06   1.2168218E+06   5.4564274E+06   6.7017246E-04   2.7051764E-03   1.1152383E-03
   3.3333333E-01   3.9929758E+06   1.0927551E+06   5.0856651E+06   1.5580864E-03   2.6965306E-03   1.6988796E-03
   3.4782609E-01   3.7492811E+06   9.7624900E+05   4.7254354E+06   1.1062344E-03   3.7844500E-03   1.6565146E-03
   3.6231884E-01   3.5085633E+06   8.6918460E+05   4.3776570E+06   7.3355989E-04   4.6390114E-03   1.5045300E-03
   3.7681159E-01   3.2843805E+06   7.6898616E+05   4.0532210E+06   5.7598038E-04   5.0529195E-03   1.3890044E-03
   3.9130435E-01   3.0804241E+06   6.8622879E+05   3.7666529E+06   1.1318524E-03   5.3085855E-03   1.8674872E-03
   4.0579710E-01   2.9257837E+06   6.2245362E+05   3.5482373E+06   1.3660165E-03   5.6224074E-03   2.1063399E-03
   4.2028986E-01   2.7983216E+06   5.6331190E+05   3.3615290E+06   7.7751964E-04   5.1601133E-03   1.4805110E-03
   4.3478261E-01   2.6881214E+06   5.2758680E+05   3.2156829E+06   8.9371246E-04   4.7386607E-03   1.2177272E-03
   4.4927536E-01   2.6069320E+06   4.8683360E+05   3.0937167E+06   1.2552019E-03   4.7736976E-03   1.7751445E-03
   4.6376812E-01   2.5087951E+06   4.4872219E+05   2.9574936E+06   1.1843816E-03   4.0749694E-03   1.6188993E-03
   4.7826087E-01   2.4122892E+06   4.1845434E+05   2.8307206E+06   5.4187929E-04   5.0245055E-03   1.2012330E-03
   4.9275362E-01   2.3381303E+06   3.9333220E+05   2.7314625E+06   1.0876259E-03   5.1736374E-03   1.6757527E-03
   5.0724638E-01   2.2477717E+06   3.6488269E+05   2.6125895E+06   8.6937786E-04   4.3059562E-03   1.3407829E-03
   5.2173913E-01   2.1611071E+06   3.3525639E+05   2.4963846E+06   9.5377775E-04   3.8957261E-03   1.3470664E-03
   5.3623188E-01   2.0771201E+06   3.1145026E+05   2.3885294E+06   1.0218527E-03   3.2076148E-03   1.2143970E-03
   5.5072464E-01   1.9943231E+06   2.8915631E+05   2.2834794E+06   6.1583207E-04   2.9810940E-03   8.7197841E-04
   5.6521739E-01   1.8878912E+06   2.6800564E+05   2.1558580E+06   5.0287433E-04   2.9223363E-03   8.0209530E-04
   5.7971014E-01   1.7853602E+06   2.4349868E+05   2.0288210E+06   9.5586509E-04   2.8325033E-03   1.1811031E-03
   5.9420290E-01   1.6894941E+06   2.2429006E+05   1.9137841E+06   7.8836538E-04   2.4865952E-03   9.8624516E-04
   6.0869565E-01   1.5625793E+06   2.0457086E+05   1.7671322E+06   1.2511695E-03   1.5728814E-03   1.2858705E-03
   6.2318841E-01   1.4472242E+06   1.8354850E+05   1.6307903E+06   4.0760183E-04   9.1086775E-04   4.0174076E-04
   6.3768116E-01   1.3282780E+06   1.6360224E+05   1.4918630E+06   1.2520679E-03   1.6912417E-03   1.3001350E-03
   6.5217391E-01   1.2026628E+06   1.4370055E+05   1.3463634E+06   8.9196148E-04   9.4472395E-04   8.9748009E-04
   6.6666667E-01   1.1007443E+06   1.2746449E+05   1.2282253E+06   1.2132081E-03   7.6939608E-04   1.1671325E-03
   6.8115942E-01   9.7812520E+05   1.1243523E+05   1.0905443E+06   1.9200394E-03   1.2130657E-03   1.8381719E-03
   6.9565217E-01   8.7940078E+05   9.9973884E+04   9.7937466E+05   1.8366373E-03   1.0611832E-03   1.7527764E-03
   7.1014493E-01   7.7831929E+05   8.7557247E+04   8.6587653E+05   2.7292005E-03   8.9453178E-04   2.5376503E-03
   7.2463768E-01   6.9422320E+05   7.5910061E+04   7.7010295E+05   2.4582282E-03   1.2986898E-03   2.3395015E-03
   7.3913043E-01   6.0116748E+05   6.4630482E+04   6.6579797E+05   4.0461919E-03   7.1990515E-04   3.7169470E-03
   7.5362319E-01   5.2116255E+05   5.4673616E+04   5.7583616E+05   4.9502970E-03   8.0040103E-04   4.5323855E-03
   7.6811594E-01   4.5398435E+05   4.7422879E+04   5.0140723E+05   5.4271147E-03   7.4943828E-04   4.9690067E-03
   7.8260870E-01   3.9123068E+05   4.1072135E+04   4.3230281E+05   6.5288475E-03   1.2136453E-03   6.0100210E-03
   7.9710145E-01   3.3935582E+05   3.5393192E+04   3.7474901E+05   9.4476988E-03   1.6339033E-03   8.7092324E-03
   8.1159420E-01   2.9076792E+05   2.9294641E+04   3.2006256E+05   1.3619069E-02   1.2194456E-03   1.2484156E-02
   8.2608696E-01   2.4282137E+05   2.4659676E+04   2.6748105E+05   1.9822004E-02   2.2583987E-03   1.8195526E-02
   8.4057971E-01   1.9669799E+05   1.9413736E+04   2.1611173E+05   2.8893988E-02   5.1335412E-03   2.6755322E-02
   8.5507246E-01   1.5102077E+05   1.4371311E+04   1.6539209E+05   3.9057417E-02   3.3694594E-03   3.5942484E-02
   8.6956522E-01   1.1213240E+05   1.1037698E+04   1.2317010E+05   5.0235902E-02   6.7854813E-03   4.6341842E-02
   8.8405797E-01   8.0754855E+04   7.5028354E+03   8.8257691E+04   5.5140910E-02   9.0359951E-03   5.1214333E-02
   8.9855072E-01   5.4092622E+04   5.6708036E+03   5.9763426E+04   6.2814818E-02   4.7616024E-03   5.7305729E-02
   9.1304348E-01   3.4350730E+04   3.3556910E+03   3.7706421E+04   6.3165662E-02   2.5969038E-03   5.7774347E-02
   9.2753623E-01   1.8718464E+04   1.6220301E+03   2.0340494E+04   6.1473275E-02   3.0432123E-03   5.6791269E-02
   9.4202899E-01   7.0644374E+03   6.1784683E+02   7.6822842E+03   8.6422885E-02   3.8954979E-02   8.2598577E-02
   9.5652174E-01   8.6106441E+02   8.0366012E+01   9.4143043E+02   5.8235793E-02   1.9857992E-06   5.3264400E-02
   9.7101449E-01   0.0000000E+00   0.0000000E+00   0.0000000E+00   0.0000000E+00   0.0000000E+00   0.0000000E+00
   9.8550725E-01   0.0000000E+00   0.0000000E+00   0.0000000E+00   0.0000000E+00   0.0000000E+00   0.0000000E+00
   1.0000000E+00   0.0000000E+00   0.0000000E+00   0.0000000E+00   0.0000000E+00   0.0000000E+00   0.0000000E+00
