   0.0000000E+00   1.3045195E+07   1.5985213E+07   2.9030408E+07   3.3391321E-03   8.4102010E-05   1.5467922E-03
   1.4492754E-02   1.3392996E+07   1.5989002E+07   2.9381240E+07   1.3609007E-03   4.2164119E-05   6.4246447E-04
   2.8985507E-02   1.3562350E+07   1.5934824E+07   2.9496037E+07   7.7539020E-04   2.6552814E-05   3.4299065E-04
   4.3478261E-02   1.3810509E+07   1.6248400E+07   3.0058151E+07   6.9873064E-04   4.1149136E-05   3.4508434E-04
   5.7971014E-02   1.4213435E+07   1.6421669E+07   3.0633968E+07   8.8139830E-04   2.4094004E-05   4.1479241E-04
   7.2463768E-02   1.4783746E+07   1.6946023E+07   3.1728860E+07   9.4552703E-04   2.3877757E-05   4.4134839E-04
   8.6956522E-02   1.5382055E+07   1.7533522E+07   3.2913556E+07   1.7388788E-03   1.6338363E-05   8.0798855E-04
   1.0144928E-01   1.6226282E+07   1.8169551E+07   3.4393235E+07   2.4658272E-03   3.9684567E-05   1.1418186E-03
   1.1594203E-01   1.7161978E+07   1.9125558E+07   3.6285737E+07   3.1827905E-03   4.0016634E-05   1.4803496E-03
   1.3043478E-01   1.8109317E+07   1.9942367E+07   3.8049411E+07   3.8868174E-03   3.0602329E-05   1.8355402E-03
   1.4492754E-01   1.8854156E+07   2.0522237E+07   3.9372301E+07   4.2763741E-03   2.2408106E-05   2.0355068E-03
   1.5942029E-01   1.9433742E+07   2.0651769E+07   4.0081377E+07   3.5480292E-03   4.3846488E-05   1.6946885E-03
   1.7391304E-01   1.9509446E+07   2.0119361E+07   3.9624135E+07   3.8524463E-03   5.7042646E-05   1.8653613E-03
   1.8840580E-01   1.8634669E+07   1.8554698E+07   3.7185287E+07   3.1516620E-03   5.2550009E-05   1.5564234E-03
   2.0289855E-01   1.6697377E+07   1.5965241E+07   3.2658938E+07   1.4788878E-03   1.0108449E-04   7.0758073E-04
   2.1739130E-01   1.3806164E+07   1.2437389E+07   2.6241634E+07   5.2196165E-04   1.4260626E-04   2.8201896E-04
   2.3188406E-01   1.0200983E+07   8.3608666E+06   1.8561139E+07   3.7429318E-03   2.0608620E-04   2.1449961E-03
   2.4637681E-01   6.8947352E+06   4.5173587E+06   1.1411470E+07   9.7800479E-03   6.0794474E-04   6.1472564E-03
   2.6086957E-01   4.5952099E+06   2.5147597E+06   7.1098012E+06   1.5830817E-02   1.2330631E-03   1.0660865E-02
   2.7536232E-01   3.5364369E+06   1.5207376E+06   5.0570947E+06   9.9091460E-03   2.1376529E-03   7.5755060E-03
   2.8985507E-01   3.0897471E+06   1.0538981E+06   4.1436073E+06   4.9146209E-03   3.9532813E-03   4.6680415E-03
   3.0434783E-01   2.8434971E+06   7.8721625E+05   3.6304969E+06   1.4770281E-03   5.8806489E-03   2.4318770E-03
   3.1884058E-01   2.7049133E+06   5.9599434E+05   3.3009077E+06   1.1516048E-03   8.9186353E-03   2.4943337E-03
   3.3333333E-01   2.5909982E+06   4.5793652E+05   3.0488689E+06   1.2795824E-03   1.2506610E-02   2.8823504E-03
   3.4782609E-01   2.5374707E+06   3.5263171E+05   2.8900709E+06   9.9360052E-04   1.8691627E-02   2.9520273E-03
   3.6231884E-01   2.4607650E+06   2.7099695E+05   2.7317317E+06   5.6437898E-04   2.7095145E-02   2.9836974E-03
   3.7681159E-01   2.4234168E+06   2.0184940E+05   2.6252079E+06   4.2371472E-04   3.3184723E-02   2.8070003E-03
   3.9130435E-01   2.3793493E+06   1.5289442E+05   2.5322437E+06   3.4335425E-04   4.2323158E-02   2.2836819E-03
   4.0579710E-01   2.3807004E+06   1.1885641E+05   2.4995298E+06   2.2174213E-04   4.4922012E-02   2.1693507E-03
   4.2028986E-01   2.3778561E+06   9.6885780E+04   2.4746635E+06   2.6670301E-04   4.9768104E-02   1.7184966E-03
   4.3478261E-01   2.3791669E+06   7.4106648E+04   2.4532483E+06   4.0385641E-04   5.5064596E-02   1.5357224E-03
   4.4927536E-01   2.3780710E+06   6.1718875E+04   2.4397655E+06   2.8691676E-04   6.1237525E-02   1.3044417E-03
   4.6376812E-01   2.4082529E+06   5.1384019E+04   2.4595659E+06   3.4895989E-04   6.7480281E-02   1.1071893E-03
   4.7826087E-01   2.4409224E+06   4.0022274E+04   2.4810136E+06   3.3050960E-04   7.5395097E-02   9.0360855E-04
   4.9275362E-01   2.4468209E+06   3.1446072E+04   2.4781555E+06   3.8782226E-04   7.9836586E-02   6.3755741E-04
   5.0724638E-01   2.4741402E+06   2.5654799E+04   2.4997733E+06   2.1320201E-04   8.6111689E-02   6.8804924E-04
   5.2173913E-01   2.4635072E+06   1.9511720E+04   2.4829979E+06   2.2537933E-04   1.0030413E-01   5.9023385E-04
   5.3623188E-01   2.4538176E+06   1.6793083E+04   2.4705697E+06   1.6027502E-04   1.0755997E-01   5.7435926E-04
   5.5072464E-01   2.4288252E+06   1.2781821E+04   2.4415672E+06   3.1156603E-04   9.9598292E-02   2.5363290E-04
   5.6521739E-01   2.3668197E+06   9.6368563E+03   2.3764371E+06   2.1219217E-04   1.2999400E-01   3.7670423E-04
   5.7971014E-01   2.3208906E+06   7.7099708E+03   2.3285817E+06   5.1447146E-05   1.1558024E-01   3.7523174E-04
   5.9420290E-01   2.2322183E+06   6.1173376E+03   2.2383726E+06   1.3501653E-04   1.2690170E-01   2.1685461E-04
   6.0869565E-01   2.1342015E+06   4.9252884E+03   2.1390907E+06   1.2442779E-04   1.4051983E-01   2.1039873E-04
   6.2318841E-01   2.0000724E+06   3.0485685E+03   2.0031210E+06   1.3009658E-04   1.1497290E-01   4.7209332E-05
   6.3768116E-01   1.8787048E+06   2.5659720E+03   1.8812535E+06   7.7829745E-05   1.2090817E-01   8.7525399E-05
   6.5217391E-01   1.7299802E+06   1.8017294E+03   1.7317651E+06   3.7064940E-05   1.2151128E-01   8.9934238E-05
   6.6666667E-01   1.5878702E+06   1.7131438E+03   1.5895833E+06   5.6841298E-05   1.1104949E-01   1.6997415E-04
   6.8115942E-01   1.4276082E+06   1.2413984E+03   1.4288496E+06   7.7993401E-05   8.3591604E-02   7.7250564E-05
   6.9565217E-01   1.2939617E+06   7.8930905E+02   1.2947510E+06   4.0016181E-05   4.3700246E-02   2.2753524E-05
   7.1014493E-01   1.1451102E+06   5.8763253E+02   1.1456979E+06   8.8368826E-05   1.0659597E-01   3.5014879E-05
   7.2463768E-01   1.0216564E+06   5.1526095E+02   1.0221565E+06   5.1487422E-05   4.1231277E-02   4.2156881E-05
   7.3913043E-01   8.9412929E+05   2.6743648E+02   8.9441158E+05   4.8562812E-05   7.4180756E-02   3.0395935E-05
   7.5362319E-01   7.8183854E+05   3.9344020E+02   7.8221741E+05   1.7381511E-05   3.0094266E-02   2.5907781E-05
   7.6811594E-01   6.7928949E+05   2.2875070E+02   6.7951824E+05   2.8491235E-05   6.5369728E-06   2.8479871E-05
   7.8260870E-01   5.8477627E+05   1.5435377E+02   5.8493062E+05   3.6248573E-05   3.0045170E-05   3.6245307E-05
   7.9710145E-01   5.0921283E+05   8.2662184E+01   5.0929549E+05   3.5782353E-05   3.4871952E-06   3.5776119E-05
   8.1159420E-01   4.3634808E+05   5.4124049E+01   4.3640221E+05   5.1776720E-05   2.6157738E-06   5.1770243E-05
   8.2608696E-01   3.6840626E+05   3.9880878E+01   3.6844614E+05   1.4616458E-05   9.8248716E-05   1.4606954E-05
   8.4057971E-01   2.9266926E+05   9.1450979E+01   2.9276071E+05   2.6189654E-05   1.7665811E-06   2.6181251E-05
   8.5507246E-01   2.2777051E+05   6.4214973E+01   2.2783473E+05   2.4267244E-05   3.9150269E-06   2.4260225E-05
   8.6956522E-01   1.6725774E+05   2.5257889E+01   1.6728300E+05   1.6881113E-04   2.0219075E-04   1.6881537E-04
   8.8405797E-01   1.2020685E+05   1.2421913E+01   1.2021927E+05   1.7493979E-04   1.2364075E-05   1.7492173E-04
   8.9855072E-01   8.0943388E+04   1.2221559E+01   8.0955610E+04   7.3484753E-05   6.8103088E-07   7.3473724E-05
   9.1304348E-01   5.1754618E+04   0.0000000E+00   5.1754618E+04   1.3979666E-04   0.0000000E+00   1.3979666E-04
   9.2753623E-01   2.7219322E+04   0.0000000E+00   2.7219322E+04   3.7936075E-06   0.0000000E+00   3.7936075E-06
   9.4202899E-01   1.0608314E+04   0.0000000E+00   1.0608314E+04   4.9163537E-04   0.0000000E+00   4.9163537E-04
   9.5652174E-01   1.1366050E+03   0.0000000E+00   1.1366050E+03   1.8889519E-05   0.0000000E+00   1.8889519E-05
   9.7101449E-01   0.0000000E+00   0.0000000E+00   0.0000000E+00   0.0000000E+00   0.0000000E+00   0.0000000E+00
   9.8550725E-01   0.0000000E+00   0.0000000E+00   0.0000000E+00   0.0000000E+00   0.0000000E+00   0.0000000E+00
   1.0000000E+00   0.0000000E+00   0.0000000E+00   0.0000000E+00   0.0000000E+00   0.0000000E+00   0.0000000E+00
