   0.0000000E+00   2.4926506E+07   1.3123999E+07   3.8050505E+07   3.3800427E-03   1.5757676E-03   2.1397364E-03
   1.4492754E-02   2.4450647E+07   1.3183861E+07   3.7634508E+07   4.9116169E-04   2.4800439E-04   3.1534354E-04
   2.8985507E-02   2.4890513E+07   1.3347532E+07   3.8236909E+07   7.8356827E-04   1.7016307E-04   4.5374766E-04
   4.3478261E-02   2.5209142E+07   1.3476347E+07   3.8686246E+07   2.2022818E-04   1.5007762E-04   9.2165340E-05
   5.7971014E-02   2.5709248E+07   1.3767886E+07   3.9477134E+07   8.4228720E-05   1.5082224E-04   4.8056197E-05
   7.2463768E-02   2.6740224E+07   1.4232871E+07   4.0972338E+07   1.4045549E-04   1.6375580E-04   1.0288036E-04
   8.6956522E-02   2.7925249E+07   1.4962647E+07   4.2887012E+07   1.5459765E-04   8.0115367E-05   1.2133111E-04
   1.0144928E-01   2.9787928E+07   1.5981316E+07   4.5767729E+07   1.0758262E-04   4.1302418E-04   1.2270813E-04
   1.1594203E-01   3.1839622E+07   1.7109600E+07   4.8947611E+07   1.9829004E-04   1.9574829E-04   6.3575418E-05
   1.3043478E-01   3.4101855E+07   1.8385134E+07   5.2486231E+07   7.5290233E-05   8.6989983E-05   3.3640891E-05
   1.4492754E-01   3.6078950E+07   1.9411244E+07   5.5486102E+07   1.9652421E-04   1.0281972E-04   9.8334328E-05
   1.5942029E-01   3.7118834E+07   2.0032491E+07   5.7150016E+07   1.2766820E-04   9.1797087E-05   5.2064378E-05
   1.7391304E-01   3.6636190E+07   1.9735126E+07   5.6368537E+07   1.1227870E-04   1.6032405E-04   1.1445390E-04
   1.8840580E-01   3.3918159E+07   1.8218555E+07   5.2132459E+07   2.8478417E-05   1.2987452E-04   6.1719613E-05
   2.0289855E-01   2.8788582E+07   1.5378266E+07   4.4163492E+07   2.9072406E-05   1.6501827E-04   6.1013663E-05
   2.1739130E-01   2.1490827E+07   1.1374335E+07   3.2863798E+07   1.8016020E-04   2.1880419E-05   1.1549826E-04
   2.3188406E-01   1.2777477E+07   6.6016388E+06   1.9378595E+07   4.4292611E-04   4.6297408E-04   4.1021150E-04
   2.4637681E-01   4.7067483E+06   2.1872738E+06   6.8939775E+06   2.3262469E-03   1.9592768E-03   2.2054055E-03
   2.6086957E-01   2.9164443E+06   1.2131785E+06   4.1295807E+06   2.7728139E-03   3.4533593E-03   2.9747936E-03
   2.7536232E-01   2.5337119E+06   1.0514992E+06   3.5849320E+06   3.3603041E-03   3.3907013E-03   3.2787978E-03
   2.8985507E-01   2.3412169E+06   9.6251502E+05   3.3036562E+06   2.1631739E-03   2.6872927E-03   2.3129101E-03
   3.0434783E-01   2.1663692E+06   8.8676842E+05   3.0531015E+06   3.9829085E-03   3.2376190E-03   3.5629882E-03
   3.1884058E-01   1.9942941E+06   8.0461303E+05   2.7988727E+06   5.2035147E-03   5.9664794E-03   5.4098792E-03
   3.3333333E-01   1.8522050E+06   7.3691540E+05   2.5891533E+06   3.4622375E-03   5.5639927E-03   3.9831758E-03
   3.4782609E-01   1.7284605E+06   6.9244504E+05   2.4209371E+06   6.8502728E-03   4.9672678E-03   6.3081744E-03
   3.6231884E-01   1.5935809E+06   6.2643607E+05   2.2200472E+06   7.3130452E-03   7.6094573E-03   7.3763927E-03
   3.7681159E-01   1.4750510E+06   5.7649190E+05   2.0515138E+06   6.1091850E-03   7.3938924E-03   6.4157989E-03
   3.9130435E-01   1.3414465E+06   5.2685151E+05   1.8682980E+06   7.5179916E-03   7.7349134E-03   7.5790013E-03
   4.0579710E-01   1.2575182E+06   4.7783417E+05   1.7353253E+06   5.6875229E-03   7.9896768E-03   6.2504037E-03
   4.2028986E-01   1.1686129E+06   4.4492208E+05   1.6135349E+06   4.8852370E-03   7.4791808E-03   5.5882516E-03
   4.3478261E-01   1.0909135E+06   4.1364846E+05   1.5045872E+06   5.7915003E-03   6.5701332E-03   5.9885291E-03
   4.4927536E-01   1.0245578E+06   3.8764342E+05   1.4122012E+06   3.8934105E-03   6.4182181E-03   4.5779895E-03
   4.6376812E-01   9.6528550E+05   3.6717078E+05   1.3324326E+06   4.9360736E-03   5.8725110E-03   5.1784541E-03
   4.7826087E-01   9.0583976E+05   3.3606770E+05   1.2418845E+06   4.9225794E-03   6.6673201E-03   5.3921427E-03
   4.9275362E-01   8.5379095E+05   3.1403728E+05   1.1678282E+06   3.9110721E-03   5.0264481E-03   4.2077178E-03
   5.0724638E-01   7.9384825E+05   2.9727093E+05   1.0911192E+06   3.7872132E-03   4.6560048E-03   3.9849981E-03
   5.2173913E-01   7.4786506E+05   2.7514261E+05   1.0230077E+06   5.2980821E-03   2.8046337E-03   4.4201804E-03
   5.3623188E-01   7.0274958E+05   2.5707753E+05   9.5984759E+05   4.3754020E-03   6.8851998E-03   5.0381672E-03
   5.5072464E-01   6.4754582E+05   2.3553647E+05   8.8308228E+05   3.4641431E-03   4.9138856E-03   3.8405331E-03
   5.6521739E-01   6.0910372E+05   2.1799502E+05   8.2711816E+05   4.3011865E-03   5.2092279E-03   4.4993996E-03
   5.7971014E-01   5.6580198E+05   2.0716521E+05   7.7296719E+05   3.2027516E-03   3.9391283E-03   3.3779709E-03
   5.9420290E-01   5.2307857E+05   1.8858403E+05   7.1166260E+05   5.0524376E-03   4.0441804E-03   4.7747316E-03
   6.0869565E-01   4.8695407E+05   1.7644440E+05   6.6339847E+05   4.2443388E-03   2.9587365E-03   3.6090156E-03
   6.2318841E-01   4.5339086E+05   1.6028774E+05   6.1369623E+05   5.6574593E-03   2.6302334E-03   4.7757898E-03
   6.3768116E-01   4.2057830E+05   1.4636373E+05   5.6694203E+05   5.0764705E-03   3.8774638E-03   4.7525925E-03
   6.5217391E-01   3.8474501E+05   1.3290701E+05   5.1765203E+05   3.4290864E-03   1.7072516E-03   2.5570283E-03
   6.6666667E-01   3.5257817E+05   1.2364286E+05   4.7622103E+05   5.1243388E-03   1.9424401E-03   4.2963762E-03
   6.8115942E-01   3.2498843E+05   1.1161300E+05   4.3660143E+05   6.4531886E-03   4.1318953E-03   5.8597719E-03
   6.9565217E-01   2.9834303E+05   1.0327320E+05   4.0161623E+05   7.9322383E-03   2.4873165E-03   6.5248845E-03
   7.1014493E-01   2.7157901E+05   9.3387180E+04   3.6496619E+05   7.3597305E-03   2.9970677E-03   6.1808912E-03
   7.2463768E-01   2.4540060E+05   8.4821044E+04   3.3019134E+05   1.0305257E-02   7.3075646E-03   9.4903705E-03
   7.3913043E-01   2.2837589E+05   7.4897071E+04   3.0327296E+05   1.0664621E-02   6.4348994E-03   9.6198516E-03
   7.5362319E-01   1.9945961E+05   6.6884834E+04   2.6634444E+05   1.5035829E-02   1.0618938E-02   1.3905651E-02
   7.6811594E-01   1.8071305E+05   6.0304403E+04   2.4101745E+05   2.0215100E-02   1.0539963E-02   1.7769374E-02
   7.8260870E-01   1.6127162E+05   5.3223986E+04   2.1449561E+05   2.0389219E-02   1.3087095E-02   1.8547772E-02
   7.9710145E-01   1.4300558E+05   4.6235715E+04   1.8924129E+05   2.3175194E-02   5.7009802E-03   1.8730214E-02
   8.1159420E-01   1.2433647E+05   3.9402308E+04   1.6373878E+05   3.3730434E-02   1.7865952E-02   2.9903884E-02
   8.2608696E-01   1.0666806E+05   3.4869181E+04   1.4153724E+05   4.7419227E-02   2.9973132E-02   4.3018267E-02
   8.4057971E-01   9.0850016E+04   2.8454319E+04   1.1930433E+05   6.3623688E-02   3.8826304E-02   5.7670322E-02
   8.5507246E-01   7.3294970E+04   2.2436712E+04   9.5731682E+04   9.5433253E-02   5.5788276E-02   8.6133780E-02
   8.6956522E-01   5.8901398E+04   1.8034133E+04   7.6935531E+04   1.2609625E-01   7.2131091E-02   1.1343541E-01
   8.8405797E-01   4.1725205E+04   1.3080274E+04   5.4805480E+04   1.5285585E-01   7.7950384E-02   1.3496547E-01
   8.9855072E-01   3.0688336E+04   9.2639420E+03   3.9952278E+04   1.7488082E-01   1.0309455E-01   1.5821983E-01
   9.1304348E-01   1.9484658E+04   5.6289011E+03   2.5113559E+04   1.9692177E-01   1.2262449E-01   1.8026858E-01
   9.2753623E-01   1.1673881E+04   3.3150980E+03   1.4988979E+04   2.2161607E-01   1.1972239E-01   1.9900054E-01
   9.4202899E-01   4.5813926E+03   1.3522685E+03   5.9336611E+03   2.0360286E-01   1.3649717E-01   1.8830411E-01
   9.5652174E-01   5.2811951E+02   1.7221288E+02   7.0033239E+02   2.4497961E-01   1.6331218E-01   2.2465028E-01
   9.7101449E-01   0.0000000E+00   0.0000000E+00   0.0000000E+00   0.0000000E+00   0.0000000E+00   0.0000000E+00
   9.8550725E-01   0.0000000E+00   0.0000000E+00   0.0000000E+00   0.0000000E+00   0.0000000E+00   0.0000000E+00
   1.0000000E+00   0.0000000E+00   0.0000000E+00   0.0000000E+00   0.0000000E+00   0.0000000E+00   0.0000000E+00
