   0.0000000E+00   3.2388697E+07   1.4851639E+07   4.7240336E+07   1.4516246E-03   1.1979462E-03   1.1278359E-03
   1.4492754E-02   3.2863040E+07   1.5199440E+07   4.8063996E+07   3.6155909E-04   2.6388049E-04   1.8657160E-04
   2.8985507E-02   3.3171060E+07   1.5476393E+07   4.8644801E+07   6.6990595E-04   1.1387907E-04   4.4431332E-04
   4.3478261E-02   3.3258073E+07   1.5699799E+07   4.8955852E+07   6.5994385E-04   5.7513445E-05   4.3175544E-04
   5.7971014E-02   3.3880870E+07   1.6105504E+07   4.9983153E+07   5.8911808E-04   1.1456008E-04   3.6324260E-04
   7.2463768E-02   3.4446103E+07   1.6743859E+07   5.1182082E+07   6.5087129E-04   1.4808274E-04   4.1871046E-04
   8.6956522E-02   3.5299542E+07   1.7558653E+07   5.2851502E+07   3.9797769E-04   7.2759154E-05   2.6034705E-04
   1.0144928E-01   3.6074978E+07   1.8737529E+07   5.4804821E+07   9.0431636E-04   5.9775788E-05   6.0368973E-04
   1.1594203E-01   3.6800145E+07   2.0218309E+07   5.7009172E+07   1.5435156E-03   1.5152599E-04   1.0237347E-03
   1.3043478E-01   3.6946820E+07   2.1443527E+07   5.8378560E+07   1.0849054E-03   9.8548718E-05   7.2014325E-04
   1.4492754E-01   3.6266566E+07   2.2614576E+07   5.8864320E+07   9.3840156E-04   1.2803258E-04   6.2560517E-04
   1.5942029E-01   3.4550037E+07   2.2895083E+07   5.7431550E+07   8.3818595E-04   5.9649003E-05   5.1578579E-04
   1.7391304E-01   3.1911449E+07   2.2170870E+07   5.4067543E+07   5.4317087E-04   1.9069826E-05   3.1666096E-04
   1.8840580E-01   2.8645536E+07   2.0116685E+07   4.8745725E+07   2.6558854E-05   8.7691315E-06   1.1964161E-05
   2.0289855E-01   2.5125953E+07   1.6930435E+07   4.2045726E+07   4.2147074E-05   1.6461730E-05   2.0825593E-05
   2.1739130E-01   2.1608023E+07   1.2662083E+07   3.4262176E+07   4.2723592E-05   1.9112130E-05   3.2964815E-05
   2.3188406E-01   1.8278219E+07   7.9711058E+06   2.6244778E+07   5.3841728E-05   3.2920173E-05   4.6598647E-05
   2.4637681E-01   1.4592627E+07   3.4869259E+06   1.8077592E+07   3.8014136E-05   6.0131092E-05   4.0464180E-05
   2.6086957E-01   1.0665060E+07   1.6062755E+06   1.2270199E+07   7.4206964E-05   2.4855813E-04   9.7023316E-05
   2.7536232E-01   8.1561181E+06   9.6930474E+05   9.1252235E+06   8.0063782E-05   4.8482243E-04   1.1962367E-04
   2.8985507E-01   6.1880187E+06   6.2831526E+05   6.8159172E+06   1.7817520E-04   9.4623862E-04   2.4749089E-04
   3.0434783E-01   4.4217544E+06   3.7608997E+05   4.7977722E+06   2.2937116E-04   1.6703914E-03   3.4199071E-04
   3.1884058E-01   2.9451847E+06   2.0283233E+05   3.1480171E+06   4.9476273E-04   2.9788974E-03   6.4645340E-04
   3.3333333E-01   1.7816696E+06   9.2443875E+04   1.8741464E+06   7.3697814E-04   8.1824147E-03   1.1023357E-03
   3.4782609E-01   9.8395266E+05   3.4634881E+04   1.0185875E+06   1.8779635E-03   2.8887114E-02   2.7904749E-03
   3.6231884E-01   5.3832645E+05   1.1093265E+04   5.4941971E+05   3.2620722E-03   8.0249289E-02   4.8150717E-03
   3.7681159E-01   3.1175036E+05   4.5172764E+03   3.1626763E+05   5.2156642E-03   1.5473124E-01   7.3509788E-03
   3.9130435E-01   1.9518736E+05   3.0028824E+03   1.9819024E+05   7.9097863E-03   2.3342107E-01   1.1281945E-02
   4.0579710E-01   1.2635259E+05   1.9214037E+03   1.2827400E+05   1.1072999E-02   3.4036746E-01   1.6005403E-02
   4.2028986E-01   7.8125265E+04   1.3587003E+03   7.9483965E+04   1.5094433E-02   3.6880917E-01   2.1119797E-02
   4.3478261E-01   4.9707526E+04   1.0608314E+03   5.0768358E+04   1.7720254E-02   4.7085252E-01   2.7187135E-02
   4.4927536E-01   3.1287192E+04   7.8217980E+02   3.2069372E+04   2.8700889E-02   4.4329474E-01   3.8234815E-02
   4.6376812E-01   2.0387853E+04   9.9452940E+02   2.1382382E+04   3.6722579E-02   5.3744638E-01   5.9855943E-02
   4.7826087E-01   1.2192672E+04   7.1181325E+02   1.2904485E+04   5.3807092E-02   5.3781200E-01   8.0420796E-02
   4.9275362E-01   7.9339488E+03   4.0115472E+02   8.3351035E+03   6.7273362E-02   5.6156486E-01   9.0422415E-02
   5.0724638E-01   4.8278652E+03   4.9794125E+02   5.3258064E+03   8.0006077E-02   6.4916736E-01   1.3316674E-01
   5.2173913E-01   3.0940915E+03   3.7886834E+02   3.4729598E+03   1.6015896E-01   6.3062550E-01   2.1085096E-01
   5.3623188E-01   1.8021845E+03   2.2527307E+02   2.0274576E+03   1.3792355E-01   7.0648845E-01   2.0037406E-01
   5.5072464E-01   1.2761881E+03   1.5952351E+02   1.4357116E+03   1.8786889E-01   7.2657788E-01   2.4715692E-01
   5.6521739E-01   1.0880322E+03   1.7486231E+02   1.2628945E+03   2.3562846E-01   7.8353341E-01   3.1068141E-01
   5.7971014E-01   4.3569859E+02   9.4717086E+01   5.3041568E+02   3.1907841E-01   7.2547788E-01   3.9159655E-01
   5.9420290E-01   4.8051595E+02   7.3925530E+01   5.5444148E+02   4.4868019E-01   8.5429902E-01   5.0256019E-01
   6.0869565E-01   1.8041350E+02   7.2165398E+01   2.5257889E+02   4.7230089E-01   8.7930199E-01   5.8652576E-01
   6.2318841E-01   1.5859605E+02   3.5243567E+01   1.9383962E+02   2.8968489E-01   9.1430901E-01   4.0206530E-01
   6.3768116E-01   8.6106441E+01   1.7221288E+01   1.0332773E+02   3.2093441E-01   7.9248102E-01   3.8562554E-01
   6.5217391E-01   6.7354372E+01   1.6838593E+01   8.4192965E+01   6.9747758E-01   9.8237630E-01   7.4350072E-01
   6.6666667E-01   9.8835220E+01   0.0000000E+00   9.8835220E+01   2.7904008E-01   0.0000000E+00   2.7904008E-01
   6.8115942E-01   1.6122057E+01   1.6122057E+01   3.2244114E+01   6.9372217E-01   9.6358832E-01   8.1305198E-01
   6.9565217E-01   1.5786181E+01   1.5786181E+01   3.1572362E+01   6.7092538E-01   9.1428762E-01   7.5711061E-01
   7.1014493E-01   1.5464014E+01   0.0000000E+00   1.5464014E+01   8.5182026E-01   0.0000000E+00   8.5182026E-01
   7.2463768E-01   0.0000000E+00   0.0000000E+00   0.0000000E+00   0.0000000E+00   0.0000000E+00   0.0000000E+00
   7.3913043E-01   0.0000000E+00   0.0000000E+00   0.0000000E+00   0.0000000E+00   0.0000000E+00   0.0000000E+00
   7.5362319E-01   0.0000000E+00   0.0000000E+00   0.0000000E+00   0.0000000E+00   0.0000000E+00   0.0000000E+00
   7.6811594E-01   0.0000000E+00   0.0000000E+00   0.0000000E+00   0.0000000E+00   0.0000000E+00   0.0000000E+00
   7.8260870E-01   0.0000000E+00   0.0000000E+00   0.0000000E+00   0.0000000E+00   0.0000000E+00   0.0000000E+00
   7.9710145E-01   0.0000000E+00   0.0000000E+00   0.0000000E+00   0.0000000E+00   0.0000000E+00   0.0000000E+00
   8.1159420E-01   0.0000000E+00   0.0000000E+00   0.0000000E+00   0.0000000E+00   0.0000000E+00   0.0000000E+00
   8.2608696E-01   0.0000000E+00   0.0000000E+00   0.0000000E+00   0.0000000E+00   0.0000000E+00   0.0000000E+00
   8.4057971E-01   0.0000000E+00   0.0000000E+00   0.0000000E+00   0.0000000E+00   0.0000000E+00   0.0000000E+00
   8.5507246E-01   0.0000000E+00   0.0000000E+00   0.0000000E+00   0.0000000E+00   0.0000000E+00   0.0000000E+00
   8.6956522E-01   0.0000000E+00   0.0000000E+00   0.0000000E+00   0.0000000E+00   0.0000000E+00   0.0000000E+00
   8.8405797E-01   0.0000000E+00   0.0000000E+00   0.0000000E+00   0.0000000E+00   0.0000000E+00   0.0000000E+00
   8.9855072E-01   0.0000000E+00   0.0000000E+00   0.0000000E+00   0.0000000E+00   0.0000000E+00   0.0000000E+00
   9.1304348E-01   0.0000000E+00   0.0000000E+00   0.0000000E+00   0.0000000E+00   0.0000000E+00   0.0000000E+00
   9.2753623E-01   0.0000000E+00   0.0000000E+00   0.0000000E+00   0.0000000E+00   0.0000000E+00   0.0000000E+00
   9.4202899E-01   0.0000000E+00   0.0000000E+00   0.0000000E+00   0.0000000E+00   0.0000000E+00   0.0000000E+00
   9.5652174E-01   0.0000000E+00   0.0000000E+00   0.0000000E+00   0.0000000E+00   0.0000000E+00   0.0000000E+00
   9.7101449E-01   0.0000000E+00   0.0000000E+00   0.0000000E+00   0.0000000E+00   0.0000000E+00   0.0000000E+00
   9.8550725E-01   0.0000000E+00   0.0000000E+00   0.0000000E+00   0.0000000E+00   0.0000000E+00   0.0000000E+00
   1.0000000E+00   0.0000000E+00   0.0000000E+00   0.0000000E+00   0.0000000E+00   0.0000000E+00   0.0000000E+00
