   0.0000000E+00   1.5779109E+07   1.5239600E+07   3.1018709E+07   3.4871479E-03   4.2688144E-04   1.9623352E-03
   1.4492754E-02   1.6327710E+07   1.4856943E+07   3.1183895E+07   9.7513505E-04   1.2509832E-04   5.6330030E-04
   2.8985507E-02   1.6232993E+07   1.4745177E+07   3.0978170E+07   1.3058222E-03   5.7947688E-05   6.8207974E-04
   4.3478261E-02   1.6427479E+07   1.5030970E+07   3.1458196E+07   8.2814598E-04   6.8385570E-05   4.5054567E-04
   5.7971014E-02   1.6583446E+07   1.5152082E+07   3.1734581E+07   1.4648588E-03   3.8404805E-05   7.7856806E-04
   7.2463768E-02   1.6801750E+07   1.5395391E+07   3.2195626E+07   1.1721194E-03   1.3863014E-04   5.6465174E-04
   8.6956522E-02   1.7055769E+07   1.5960334E+07   3.3015345E+07   1.4422596E-03   3.8458203E-05   7.2640929E-04
   1.0144928E-01   1.7523310E+07   1.6374473E+07   3.3896701E+07   1.6850706E-03   3.9460832E-05   8.7342806E-04
   1.1594203E-01   1.8043605E+07   1.6988741E+07   3.5030735E+07   1.8991471E-03   5.9787612E-05   1.0072845E-03
   1.3043478E-01   1.8637376E+07   1.7578565E+07   3.6213920E+07   2.3202485E-03   5.2235534E-05   1.2151819E-03
   1.4492754E-01   1.8988730E+07   1.7984956E+07   3.6970731E+07   3.0790417E-03   6.4883612E-05   1.6052142E-03
   1.5942029E-01   1.9083185E+07   1.8076911E+07   3.7157685E+07   3.3972084E-03   5.9450234E-05   1.7734640E-03
   1.7391304E-01   1.8765160E+07   1.7533143E+07   3.6295903E+07   4.2894902E-03   9.1128342E-05   2.2453203E-03
   1.8840580E-01   1.7800109E+07   1.6110123E+07   3.3908367E+07   3.6189653E-03   2.4828297E-05   1.8925823E-03
   2.0289855E-01   1.6227093E+07   1.4034799E+07   3.0259998E+07   2.9933137E-03   3.2913758E-05   1.5925152E-03
   2.1739130E-01   1.4096125E+07   1.1127212E+07   2.5221922E+07   6.4986217E-04   1.6296310E-04   2.9166732E-04
   2.3188406E-01   1.1596402E+07   7.8543196E+06   1.9449869E+07   2.0329891E-03   3.6700129E-04   1.3572436E-03
   2.4637681E-01   9.1465058E+06   4.8044072E+06   1.3950601E+07   5.8788178E-03   6.7254888E-04   4.0833461E-03
   2.6086957E-01   7.5008354E+06   3.4385249E+06   1.0939066E+07   1.0726263E-02   1.4850778E-03   7.8202709E-03
   2.7536232E-01   6.2909692E+06   2.6063749E+06   8.8970251E+06   1.2718519E-02   1.7823757E-03   9.5135025E-03
   2.8985507E-01   5.4671459E+06   2.0154659E+06   7.4825740E+06   1.1277138E-02   2.1779055E-03   8.8254551E-03
   3.0434783E-01   4.9739640E+06   1.6109843E+06   6.5848039E+06   1.0280535E-02   2.8459154E-03   8.4640948E-03
   3.1884058E-01   4.5556852E+06   1.2840881E+06   5.8396355E+06   7.2905490E-03   3.2328393E-03   6.4006574E-03
   3.3333333E-01   4.2297191E+06   1.0500913E+06   5.2797445E+06   5.4809364E-03   4.5334155E-03   5.2921872E-03
   3.4782609E-01   3.9688037E+06   8.7581732E+05   4.8446211E+06   4.5189894E-03   5.6063437E-03   4.7133923E-03
   3.6231884E-01   3.6927236E+06   7.1715231E+05   4.4098456E+06   2.6932746E-03   6.6725490E-03   3.3403645E-03
   3.7681159E-01   3.4979748E+06   5.9718394E+05   4.0951296E+06   2.0535432E-03   8.9232237E-03   3.0424448E-03
   3.9130435E-01   3.2657048E+06   4.8203279E+05   3.7477095E+06   1.8468567E-03   9.2360304E-03   2.7973954E-03
   4.0579710E-01   3.1013080E+06   4.1253350E+05   3.5138415E+06   1.1195935E-03   9.5324035E-03   2.0811389E-03
   4.2028986E-01   2.9860312E+06   3.6428844E+05   3.3502936E+06   9.7058045E-04   1.1347895E-02   2.0773638E-03
   4.3478261E-01   2.8596730E+06   3.1150555E+05   3.1711533E+06   6.9590231E-04   1.1914073E-02   1.7943331E-03
   4.4927536E-01   2.7476999E+06   2.8412681E+05   3.0317778E+06   3.6448135E-04   1.1316286E-02   1.3858624E-03
   4.6376812E-01   2.6507997E+06   2.5585453E+05   2.9066542E+06   4.6292738E-04   1.0035239E-02   1.2616449E-03
   4.7826087E-01   2.5682681E+06   2.2628773E+05   2.7945329E+06   6.6613033E-04   1.2071098E-02   1.5811694E-03
   4.9275362E-01   2.4681044E+06   2.0485634E+05   2.6729162E+06   4.3400252E-04   1.1193852E-02   1.2529515E-03
   5.0724638E-01   2.3749633E+06   1.8350218E+05   2.5584438E+06   5.7687946E-04   1.1162764E-02   1.1967581E-03
   5.2173913E-01   2.2591709E+06   1.6348169E+05   2.4226105E+06   5.9095977E-04   1.0705233E-02   1.2599776E-03
   5.3623188E-01   2.1404628E+06   1.4739002E+05   2.2878528E+06   3.8434237E-04   1.0627363E-02   1.0441447E-03
   5.5072464E-01   2.0139445E+06   1.3439856E+05   2.1483430E+06   6.6823479E-04   9.3362039E-03   1.1688887E-03
   5.6521739E-01   1.8885324E+06   1.1719661E+05   2.0056901E+06   2.3135125E-04   1.0851865E-02   7.7340597E-04
   5.7971014E-01   1.7448592E+06   1.0096841E+05   1.8458087E+06   3.2316226E-04   8.9000281E-03   7.9197880E-04
   5.9420290E-01   1.5938714E+06   8.5938429E+04   1.6798098E+06   4.5639648E-04   7.0632265E-03   7.6019191E-04
   6.0869565E-01   1.4468802E+06   7.6928315E+04   1.5238085E+06   1.0107289E-03   6.7991822E-03   1.3028752E-03
   6.2318841E-01   1.2755880E+06   6.5077246E+04   1.3406653E+06   7.1404724E-04   5.8376119E-03   9.5981266E-04
   6.3768116E-01   1.1282527E+06   5.5331999E+04   1.1835503E+06   5.3469863E-04   8.8640003E-03   8.9738066E-04
   6.5217391E-01   9.8788657E+05   4.4841173E+04   1.0327277E+06   9.0820658E-04   6.3241318E-03   1.1415155E-03
   6.6666667E-01   8.4136775E+05   3.8809296E+04   8.8019352E+05   9.4372130E-04   5.2715631E-03   1.1248777E-03
   6.8115942E-01   7.1993046E+05   3.1147814E+04   7.5109440E+05   1.3602133E-03   2.6241014E-03   1.4125596E-03
   6.9565217E-01   6.1274061E+05   2.6804935E+04   6.3954555E+05   1.5110695E-03   2.1526225E-03   1.5375042E-03
   7.1014493E-01   5.1125577E+05   2.0922811E+04   5.3217858E+05   1.3244414E-03   1.3409380E-03   1.3237243E-03
   7.2463768E-01   4.2537822E+05   1.7443098E+04   4.4282132E+05   2.4329873E-03   1.6558116E-03   2.4023703E-03
   7.3913043E-01   3.5359559E+05   1.4055273E+04   3.6765087E+05   1.7106435E-03   1.6979745E-03   1.7012704E-03
   7.5362319E-01   2.9491986E+05   1.2123787E+04   3.0705822E+05   2.5858688E-03   3.5623957E-04   2.4976280E-03
   7.6811594E-01   2.5509992E+05   1.0565423E+04   2.6566534E+05   2.8899367E-03   5.8724866E-04   2.7847029E-03
   7.8260870E-01   2.1748446E+05   9.3594513E+03   2.2684391E+05   4.0397614E-03   1.0739126E-03   3.9030031E-03
   7.9710145E-01   1.8962705E+05   7.0262856E+03   1.9665334E+05   4.5838754E-03   6.3814347E-06   4.4203240E-03
   8.1159420E-01   1.5950357E+05   6.0348314E+03   1.6553840E+05   4.7314461E-03   1.1938102E-06   4.5589542E-03
   8.2608696E-01   1.3531582E+05   5.3440377E+03   1.4065986E+05   5.8355050E-03   3.8304580E-06   5.6136660E-03
   8.4057971E-01   1.1213196E+05   4.5856134E+03   1.1671758E+05   8.4377731E-03   6.1899285E-06   8.1060596E-03
   8.5507246E-01   8.4827980E+04   3.2878066E+03   8.8115786E+04   1.1237358E-02   1.4131527E-06   1.0818013E-02
   8.6956522E-01   6.6087268E+04   2.6520784E+03   6.8739346E+04   1.2836676E-02   1.9513128E-03   1.2409273E-02
   8.8405797E-01   4.7762255E+04   1.5900048E+03   4.9352260E+04   1.6269848E-02   1.9538325E-03   1.5795049E-02
   8.9855072E-01   3.3474851E+04   1.1488266E+03   3.4623678E+04   1.7530408E-02   1.3240488E-05   1.6949125E-02
   9.1304348E-01   2.3104955E+04   7.3368155E+02   2.3838637E+04   2.0951403E-02   1.6349997E-05   2.0306903E-02
   9.2753623E-01   1.3710298E+04   4.7358543E+02   1.4183884E+04   2.3875299E-02   1.5428160E-06   2.3078092E-02
   9.4202899E-01   5.3158143E+03   2.4480724E+02   5.5606215E+03   2.8402875E-02   9.3612354E-06   2.7152022E-02
   9.5652174E-01   8.0366012E+02   3.4442577E+01   8.3810270E+02   1.3947494E-02   2.4186927E-05   1.3375296E-02
   9.7101449E-01   0.0000000E+00   0.0000000E+00   0.0000000E+00   0.0000000E+00   0.0000000E+00   0.0000000E+00
   9.8550725E-01   0.0000000E+00   0.0000000E+00   0.0000000E+00   0.0000000E+00   0.0000000E+00   0.0000000E+00
   1.0000000E+00   0.0000000E+00   0.0000000E+00   0.0000000E+00   0.0000000E+00   0.0000000E+00   0.0000000E+00
