   0.0000000E+00   2.8393909E+07   1.5518447E+07   4.3912356E+07   2.6615972E-03   2.0658929E-03   1.6662018E-03
   1.4492754E-02   2.9938176E+07   1.5406302E+07   4.5342963E+07   6.9293561E-04   1.0453299E-03   3.7288099E-04
   2.8985507E-02   3.0059035E+07   1.5468058E+07   4.5524820E+07   3.7838265E-04   2.4032555E-04   2.5450956E-04
   4.3478261E-02   3.0162719E+07   1.5667721E+07   4.5828925E+07   4.4749828E-04   9.2143947E-05   3.1647616E-04
   5.7971014E-02   3.0625065E+07   1.6073679E+07   4.6695713E+07   3.5772166E-04   2.6789593E-04   2.9324850E-04
   7.2463768E-02   3.1259518E+07   1.6501383E+07   4.7756355E+07   5.4595528E-04   9.1039648E-05   3.8092082E-04
   8.6956522E-02   3.2037486E+07   1.7312010E+07   4.9344823E+07   7.1006789E-04   3.5861541E-05   4.6368526E-04
   1.0144928E-01   3.3084840E+07   1.8240129E+07   5.1319665E+07   8.8131058E-04   3.3272451E-04   6.7458975E-04
   1.1594203E-01   3.4228860E+07   1.9381199E+07   5.3602956E+07   9.7639730E-04   4.2161621E-04   7.2799678E-04
   1.3043478E-01   3.4977210E+07   2.0459732E+07   5.5427344E+07   1.0440024E-03   4.6594754E-04   8.2997280E-04
   1.4492754E-01   3.5182927E+07   2.1193137E+07   5.6361894E+07   9.0292160E-04   5.1145157E-04   7.3212003E-04
   1.5942029E-01   3.4537638E+07   2.1361906E+07   5.5887765E+07   4.3564138E-04   2.5157576E-04   3.5983895E-04
   1.7391304E-01   3.2766871E+07   2.0541610E+07   5.3298251E+07   2.5676944E-04   1.7560316E-04   2.1962878E-04
   1.8840580E-01   2.9859605E+07   1.8820489E+07   4.8666455E+07   8.9370628E-05   4.7410575E-05   4.1172275E-05
   2.0289855E-01   2.6089524E+07   1.5933579E+07   4.2014497E+07   2.0461672E-04   6.7180487E-05   1.4014658E-04
   2.1739130E-01   2.1588979E+07   1.2184406E+07   3.3767424E+07   6.6630759E-05   7.2363218E-05   1.6331176E-05
   2.3188406E-01   1.6830942E+07   7.9776886E+06   2.4805600E+07   4.9214440E-06   6.3627051E-05   2.0832713E-05
   2.4637681E-01   1.1990916E+07   3.9573467E+06   1.5947415E+07   4.1888432E-05   5.8836999E-05   4.6094987E-05
   2.6086957E-01   8.8282217E+06   2.3689795E+06   1.1196359E+07   1.0332570E-04   1.6452392E-04   1.1323100E-04
   2.7536232E-01   7.0916177E+06   1.7367724E+06   8.8281109E+06   3.3005325E-05   1.1924368E-04   4.8800244E-05
   2.8985507E-01   5.7090155E+06   1.3160750E+06   7.0247116E+06   1.4041137E-04   4.0488776E-04   1.8957845E-04
   3.0434783E-01   4.4747238E+06   9.6824315E+05   5.4427144E+06   1.7726405E-04   4.3245703E-04   2.1636419E-04
   3.1884058E-01   3.4118127E+06   6.7018365E+05   4.0817209E+06   3.8047109E-04   8.7548862E-04   4.5608333E-04
   3.3333333E-01   2.5484002E+06   4.3681873E+05   2.9851531E+06   4.8906988E-04   1.4979367E-03   6.2409888E-04
   3.4782609E-01   1.8887218E+06   2.8642447E+05   2.1751463E+06   7.6300021E-04   2.2239264E-03   9.5536016E-04
   3.6231884E-01   1.4429125E+06   1.8758529E+05   1.6304675E+06   1.0480687E-03   4.5642121E-03   1.4519637E-03
   3.7681159E-01   1.1283574E+06   1.3694633E+05   1.2652163E+06   1.2438096E-03   6.3935974E-03   1.7980305E-03
   3.9130435E-01   9.0417631E+05   9.9516085E+04   1.0036924E+06   1.2435656E-03   5.7472881E-03   1.6880002E-03
   4.0579710E-01   7.3833321E+05   7.7235018E+04   8.1556823E+05   1.4597214E-03   9.2314748E-03   2.1690245E-03
   4.2028986E-01   6.0062390E+05   5.7352828E+04   6.5797673E+05   1.5489131E-03   8.2819559E-03   2.1345887E-03
   4.3478261E-01   4.8952316E+05   4.5287396E+04   5.3481055E+05   1.8545845E-03   5.8074342E-03   2.1833161E-03
   4.4927536E-01   4.0296926E+05   3.5369193E+04   4.3833845E+05   1.8184103E-03   1.5518424E-02   2.9126809E-03
   4.6376812E-01   3.2374300E+05   2.9291259E+04   3.5303426E+05   2.1022472E-03   1.2477791E-02   2.9630509E-03
   4.7826087E-01   2.6743513E+05   2.1629938E+04   2.8906506E+05   2.4683965E-03   1.0902709E-02   3.0478027E-03
   4.9275362E-01   2.1742586E+05   1.6402771E+04   2.3382863E+05   2.6401929E-03   1.6825585E-02   3.5955951E-03
   5.0724638E-01   1.7588151E+05   1.2600079E+04   1.8848159E+05   2.9824458E-03   1.4617149E-02   3.7529163E-03
   5.2173913E-01   1.4752712E+05   1.0355735E+04   1.5788286E+05   3.2058484E-03   1.4806740E-02   3.9439046E-03
   5.3623188E-01   1.2019342E+05   7.1268207E+03   1.2732024E+05   2.2145223E-03   2.1178639E-02   3.2733717E-03
   5.5072464E-01   9.8027198E+04   5.8026678E+03   1.0382987E+05   3.7081260E-03   1.3559337E-02   4.2291792E-03
   5.6521739E-01   7.8299457E+04   4.1189789E+03   8.2418436E+04   1.6900636E-03   2.3879658E-02   2.7972446E-03
   5.7971014E-01   6.3611995E+04   3.9402308E+03   6.7552225E+04   2.8331418E-03   2.6249201E-02   4.1535173E-03
   5.9420290E-01   5.1784834E+04   2.5504308E+03   5.4335265E+04   3.2025781E-03   2.2543643E-02   4.1074358E-03
   6.0869565E-01   4.1170360E+04   2.6520784E+03   4.3822438E+04   3.1417987E-03   1.9439051E-02   4.1265464E-03
   6.2318841E-01   3.3992420E+04   1.7093130E+03   3.5701733E+04   4.2467138E-03   2.8064679E-02   5.1569469E-03
   6.3768116E-01   2.6365792E+04   1.0849412E+03   2.7450734E+04   4.8439961E-03   7.2582458E-03   4.9335930E-03
   6.5217391E-01   2.0913532E+04   9.5979980E+02   2.1873332E+04   4.1132654E-03   1.4931405E-02   4.5514306E-03
   6.6666667E-01   1.7246746E+04   7.4126415E+02   1.7988010E+04   9.7169802E-04   4.0194470E-02   2.5695424E-03
   6.8115942E-01   1.2897646E+04   5.1590583E+02   1.3413552E+04   3.6000675E-04   5.6048478E-02   2.1881486E-03
   6.9565217E-01   1.0434666E+04   4.4201307E+02   1.0876679E+04   3.3060225E-03   1.4650388E-02   3.5935116E-03
   7.1014493E-01   8.5979918E+03   3.5567232E+02   8.9536641E+03   1.1177870E-02   1.4588380E-02   1.0685075E-02
   7.2463768E-01   6.4559165E+03   1.6670207E+02   6.6226186E+03   1.0171778E-02   3.0658318E-02   9.1592890E-03
   7.3913043E-01   4.5167049E+03   2.0800615E+02   4.7247111E+03   1.5366756E-02   1.2779572E-06   1.4690195E-02
   7.5362319E-01   3.5409618E+03   8.7431156E+01   3.6283930E+03   9.1228481E-03   2.8894451E-02   9.1881365E-03
   7.6811594E-01   2.6592269E+03   1.1437535E+02   2.7736022E+03   4.0070723E-02   1.1383026E-01   4.1637118E-02
   7.8260870E-01   1.7961166E+03   8.4192965E+01   1.8803095E+03   6.1154134E-02   8.7781943E-02   6.2321524E-02
   7.9710145E-01   1.1572706E+03   2.7554061E+01   1.1848246E+03   8.7860863E-02   6.3490181E-06   8.5817679E-02
   8.1159420E-01   8.3892276E+02   2.7062024E+01   8.6598478E+02   1.3854274E-01   2.1181001E-01   1.4070574E-01
   8.2608696E-01   5.5833229E+02   1.3293626E+01   5.7162592E+02   8.4691301E-02   3.1416590E-01   8.9233382E-02
   8.4057971E-01   3.0048179E+02   0.0000000E+00   3.0048179E+02   2.2047595E-01   0.0000000E+00   2.2047595E-01
   8.5507246E-01   3.0823187E+02   0.0000000E+00   3.0823187E+02   1.7403394E-01   0.0000000E+00   1.7403394E-01
   8.6956522E-01   3.7886834E+01   0.0000000E+00   3.7886834E+01   1.3715567E-01   0.0000000E+00   1.3715567E-01
   8.8405797E-01   2.4843826E+01   0.0000000E+00   2.4843826E+01   2.1401118E-01   0.0000000E+00   2.1401118E-01
   8.9855072E-01   2.4443119E+01   0.0000000E+00   2.4443119E+01   2.1502492E-05   0.0000000E+00   2.1502492E-05
   9.1304348E-01   2.4055133E+01   0.0000000E+00   2.4055133E+01   1.6111051E-01   0.0000000E+00   1.6111051E-01
   9.2753623E-01   1.1839636E+01   0.0000000E+00   1.1839636E+01   3.1383845E-05   0.0000000E+00   3.1383845E-05
   9.4202899E-01   0.0000000E+00   0.0000000E+00   0.0000000E+00   0.0000000E+00   0.0000000E+00   0.0000000E+00
   9.5652174E-01   0.0000000E+00   0.0000000E+00   0.0000000E+00   0.0000000E+00   0.0000000E+00   0.0000000E+00
   9.7101449E-01   0.0000000E+00   0.0000000E+00   0.0000000E+00   0.0000000E+00   0.0000000E+00   0.0000000E+00
   9.8550725E-01   0.0000000E+00   0.0000000E+00   0.0000000E+00   0.0000000E+00   0.0000000E+00   0.0000000E+00
   1.0000000E+00   0.0000000E+00   0.0000000E+00   0.0000000E+00   0.0000000E+00   0.0000000E+00   0.0000000E+00
