   0.0000000E+00   2.7187592E+07   1.3857488E+07   4.1045081E+07   1.1600968E-03   2.8626608E-04   7.1617588E-04
   1.4492754E-02   2.7399758E+07   1.3757467E+07   4.1157226E+07   3.6772442E-04   2.3993916E-04   3.0244070E-04
   2.8985507E-02   2.7425143E+07   1.3535450E+07   4.0959456E+07   4.1330482E-04   2.7753768E-04   1.8995110E-04
   4.3478261E-02   2.7817777E+07   1.3932504E+07   4.1749776E+07   1.6489415E-04   4.8841858E-04   1.1737183E-04
   5.7971014E-02   2.8316241E+07   1.4340167E+07   4.2654324E+07   3.3474916E-04   8.0089815E-05   2.4942857E-04
   7.2463768E-02   2.9291069E+07   1.4746617E+07   4.4035413E+07   3.3083842E-04   3.1778075E-04   3.2014810E-04
   8.6956522E-02   3.0619508E+07   1.5452398E+07   4.6069127E+07   1.3040541E-04   2.4948257E-04   8.9527627E-05
   1.0144928E-01   3.2387939E+07   1.6389195E+07   4.8774103E+07   3.8137532E-04   9.4235377E-05   2.6552202E-04
   1.1594203E-01   3.4556960E+07   1.7487426E+07   5.2041071E+07   1.7253126E-04   2.2762863E-04   1.9036485E-04
   1.3043478E-01   3.7118405E+07   1.8778483E+07   5.5892005E+07   2.3801157E-04   3.0347740E-04   2.4054705E-04
   1.4492754E-01   3.9151345E+07   1.9801327E+07   5.8944791E+07   5.7206020E-04   3.2279867E-04   4.7951313E-04
   1.5942029E-01   4.0114442E+07   2.0360454E+07   6.0467801E+07   4.0922781E-04   3.4929838E-04   3.8891373E-04
   1.7391304E-01   3.9611569E+07   1.9999134E+07   5.9603694E+07   6.3254848E-04   4.2513096E-04   5.6286690E-04
   1.8840580E-01   3.6596175E+07   1.8448324E+07   5.5036047E+07   7.7840158E-04   6.0058876E-04   7.1641873E-04
   2.0289855E-01   3.0957332E+07   1.5639360E+07   4.6591280E+07   9.0446964E-04   1.0599707E-03   9.5342639E-04
   2.1739130E-01   2.3140672E+07   1.1665609E+07   3.4802290E+07   1.5244792E-03   1.0410412E-03   1.3578920E-03
   2.3188406E-01   1.3808141E+07   6.9669152E+06   2.0773541E+07   3.0572073E-03   2.3607476E-03   2.8199198E-03
   2.4637681E-01   5.2385457E+06   2.5671227E+06   7.8053119E+06   9.0677157E-03   6.9259547E-03   8.3630304E-03
   2.6086957E-01   3.6345261E+06   1.7869536E+06   5.4213955E+06   1.5092118E-02   1.3328603E-02   1.4509319E-02
   2.7536232E-01   3.3701735E+06   1.6497124E+06   5.0197264E+06   1.7657310E-02   1.5475397E-02   1.6930035E-02
   2.8985507E-01   3.1089936E+06   1.5018720E+06   4.6107898E+06   1.9877541E-02   1.7519941E-02   1.9089469E-02
   3.0434783E-01   2.8685385E+06   1.3912406E+06   4.2597070E+06   2.2532405E-02   1.9093571E-02   2.1408996E-02
   3.1884058E-01   2.6279341E+06   1.2681757E+06   3.8960409E+06   2.4703480E-02   2.1316292E-02   2.3595499E-02
   3.3333333E-01   2.3809734E+06   1.1445777E+06   3.5255182E+06   2.8590376E-02   2.3344923E-02   2.6883872E-02
   3.4782609E-01   2.1250094E+06   1.0271436E+06   3.1520267E+06   3.1593322E-02   2.7010148E-02   3.0105158E-02
   3.6231884E-01   1.8524540E+06   9.0458605E+05   2.7570401E+06   3.5434185E-02   3.1917827E-02   3.4276754E-02
   3.7681159E-01   1.5694475E+06   7.6817014E+05   2.3375885E+06   4.1197002E-02   3.3104343E-02   3.8538072E-02
   3.9130435E-01   1.2914920E+06   6.1595573E+05   1.9074197E+06   4.3188618E-02   3.7935214E-02   4.1490893E-02
   4.0579710E-01   1.0382346E+06   4.9680464E+05   1.5350392E+06   4.7786751E-02   4.1919256E-02   4.5886838E-02
   4.2028986E-01   8.3607098E+05   4.0484042E+05   1.2408591E+06   5.0717873E-02   4.5266228E-02   4.8938018E-02
   4.3478261E-01   6.8102847E+05   3.2304841E+05   1.0040769E+06   5.4171729E-02   4.9037335E-02   5.2519732E-02
   4.4927536E-01   5.5458992E+05   2.6493897E+05   8.1950445E+05   5.5837891E-02   5.1053547E-02   5.4286205E-02
   4.6376812E-01   4.5383692E+05   2.1600231E+05   6.6983923E+05   5.8320578E-02   5.0904653E-02   5.5928542E-02
   4.7826087E-01   3.6952292E+05   1.7299358E+05   5.4251650E+05   5.9663263E-02   4.9475466E-02   5.6411358E-02
   4.9275362E-01   3.0137862E+05   1.4390311E+05   4.4528173E+05   5.9320000E-02   5.4216982E-02   5.7654773E-02
   5.0724638E-01   2.5605005E+05   1.1848837E+05   3.7453842E+05   5.5298950E-02   5.0123726E-02   5.3631351E-02
   5.2173913E-01   2.1376594E+05   9.6443041E+04   3.1020898E+05   5.9824785E-02   4.7261815E-02   5.5918635E-02
   5.3623188E-01   1.7649121E+05   8.3371515E+04   2.5986272E+05   5.6696447E-02   4.9870087E-02   5.4498849E-02
   5.5072464E-01   1.4660211E+05   6.6521305E+04   2.1312341E+05   5.6000241E-02   5.2572135E-02   5.4898239E-02
   5.6521739E-01   1.2116015E+05   5.6247377E+04   1.7740753E+05   5.1723097E-02   4.5909619E-02   4.9863787E-02
   5.7971014E-01   1.0380993E+05   4.7661637E+04   1.5147156E+05   5.4661425E-02   5.1193800E-02   5.3531367E-02
   5.9420290E-01   8.5919947E+04   3.8736978E+04   1.2465693E+05   5.9515663E-02   5.3492244E-02   5.7643709E-02
   6.0869565E-01   6.9603527E+04   3.2330099E+04   1.0193363E+05   5.7614071E-02   4.7374400E-02   5.4360911E-02
   6.2318841E-01   5.6847873E+04   2.5780669E+04   8.2628542E+04   5.5804428E-02   5.0480653E-02   5.4127842E-02
   6.3768116E-01   4.7685747E+04   2.1836594E+04   6.9522341E+04   5.4455396E-02   4.6279777E-02   5.1836645E-02
   6.5217391E-01   3.7095420E+04   1.5760923E+04   5.2856343E+04   6.1927304E-02   4.6598123E-02   5.7356161E-02
   6.6666667E-01   2.8217455E+04   1.3491007E+04   4.1708463E+04   5.1068322E-02   4.8673439E-02   5.0252858E-02
   6.8115942E-01   2.3183518E+04   1.0559947E+04   3.3743466E+04   5.8313005E-02   4.8459294E-02   5.4791017E-02
   6.9565217E-01   1.8627693E+04   7.7194425E+03   2.6347136E+04   5.8941369E-02   4.9254458E-02   5.6028530E-02
   7.1014493E-01   1.4768133E+04   6.2938537E+03   2.1061987E+04   7.2474535E-02   6.6555896E-02   7.0625017E-02
   7.2463768E-01   1.1487288E+04   4.9404432E+03   1.6427731E+04   6.2989492E-02   5.8812621E-02   6.1724628E-02
   7.3913043E-01   8.8551189E+03   3.7292531E+03   1.2584372E+04   5.9018304E-02   4.6934956E-02   5.5179146E-02
   7.5362319E-01   6.5136211E+03   2.9580874E+03   9.4717086E+03   6.3793173E-02   6.3414150E-02   6.3627846E-02
   7.6811594E-01   5.2326722E+03   2.3589916E+03   7.5916638E+03   6.7090595E-02   5.2774008E-02   6.2364397E-02
   7.8260870E-01   4.1394874E+03   1.7680523E+03   5.9075397E+03   5.0704361E-02   6.0443394E-02   5.3458227E-02
   7.9710145E-01   3.1411630E+03   1.5981356E+03   4.7392985E+03   5.2460770E-02   4.2501840E-02   4.5703146E-02
   8.1159420E-01   2.5032373E+03   1.0418879E+03   3.5451252E+03   6.7199108E-02   7.8560350E-02   7.0422354E-02
   8.2608696E-01   1.7015841E+03   7.5773668E+02   2.4593208E+03   7.0505647E-02   5.8621970E-02   6.6667139E-02
   8.4057971E-01   1.4501512E+03   5.8789915E+02   2.0380504E+03   4.3549489E-02   8.1561745E-02   5.4455160E-02
   8.5507246E-01   1.1943985E+03   5.5224877E+02   1.7466473E+03   4.7313557E-02   9.2159874E-02   6.1010355E-02
   8.6956522E-01   7.1984985E+02   2.7783678E+02   9.9768663E+02   1.1254910E-01   8.2535008E-02   1.0419074E-01
   8.8405797E-01   3.4781356E+02   2.2359443E+02   5.7140799E+02   5.1833364E-02   1.2258619E-01   7.6872688E-02
   8.9855072E-01   2.5665275E+02   2.0776651E+02   4.6441926E+02   1.0306544E-01   1.7416593E-01   1.3374497E-01
   9.1304348E-01   1.3230323E+02   1.5635836E+02   2.8866159E+02   1.1188185E-01   1.0051048E-01   1.0185208E-01
   9.2753623E-01   1.0655672E+02   1.1839636E+01   1.1839636E+02   1.0417619E-01   2.0286011E-01   7.4342359E-02
   9.4202899E-01   3.4972462E+01   2.3314975E+01   5.8287437E+01   2.7494769E-01   4.7508766E-06   1.6497030E-01
   9.5652174E-01   0.0000000E+00   0.0000000E+00   0.0000000E+00   0.0000000E+00   0.0000000E+00   0.0000000E+00
   9.7101449E-01   0.0000000E+00   0.0000000E+00   0.0000000E+00   0.0000000E+00   0.0000000E+00   0.0000000E+00
   9.8550725E-01   0.0000000E+00   0.0000000E+00   0.0000000E+00   0.0000000E+00   0.0000000E+00   0.0000000E+00
   1.0000000E+00   0.0000000E+00   0.0000000E+00   0.0000000E+00   0.0000000E+00   0.0000000E+00   0.0000000E+00
