   0.0000000E+00   1.0965965E+07   1.4081779E+07   2.5047744E+07   4.7820740E-03   2.6215923E-04   2.1147586E-03
   1.4492754E-02   1.1112966E+07   1.4159068E+07   2.5271276E+07   5.0802520E-04   5.4119982E-05   2.4218122E-04
   2.8985507E-02   1.1091371E+07   1.4273107E+07   2.5364099E+07   1.0479421E-03   5.8405715E-05   4.5455297E-04
   4.3478261E-02   1.1137214E+07   1.4373002E+07   2.5509458E+07   3.1642148E-04   6.3591282E-05   1.0446042E-04
   5.7971014E-02   1.1173206E+07   1.4691188E+07   2.5863258E+07   5.5163572E-04   3.8152267E-05   2.5726851E-04
   7.2463768E-02   1.1237235E+07   1.5042892E+07   2.6279521E+07   5.6317228E-04   2.3639547E-05   2.5446446E-04
   8.6956522E-02   1.1315661E+07   1.5661533E+07   2.6976815E+07   1.0197154E-04   1.8522216E-05   3.2329414E-05
   1.0144928E-01   1.1387483E+07   1.6438556E+07   2.7824741E+07   5.0809663E-04   5.1458159E-05   2.1628085E-04
   1.1594203E-01   1.1390866E+07   1.7202896E+07   2.8592531E+07   7.9474168E-04   2.6113639E-05   3.1252141E-04
   1.3043478E-01   1.1338267E+07   1.8148551E+07   2.9485555E+07   5.8527417E-04   4.5073000E-05   1.9773731E-04
   1.4492754E-01   1.1159946E+07   1.8819906E+07   2.9977124E+07   5.1398388E-04   3.1593583E-05   2.0355777E-04
   1.5942029E-01   1.0890329E+07   1.9077536E+07   2.9966350E+07   4.7998453E-04   4.1084220E-05   1.4880676E-04
   1.7391304E-01   1.0402083E+07   1.8610708E+07   2.9011717E+07   3.7015706E-04   5.0188773E-05   1.4392318E-04
   1.8840580E-01   9.7458344E+06   1.7198408E+07   2.6941852E+07   1.1802251E-04   2.1893004E-05   5.5704825E-05
   2.0289855E-01   9.0094892E+06   1.4906737E+07   2.3915198E+07   1.0372014E-03   7.2818593E-05   4.3335661E-04
   2.1739130E-01   8.1455683E+06   1.1538764E+07   1.9683221E+07   1.2271642E-03   1.2520219E-04   5.7625545E-04
   2.3188406E-01   7.3687998E+06   7.7058032E+06   1.5074129E+07   9.8178756E-04   2.2235515E-04   5.8693117E-04
   2.4637681E-01   6.6720052E+06   4.0099871E+06   1.0681680E+07   1.0575847E-03   3.2558592E-04   7.6389086E-04
   2.6086957E-01   6.2421927E+06   2.5433432E+06   8.7852833E+06   4.9434490E-04   6.8874178E-04   5.3409135E-04
   2.7536232E-01   5.9330384E+06   1.9116101E+06   7.8444890E+06   8.0264623E-04   1.2570051E-03   9.1210955E-04
   2.8985507E-01   5.7275422E+06   1.5760544E+06   7.3034450E+06   1.9377229E-04   1.6563476E-03   4.6946278E-04
   3.0434783E-01   5.5670914E+06   1.3445135E+06   6.9114606E+06   5.2621472E-04   2.0708360E-03   8.0122320E-04
   3.1884058E-01   5.4352452E+06   1.1463867E+06   6.5814942E+06   2.3210078E-04   2.7996962E-03   5.3811209E-04
   3.3333333E-01   5.2264064E+06   9.7612957E+05   6.2024042E+06   1.1645065E-04   3.8334914E-03   5.4711893E-04
   3.4782609E-01   5.0701109E+06   8.4383451E+05   5.9139454E+06   2.6722049E-04   5.1279550E-03   8.0004991E-04
   3.6231884E-01   4.9150438E+06   7.1933459E+05   5.6342875E+06   3.1028056E-04   6.2490389E-03   1.0502830E-03
   3.7681159E-01   4.7169983E+06   6.1172665E+05   5.3287249E+06   2.3368566E-04   6.9841216E-03   1.0029363E-03
   3.9130435E-01   4.5434453E+06   5.1346483E+05   5.0568540E+06   1.1513322E-04   7.6798036E-03   6.7893089E-04
   4.0579710E-01   4.4315418E+06   4.4982497E+05   4.8813127E+06   3.2043362E-04   8.0693212E-03   1.0258853E-03
   4.2028986E-01   4.3049634E+06   3.9799466E+05   4.7028274E+06   1.4556735E-04   8.3039074E-03   8.3582395E-04
   4.3478261E-01   4.1672992E+06   3.4565422E+05   4.5128776E+06   5.1995861E-05   8.9045121E-03   7.2678564E-04
   4.4927536E-01   4.0280060E+06   3.0549010E+05   4.3334717E+06   2.1490846E-04   8.3694197E-03   6.7288385E-04
   4.6376812E-01   3.8821218E+06   2.7361398E+05   4.1556648E+06   2.6335207E-04   8.9728355E-03   8.3663171E-04
   4.7826087E-01   3.7736205E+06   2.3618423E+05   4.0098048E+06   1.5725351E-04   8.2083068E-03   4.8666242E-04
   4.9275362E-01   3.5876380E+06   2.1526408E+05   3.8028576E+06   2.8359124E-04   8.7829070E-03   7.5253674E-04
   5.0724638E-01   3.4189079E+06   1.9229192E+05   3.6111132E+06   1.1570722E-04   8.4302549E-03   5.4750688E-04
   5.2173913E-01   3.2473016E+06   1.6647054E+05   3.4137301E+06   5.3451121E-05   8.9164283E-03   4.8032581E-04
   5.3623188E-01   3.0556449E+06   1.4646845E+05   3.2020928E+06   3.1081261E-05   7.8272443E-03   3.8680533E-04
   5.5072464E-01   2.8675548E+06   1.2556494E+05   2.9930798E+06   3.8187391E-04   8.7119477E-03   7.2244934E-04
   5.6521739E-01   2.6640467E+06   1.1233932E+05   2.7763666E+06   3.0061291E-04   7.1442732E-03   5.4986450E-04
   5.7971014E-01   2.4746543E+06   9.4508708E+04   2.5691820E+06   1.4157415E-04   6.7772326E-03   3.8360445E-04
   5.9420290E-01   2.2876440E+06   8.4459918E+04   2.3720854E+06   1.8294876E-04   6.0573103E-03   3.9210931E-04
   6.0869565E-01   2.0743222E+06   7.2201481E+04   2.1464696E+06   5.2150246E-04   5.8417323E-03   6.4218966E-04
   6.2318841E-01   1.8865705E+06   6.0090281E+04   1.9466608E+06   2.9677397E-04   4.9190041E-03   4.3702614E-04
   6.3768116E-01   1.6973818E+06   5.3420436E+04   1.7507851E+06   2.3829704E-04   6.1270172E-03   4.1130240E-04
   6.5217391E-01   1.5175445E+06   4.4824335E+04   1.5623520E+06   2.3660603E-04   4.3572490E-03   3.4810897E-04
   6.6666667E-01   1.3529553E+06   3.7013790E+04   1.3899526E+06   3.2524322E-04   3.5552764E-03   4.1067133E-04
   6.8115942E-01   1.2000776E+06   3.1566988E+04   1.2316284E+06   6.0124516E-04   8.1007921E-04   6.0632472E-04
   6.9565217E-01   1.0628046E+06   2.6583929E+04   1.0893886E+06   5.7936454E-04   8.1945266E-04   5.8328453E-04
   7.1014493E-01   9.2428411E+05   2.1757868E+04   9.4602652E+05   4.9073407E-04   2.7012698E-04   4.8545248E-04
   7.2463768E-01   8.0706534E+05   1.8761560E+04   8.2582690E+05   7.9248048E-04   5.5324596E-04   7.8679469E-04
   7.3913043E-01   6.8912437E+05   1.6625634E+04   7.0576486E+05   9.2990660E-04   6.2672220E-04   9.1944280E-04
   7.5362319E-01   5.9033516E+05   1.2327793E+04   6.0266296E+05   1.2313151E-03   3.8307839E-04   1.2032803E-03
   7.6811594E-01   4.9890527E+05   1.0679798E+04   5.0958507E+05   1.7840223E-03   3.0851950E-04   1.7441199E-03
   7.8260870E-01   4.2294336E+05   8.0544603E+03   4.3099782E+05   1.7187942E-03   2.5361924E-03   1.7333626E-03
   7.9710145E-01   3.6090309E+05   7.4258195E+03   3.6832891E+05   3.0170407E-03   1.7103561E-05   2.9560550E-03
   8.1159420E-01   2.9802054E+05   5.6424321E+03   3.0366298E+05   4.4709164E-03   3.1133428E-06   4.3878991E-03
   8.2608696E-01   2.3905928E+05   4.1609049E+03   2.4322018E+05   6.2057365E-03   3.6799693E-05   6.0992578E-03
   8.4057971E-01   1.8254922E+05   3.4620728E+03   1.8601129E+05   8.2895225E-03   5.5655838E-06   8.1351443E-03
   8.5507246E-01   1.3029218E+05   2.2218381E+03   1.3251402E+05   1.1501873E-02   3.6895728E-06   1.1308964E-02
   8.6956522E-01   9.0701081E+04   1.6922786E+03   9.2393360E+04   1.4554594E-02   2.9299878E-05   1.4287491E-02
   8.8405797E-01   6.0917061E+04   8.4469007E+02   6.1761751E+04   1.5164255E-02   8.6532410E-06   1.4956972E-02
   8.9855072E-01   3.6994660E+04   5.9885641E+02   3.7593517E+04   1.7126982E-02   1.1438575E-04   1.6852334E-02
   9.1304348E-01   2.0434835E+04   3.6082699E+02   2.0795662E+04   1.9565998E-02   6.0386035E-06   1.9226610E-02
   9.2753623E-01   9.7913787E+03   1.1839636E+02   9.9097751E+03   1.9313723E-02   8.7597462E-06   1.9083066E-02
   9.4202899E-01   3.4273013E+03   5.8287437E+01   3.4855887E+03   2.5046547E-02   1.5653073E-05   2.4627964E-02
   9.5652174E-01   3.0998319E+02   1.1480859E+01   3.2146405E+02   3.1216107E-02   1.7111468E-05   3.0100688E-02
   9.7101449E-01   0.0000000E+00   0.0000000E+00   0.0000000E+00   0.0000000E+00   0.0000000E+00   0.0000000E+00
   9.8550725E-01   0.0000000E+00   0.0000000E+00   0.0000000E+00   0.0000000E+00   0.0000000E+00   0.0000000E+00
   1.0000000E+00   0.0000000E+00   0.0000000E+00   0.0000000E+00   0.0000000E+00   0.0000000E+00   0.0000000E+00
