   0.0000000E+00   2.6545032E+07   1.4439430E+07   4.0984462E+07   2.6251626E-03   1.5361569E-03   1.2214353E-03
   1.4492754E-02   2.6481382E+07   1.4618256E+07   4.1099638E+07   1.3150980E-03   2.7885681E-04   8.5264475E-04
   2.8985507E-02   2.6393863E+07   1.4701228E+07   4.1093197E+07   9.6984526E-04   2.6079951E-04   5.3157683E-04
   4.3478261E-02   2.6523562E+07   1.4882201E+07   4.1402480E+07   1.6404263E-04   3.2591594E-04   2.0910282E-04
   5.7971014E-02   2.7034151E+07   1.5205881E+07   4.2238327E+07   2.4854838E-04   4.6582585E-04   1.7998419E-05
   7.2463768E-02   2.7482503E+07   1.5702577E+07   4.3180686E+07   1.9685310E-04   4.7390993E-04   1.2136790E-04
   8.6956522E-02   2.7973997E+07   1.6254336E+07   4.4223912E+07   4.0930149E-04   9.0900865E-05   2.8433053E-04
   1.0144928E-01   2.8857211E+07   1.6944291E+07   4.5798579E+07   3.5205373E-04   1.0530761E-04   2.5941579E-04
   1.1594203E-01   2.9611308E+07   1.7917726E+07   4.7523824E+07   9.4814797E-05   1.3153265E-04   3.8489569E-05
   1.3043478E-01   3.0160362E+07   1.8793638E+07   4.8948948E+07   2.6790929E-04   9.0427489E-05   1.3397965E-04
   1.4492754E-01   3.0508676E+07   1.9419882E+07   4.9919844E+07   8.9249986E-05   1.3189004E-05   6.0037102E-05
   1.5942029E-01   3.0010299E+07   1.9558079E+07   4.9560526E+07   3.3598771E-05   7.4740789E-05   3.9660040E-05
   1.7391304E-01   2.8917631E+07   1.8950174E+07   4.7861175E+07   1.8945207E-05   8.7386090E-05   3.9297050E-05
   1.8840580E-01   2.6711267E+07   1.7457262E+07   4.4159437E+07   8.5973188E-05   2.2003924E-05   4.6776829E-05
   2.0289855E-01   2.3771769E+07   1.4976341E+07   3.8742211E+07   5.1687917E-05   3.0382222E-05   4.1375327E-05
   2.1739130E-01   1.9784656E+07   1.1677328E+07   3.1457994E+07   7.6378419E-05   4.5901444E-05   6.4294542E-05
   2.3188406E-01   1.5237801E+07   7.7822873E+06   2.3017578E+07   6.6979435E-05   3.4621071E-05   5.5966993E-05
   2.4637681E-01   1.0737530E+07   4.0493003E+06   1.4785805E+07   5.7453947E-05   7.4038751E-06   4.3748935E-05
   2.6086957E-01   8.3590143E+06   2.7248211E+06   1.1083288E+07   1.3820292E-04   1.8627641E-04   1.4505603E-04
   2.7536232E-01   7.1269522E+06   2.1803275E+06   9.3068410E+06   6.7130215E-05   2.3997056E-04   1.0787008E-04
   2.8985507E-01   6.1990817E+06   1.8269789E+06   8.0258333E+06   9.2566399E-05   3.1228075E-04   1.4063529E-04
   3.0434783E-01   5.4017244E+06   1.5558138E+06   6.9571774E+06   2.0457682E-04   3.0159870E-04   2.1588759E-04
   3.1884058E-01   4.5999094E+06   1.2711722E+06   5.8708405E+06   3.5038176E-04   6.4646765E-04   3.9596420E-04
   3.3333333E-01   3.8780634E+06   1.0171462E+06   4.8950119E+06   4.1731797E-04   9.1804180E-04   5.0711742E-04
   3.4782609E-01   3.2276426E+06   8.0196956E+05   4.0294543E+06   6.5552789E-04   1.2384398E-03   7.6301551E-04
   3.6231884E-01   2.6601710E+06   6.2334451E+05   3.2833034E+06   7.1241713E-04   1.5098922E-03   8.6368161E-04
   3.7681159E-01   2.1475423E+06   4.6396800E+05   2.6114812E+06   9.0095576E-04   2.5502238E-03   1.1938652E-03
   3.9130435E-01   1.7366483E+06   3.5391916E+05   2.0905394E+06   1.3168012E-03   2.7522725E-03   1.5503559E-03
   4.0579710E-01   1.4752592E+06   2.7749400E+05   1.7527532E+06   1.2898682E-03   3.7938722E-03   1.6859385E-03
   4.2028986E-01   1.2743302E+06   2.3205033E+05   1.5063805E+06   1.1340489E-03   4.5857202E-03   1.6633815E-03
   4.3478261E-01   1.1123322E+06   1.9733989E+05   1.3096721E+06   1.3893488E-03   3.2732164E-03   1.6705092E-03
   4.4927536E-01   9.8818641E+05   1.6291339E+05   1.1510998E+06   1.4271815E-03   3.9842393E-03   1.7881568E-03
   4.6376812E-01   8.7156294E+05   1.3992081E+05   1.0114838E+06   1.5907202E-03   3.6429095E-03   1.8727978E-03
   4.7826087E-01   7.6620956E+05   1.2057198E+05   8.8678154E+05   1.7087610E-03   3.7821808E-03   1.9872994E-03
   4.9275362E-01   6.7630228E+05   1.0503568E+05   7.8131567E+05   1.8612499E-03   4.8575763E-03   2.2633189E-03
   5.0724638E-01   5.9694496E+05   8.7464463E+04   6.8440942E+05   1.5049437E-03   3.4350822E-03   1.7505537E-03
   5.2173913E-01   5.2679538E+05   7.6847129E+04   6.0364251E+05   1.7927287E-03   3.2224688E-03   1.8537935E-03
   5.3623188E-01   4.7927869E+05   6.6168844E+04   5.4544754E+05   1.4987338E-03   3.7344464E-03   1.7672482E-03
   5.5072464E-01   4.1791172E+05   5.6989775E+04   4.7490150E+05   1.9313038E-03   4.0208012E-03   2.1795621E-03
   5.6521739E-01   3.7340875E+05   4.9544322E+04   4.2295307E+05   2.7873616E-03   2.7710182E-03   2.7631400E-03
   5.7971014E-01   3.3139614E+05   4.3967671E+04   3.7536381E+05   3.2189420E-03   2.2360882E-03   3.0915214E-03
   5.9420290E-01   2.9280054E+05   3.7535688E+04   3.3033623E+05   2.8661094E-03   6.5016522E-03   3.2789978E-03
   6.0869565E-01   2.5703511E+05   3.2113602E+04   2.8914871E+05   3.2895269E-03   5.7964987E-03   3.5445863E-03
   6.2318841E-01   2.2515353E+05   2.7666200E+04   2.5281973E+05   3.6111254E-03   2.1129676E-03   3.4456958E-03
   6.3768116E-01   2.0129964E+05   2.5229187E+04   2.2652883E+05   4.7426650E-03   3.8375315E-03   4.4409139E-03
   6.5217391E-01   1.7124849E+05   2.0812501E+04   1.9206099E+05   2.8579924E-03   3.9429266E-03   2.9749394E-03
   6.6666667E-01   1.5225566E+05   1.7427944E+04   1.6968360E+05   4.4482968E-03   3.9098129E-03   4.3635483E-03
   6.8115942E-01   1.3094335E+05   1.5735128E+04   1.4667848E+05   7.5451761E-03   1.1017151E-02   7.8855688E-03
   6.9565217E-01   1.1408673E+05   1.2928882E+04   1.2701561E+05   1.1542985E-02   1.3124763E-02   1.1686815E-02
   7.1014493E-01   9.9526394E+04   1.0979450E+04   1.1050584E+05   1.1216359E-02   7.9474162E-03   1.0865020E-02
   7.2463768E-01   8.5396924E+04   8.9867571E+03   9.4368527E+04   1.5467171E-02   9.4274212E-03   1.4894409E-02
   7.3913043E-01   7.2088988E+04   7.2207849E+03   7.9309773E+04   1.9922324E-02   2.0980952E-02   1.9982315E-02
   7.5362319E-01   6.2586136E+04   6.5136211E+03   6.9099757E+04   2.6044703E-02   2.4137895E-02   2.5835530E-02
   7.6811594E-01   5.1011405E+04   5.2040784E+03   5.6215484E+04   3.2843208E-02   3.6569018E-02   3.3176289E-02
   7.8260870E-01   4.2559544E+04   4.4060985E+03   4.6965642E+04   5.9799641E-02   6.3185436E-02   6.0036924E-02
   7.9710145E-01   3.3450630E+04   3.2376022E+03   3.6688233E+04   9.6886401E-02   7.1459825E-02   9.4631696E-02
   8.1159420E-01   2.6642563E+04   2.4897062E+03   2.9132269E+04   1.2836582E-01   1.3358817E-01   1.2879433E-01
   8.2608696E-01   1.8478140E+04   1.5952351E+03   2.0073375E+04   1.7089697E-01   1.3647986E-01   1.6816135E-01
   8.4057971E-01   1.1744919E+04   1.1888627E+03   1.2933781E+04   2.0765080E-01   1.6221658E-01   2.0345835E-01
   8.5507246E-01   6.8196302E+03   7.3205069E+02   7.5516809E+03   2.4044188E-01   1.6077316E-01   2.3269387E-01
   8.6956522E-01   5.1778673E+03   4.4201307E+02   5.6198804E+03   2.5335775E-01   2.5884051E-01   2.5373998E-01
   8.8405797E-01   2.6955551E+03   2.4843826E+02   2.9439933E+03   2.6269789E-01   2.4805498E-01   2.6122315E-01
   8.9855072E-01   1.5643596E+03   1.9554495E+02   1.7599046E+03   3.0057954E-01   3.1012108E-01   3.0141005E-01
   9.1304348E-01   8.7801235E+02   7.2165398E+01   9.5017775E+02   3.0566947E-01   3.2185917E-01   3.0684986E-01
   9.2753623E-01   3.4334943E+02   3.5518907E+01   3.7886834E+02   2.9185316E-01   2.5726677E-01   2.8756396E-01
   9.4202899E-01   1.6320482E+02   0.0000000E+00   1.6320482E+02   2.7787375E-01   0.0000000E+00   2.7787375E-01
   9.5652174E-01   1.1480859E+01   0.0000000E+00   1.1480859E+01   1.8347448E-05   0.0000000E+00   1.8347448E-05
   9.7101449E-01   0.0000000E+00   0.0000000E+00   0.0000000E+00   0.0000000E+00   0.0000000E+00   0.0000000E+00
   9.8550725E-01   0.0000000E+00   0.0000000E+00   0.0000000E+00   0.0000000E+00   0.0000000E+00   0.0000000E+00
   1.0000000E+00   0.0000000E+00   0.0000000E+00   0.0000000E+00   0.0000000E+00   0.0000000E+00   0.0000000E+00
