   0.0000000E+00   2.3835365E+07   1.3202804E+07   3.7038169E+07   1.8062310E-03   1.3736356E-03   1.6293770E-03
   1.4492754E-02   2.5041682E+07   1.3084597E+07   3.8126279E+07   4.3091649E-04   3.0984771E-04   3.2668907E-04
   2.8985507E-02   2.4989777E+07   1.3163402E+07   3.8153179E+07   2.5319065E-04   3.3945724E-04   2.8225092E-04
   4.3478261E-02   2.5491525E+07   1.3258876E+07   3.8749391E+07   2.6270211E-04   2.2092665E-04   2.1480322E-04
   5.7971014E-02   2.6175824E+07   1.3702910E+07   3.9877408E+07   1.2016358E-04   5.8918302E-05   8.4959964E-05
   7.2463768E-02   2.7142583E+07   1.4154370E+07   4.1294679E+07   2.9805596E-04   8.2937412E-05   1.6883125E-04
   8.6956522E-02   2.8307780E+07   1.4850124E+07   4.3154620E+07   2.7623084E-04   1.4448080E-04   1.3117895E-04
   1.0144928E-01   3.0315638E+07   1.5800758E+07   4.6112932E+07   7.8207674E-05   2.5541091E-04   1.2909740E-04
   1.1594203E-01   3.2597074E+07   1.6960515E+07   4.9553706E+07   8.4236244E-05   2.0009209E-04   1.0610634E-04
   1.3043478E-01   3.4938144E+07   1.8276188E+07   5.3207765E+07   1.1343660E-04   2.0164757E-04   1.1209742E-04
   1.4492754E-01   3.7066584E+07   1.9390861E+07   5.6450474E+07   1.2054438E-04   1.4206989E-04   1.2580601E-04
   1.5942029E-01   3.8151353E+07   2.0031734E+07   5.8173787E+07   6.7939643E-05   8.5755676E-05   2.3147286E-05
   1.7391304E-01   3.7690959E+07   1.9683347E+07   5.7365024E+07   1.0191026E-04   1.1328288E-04   7.2579549E-05
   1.8840580E-01   3.4895639E+07   1.8257899E+07   5.3142463E+07   8.7447358E-05   4.4946226E-05   7.0498753E-05
   2.0289855E-01   2.9376639E+07   1.5382163E+07   4.4751658E+07   1.8037927E-04   1.5499811E-04   1.5088431E-04
   2.1739130E-01   2.1758358E+07   1.1300279E+07   3.3054798E+07   9.2241940E-05   2.7115604E-04   1.0949611E-04
   2.3188406E-01   1.2734333E+07   6.5088634E+06   1.9241160E+07   4.3431415E-04   5.1817851E-04   4.5569165E-04
   2.4637681E-01   4.2298199E+06   2.0322944E+06   6.2618914E+06   1.6050518E-03   1.3516920E-03   1.5219882E-03
   2.6086957E-01   2.4262308E+06   1.1163566E+06   3.5424611E+06   1.3687903E-03   1.0915076E-03   1.1402424E-03
   2.7536232E-01   2.1725906E+06   9.7983329E+05   3.1524239E+06   1.8050310E-03   2.7493435E-03   1.9640081E-03
   2.8985507E-01   1.9965983E+06   8.9488702E+05   2.8914474E+06   1.4247989E-03   2.4617816E-03   1.7382582E-03
   3.0434783E-01   1.8420940E+06   8.2326287E+05   2.6653207E+06   1.7668746E-03   2.4214954E-03   1.9636985E-03
   3.1884058E-01   1.7068019E+06   7.5642787E+05   2.4631953E+06   2.8112190E-03   2.3425655E-03   2.6323548E-03
   3.3333333E-01   1.5863712E+06   7.0746250E+05   2.2938007E+06   3.7456315E-03   3.8097306E-03   3.6857249E-03
   3.4782609E-01   1.4801123E+06   6.5099053E+05   2.1311029E+06   3.3901694E-03   4.5008283E-03   3.6218856E-03
   3.6231884E-01   1.3821723E+06   5.9421711E+05   1.9763894E+06   5.7714734E-03   4.9419233E-03   5.4505729E-03
   3.7681159E-01   1.2662654E+06   5.5157402E+05   1.8178103E+06   2.8467418E-03   5.5015496E-03   3.6434203E-03
   3.9130435E-01   1.1685984E+06   5.0364232E+05   1.6722126E+06   4.5508009E-03   5.3222790E-03   4.7150050E-03
   4.0579710E-01   1.0926292E+06   4.7688699E+05   1.5694621E+06   4.8738593E-03   5.3257374E-03   4.9830138E-03
   4.2028986E-01   1.0359306E+06   4.4113339E+05   1.4770640E+06   3.8585742E-03   4.1499808E-03   3.9293614E-03
   4.3478261E-01   9.8962937E+05   4.1549228E+05   1.4051469E+06   4.8534372E-03   4.3980283E-03   4.7186089E-03
   4.4927536E-01   9.2830077E+05   3.9179875E+05   1.3200995E+06   3.6507293E-03   3.3557870E-03   3.5463954E-03
   4.6376812E-01   8.6902926E+05   3.6970446E+05   1.2387100E+06   3.4607244E-03   6.8385341E-03   4.4686180E-03
   4.7826087E-01   8.2880320E+05   3.4828333E+05   1.1770865E+06   3.9658773E-03   5.5548931E-03   4.3476132E-03
   4.9275362E-01   7.7701440E+05   3.2315241E+05   1.1001668E+06   3.4420269E-03   4.4536502E-03   3.7037097E-03
   5.0724638E-01   7.4217061E+05   3.0746790E+05   1.0496169E+06   2.8170172E-03   5.0070202E-03   3.4463098E-03
   5.2173913E-01   7.0038023E+05   2.8979219E+05   9.9017241E+05   3.9336207E-03   2.8224081E-03   3.5936232E-03
   5.3623188E-01   6.6691068E+05   2.7165884E+05   9.3856952E+05   3.0728716E-03   3.0822015E-03   3.0654092E-03
   5.5072464E-01   6.2224140E+05   2.5972422E+05   8.8196562E+05   3.9582281E-03   1.3934683E-03   2.8599562E-03
   5.6521739E-01   5.9686336E+05   2.4253403E+05   8.3939738E+05   3.7153799E-03   1.7232053E-03   3.1336243E-03
   5.7971014E-01   5.5691752E+05   2.2663904E+05   7.8355656E+05   3.2800138E-03   3.2319502E-03   3.2585744E-03
   5.9420290E-01   5.3015694E+05   2.1281312E+05   7.4297006E+05   2.6524270E-03   2.5521022E-03   2.5817442E-03
   6.0869565E-01   4.9568608E+05   1.9988011E+05   6.9554815E+05   4.4843816E-03   4.8796556E-03   4.5790630E-03
   6.2318841E-01   4.6521508E+05   1.8855308E+05   6.5376816E+05   4.3818597E-03   1.6557457E-03   3.5932405E-03
   6.3768116E-01   4.3203046E+05   1.7458942E+05   6.0661988E+05   5.2727035E-03   4.1901482E-03   4.8260018E-03
   6.5217391E-01   4.0047226E+05   1.6284603E+05   5.6331829E+05   5.7900861E-03   5.0933672E-03   5.4848877E-03
   6.6666667E-01   3.7914838E+05   1.4943885E+05   5.2858723E+05   5.6472359E-03   3.9668863E-03   4.9620116E-03
   6.8115942E-01   3.4754319E+05   1.3540916E+05   4.8295234E+05   7.4672632E-03   4.5392444E-03   6.6404845E-03
   6.9565217E-01   3.2311155E+05   1.2384259E+05   4.4695414E+05   6.4974791E-03   4.1114902E-03   5.6448002E-03
   7.1014493E-01   2.9896578E+05   1.1692341E+05   4.1588919E+05   7.3942783E-03   4.6845904E-03   6.6120861E-03
   7.2463768E-01   2.7328531E+05   1.0825026E+05   3.8153558E+05   8.1382605E-03   7.4347508E-03   7.9381659E-03
   7.3913043E-01   2.4794333E+05   9.3974206E+04   3.4191754E+05   1.2938121E-02   7.7245037E-03   1.1505141E-02
   7.5362319E-01   2.2146312E+05   8.6425698E+04   3.0788882E+05   1.3455858E-02   1.1655955E-02   1.2950530E-02
   7.6811594E-01   2.0477476E+05   7.6903125E+04   2.8167789E+05   1.6491477E-02   1.8147825E-02   1.6925355E-02
   7.8260870E-01   1.8038343E+05   7.1437731E+04   2.5182116E+05   2.0807787E-02   2.0446691E-02   2.0633710E-02
   7.9710145E-01   1.6273429E+05   6.0205624E+04   2.2293991E+05   2.6911775E-02   2.3567451E-02   2.5992161E-02
   8.1159420E-01   1.4022188E+05   5.2879196E+04   1.9310108E+05   3.3257103E-02   2.9148737E-02   3.2131990E-02
   8.2608696E-01   1.1868549E+05   4.6673921E+04   1.6535941E+05   4.5213302E-02   4.3875219E-02   4.4828183E-02
   8.4057971E-01   9.7107875E+04   3.7677803E+04   1.3478568E+05   7.6316107E-02   6.3497702E-02   7.2731960E-02
   8.5507246E-01   7.6801108E+04   2.8408704E+04   1.0520981E+05   1.0318704E-01   8.4885803E-02   9.8245248E-02
   8.6956522E-01   5.7865825E+04   2.1898590E+04   7.9764415E+04   1.1833976E-01   1.0460123E-01   1.1456718E-01
   8.8405797E-01   4.1588564E+04   1.5403172E+04   5.6991736E+04   1.4557237E-01   1.2803290E-01   1.4081478E-01
   8.9855072E-01   2.7852934E+04   1.0400547E+04   3.8253481E+04   1.6163563E-01   1.2616884E-01   1.5198809E-01
   9.1304348E-01   1.7439971E+04   6.5790788E+03   2.4019050E+04   1.7604486E-01   1.4746977E-01   1.6819823E-01
   9.2753623E-01   9.8624165E+03   3.1375035E+03   1.2999920E+04   1.6066105E-01   1.3767784E-01   1.5511375E-01
   9.4202899E-01   3.5322187E+03   1.3289536E+03   4.8611723E+03   2.0505544E-01   1.7279969E-01   1.9623442E-01
   9.5652174E-01   5.5108122E+02   1.8369374E+02   7.3477497E+02   1.9377595E-01   2.0077469E-01   1.9546863E-01
   9.7101449E-01   0.0000000E+00   0.0000000E+00   0.0000000E+00   0.0000000E+00   0.0000000E+00   0.0000000E+00
   9.8550725E-01   0.0000000E+00   0.0000000E+00   0.0000000E+00   0.0000000E+00   0.0000000E+00   0.0000000E+00
   1.0000000E+00   0.0000000E+00   0.0000000E+00   0.0000000E+00   0.0000000E+00   0.0000000E+00   0.0000000E+00
