   0.0000000E+00   1.7803781E+07   1.2348077E+07   3.0151858E+07   3.8588832E-04   1.0403818E-03   5.8758149E-04
   1.4492754E-02   1.7759075E+07   1.1632016E+07   2.9391091E+07   5.7278963E-04   2.6596246E-04   3.5254286E-04
   2.8985507E-02   1.7818936E+07   1.1796445E+07   2.9614623E+07   1.7668612E-04   6.0898744E-05   8.8418427E-05
   4.3478261E-02   1.7986143E+07   1.1855043E+07   2.9841186E+07   3.4332455E-04   1.5600006E-04   2.6869266E-04
   5.7971014E-02   1.8165600E+07   1.2204107E+07   3.0368003E+07   2.2836982E-04   8.8027951E-05   1.6207593E-04
   7.2463768E-02   1.8752619E+07   1.2625863E+07   3.1377573E+07   2.4320932E-04   1.0307331E-04   1.8685793E-04
   8.6956522E-02   1.9290334E+07   1.3078283E+07   3.2367733E+07   1.0637595E-04   5.0751388E-05   7.4041319E-05
   1.0144928E-01   2.0202884E+07   1.3871669E+07   3.4073145E+07   7.3024824E-05   7.5509574E-05   6.5296870E-05
   1.1594203E-01   2.1156008E+07   1.4784579E+07   3.5938314E+07   1.2215978E-04   7.8775862E-05   4.2666019E-05
   1.3043478E-01   2.2218018E+07   1.5685065E+07   3.7900979E+07   2.8356437E-05   5.6517047E-05   1.8349784E-05
   1.4492754E-01   2.3131125E+07   1.6434021E+07   3.9561963E+07   9.3520810E-05   3.0032261E-05   6.3708070E-05
   1.5942029E-01   2.3541432E+07   1.6719667E+07   4.0257448E+07   9.4741278E-05   3.9698597E-05   6.6127086E-05
   1.7391304E-01   2.3061021E+07   1.6448822E+07   3.9505107E+07   2.8619214E-05   7.0112600E-05   1.5472841E-05
   1.8840580E-01   2.1536975E+07   1.5197342E+07   3.6729595E+07   9.9307829E-05   2.5070955E-05   6.8017895E-05
   2.0289855E-01   1.8811084E+07   1.3040161E+07   3.1847565E+07   1.3215577E-04   2.3127398E-05   6.9025732E-05
   2.1739130E-01   1.5036779E+07   9.9256939E+06   2.4961059E+07   1.2700361E-04   5.9988002E-05   9.8609075E-05
   2.3188406E-01   1.0614849E+07   6.2869413E+06   1.6900701E+07   1.5088562E-04   5.8234542E-05   8.1943851E-05
   2.4637681E-01   6.4375526E+06   2.8334003E+06   9.2706855E+06   4.1168098E-04   3.9680216E-04   2.8304323E-04
   2.6086957E-01   5.3082401E+06   2.0088020E+06   7.3166633E+06   5.0187443E-04   4.3360954E-05   3.5793063E-04
   2.7536232E-01   4.9794068E+06   1.8497549E+06   6.8289623E+06   6.0960998E-04   8.2493717E-04   6.6708122E-04
   2.8985507E-01   4.7229728E+06   1.7019903E+06   6.4250388E+06   7.6393547E-04   9.7174010E-04   7.9852916E-04
   3.0434783E-01   4.5072343E+06   1.5736387E+06   6.0807286E+06   4.4165770E-04   8.2352726E-04   5.0214906E-04
   3.1884058E-01   4.2603056E+06   1.4721790E+06   5.7323125E+06   7.7615550E-04   7.7446104E-04   7.7554576E-04
   3.3333333E-01   4.0470057E+06   1.3586548E+06   5.4056276E+06   4.8227139E-04   1.1333151E-03   5.9096416E-04
   3.4782609E-01   3.8131836E+06   1.2607160E+06   5.0737101E+06   8.3099938E-04   1.3404628E-03   9.5810673E-04
   3.6231884E-01   3.6085543E+06   1.1680056E+06   4.7765296E+06   6.9990679E-04   1.7846612E-03   9.3339262E-04
   3.7681159E-01   3.3702962E+06   1.0700991E+06   4.4402495E+06   1.0665685E-03   2.0666846E-03   1.2847869E-03
   3.9130435E-01   3.1766006E+06   9.9995984E+05   4.1763640E+06   6.9030175E-04   2.2392473E-03   1.0343513E-03
   4.0579710E-01   3.0000690E+06   9.2511531E+05   3.9250760E+06   9.8488767E-04   1.4036645E-03   1.0764558E-03
   4.2028986E-01   2.8422180E+06   8.6460369E+05   3.7066388E+06   1.4074319E-03   1.8584647E-03   1.4900862E-03
   4.3478261E-01   2.6865554E+06   8.0640864E+05   3.4929135E+06   7.3925026E-04   2.3439676E-03   1.1095623E-03
   4.4927536E-01   2.5319405E+06   7.4485516E+05   3.2768201E+06   1.1156188E-03   1.5489480E-03   1.1806146E-03
   4.6376812E-01   2.3832476E+06   6.8743293E+05   3.0706332E+06   9.5578407E-04   2.3870037E-03   1.2718510E-03
   4.7826087E-01   2.2392497E+06   6.4175705E+05   2.8809149E+06   1.4291836E-03   1.5256976E-03   1.4354259E-03
   4.9275362E-01   2.0972146E+06   5.8909570E+05   2.6862211E+06   1.4329824E-03   9.3180242E-04   1.3161389E-03
   5.0724638E-01   1.9615854E+06   5.4831991E+05   2.5098404E+06   1.3948736E-03   2.3165763E-03   1.5961395E-03
   5.2173913E-01   1.8422894E+06   5.0124282E+05   2.3434901E+06   8.9277418E-04   1.8624703E-03   1.0954471E-03
   5.3623188E-01   1.7174204E+06   4.6301807E+05   2.1804180E+06   1.2479890E-03   2.2397756E-03   1.4470745E-03
   5.5072464E-01   1.5864813E+06   4.2686498E+05   2.0133263E+06   9.8606124E-04   1.6947865E-03   1.1345250E-03
   5.6521739E-01   1.4737201E+06   3.8848577E+05   1.8621670E+06   1.1771097E-03   8.1833518E-04   1.0977935E-03
   5.7971014E-01   1.3518780E+06   3.4827472E+05   1.7001149E+06   1.4349850E-03   6.8362765E-04   1.2765369E-03
   5.9420290E-01   1.2476227E+06   3.1734382E+05   1.5649480E+06   2.1503101E-03   2.5744529E-03   2.2362909E-03
   6.0869565E-01   1.1433164E+06   2.8830077E+05   1.4316172E+06   1.6984244E-03   1.8092073E-03   1.7154909E-03
   6.2318841E-01   1.0433682E+06   2.5283735E+05   1.2962055E+06   2.4766950E-03   2.5833783E-03   2.4906146E-03
   6.3768116E-01   9.4944407E+05   2.2592608E+05   1.1753874E+06   2.6594292E-03   2.0204871E-03   2.5342989E-03
   6.5217391E-01   8.5513111E+05   1.9830811E+05   1.0534392E+06   2.8949578E-03   8.9086122E-04   2.4345149E-03
   6.6666667E-01   7.6419392E+05   1.7254982E+05   9.3674374E+05   3.7281593E-03   3.3646295E-03   3.6589138E-03
   6.8115942E-01   6.8944365E+05   1.5182141E+05   8.4126506E+05   3.2999110E-03   2.3145891E-03   3.0565582E-03
   6.9565217E-01   6.1739754E+05   1.2995184E+05   7.4736516E+05   6.5925452E-03   4.1259719E-03   6.1545794E-03
   7.1014493E-01   5.3994151E+05   1.1231513E+05   6.5225664E+05   5.7688848E-03   6.2494988E-03   5.7978418E-03
   7.2463768E-01   4.7926845E+05   9.5686988E+04   5.7495544E+05   7.3495726E-03   5.4603798E-03   7.0094075E-03
   7.3913043E-01   4.1877581E+05   8.0112082E+04   4.9887303E+05   9.5855740E-03   6.5252985E-03   9.0914723E-03
   7.5362319E-01   3.6767715E+05   6.8546026E+04   4.3622318E+05   1.3110072E-02   7.4921748E-03   1.2222864E-02
   7.6811594E-01   3.2316755E+05   5.7573691E+04   3.8074124E+05   1.6642759E-02   1.2282033E-02   1.5980446E-02
   7.8260870E-01   2.8166756E+05   5.0066750E+04   3.3173431E+05   2.6483666E-02   1.7575662E-02   2.5134256E-02
   7.9710145E-01   2.3750223E+05   4.0449362E+04   2.7795159E+05   4.4830637E-02   3.5305595E-02   4.3439866E-02
   8.1159420E-01   1.8978598E+05   3.1716693E+04   2.2150267E+05   6.9942898E-02   5.4534498E-02   6.7736559E-02
   8.2608696E-01   1.4258743E+05   2.2652339E+04   1.6523977E+05   1.0593564E-01   8.6095774E-02   1.0320852E-01
   8.4057971E-01   1.0252961E+05   1.5755697E+04   1.1828531E+05   1.4068826E-01   1.1239122E-01   1.3691068E-01
   8.5507246E-01   6.7631210E+04   1.0531256E+04   7.8162465E+04   1.7220604E-01   1.4396550E-01   1.6838761E-01
   8.6956522E-01   4.6095648E+04   6.8575170E+03   5.2953165E+04   1.9625461E-01   1.5817711E-01   1.9132192E-01
   8.8405797E-01   2.8011413E+04   4.0743874E+03   3.2085801E+04   2.1300037E-01   1.6745282E-01   2.0721057E-01
   8.9855072E-01   1.8332339E+04   2.5054197E+03   2.0837759E+04   2.2997471E-01   1.6844844E-01   2.2257615E-01
   9.1304348E-01   1.0043018E+04   1.4914182E+03   1.1534436E+04   2.2617554E-01   1.7949211E-01   2.2013702E-01
   9.2753623E-01   5.0792037E+03   7.1037814E+02   5.7895819E+03   2.3364691E-01   2.2617089E-01   2.3272822E-01
   9.4202899E-01   1.8885130E+03   1.6320482E+02   2.0517178E+03   2.4359218E-01   1.5505935E-01   2.3651271E-01
   9.5652174E-01   1.7221288E+02   1.1480859E+01   1.8369374E+02   2.6698859E-01   9.2045622E-05   2.5029840E-01
   9.7101449E-01   0.0000000E+00   0.0000000E+00   0.0000000E+00   0.0000000E+00   0.0000000E+00   0.0000000E+00
   9.8550725E-01   0.0000000E+00   0.0000000E+00   0.0000000E+00   0.0000000E+00   0.0000000E+00   0.0000000E+00
   1.0000000E+00   0.0000000E+00   0.0000000E+00   0.0000000E+00   0.0000000E+00   0.0000000E+00   0.0000000E+00
