   0.0000000E+00   0.0000000E+00   0.0000000E+00   5.6675285E+10   0.0000000E+00   0.0000000E+00   3.7256977E-07
   1.4492754E-02   0.0000000E+00   0.0000000E+00   2.2315345E+06   0.0000000E+00   0.0000000E+00   1.6081841E-03
   2.8985507E-02   0.0000000E+00   0.0000000E+00   1.8359960E+06   0.0000000E+00   0.0000000E+00   5.3155556E-04
   4.3478261E-02   0.0000000E+00   0.0000000E+00   1.7518872E+06   0.0000000E+00   0.0000000E+00   1.0780630E-03
   5.7971014E-02   0.0000000E+00   0.0000000E+00   1.7181679E+06   0.0000000E+00   0.0000000E+00   4.3370080E-04
   7.2463768E-02   0.0000000E+00   0.0000000E+00   1.7265788E+06   0.0000000E+00   0.0000000E+00   6.7265753E-04
   8.6956522E-02   0.0000000E+00   0.0000000E+00   1.7329438E+06   0.0000000E+00   0.0000000E+00   3.3124947E-04
   1.0144928E-01   0.0000000E+00   0.0000000E+00   1.7516707E+06   0.0000000E+00   0.0000000E+00   8.6856655E-04
   1.1594203E-01   0.0000000E+00   0.0000000E+00   1.7979197E+06   0.0000000E+00   0.0000000E+00   3.9651820E-04
   1.3043478E-01   0.0000000E+00   0.0000000E+00   1.8109065E+06   0.0000000E+00   0.0000000E+00   4.4031569E-04
   1.4492754E-01   0.0000000E+00   0.0000000E+00   1.7978061E+06   0.0000000E+00   0.0000000E+00   1.7844330E-04
   1.5942029E-01   0.0000000E+00   0.0000000E+00   1.8015534E+06   0.0000000E+00   0.0000000E+00   4.8159366E-04
   1.7391304E-01   0.0000000E+00   0.0000000E+00   1.7811232E+06   0.0000000E+00   0.0000000E+00   2.2273934E-04
   1.8840580E-01   0.0000000E+00   0.0000000E+00   1.7304957E+06   0.0000000E+00   0.0000000E+00   3.1187126E-04
   2.0289855E-01   0.0000000E+00   0.0000000E+00   1.6836909E+06   0.0000000E+00   0.0000000E+00   1.9422272E-04
   2.1739130E-01   0.0000000E+00   0.0000000E+00   1.6204452E+06   0.0000000E+00   0.0000000E+00   1.3219786E-04
   2.3188406E-01   0.0000000E+00   0.0000000E+00   1.5367374E+06   0.0000000E+00   0.0000000E+00   1.5347041E-04
   2.4637681E-01   0.0000000E+00   0.0000000E+00   1.4352424E+06   0.0000000E+00   0.0000000E+00   2.6529088E-04
   2.6086957E-01   0.0000000E+00   0.0000000E+00   1.3457824E+06   0.0000000E+00   0.0000000E+00   2.9017276E-04
   2.7536232E-01   0.0000000E+00   0.0000000E+00   1.2757494E+06   0.0000000E+00   0.0000000E+00   1.4010217E-04
   2.8985507E-01   0.0000000E+00   0.0000000E+00   1.2004443E+06   0.0000000E+00   0.0000000E+00   4.3398965E-04
   3.0434783E-01   0.0000000E+00   0.0000000E+00   1.1409710E+06   0.0000000E+00   0.0000000E+00   4.9930773E-04
   3.1884058E-01   0.0000000E+00   0.0000000E+00   1.0904864E+06   0.0000000E+00   0.0000000E+00   5.9273921E-04
   3.3333333E-01   0.0000000E+00   0.0000000E+00   1.0416573E+06   0.0000000E+00   0.0000000E+00   5.3776242E-04
   3.4782609E-01   0.0000000E+00   0.0000000E+00   9.9860223E+05   0.0000000E+00   0.0000000E+00   2.3569234E-04
   3.6231884E-01   0.0000000E+00   0.0000000E+00   9.5599091E+05   0.0000000E+00   0.0000000E+00   2.6727260E-04
   3.7681159E-01   0.0000000E+00   0.0000000E+00   9.1409273E+05   0.0000000E+00   0.0000000E+00   3.5819570E-04
   3.9130435E-01   0.0000000E+00   0.0000000E+00   8.7251976E+05   0.0000000E+00   0.0000000E+00   3.8458461E-04
   4.0579710E-01   0.0000000E+00   0.0000000E+00   8.2574355E+05   0.0000000E+00   0.0000000E+00   3.0493476E-05
   4.2028986E-01   0.0000000E+00   0.0000000E+00   7.8381328E+05   0.0000000E+00   0.0000000E+00   4.0518101E-04
   4.3478261E-01   0.0000000E+00   0.0000000E+00   7.5356913E+05   0.0000000E+00   0.0000000E+00   6.5335539E-04
   4.4927536E-01   0.0000000E+00   0.0000000E+00   7.1295689E+05   0.0000000E+00   0.0000000E+00   5.0808238E-04
   4.6376812E-01   0.0000000E+00   0.0000000E+00   6.7279914E+05   0.0000000E+00   0.0000000E+00   3.1189265E-04
   4.7826087E-01   0.0000000E+00   0.0000000E+00   6.4182593E+05   0.0000000E+00   0.0000000E+00   5.4794827E-04
   4.9275362E-01   0.0000000E+00   0.0000000E+00   6.1296440E+05   0.0000000E+00   0.0000000E+00   2.5278834E-04
   5.0724638E-01   0.0000000E+00   0.0000000E+00   5.7839124E+05   0.0000000E+00   0.0000000E+00   6.1898022E-04
   5.2173913E-01   0.0000000E+00   0.0000000E+00   5.3902441E+05   0.0000000E+00   0.0000000E+00   7.3914783E-04
   5.3623188E-01   0.0000000E+00   0.0000000E+00   5.0620906E+05   0.0000000E+00   0.0000000E+00   1.0307900E-03
   5.5072464E-01   0.0000000E+00   0.0000000E+00   4.7875000E+05   0.0000000E+00   0.0000000E+00   5.4273693E-04
   5.6521739E-01   0.0000000E+00   0.0000000E+00   4.5104762E+05   0.0000000E+00   0.0000000E+00   4.1317223E-04
   5.7971014E-01   0.0000000E+00   0.0000000E+00   4.2183201E+05   0.0000000E+00   0.0000000E+00   1.1762184E-03
   5.9420290E-01   0.0000000E+00   0.0000000E+00   3.9062250E+05   0.0000000E+00   0.0000000E+00   7.0732726E-04
   6.0869565E-01   0.0000000E+00   0.0000000E+00   3.5913111E+05   0.0000000E+00   0.0000000E+00   6.2385055E-04
   6.2318841E-01   0.0000000E+00   0.0000000E+00   3.3030271E+05   0.0000000E+00   0.0000000E+00   9.1598755E-04
   6.3768116E-01   0.0000000E+00   0.0000000E+00   3.0614284E+05   0.0000000E+00   0.0000000E+00   6.5321821E-04
   6.5217391E-01   0.0000000E+00   0.0000000E+00   2.8036257E+05   0.0000000E+00   0.0000000E+00   1.2191287E-03
   6.6666667E-01   0.0000000E+00   0.0000000E+00   2.5402299E+05   0.0000000E+00   0.0000000E+00   2.0939926E-03
   6.8115942E-01   0.0000000E+00   0.0000000E+00   2.3401166E+05   0.0000000E+00   0.0000000E+00   1.4632463E-03
   6.9565217E-01   0.0000000E+00   0.0000000E+00   2.1784930E+05   0.0000000E+00   0.0000000E+00   1.7960422E-04
   7.1014493E-01   0.0000000E+00   0.0000000E+00   2.0064558E+05   0.0000000E+00   0.0000000E+00   9.3625741E-04
   7.2463768E-01   0.0000000E+00   0.0000000E+00   1.8338743E+05   0.0000000E+00   0.0000000E+00   9.6063054E-04
   7.3913043E-01   0.0000000E+00   0.0000000E+00   1.6982216E+05   0.0000000E+00   0.0000000E+00   2.2893500E-03
   7.5362319E-01   0.0000000E+00   0.0000000E+00   1.5889155E+05   0.0000000E+00   0.0000000E+00   2.8032704E-03
   7.6811594E-01   0.0000000E+00   0.0000000E+00   1.4660060E+05   0.0000000E+00   0.0000000E+00   3.1726522E-03
   7.8260870E-01   0.0000000E+00   0.0000000E+00   1.3855356E+05   0.0000000E+00   0.0000000E+00   2.2536296E-03
   7.9710145E-01   0.0000000E+00   0.0000000E+00   1.3297590E+05   0.0000000E+00   0.0000000E+00   3.4635722E-03
   8.1159420E-01   0.0000000E+00   0.0000000E+00   1.2448531E+05   0.0000000E+00   0.0000000E+00   4.4382370E-03
   8.2608696E-01   0.0000000E+00   0.0000000E+00   1.1715673E+05   0.0000000E+00   0.0000000E+00   4.0734697E-03
   8.4057971E-01   0.0000000E+00   0.0000000E+00   1.0936231E+05   0.0000000E+00   0.0000000E+00   3.8229235E-03
   8.5507246E-01   0.0000000E+00   0.0000000E+00   1.0276964E+05   0.0000000E+00   0.0000000E+00   3.1369398E-03
   8.6956522E-01   0.0000000E+00   0.0000000E+00   9.5159099E+04   0.0000000E+00   0.0000000E+00   2.6620091E-03
   8.8405797E-01   0.0000000E+00   0.0000000E+00   8.7127297E+04   0.0000000E+00   0.0000000E+00   5.7142681E-03
   8.9855072E-01   0.0000000E+00   0.0000000E+00   8.1224484E+04   0.0000000E+00   0.0000000E+00   6.5728780E-03
   9.1304348E-01   0.0000000E+00   0.0000000E+00   7.2285674E+04   0.0000000E+00   0.0000000E+00   5.7182726E-03
   9.2753623E-01   0.0000000E+00   0.0000000E+00   6.3271013E+04   0.0000000E+00   0.0000000E+00   6.0044699E-03
   9.4202899E-01   0.0000000E+00   0.0000000E+00   5.4918423E+04   0.0000000E+00   0.0000000E+00   8.6500557E-03
   9.5652174E-01   0.0000000E+00   0.0000000E+00   4.4086498E+04   0.0000000E+00   0.0000000E+00   7.9608877E-03
   9.7101449E-01   0.0000000E+00   0.0000000E+00   2.9834468E+04   0.0000000E+00   0.0000000E+00   1.0220815E-02
   9.8550725E-01   0.0000000E+00   0.0000000E+00   1.3271535E+04   0.0000000E+00   0.0000000E+00   2.5367989E-02
   1.0000000E+00   0.0000000E+00   0.0000000E+00   4.9895730E+03   0.0000000E+00   0.0000000E+00   5.2780419E-02
