   0.0000000E+00   0.0000000E+00   0.0000000E+00   5.7053741E+10   0.0000000E+00   0.0000000E+00   3.4973064E-07
   1.4492754E-02   0.0000000E+00   0.0000000E+00   1.7715884E+06   0.0000000E+00   0.0000000E+00   6.4124870E-04
   2.8985507E-02   0.0000000E+00   0.0000000E+00   1.5025918E+06   0.0000000E+00   0.0000000E+00   1.4088192E-03
   4.3478261E-02   0.0000000E+00   0.0000000E+00   1.4015603E+06   0.0000000E+00   0.0000000E+00   1.9156395E-03
   5.7971014E-02   0.0000000E+00   0.0000000E+00   1.3415728E+06   0.0000000E+00   0.0000000E+00   4.7741413E-04
   7.2463768E-02   0.0000000E+00   0.0000000E+00   1.3460434E+06   0.0000000E+00   0.0000000E+00   3.9527338E-04
   8.6956522E-02   0.0000000E+00   0.0000000E+00   1.3869107E+06   0.0000000E+00   0.0000000E+00   1.3451216E-03
   1.0144928E-01   0.0000000E+00   0.0000000E+00   1.4149109E+06   0.0000000E+00   0.0000000E+00   9.7347834E-04
   1.1594203E-01   0.0000000E+00   0.0000000E+00   1.4361005E+06   0.0000000E+00   0.0000000E+00   9.2473555E-04
   1.3043478E-01   0.0000000E+00   0.0000000E+00   1.4607479E+06   0.0000000E+00   0.0000000E+00   5.8041228E-04
   1.4492754E-01   0.0000000E+00   0.0000000E+00   1.4566730E+06   0.0000000E+00   0.0000000E+00   5.5793403E-04
   1.5942029E-01   0.0000000E+00   0.0000000E+00   1.4541656E+06   0.0000000E+00   0.0000000E+00   8.5630848E-04
   1.7391304E-01   0.0000000E+00   0.0000000E+00   1.4401417E+06   0.0000000E+00   0.0000000E+00   3.8751923E-04
   1.8840580E-01   0.0000000E+00   0.0000000E+00   1.3898057E+06   0.0000000E+00   0.0000000E+00   4.7618289E-05
   2.0289855E-01   0.0000000E+00   0.0000000E+00   1.3212222E+06   0.0000000E+00   0.0000000E+00   4.0187846E-04
   2.1739130E-01   0.0000000E+00   0.0000000E+00   1.2439511E+06   0.0000000E+00   0.0000000E+00   4.4426031E-04
   2.3188406E-01   0.0000000E+00   0.0000000E+00   1.1715083E+06   0.0000000E+00   0.0000000E+00   7.3592172E-04
   2.4637681E-01   0.0000000E+00   0.0000000E+00   1.0995651E+06   0.0000000E+00   0.0000000E+00   5.0622578E-04
   2.6086957E-01   0.0000000E+00   0.0000000E+00   1.0314901E+06   0.0000000E+00   0.0000000E+00   8.2489677E-04
   2.7536232E-01   0.0000000E+00   0.0000000E+00   9.7253509E+05   0.0000000E+00   0.0000000E+00   2.9083705E-04
   2.8985507E-01   0.0000000E+00   0.0000000E+00   9.3000812E+05   0.0000000E+00   0.0000000E+00   6.2451720E-04
   3.0434783E-01   0.0000000E+00   0.0000000E+00   8.8601068E+05   0.0000000E+00   0.0000000E+00   5.5749604E-04
   3.1884058E-01   0.0000000E+00   0.0000000E+00   8.4435976E+05   0.0000000E+00   0.0000000E+00   1.5780274E-04
   3.3333333E-01   0.0000000E+00   0.0000000E+00   8.1690604E+05   0.0000000E+00   0.0000000E+00   5.2488119E-04
   3.4782609E-01   0.0000000E+00   0.0000000E+00   7.9164540E+05   0.0000000E+00   0.0000000E+00   9.4390798E-04
   3.6231884E-01   0.0000000E+00   0.0000000E+00   7.5919154E+05   0.0000000E+00   0.0000000E+00   7.1103004E-04
   3.7681159E-01   0.0000000E+00   0.0000000E+00   7.2736893E+05   0.0000000E+00   0.0000000E+00   8.7637626E-04
   3.9130435E-01   0.0000000E+00   0.0000000E+00   7.0188868E+05   0.0000000E+00   0.0000000E+00   5.9813149E-04
   4.0579710E-01   0.0000000E+00   0.0000000E+00   6.7836377E+05   0.0000000E+00   0.0000000E+00   9.4352390E-05
   4.2028986E-01   0.0000000E+00   0.0000000E+00   6.5977962E+05   0.0000000E+00   0.0000000E+00   4.3503495E-04
   4.3478261E-01   0.0000000E+00   0.0000000E+00   6.3601891E+05   0.0000000E+00   0.0000000E+00   4.8662503E-04
   4.4927536E-01   0.0000000E+00   0.0000000E+00   6.0870699E+05   0.0000000E+00   0.0000000E+00   2.2688858E-04
   4.6376812E-01   0.0000000E+00   0.0000000E+00   5.8909291E+05   0.0000000E+00   0.0000000E+00   7.6459269E-04
   4.7826087E-01   0.0000000E+00   0.0000000E+00   5.7117273E+05   0.0000000E+00   0.0000000E+00   2.1275805E-04
   4.9275362E-01   0.0000000E+00   0.0000000E+00   5.4563727E+05   0.0000000E+00   0.0000000E+00   4.5433122E-04
   5.0724638E-01   0.0000000E+00   0.0000000E+00   5.2385584E+05   0.0000000E+00   0.0000000E+00   2.3694757E-04
   5.2173913E-01   0.0000000E+00   0.0000000E+00   5.0562085E+05   0.0000000E+00   0.0000000E+00   6.2071983E-04
   5.3623188E-01   0.0000000E+00   0.0000000E+00   4.8362032E+05   0.0000000E+00   0.0000000E+00   6.2656391E-04
   5.5072464E-01   0.0000000E+00   0.0000000E+00   4.6868008E+05   0.0000000E+00   0.0000000E+00   1.9623547E-04
   5.6521739E-01   0.0000000E+00   0.0000000E+00   4.4875498E+05   0.0000000E+00   0.0000000E+00   4.8064085E-04
   5.7971014E-01   0.0000000E+00   0.0000000E+00   4.2491979E+05   0.0000000E+00   0.0000000E+00   1.0884956E-03
   5.9420290E-01   0.0000000E+00   0.0000000E+00   4.1109987E+05   0.0000000E+00   0.0000000E+00   4.9343843E-04
   6.0869565E-01   0.0000000E+00   0.0000000E+00   3.9312101E+05   0.0000000E+00   0.0000000E+00   1.7110557E-04
   6.2318841E-01   0.0000000E+00   0.0000000E+00   3.7233066E+05   0.0000000E+00   0.0000000E+00   1.3412046E-03
   6.3768116E-01   0.0000000E+00   0.0000000E+00   3.5663566E+05   0.0000000E+00   0.0000000E+00   4.7284681E-04
   6.5217391E-01   0.0000000E+00   0.0000000E+00   3.3734437E+05   0.0000000E+00   0.0000000E+00   4.8500045E-04
   6.6666667E-01   0.0000000E+00   0.0000000E+00   3.1523493E+05   0.0000000E+00   0.0000000E+00   2.8206754E-04
   6.8115942E-01   0.0000000E+00   0.0000000E+00   2.9680707E+05   0.0000000E+00   0.0000000E+00   7.1630921E-04
   6.9565217E-01   0.0000000E+00   0.0000000E+00   2.7714219E+05   0.0000000E+00   0.0000000E+00   9.5438878E-04
   7.1014493E-01   0.0000000E+00   0.0000000E+00   2.5790882E+05   0.0000000E+00   0.0000000E+00   1.7240140E-03
   7.2463768E-01   0.0000000E+00   0.0000000E+00   2.4226357E+05   0.0000000E+00   0.0000000E+00   1.9527878E-03
   7.3913043E-01   0.0000000E+00   0.0000000E+00   2.2446835E+05   0.0000000E+00   0.0000000E+00   1.1762398E-03
   7.5362319E-01   0.0000000E+00   0.0000000E+00   2.0142681E+05   0.0000000E+00   0.0000000E+00   4.1670838E-04
   7.6811594E-01   0.0000000E+00   0.0000000E+00   1.8222852E+05   0.0000000E+00   0.0000000E+00   1.8822230E-03
   7.8260870E-01   0.0000000E+00   0.0000000E+00   1.6754400E+05   0.0000000E+00   0.0000000E+00   2.1181433E-03
   7.9710145E-01   0.0000000E+00   0.0000000E+00   1.5153356E+05   0.0000000E+00   0.0000000E+00   2.3356112E-03
   8.1159420E-01   0.0000000E+00   0.0000000E+00   1.3733977E+05   0.0000000E+00   0.0000000E+00   2.4636725E-03
   8.2608696E-01   0.0000000E+00   0.0000000E+00   1.2628945E+05   0.0000000E+00   0.0000000E+00   2.7058420E-03
   8.4057971E-01   0.0000000E+00   0.0000000E+00   1.1807628E+05   0.0000000E+00   0.0000000E+00   2.9296413E-03
   8.5507246E-01   0.0000000E+00   0.0000000E+00   1.1011584E+05   0.0000000E+00   0.0000000E+00   2.2878647E-03
   8.6956522E-01   0.0000000E+00   0.0000000E+00   1.0125888E+05   0.0000000E+00   0.0000000E+00   3.9127070E-03
   8.8405797E-01   0.0000000E+00   0.0000000E+00   9.3201612E+04   0.0000000E+00   0.0000000E+00   3.3394988E-03
   8.9855072E-01   0.0000000E+00   0.0000000E+00   8.6553084E+04   0.0000000E+00   0.0000000E+00   7.2924168E-04
   9.1304348E-01   0.0000000E+00   0.0000000E+00   7.9610462E+04   0.0000000E+00   0.0000000E+00   4.2299121E-03
   9.2753623E-01   0.0000000E+00   0.0000000E+00   7.2292816E+04   0.0000000E+00   0.0000000E+00   6.4823682E-03
   9.4202899E-01   0.0000000E+00   0.0000000E+00   6.1446616E+04   0.0000000E+00   0.0000000E+00   6.1165696E-03
   9.5652174E-01   0.0000000E+00   0.0000000E+00   4.7071521E+04   0.0000000E+00   0.0000000E+00   4.0706638E-03
   9.7101449E-01   0.0000000E+00   0.0000000E+00   3.0456491E+04   0.0000000E+00   0.0000000E+00   6.9864435E-03
   9.8550725E-01   0.0000000E+00   0.0000000E+00   1.2446939E+04   0.0000000E+00   0.0000000E+00   2.1745674E-02
   1.0000000E+00   0.0000000E+00   0.0000000E+00   3.7859479E+03   0.0000000E+00   0.0000000E+00   4.6788269E-02
