   0.0000000E+00   0.0000000E+00   0.0000000E+00   5.6814897E+10   0.0000000E+00   0.0000000E+00   4.9424535E-07
   1.4492754E-02   0.0000000E+00   0.0000000E+00   1.8875221E+06   0.0000000E+00   0.0000000E+00   4.0014409E-03
   2.8985507E-02   0.0000000E+00   0.0000000E+00   1.6234508E+06   0.0000000E+00   0.0000000E+00   1.5710837E-03
   4.3478261E-02   0.0000000E+00   0.0000000E+00   1.5493189E+06   0.0000000E+00   0.0000000E+00   1.0524846E-03
   5.7971014E-02   0.0000000E+00   0.0000000E+00   1.5410470E+06   0.0000000E+00   0.0000000E+00   6.0028877E-04
   7.2463768E-02   0.0000000E+00   0.0000000E+00   1.5089568E+06   0.0000000E+00   0.0000000E+00   5.5759165E-04
   8.6956522E-02   0.0000000E+00   0.0000000E+00   1.4893315E+06   0.0000000E+00   0.0000000E+00   8.9544862E-04
   1.0144928E-01   0.0000000E+00   0.0000000E+00   1.5235920E+06   0.0000000E+00   0.0000000E+00   8.7522898E-04
   1.1594203E-01   0.0000000E+00   0.0000000E+00   1.5725878E+06   0.0000000E+00   0.0000000E+00   2.5315945E-04
   1.3043478E-01   0.0000000E+00   0.0000000E+00   1.5960460E+06   0.0000000E+00   0.0000000E+00   6.6433694E-04
   1.4492754E-01   0.0000000E+00   0.0000000E+00   1.6180709E+06   0.0000000E+00   0.0000000E+00   3.1780245E-04
   1.5942029E-01   0.0000000E+00   0.0000000E+00   1.6256207E+06   0.0000000E+00   0.0000000E+00   1.1358823E-04
   1.7391304E-01   0.0000000E+00   0.0000000E+00   1.5843643E+06   0.0000000E+00   0.0000000E+00   9.6497019E-05
   1.8840580E-01   0.0000000E+00   0.0000000E+00   1.5355242E+06   0.0000000E+00   0.0000000E+00   6.4342535E-04
   2.0289855E-01   0.0000000E+00   0.0000000E+00   1.4760711E+06   0.0000000E+00   0.0000000E+00   2.8475774E-04
   2.1739130E-01   0.0000000E+00   0.0000000E+00   1.3999438E+06   0.0000000E+00   0.0000000E+00   6.6035271E-04
   2.3188406E-01   0.0000000E+00   0.0000000E+00   1.3289281E+06   0.0000000E+00   0.0000000E+00   5.5395188E-05
   2.4637681E-01   0.0000000E+00   0.0000000E+00   1.2538759E+06   0.0000000E+00   0.0000000E+00   7.2762510E-04
   2.6086957E-01   0.0000000E+00   0.0000000E+00   1.1861105E+06   0.0000000E+00   0.0000000E+00   2.9396589E-04
   2.7536232E-01   0.0000000E+00   0.0000000E+00   1.1285491E+06   0.0000000E+00   0.0000000E+00   2.8844963E-04
   2.8985507E-01   0.0000000E+00   0.0000000E+00   1.0714776E+06   0.0000000E+00   0.0000000E+00   5.0740619E-04
   3.0434783E-01   0.0000000E+00   0.0000000E+00   1.0273827E+06   0.0000000E+00   0.0000000E+00   4.7748676E-04
   3.1884058E-01   0.0000000E+00   0.0000000E+00   9.8374887E+05   0.0000000E+00   0.0000000E+00   4.0836395E-04
   3.3333333E-01   0.0000000E+00   0.0000000E+00   9.4209731E+05   0.0000000E+00   0.0000000E+00   4.3423229E-04
   3.4782609E-01   0.0000000E+00   0.0000000E+00   9.0581106E+05   0.0000000E+00   0.0000000E+00   5.5316215E-05
   3.6231884E-01   0.0000000E+00   0.0000000E+00   8.6636582E+05   0.0000000E+00   0.0000000E+00   5.6133440E-04
   3.7681159E-01   0.0000000E+00   0.0000000E+00   8.3444295E+05   0.0000000E+00   0.0000000E+00   7.2704416E-04
   3.9130435E-01   0.0000000E+00   0.0000000E+00   8.0533377E+05   0.0000000E+00   0.0000000E+00   9.6356492E-04
   4.0579710E-01   0.0000000E+00   0.0000000E+00   7.8073940E+05   0.0000000E+00   0.0000000E+00   3.6409351E-04
   4.2028986E-01   0.0000000E+00   0.0000000E+00   7.5345155E+05   0.0000000E+00   0.0000000E+00   4.8880133E-04
   4.3478261E-01   0.0000000E+00   0.0000000E+00   7.1618746E+05   0.0000000E+00   0.0000000E+00   1.2798192E-04
   4.4927536E-01   0.0000000E+00   0.0000000E+00   6.8580059E+05   0.0000000E+00   0.0000000E+00   6.4539668E-04
   4.6376812E-01   0.0000000E+00   0.0000000E+00   6.5224553E+05   0.0000000E+00   0.0000000E+00   2.5126978E-04
   4.7826087E-01   0.0000000E+00   0.0000000E+00   6.2067819E+05   0.0000000E+00   0.0000000E+00   5.5581469E-04
   4.9275362E-01   0.0000000E+00   0.0000000E+00   5.9936972E+05   0.0000000E+00   0.0000000E+00   5.6205396E-04
   5.0724638E-01   0.0000000E+00   0.0000000E+00   5.6832416E+05   0.0000000E+00   0.0000000E+00   6.4895736E-04
   5.2173913E-01   0.0000000E+00   0.0000000E+00   5.3420436E+05   0.0000000E+00   0.0000000E+00   6.7395242E-04
   5.3623188E-01   0.0000000E+00   0.0000000E+00   5.1184089E+05   0.0000000E+00   0.0000000E+00   6.2166694E-04
   5.5072464E-01   0.0000000E+00   0.0000000E+00   4.9179105E+05   0.0000000E+00   0.0000000E+00   5.7850857E-04
   5.6521739E-01   0.0000000E+00   0.0000000E+00   4.6697952E+05   0.0000000E+00   0.0000000E+00   1.1307618E-03
   5.7971014E-01   0.0000000E+00   0.0000000E+00   4.4249928E+05   0.0000000E+00   0.0000000E+00   7.0034830E-04
   5.9420290E-01   0.0000000E+00   0.0000000E+00   4.2065475E+05   0.0000000E+00   0.0000000E+00   5.1668159E-04
   6.0869565E-01   0.0000000E+00   0.0000000E+00   3.9458236E+05   0.0000000E+00   0.0000000E+00   1.8384745E-03
   6.2318841E-01   0.0000000E+00   0.0000000E+00   3.6959928E+05   0.0000000E+00   0.0000000E+00   1.6564700E-03
   6.3768116E-01   0.0000000E+00   0.0000000E+00   3.4440854E+05   0.0000000E+00   0.0000000E+00   6.7965706E-04
   6.5217391E-01   0.0000000E+00   0.0000000E+00   3.1786212E+05   0.0000000E+00   0.0000000E+00   5.5350696E-04
   6.6666667E-01   0.0000000E+00   0.0000000E+00   2.9454543E+05   0.0000000E+00   0.0000000E+00   2.5646820E-04
   6.8115942E-01   0.0000000E+00   0.0000000E+00   2.6881918E+05   0.0000000E+00   0.0000000E+00   1.5664536E-03
   6.9565217E-01   0.0000000E+00   0.0000000E+00   2.4264939E+05   0.0000000E+00   0.0000000E+00   1.2407984E-03
   7.1014493E-01   0.0000000E+00   0.0000000E+00   2.2031581E+05   0.0000000E+00   0.0000000E+00   7.4751449E-04
   7.2463768E-01   0.0000000E+00   0.0000000E+00   2.0310374E+05   0.0000000E+00   0.0000000E+00   1.4606057E-03
   7.3913043E-01   0.0000000E+00   0.0000000E+00   1.8833471E+05   0.0000000E+00   0.0000000E+00   7.2046324E-04
   7.5362319E-01   0.0000000E+00   0.0000000E+00   1.7449802E+05   0.0000000E+00   0.0000000E+00   3.2333261E-04
   7.6811594E-01   0.0000000E+00   0.0000000E+00   1.6174104E+05   0.0000000E+00   0.0000000E+00   1.3928171E-03
   7.8260870E-01   0.0000000E+00   0.0000000E+00   1.4982138E+05   0.0000000E+00   0.0000000E+00   2.7717113E-03
   7.9710145E-01   0.0000000E+00   0.0000000E+00   1.3844538E+05   0.0000000E+00   0.0000000E+00   1.1972264E-03
   8.1159420E-01   0.0000000E+00   0.0000000E+00   1.3060133E+05   0.0000000E+00   0.0000000E+00   5.5468740E-04
   8.2608696E-01   0.0000000E+00   0.0000000E+00   1.2408271E+05   0.0000000E+00   0.0000000E+00   1.1292969E-03
   8.4057971E-01   0.0000000E+00   0.0000000E+00   1.1639097E+05   0.0000000E+00   0.0000000E+00   1.0200079E-03
   8.5507246E-01   0.0000000E+00   0.0000000E+00   1.1012868E+05   0.0000000E+00   0.0000000E+00   1.1094694E-03
   8.6956522E-01   0.0000000E+00   0.0000000E+00   1.0430245E+05   0.0000000E+00   0.0000000E+00   1.8637329E-03
   8.8405797E-01   0.0000000E+00   0.0000000E+00   9.5996543E+04   0.0000000E+00   0.0000000E+00   5.0007712E-03
   8.9855072E-01   0.0000000E+00   0.0000000E+00   8.8288545E+04   0.0000000E+00   0.0000000E+00   4.7148489E-03
   9.1304348E-01   0.0000000E+00   0.0000000E+00   8.1582983E+04   0.0000000E+00   0.0000000E+00   4.0562966E-03
   9.2753623E-01   0.0000000E+00   0.0000000E+00   7.5418479E+04   0.0000000E+00   0.0000000E+00   3.4333121E-03
   9.4202899E-01   0.0000000E+00   0.0000000E+00   6.7333647E+04   0.0000000E+00   0.0000000E+00   2.3778282E-03
   9.5652174E-01   0.0000000E+00   0.0000000E+00   5.3305628E+04   0.0000000E+00   0.0000000E+00   1.3561601E-03
   9.7101449E-01   0.0000000E+00   0.0000000E+00   3.4539221E+04   0.0000000E+00   0.0000000E+00   3.6024373E-03
   9.8550725E-01   0.0000000E+00   0.0000000E+00   1.4285565E+04   0.0000000E+00   0.0000000E+00   5.7158503E-03
   1.0000000E+00   0.0000000E+00   0.0000000E+00   4.7707320E+03   0.0000000E+00   0.0000000E+00   1.9387528E-02
