   0.0000000E+00   0.0000000E+00   0.0000000E+00   5.6919379E+10   0.0000000E+00   0.0000000E+00   1.9728180E-07
   1.4492754E-02   0.0000000E+00   0.0000000E+00   1.9936052E+06   0.0000000E+00   0.0000000E+00   2.0316508E-03
   2.8985507E-02   0.0000000E+00   0.0000000E+00   1.6416365E+06   0.0000000E+00   0.0000000E+00   1.0378654E-03
   4.3478261E-02   0.0000000E+00   0.0000000E+00   1.5586644E+06   0.0000000E+00   0.0000000E+00   2.7686686E-04
   5.7971014E-02   0.0000000E+00   0.0000000E+00   1.5171783E+06   0.0000000E+00   0.0000000E+00   9.8348146E-04
   7.2463768E-02   0.0000000E+00   0.0000000E+00   1.5065321E+06   0.0000000E+00   0.0000000E+00   5.0620786E-04
   8.6956522E-02   0.0000000E+00   0.0000000E+00   1.5442674E+06   0.0000000E+00   0.0000000E+00   1.3686741E-04
   1.0144928E-01   0.0000000E+00   0.0000000E+00   1.5911388E+06   0.0000000E+00   0.0000000E+00   5.7856030E-04
   1.1594203E-01   0.0000000E+00   0.0000000E+00   1.6212724E+06   0.0000000E+00   0.0000000E+00   8.1809181E-04
   1.3043478E-01   0.0000000E+00   0.0000000E+00   1.6209672E+06   0.0000000E+00   0.0000000E+00   2.9433531E-04
   1.4492754E-01   0.0000000E+00   0.0000000E+00   1.6294370E+06   0.0000000E+00   0.0000000E+00   2.1471170E-04
   1.5942029E-01   0.0000000E+00   0.0000000E+00   1.6394666E+06   0.0000000E+00   0.0000000E+00   4.0864982E-04
   1.7391304E-01   0.0000000E+00   0.0000000E+00   1.6187781E+06   0.0000000E+00   0.0000000E+00   5.0180622E-04
   1.8840580E-01   0.0000000E+00   0.0000000E+00   1.5791232E+06   0.0000000E+00   0.0000000E+00   4.0075984E-04
   2.0289855E-01   0.0000000E+00   0.0000000E+00   1.5194244E+06   0.0000000E+00   0.0000000E+00   4.6581236E-04
   2.1739130E-01   0.0000000E+00   0.0000000E+00   1.4274749E+06   0.0000000E+00   0.0000000E+00   2.6526282E-04
   2.3188406E-01   0.0000000E+00   0.0000000E+00   1.3427568E+06   0.0000000E+00   0.0000000E+00   3.7394495E-04
   2.4637681E-01   0.0000000E+00   0.0000000E+00   1.2743348E+06   0.0000000E+00   0.0000000E+00   5.3439872E-04
   2.6086957E-01   0.0000000E+00   0.0000000E+00   1.2038752E+06   0.0000000E+00   0.0000000E+00   2.9730016E-04
   2.7536232E-01   0.0000000E+00   0.0000000E+00   1.1376020E+06   0.0000000E+00   0.0000000E+00   5.2397368E-04
   2.8985507E-01   0.0000000E+00   0.0000000E+00   1.0660597E+06   0.0000000E+00   0.0000000E+00   6.0079059E-04
   3.0434783E-01   0.0000000E+00   0.0000000E+00   9.9682065E+05   0.0000000E+00   0.0000000E+00   4.7058741E-04
   3.1884058E-01   0.0000000E+00   0.0000000E+00   9.4692976E+05   0.0000000E+00   0.0000000E+00   3.9269257E-05
   3.3333333E-01   0.0000000E+00   0.0000000E+00   9.1172196E+05   0.0000000E+00   0.0000000E+00   6.3160236E-04
   3.4782609E-01   0.0000000E+00   0.0000000E+00   8.7723807E+05   0.0000000E+00   0.0000000E+00   3.2907493E-04
   3.6231884E-01   0.0000000E+00   0.0000000E+00   8.3681408E+05   0.0000000E+00   0.0000000E+00   1.7979445E-04
   3.7681159E-01   0.0000000E+00   0.0000000E+00   7.9984936E+05   0.0000000E+00   0.0000000E+00   3.3111079E-04
   3.9130435E-01   0.0000000E+00   0.0000000E+00   7.7384560E+05   0.0000000E+00   0.0000000E+00   4.5910233E-04
   4.0579710E-01   0.0000000E+00   0.0000000E+00   7.4696600E+05   0.0000000E+00   0.0000000E+00   4.0766120E-04
   4.2028986E-01   0.0000000E+00   0.0000000E+00   7.1548633E+05   0.0000000E+00   0.0000000E+00   3.5712690E-04
   4.3478261E-01   0.0000000E+00   0.0000000E+00   6.8754501E+05   0.0000000E+00   0.0000000E+00   3.7714735E-04
   4.4927536E-01   0.0000000E+00   0.0000000E+00   6.6145524E+05   0.0000000E+00   0.0000000E+00   1.5203147E-04
   4.6376812E-01   0.0000000E+00   0.0000000E+00   6.3233126E+05   0.0000000E+00   0.0000000E+00   3.7719978E-04
   4.7826087E-01   0.0000000E+00   0.0000000E+00   6.0341098E+05   0.0000000E+00   0.0000000E+00   1.2256912E-04
   4.9275362E-01   0.0000000E+00   0.0000000E+00   5.7369582E+05   0.0000000E+00   0.0000000E+00   7.8558698E-04
   5.0724638E-01   0.0000000E+00   0.0000000E+00   5.5295293E+05   0.0000000E+00   0.0000000E+00   6.9701131E-04
   5.2173913E-01   0.0000000E+00   0.0000000E+00   5.2774255E+05   0.0000000E+00   0.0000000E+00   3.8100783E-04
   5.3623188E-01   0.0000000E+00   0.0000000E+00   4.9701383E+05   0.0000000E+00   0.0000000E+00   6.4593696E-04
   5.5072464E-01   0.0000000E+00   0.0000000E+00   4.7330626E+05   0.0000000E+00   0.0000000E+00   5.6890042E-04
   5.6521739E-01   0.0000000E+00   0.0000000E+00   4.4582118E+05   0.0000000E+00   0.0000000E+00   7.3466494E-04
   5.7971014E-01   0.0000000E+00   0.0000000E+00   4.2001344E+05   0.0000000E+00   0.0000000E+00   9.8673620E-04
   5.9420290E-01   0.0000000E+00   0.0000000E+00   3.9609299E+05   0.0000000E+00   0.0000000E+00   8.4388245E-04
   6.0869565E-01   0.0000000E+00   0.0000000E+00   3.7484512E+05   0.0000000E+00   0.0000000E+00   1.4171548E-03
   6.2318841E-01   0.0000000E+00   0.0000000E+00   3.4995100E+05   0.0000000E+00   0.0000000E+00   1.1989795E-03
   6.3768116E-01   0.0000000E+00   0.0000000E+00   3.2568900E+05   0.0000000E+00   0.0000000E+00   4.7608491E-04
   6.5217391E-01   0.0000000E+00   0.0000000E+00   3.0494692E+05   0.0000000E+00   0.0000000E+00   3.8110795E-04
   6.6666667E-01   0.0000000E+00   0.0000000E+00   2.8102147E+05   0.0000000E+00   0.0000000E+00   1.2187164E-03
   6.8115942E-01   0.0000000E+00   0.0000000E+00   2.5903309E+05   0.0000000E+00   0.0000000E+00   2.6973142E-03
   6.9565217E-01   0.0000000E+00   0.0000000E+00   2.3773988E+05   0.0000000E+00   0.0000000E+00   1.7590548E-03
   7.1014493E-01   0.0000000E+00   0.0000000E+00   2.1790342E+05   0.0000000E+00   0.0000000E+00   4.7859073E-04
   7.2463768E-01   0.0000000E+00   0.0000000E+00   2.0196714E+05   0.0000000E+00   0.0000000E+00   1.7907653E-03
   7.3913043E-01   0.0000000E+00   0.0000000E+00   1.8505118E+05   0.0000000E+00   0.0000000E+00   2.4775524E-03
   7.5362319E-01   0.0000000E+00   0.0000000E+00   1.6810097E+05   0.0000000E+00   0.0000000E+00   2.6525057E-03
   7.6811594E-01   0.0000000E+00   0.0000000E+00   1.5427805E+05   0.0000000E+00   0.0000000E+00   3.0137483E-03
   7.8260870E-01   0.0000000E+00   0.0000000E+00   1.4415239E+05   0.0000000E+00   0.0000000E+00   2.6844522E-03
   7.9710145E-01   0.0000000E+00   0.0000000E+00   1.3268658E+05   0.0000000E+00   0.0000000E+00   3.2597270E-03
   8.1159420E-01   0.0000000E+00   0.0000000E+00   1.2103490E+05   0.0000000E+00   0.0000000E+00   2.7683652E-03
   8.2608696E-01   0.0000000E+00   0.0000000E+00   1.1347439E+05   0.0000000E+00   0.0000000E+00   3.5428679E-03
   8.4057971E-01   0.0000000E+00   0.0000000E+00   1.0550830E+05   0.0000000E+00   0.0000000E+00   2.7078655E-03
   8.5507246E-01   0.0000000E+00   0.0000000E+00   9.7889305E+04   0.0000000E+00   0.0000000E+00   4.2577923E-03
   8.6956522E-01   0.0000000E+00   0.0000000E+00   9.0296955E+04   0.0000000E+00   0.0000000E+00   3.8087606E-03
   8.8405797E-01   0.0000000E+00   0.0000000E+00   8.2816893E+04   0.0000000E+00   0.0000000E+00   4.2358593E-03
   8.9855072E-01   0.0000000E+00   0.0000000E+00   7.7215812E+04   0.0000000E+00   0.0000000E+00   4.5244393E-03
   9.1304348E-01   0.0000000E+00   0.0000000E+00   6.9880161E+04   0.0000000E+00   0.0000000E+00   3.8831813E-03
   9.2753623E-01   0.0000000E+00   0.0000000E+00   6.1850257E+04   0.0000000E+00   0.0000000E+00   2.8597403E-03
   9.4202899E-01   0.0000000E+00   0.0000000E+00   5.3158143E+04   0.0000000E+00   0.0000000E+00   5.9995840E-03
   9.5652174E-01   0.0000000E+00   0.0000000E+00   4.0711125E+04   0.0000000E+00   0.0000000E+00   1.2605876E-02
   9.7101449E-01   0.0000000E+00   0.0000000E+00   2.6385070E+04   0.0000000E+00   0.0000000E+00   2.0700443E-02
   9.8550725E-01   0.0000000E+00   0.0000000E+00   1.1967782E+04   0.0000000E+00   0.0000000E+00   3.2219673E-02
   1.0000000E+00   0.0000000E+00   0.0000000E+00   5.0771093E+03   0.0000000E+00   0.0000000E+00   3.3641419E-02
