   0.0000000E+00   0.0000000E+00   0.0000000E+00   5.6453941E+10   0.0000000E+00   0.0000000E+00   1.3663239E-08
   1.4492754E-02   0.0000000E+00   0.0000000E+00   2.4527936E+06   0.0000000E+00   0.0000000E+00   8.6841629E-04
   2.8985507E-02   0.0000000E+00   0.0000000E+00   2.0671057E+06   0.0000000E+00   0.0000000E+00   1.4782844E-03
   4.3478261E-02   0.0000000E+00   0.0000000E+00   1.9294502E+06   0.0000000E+00   0.0000000E+00   2.2724402E-04
   5.7971014E-02   0.0000000E+00   0.0000000E+00   1.8850594E+06   0.0000000E+00   0.0000000E+00   3.7165403E-04
   7.2463768E-02   0.0000000E+00   0.0000000E+00   1.8475136E+06   0.0000000E+00   0.0000000E+00   3.9441503E-04
   8.6956522E-02   0.0000000E+00   0.0000000E+00   1.8303130E+06   0.0000000E+00   0.0000000E+00   5.9643491E-04
   1.0144928E-01   0.0000000E+00   0.0000000E+00   1.8858984E+06   0.0000000E+00   0.0000000E+00   3.1012896E-04
   1.1594203E-01   0.0000000E+00   0.0000000E+00   1.9351648E+06   0.0000000E+00   0.0000000E+00   4.4393716E-04
   1.3043478E-01   0.0000000E+00   0.0000000E+00   1.9570655E+06   0.0000000E+00   0.0000000E+00   8.5116288E-04
   1.4492754E-01   0.0000000E+00   0.0000000E+00   1.9706458E+06   0.0000000E+00   0.0000000E+00   5.1857263E-04
   1.5942029E-01   0.0000000E+00   0.0000000E+00   1.9827902E+06   0.0000000E+00   0.0000000E+00   4.1794223E-04
   1.7391304E-01   0.0000000E+00   0.0000000E+00   1.9655058E+06   0.0000000E+00   0.0000000E+00   2.2022399E-04
   1.8840580E-01   0.0000000E+00   0.0000000E+00   1.9106039E+06   0.0000000E+00   0.0000000E+00   1.3545824E-04
   2.0289855E-01   0.0000000E+00   0.0000000E+00   1.8499600E+06   0.0000000E+00   0.0000000E+00   4.2508199E-04
   2.1739130E-01   0.0000000E+00   0.0000000E+00   1.7728007E+06   0.0000000E+00   0.0000000E+00   1.7270992E-04
   2.3188406E-01   0.0000000E+00   0.0000000E+00   1.6945834E+06   0.0000000E+00   0.0000000E+00   2.9530337E-04
   2.4637681E-01   0.0000000E+00   0.0000000E+00   1.6080510E+06   0.0000000E+00   0.0000000E+00   5.7276567E-04
   2.6086957E-01   0.0000000E+00   0.0000000E+00   1.5121898E+06   0.0000000E+00   0.0000000E+00   3.2109509E-04
   2.7536232E-01   0.0000000E+00   0.0000000E+00   1.4293706E+06   0.0000000E+00   0.0000000E+00   3.2875149E-04
   2.8985507E-01   0.0000000E+00   0.0000000E+00   1.3549090E+06   0.0000000E+00   0.0000000E+00   4.7048482E-04
   3.0434783E-01   0.0000000E+00   0.0000000E+00   1.2837503E+06   0.0000000E+00   0.0000000E+00   1.0588839E-04
   3.1884058E-01   0.0000000E+00   0.0000000E+00   1.2242269E+06   0.0000000E+00   0.0000000E+00   2.0381739E-04
   3.3333333E-01   0.0000000E+00   0.0000000E+00   1.1581182E+06   0.0000000E+00   0.0000000E+00   2.4949308E-04
   3.4782609E-01   0.0000000E+00   0.0000000E+00   1.0869101E+06   0.0000000E+00   0.0000000E+00   3.8196951E-04
   3.6231884E-01   0.0000000E+00   0.0000000E+00   1.0338862E+06   0.0000000E+00   0.0000000E+00   6.5533065E-04
   3.7681159E-01   0.0000000E+00   0.0000000E+00   9.8220160E+05   0.0000000E+00   0.0000000E+00   6.6401252E-04
   3.9130435E-01   0.0000000E+00   0.0000000E+00   9.2084652E+05   0.0000000E+00   0.0000000E+00   4.3424592E-04
   4.0579710E-01   0.0000000E+00   0.0000000E+00   8.7553768E+05   0.0000000E+00   0.0000000E+00   4.6071965E-04
   4.2028986E-01   0.0000000E+00   0.0000000E+00   8.3327519E+05   0.0000000E+00   0.0000000E+00   2.4719714E-04
   4.3478261E-01   0.0000000E+00   0.0000000E+00   7.8741470E+05   0.0000000E+00   0.0000000E+00   3.9502512E-04
   4.4927536E-01   0.0000000E+00   0.0000000E+00   7.5089261E+05   0.0000000E+00   0.0000000E+00   6.8021371E-04
   4.6376812E-01   0.0000000E+00   0.0000000E+00   7.0829437E+05   0.0000000E+00   0.0000000E+00   7.5236927E-04
   4.7826087E-01   0.0000000E+00   0.0000000E+00   6.7020662E+05   0.0000000E+00   0.0000000E+00   8.4177067E-04
   4.9275362E-01   0.0000000E+00   0.0000000E+00   6.2845343E+05   0.0000000E+00   0.0000000E+00   6.4274686E-04
   5.0724638E-01   0.0000000E+00   0.0000000E+00   5.8166033E+05   0.0000000E+00   0.0000000E+00   9.3479318E-04
   5.2173913E-01   0.0000000E+00   0.0000000E+00   5.4904337E+05   0.0000000E+00   0.0000000E+00   6.7311803E-04
   5.3623188E-01   0.0000000E+00   0.0000000E+00   5.1575245E+05   0.0000000E+00   0.0000000E+00   4.6349583E-04
   5.5072464E-01   0.0000000E+00   0.0000000E+00   4.7781280E+05   0.0000000E+00   0.0000000E+00   3.3034066E-04
   5.6521739E-01   0.0000000E+00   0.0000000E+00   4.3789409E+05   0.0000000E+00   0.0000000E+00   3.3883582E-04
   5.7971014E-01   0.0000000E+00   0.0000000E+00   4.0394943E+05   0.0000000E+00   0.0000000E+00   8.3068612E-04
   5.9420290E-01   0.0000000E+00   0.0000000E+00   3.7541232E+05   0.0000000E+00   0.0000000E+00   1.5830756E-03
   6.0869565E-01   0.0000000E+00   0.0000000E+00   3.4181141E+05   0.0000000E+00   0.0000000E+00   2.1992718E-03
   6.2318841E-01   0.0000000E+00   0.0000000E+00   3.1042534E+05   0.0000000E+00   0.0000000E+00   2.2533282E-03
   6.3768116E-01   0.0000000E+00   0.0000000E+00   2.8186083E+05   0.0000000E+00   0.0000000E+00   8.2703182E-04
   6.5217391E-01   0.0000000E+00   0.0000000E+00   2.5879234E+05   0.0000000E+00   0.0000000E+00   8.0045949E-04
   6.6666667E-01   0.0000000E+00   0.0000000E+00   2.4035078E+05   0.0000000E+00   0.0000000E+00   1.9286408E-03
   6.8115942E-01   0.0000000E+00   0.0000000E+00   2.2404823E+05   0.0000000E+00   0.0000000E+00   2.6876020E-03
   6.9565217E-01   0.0000000E+00   0.0000000E+00   2.0986149E+05   0.0000000E+00   0.0000000E+00   1.0140488E-03
   7.1014493E-01   0.0000000E+00   0.0000000E+00   1.9733628E+05   0.0000000E+00   0.0000000E+00   1.2915179E-03
   7.2463768E-01   0.0000000E+00   0.0000000E+00   1.8703972E+05   0.0000000E+00   0.0000000E+00   1.8310011E-03
   7.3913043E-01   0.0000000E+00   0.0000000E+00   1.7542347E+05   0.0000000E+00   0.0000000E+00   2.1199610E-03
   7.5362319E-01   0.0000000E+00   0.0000000E+00   1.6112105E+05   0.0000000E+00   0.0000000E+00   2.2461395E-03
   7.6811594E-01   0.0000000E+00   0.0000000E+00   1.5246234E+05   0.0000000E+00   0.0000000E+00   1.5028030E-03
   7.8260870E-01   0.0000000E+00   0.0000000E+00   1.4711317E+05   0.0000000E+00   0.0000000E+00   3.3494583E-03
   7.9710145E-01   0.0000000E+00   0.0000000E+00   1.3599307E+05   0.0000000E+00   0.0000000E+00   3.3356964E-03
   8.1159420E-01   0.0000000E+00   0.0000000E+00   1.2765157E+05   0.0000000E+00   0.0000000E+00   3.0266247E-03
   8.2608696E-01   0.0000000E+00   0.0000000E+00   1.2270017E+05   0.0000000E+00   0.0000000E+00   4.4545031E-03
   8.4057971E-01   0.0000000E+00   0.0000000E+00   1.1483630E+05   0.0000000E+00   0.0000000E+00   2.9936153E-03
   8.5507246E-01   0.0000000E+00   0.0000000E+00   1.0523550E+05   0.0000000E+00   0.0000000E+00   3.7111721E-03
   8.6956522E-01   0.0000000E+00   0.0000000E+00   9.7457567E+04   0.0000000E+00   0.0000000E+00   4.4923402E-03
   8.8405797E-01   0.0000000E+00   0.0000000E+00   9.2195437E+04   0.0000000E+00   0.0000000E+00   4.0911196E-03
   8.9855072E-01   0.0000000E+00   0.0000000E+00   8.5697575E+04   0.0000000E+00   0.0000000E+00   6.4648212E-03
   9.1304348E-01   0.0000000E+00   0.0000000E+00   7.6832094E+04   0.0000000E+00   0.0000000E+00   4.8441445E-03
   9.2753623E-01   0.0000000E+00   0.0000000E+00   6.7533282E+04   0.0000000E+00   0.0000000E+00   5.2661911E-03
   9.4202899E-01   0.0000000E+00   0.0000000E+00   5.9674678E+04   0.0000000E+00   0.0000000E+00   8.7982274E-03
   9.5652174E-01   0.0000000E+00   0.0000000E+00   4.8782169E+04   0.0000000E+00   0.0000000E+00   1.0061366E-02
   9.7101449E-01   0.0000000E+00   0.0000000E+00   3.1949345E+04   0.0000000E+00   0.0000000E+00   1.7932124E-02
   9.8550725E-01   0.0000000E+00   0.0000000E+00   1.3817551E+04   0.0000000E+00   0.0000000E+00   3.1918626E-02
   1.0000000E+00   0.0000000E+00   0.0000000E+00   5.6460957E+03   0.0000000E+00   0.0000000E+00   4.0886967E-02
