   0.0000000E+00   0.0000000E+00   0.0000000E+00   5.6910511E+10   0.0000000E+00   0.0000000E+00   3.1815538E-07
   1.4492754E-02   0.0000000E+00   0.0000000E+00   1.6776290E+06   0.0000000E+00   0.0000000E+00   1.7745973E-03
   2.8985507E-02   0.0000000E+00   0.0000000E+00   1.4544756E+06   0.0000000E+00   0.0000000E+00   2.1754786E-03
   4.3478261E-02   0.0000000E+00   0.0000000E+00   1.4081273E+06   0.0000000E+00   0.0000000E+00   1.6774907E-03
   5.7971014E-02   0.0000000E+00   0.0000000E+00   1.3885525E+06   0.0000000E+00   0.0000000E+00   1.9269992E-03
   7.2463768E-02   0.0000000E+00   0.0000000E+00   1.3678663E+06   0.0000000E+00   0.0000000E+00   1.1814396E-03
   8.6956522E-02   0.0000000E+00   0.0000000E+00   1.3655678E+06   0.0000000E+00   0.0000000E+00   9.1177681E-04
   1.0144928E-01   0.0000000E+00   0.0000000E+00   1.4046273E+06   0.0000000E+00   0.0000000E+00   5.3439748E-04
   1.1594203E-01   0.0000000E+00   0.0000000E+00   1.4477507E+06   0.0000000E+00   0.0000000E+00   5.0748567E-04
   1.3043478E-01   0.0000000E+00   0.0000000E+00   1.4397839E+06   0.0000000E+00   0.0000000E+00   4.2562238E-04
   1.4492754E-01   0.0000000E+00   0.0000000E+00   1.4259089E+06   0.0000000E+00   0.0000000E+00   6.6244514E-04
   1.5942029E-01   0.0000000E+00   0.0000000E+00   1.4363932E+06   0.0000000E+00   0.0000000E+00   5.6412764E-04
   1.7391304E-01   0.0000000E+00   0.0000000E+00   1.4304806E+06   0.0000000E+00   0.0000000E+00   8.0337801E-04
   1.8840580E-01   0.0000000E+00   0.0000000E+00   1.3898057E+06   0.0000000E+00   0.0000000E+00   3.7277712E-04
   2.0289855E-01   0.0000000E+00   0.0000000E+00   1.3208433E+06   0.0000000E+00   0.0000000E+00   7.2067898E-04
   2.1739130E-01   0.0000000E+00   0.0000000E+00   1.2549130E+06   0.0000000E+00   0.0000000E+00   1.8776933E-04
   2.3188406E-01   0.0000000E+00   0.0000000E+00   1.1870419E+06   0.0000000E+00   0.0000000E+00   1.1886736E-03
   2.4637681E-01   0.0000000E+00   0.0000000E+00   1.1242584E+06   0.0000000E+00   0.0000000E+00   3.2692537E-04
   2.6086957E-01   0.0000000E+00   0.0000000E+00   1.0768280E+06   0.0000000E+00   0.0000000E+00   5.4304863E-04
   2.7536232E-01   0.0000000E+00   0.0000000E+00   1.0312397E+06   0.0000000E+00   0.0000000E+00   7.6098949E-04
   2.8985507E-01   0.0000000E+00   0.0000000E+00   9.8179942E+05   0.0000000E+00   0.0000000E+00   7.5842676E-04
   3.0434783E-01   0.0000000E+00   0.0000000E+00   9.3713986E+05   0.0000000E+00   0.0000000E+00   6.7128137E-04
   3.1884058E-01   0.0000000E+00   0.0000000E+00   9.0353211E+05   0.0000000E+00   0.0000000E+00   8.6395756E-04
   3.3333333E-01   0.0000000E+00   0.0000000E+00   8.6233729E+05   0.0000000E+00   0.0000000E+00   8.3593430E-04
   3.4782609E-01   0.0000000E+00   0.0000000E+00   8.2972167E+05   0.0000000E+00   0.0000000E+00   3.0819069E-04
   3.6231884E-01   0.0000000E+00   0.0000000E+00   8.0944464E+05   0.0000000E+00   0.0000000E+00   8.5522997E-04
   3.7681159E-01   0.0000000E+00   0.0000000E+00   7.8282943E+05   0.0000000E+00   0.0000000E+00   9.9511618E-04
   3.9130435E-01   0.0000000E+00   0.0000000E+00   7.4928932E+05   0.0000000E+00   0.0000000E+00   3.4258807E-04
   4.0579710E-01   0.0000000E+00   0.0000000E+00   7.3129709E+05   0.0000000E+00   0.0000000E+00   6.1919033E-04
   4.2028986E-01   0.0000000E+00   0.0000000E+00   7.0639349E+05   0.0000000E+00   0.0000000E+00   8.3829461E-04
   4.3478261E-01   0.0000000E+00   0.0000000E+00   6.7264285E+05   0.0000000E+00   0.0000000E+00   5.4928297E-04
   4.4927536E-01   0.0000000E+00   0.0000000E+00   6.4930701E+05   0.0000000E+00   0.0000000E+00   1.1471562E-04
   4.6376812E-01   0.0000000E+00   0.0000000E+00   6.2387776E+05   0.0000000E+00   0.0000000E+00   6.7162888E-04
   4.7826087E-01   0.0000000E+00   0.0000000E+00   5.9964526E+05   0.0000000E+00   0.0000000E+00   8.1789448E-04
   4.9275362E-01   0.0000000E+00   0.0000000E+00   5.7723935E+05   0.0000000E+00   0.0000000E+00   8.4455618E-04
   5.0724638E-01   0.0000000E+00   0.0000000E+00   5.5693646E+05   0.0000000E+00   0.0000000E+00   5.5602639E-04
   5.2173913E-01   0.0000000E+00   0.0000000E+00   5.3089979E+05   0.0000000E+00   0.0000000E+00   5.8438807E-04
   5.3623188E-01   0.0000000E+00   0.0000000E+00   5.0837988E+05   0.0000000E+00   0.0000000E+00   1.7793055E-04
   5.5072464E-01   0.0000000E+00   0.0000000E+00   4.8792260E+05   0.0000000E+00   0.0000000E+00   7.4226769E-04
   5.6521739E-01   0.0000000E+00   0.0000000E+00   4.6410400E+05   0.0000000E+00   0.0000000E+00   7.1096495E-04
   5.7971014E-01   0.0000000E+00   0.0000000E+00   4.4456411E+05   0.0000000E+00   0.0000000E+00   4.9515128E-04
   5.9420290E-01   0.0000000E+00   0.0000000E+00   4.2706779E+05   0.0000000E+00   0.0000000E+00   3.7845046E-04
   6.0869565E-01   0.0000000E+00   0.0000000E+00   4.0840203E+05   0.0000000E+00   0.0000000E+00   5.8563310E-04
   6.2318841E-01   0.0000000E+00   0.0000000E+00   3.8669241E+05   0.0000000E+00   0.0000000E+00   6.9266439E-04
   6.3768116E-01   0.0000000E+00   0.0000000E+00   3.6774339E+05   0.0000000E+00   0.0000000E+00   1.3964768E-03
   6.5217391E-01   0.0000000E+00   0.0000000E+00   3.4965338E+05   0.0000000E+00   0.0000000E+00   1.2898377E-03
   6.6666667E-01   0.0000000E+00   0.0000000E+00   3.2704574E+05   0.0000000E+00   0.0000000E+00   8.7575555E-04
   6.8115942E-01   0.0000000E+00   0.0000000E+00   3.0346548E+05   0.0000000E+00   0.0000000E+00   1.1487579E-03
   6.9565217E-01   0.0000000E+00   0.0000000E+00   2.8132553E+05   0.0000000E+00   0.0000000E+00   9.1323539E-04
   7.1014493E-01   0.0000000E+00   0.0000000E+00   2.5877481E+05   0.0000000E+00   0.0000000E+00   2.4100395E-03
   7.2463768E-01   0.0000000E+00   0.0000000E+00   2.3609560E+05   0.0000000E+00   0.0000000E+00   7.7674124E-04
   7.3913043E-01   0.0000000E+00   0.0000000E+00   2.1592524E+05   0.0000000E+00   0.0000000E+00   4.0121271E-04
   7.5362319E-01   0.0000000E+00   0.0000000E+00   1.9568550E+05   0.0000000E+00   0.0000000E+00   1.5735318E-03
   7.6811594E-01   0.0000000E+00   0.0000000E+00   1.7946922E+05   0.0000000E+00   0.0000000E+00   9.2635287E-04
   7.8260870E-01   0.0000000E+00   0.0000000E+00   1.6330629E+05   0.0000000E+00   0.0000000E+00   1.1760899E-03
   7.9710145E-01   0.0000000E+00   0.0000000E+00   1.5132690E+05   0.0000000E+00   0.0000000E+00   1.0467339E-03
   8.1159420E-01   0.0000000E+00   0.0000000E+00   1.4438943E+05   0.0000000E+00   0.0000000E+00   2.2220334E-03
   8.2608696E-01   0.0000000E+00   0.0000000E+00   1.3489042E+05   0.0000000E+00   0.0000000E+00   1.1391134E-03
   8.4057971E-01   0.0000000E+00   0.0000000E+00   1.2790073E+05   0.0000000E+00   0.0000000E+00   2.8468596E-03
   8.5507246E-01   0.0000000E+00   0.0000000E+00   1.2017190E+05   0.0000000E+00   0.0000000E+00   1.1171180E-03
   8.6956522E-01   0.0000000E+00   0.0000000E+00   1.1273859E+05   0.0000000E+00   0.0000000E+00   1.3943255E-03
   8.8405797E-01   0.0000000E+00   0.0000000E+00   1.0566079E+05   0.0000000E+00   0.0000000E+00   7.2407865E-04
   8.9855072E-01   0.0000000E+00   0.0000000E+00   9.6868080E+04   0.0000000E+00   0.0000000E+00   1.7100558E-03
   9.1304348E-01   0.0000000E+00   0.0000000E+00   8.9160350E+04   0.0000000E+00   0.0000000E+00   2.5125782E-03
   9.2753623E-01   0.0000000E+00   0.0000000E+00   8.2297308E+04   0.0000000E+00   0.0000000E+00   1.7422638E-03
   9.4202899E-01   0.0000000E+00   0.0000000E+00   7.4293168E+04   0.0000000E+00   0.0000000E+00   3.5819664E-03
   9.5652174E-01   0.0000000E+00   0.0000000E+00   6.1319267E+04   0.0000000E+00   0.0000000E+00   1.5114445E-03
   9.7101449E-01   0.0000000E+00   0.0000000E+00   4.2388016E+04   0.0000000E+00   0.0000000E+00   3.6375000E-03
   9.8550725E-01   0.0000000E+00   0.0000000E+00   1.8441974E+04   0.0000000E+00   0.0000000E+00   1.0595672E-02
   1.0000000E+00   0.0000000E+00   0.0000000E+00   5.2302980E+03   0.0000000E+00   0.0000000E+00   5.5116940E-03
