   0.0000000E+00   0.0000000E+00   0.0000000E+00   5.9005968E+10   0.0000000E+00   0.0000000E+00   1.1263895E-06
   1.4492754E-02   0.0000000E+00   0.0000000E+00   2.1368174E+06   0.0000000E+00   0.0000000E+00   6.3001902E-03
   2.8985507E-02   0.0000000E+00   0.0000000E+00   1.7386268E+06   0.0000000E+00   0.0000000E+00   7.8436033E-03
   4.3478261E-02   0.0000000E+00   0.0000000E+00   1.5993296E+06   0.0000000E+00   0.0000000E+00   9.9114726E-03
   5.7971014E-02   0.0000000E+00   0.0000000E+00   1.5908682E+06   0.0000000E+00   0.0000000E+00   1.0935502E-02
   7.2463768E-02   0.0000000E+00   0.0000000E+00   1.6036739E+06   0.0000000E+00   0.0000000E+00   1.4687572E-02
   8.6956522E-02   0.0000000E+00   0.0000000E+00   1.5527288E+06   0.0000000E+00   0.0000000E+00   2.0269034E-02
   1.0144928E-01   0.0000000E+00   0.0000000E+00   1.5037826E+06   0.0000000E+00   0.0000000E+00   2.5370584E-02
   1.1594203E-01   0.0000000E+00   0.0000000E+00   1.4835537E+06   0.0000000E+00   0.0000000E+00   2.6312755E-02
   1.3043478E-01   0.0000000E+00   0.0000000E+00   1.4584747E+06   0.0000000E+00   0.0000000E+00   2.6367349E-02
   1.4492754E-01   0.0000000E+00   0.0000000E+00   1.3902953E+06   0.0000000E+00   0.0000000E+00   2.5619898E-02
   1.5942029E-01   0.0000000E+00   0.0000000E+00   1.3004828E+06   0.0000000E+00   0.0000000E+00   2.3446874E-02
   1.7391304E-01   0.0000000E+00   0.0000000E+00   1.2089689E+06   0.0000000E+00   0.0000000E+00   2.3585723E-02
   1.8840580E-01   0.0000000E+00   0.0000000E+00   1.0864195E+06   0.0000000E+00   0.0000000E+00   2.3518314E-02
   2.0289855E-01   0.0000000E+00   0.0000000E+00   9.7693908E+05   0.0000000E+00   0.0000000E+00   2.1302678E-02
   2.1739130E-01   0.0000000E+00   0.0000000E+00   8.8281375E+05   0.0000000E+00   0.0000000E+00   1.7695410E-02
   2.3188406E-01   0.0000000E+00   0.0000000E+00   7.7885859E+05   0.0000000E+00   0.0000000E+00   1.7052832E-02
   2.4637681E-01   0.0000000E+00   0.0000000E+00   6.7697087E+05   0.0000000E+00   0.0000000E+00   1.7164596E-02
   2.6086957E-01   0.0000000E+00   0.0000000E+00   5.9301315E+05   0.0000000E+00   0.0000000E+00   1.4635249E-02
   2.7536232E-01   0.0000000E+00   0.0000000E+00   5.2475259E+05   0.0000000E+00   0.0000000E+00   1.3436107E-02
   2.8985507E-01   0.0000000E+00   0.0000000E+00   4.6669002E+05   0.0000000E+00   0.0000000E+00   1.3602274E-02
   3.0434783E-01   0.0000000E+00   0.0000000E+00   4.1112628E+05   0.0000000E+00   0.0000000E+00   1.3727662E-02
   3.1884058E-01   0.0000000E+00   0.0000000E+00   3.6144040E+05   0.0000000E+00   0.0000000E+00   1.1172929E-02
   3.3333333E-01   0.0000000E+00   0.0000000E+00   3.2622212E+05   0.0000000E+00   0.0000000E+00   8.3664987E-03
   3.4782609E-01   0.0000000E+00   0.0000000E+00   2.9791681E+05   0.0000000E+00   0.0000000E+00   8.5808499E-03
   3.6231884E-01   0.0000000E+00   0.0000000E+00   2.7278521E+05   0.0000000E+00   0.0000000E+00   7.0010499E-03
   3.7681159E-01   0.0000000E+00   0.0000000E+00   2.5739732E+05   0.0000000E+00   0.0000000E+00   3.9912356E-03
   3.9130435E-01   0.0000000E+00   0.0000000E+00   2.4289670E+05   0.0000000E+00   0.0000000E+00   5.0534572E-03
   4.0579710E-01   0.0000000E+00   0.0000000E+00   2.2328876E+05   0.0000000E+00   0.0000000E+00   5.3220754E-03
   4.2028986E-01   0.0000000E+00   0.0000000E+00   2.0456278E+05   0.0000000E+00   0.0000000E+00   4.4849223E-03
   4.3478261E-01   0.0000000E+00   0.0000000E+00   1.8892901E+05   0.0000000E+00   0.0000000E+00   3.6900326E-03
   4.4927536E-01   0.0000000E+00   0.0000000E+00   1.7911917E+05   0.0000000E+00   0.0000000E+00   4.1770492E-03
   4.6376812E-01   0.0000000E+00   0.0000000E+00   1.7015924E+05   0.0000000E+00   0.0000000E+00   2.2834816E-03
   4.7826087E-01   0.0000000E+00   0.0000000E+00   1.6066314E+05   0.0000000E+00   0.0000000E+00   1.1786352E-03
   4.9275362E-01   0.0000000E+00   0.0000000E+00   1.5337482E+05   0.0000000E+00   0.0000000E+00   1.0680708E-03
   5.0724638E-01   0.0000000E+00   0.0000000E+00   1.4691432E+05   0.0000000E+00   0.0000000E+00   1.4144491E-04
   5.2173913E-01   0.0000000E+00   0.0000000E+00   1.3952879E+05   0.0000000E+00   0.0000000E+00   1.9534974E-03
   5.3623188E-01   0.0000000E+00   0.0000000E+00   1.2959345E+05   0.0000000E+00   0.0000000E+00   2.7647597E-03
   5.5072464E-01   0.0000000E+00   0.0000000E+00   1.2430870E+05   0.0000000E+00   0.0000000E+00   4.8682753E-04
   5.6521739E-01   0.0000000E+00   0.0000000E+00   1.1983897E+05   0.0000000E+00   0.0000000E+00   2.3847649E-03
   5.7971014E-01   0.0000000E+00   0.0000000E+00   1.1212609E+05   0.0000000E+00   0.0000000E+00   3.9783742E-03
   5.9420290E-01   0.0000000E+00   0.0000000E+00   1.0878142E+05   0.0000000E+00   0.0000000E+00   3.2318948E-03
   6.0869565E-01   0.0000000E+00   0.0000000E+00   1.0559602E+05   0.0000000E+00   0.0000000E+00   4.0338153E-03
   6.2318841E-01   0.0000000E+00   0.0000000E+00   9.9104910E+04   0.0000000E+00   0.0000000E+00   8.0012116E-03
   6.3768116E-01   0.0000000E+00   0.0000000E+00   9.2908850E+04   0.0000000E+00   0.0000000E+00   3.7171084E-03
   6.5217391E-01   0.0000000E+00   0.0000000E+00   8.7947971E+04   0.0000000E+00   0.0000000E+00   2.9083793E-03
   6.6666667E-01   0.0000000E+00   0.0000000E+00   8.5080652E+04   0.0000000E+00   0.0000000E+00   2.2577887E-03
   6.8115942E-01   0.0000000E+00   0.0000000E+00   8.1335778E+04   0.0000000E+00   0.0000000E+00   2.0475740E-03
   6.9565217E-01   0.0000000E+00   0.0000000E+00   7.5757882E+04   0.0000000E+00   0.0000000E+00   3.7012920E-03
   7.1014493E-01   0.0000000E+00   0.0000000E+00   7.3052002E+04   0.0000000E+00   0.0000000E+00   2.2251730E-03
   7.2463768E-01   0.0000000E+00   0.0000000E+00   7.0348274E+04   0.0000000E+00   0.0000000E+00   1.7371567E-03
   7.3913043E-01   0.0000000E+00   0.0000000E+00   6.6339104E+04   0.0000000E+00   0.0000000E+00   5.3686124E-03
   7.5362319E-01   0.0000000E+00   0.0000000E+00   6.2571564E+04   0.0000000E+00   0.0000000E+00   5.6201205E-03
   7.6811594E-01   0.0000000E+00   0.0000000E+00   5.8688851E+04   0.0000000E+00   0.0000000E+00   7.6336419E-03
   7.8260870E-01   0.0000000E+00   0.0000000E+00   5.5202521E+04   0.0000000E+00   0.0000000E+00   7.8167963E-03
   7.9710145E-01   0.0000000E+00   0.0000000E+00   5.2228723E+04   0.0000000E+00   0.0000000E+00   5.4179592E-03
   8.1159420E-01   0.0000000E+00   0.0000000E+00   4.8711644E+04   0.0000000E+00   0.0000000E+00   4.9194816E-03
   8.2608696E-01   0.0000000E+00   0.0000000E+00   4.5078686E+04   0.0000000E+00   0.0000000E+00   3.0678818E-03
   8.4057971E-01   0.0000000E+00   0.0000000E+00   4.3386957E+04   0.0000000E+00   0.0000000E+00   9.9732095E-04
   8.5507246E-01   0.0000000E+00   0.0000000E+00   4.1213170E+04   0.0000000E+00   0.0000000E+00   3.0765427E-03
   8.6956522E-01   0.0000000E+00   0.0000000E+00   3.5916719E+04   0.0000000E+00   0.0000000E+00   6.2445052E-03
   8.8405797E-01   0.0000000E+00   0.0000000E+00   3.1514393E+04   0.0000000E+00   0.0000000E+00   6.9080083E-03
   8.9855072E-01   0.0000000E+00   0.0000000E+00   2.8048479E+04   0.0000000E+00   0.0000000E+00   4.4150661E-03
   9.1304348E-01   0.0000000E+00   0.0000000E+00   2.4271629E+04   0.0000000E+00   0.0000000E+00   5.6148831E-03
   9.2753623E-01   0.0000000E+00   0.0000000E+00   2.0387853E+04   0.0000000E+00   0.0000000E+00   1.0165018E-02
   9.4202899E-01   0.0000000E+00   0.0000000E+00   1.6215565E+04   0.0000000E+00   0.0000000E+00   1.4380230E-02
   9.5652174E-01   0.0000000E+00   0.0000000E+00   1.2341923E+04   0.0000000E+00   0.0000000E+00   2.7154930E-02
   9.7101449E-01   0.0000000E+00   0.0000000E+00   9.0702212E+03   0.0000000E+00   0.0000000E+00   3.3553438E-02
   9.8550725E-01   0.0000000E+00   0.0000000E+00   4.7469975E+03   0.0000000E+00   0.0000000E+00   3.7131639E-02
   1.0000000E+00   0.0000000E+00   0.0000000E+00   1.9039160E+03   0.0000000E+00   0.0000000E+00   6.3473048E-02
