   0.0000000E+00   0.0000000E+00   0.0000000E+00   5.1765254E+10   0.0000000E+00   0.0000000E+00   9.0273358E-07
   1.4492754E-02   0.0000000E+00   0.0000000E+00   5.3784150E+06   0.0000000E+00   0.0000000E+00   1.7512386E-03
   2.8985507E-02   0.0000000E+00   0.0000000E+00   4.5509665E+06   0.0000000E+00   0.0000000E+00   3.0059034E-03
   4.3478261E-02   0.0000000E+00   0.0000000E+00   4.2375161E+06   0.0000000E+00   0.0000000E+00   5.7695689E-03
   5.7971014E-02   0.0000000E+00   0.0000000E+00   4.1082589E+06   0.0000000E+00   0.0000000E+00   8.8336268E-03
   7.2463768E-02   0.0000000E+00   0.0000000E+00   4.1075390E+06   0.0000000E+00   0.0000000E+00   1.3098888E-02
   8.6956522E-02   0.0000000E+00   0.0000000E+00   4.1333273E+06   0.0000000E+00   0.0000000E+00   1.8452203E-02
   1.0144928E-01   0.0000000E+00   0.0000000E+00   4.2013252E+06   0.0000000E+00   0.0000000E+00   2.4804890E-02
   1.1594203E-01   0.0000000E+00   0.0000000E+00   4.2691832E+06   0.0000000E+00   0.0000000E+00   2.9438148E-02
   1.3043478E-01   0.0000000E+00   0.0000000E+00   4.3055440E+06   0.0000000E+00   0.0000000E+00   3.2482123E-02
   1.4492754E-01   0.0000000E+00   0.0000000E+00   4.3532730E+06   0.0000000E+00   0.0000000E+00   3.4052168E-02
   1.5942029E-01   0.0000000E+00   0.0000000E+00   4.3480309E+06   0.0000000E+00   0.0000000E+00   3.2757707E-02
   1.7391304E-01   0.0000000E+00   0.0000000E+00   4.2810228E+06   0.0000000E+00   0.0000000E+00   2.9452850E-02
   1.8840580E-01   0.0000000E+00   0.0000000E+00   4.1794424E+06   0.0000000E+00   0.0000000E+00   2.5048774E-02
   2.0289855E-01   0.0000000E+00   0.0000000E+00   4.0772187E+06   0.0000000E+00   0.0000000E+00   2.0511137E-02
   2.1739130E-01   0.0000000E+00   0.0000000E+00   3.9255307E+06   0.0000000E+00   0.0000000E+00   1.5780433E-02
   2.3188406E-01   0.0000000E+00   0.0000000E+00   3.7361628E+06   0.0000000E+00   0.0000000E+00   1.1787714E-02
   2.4637681E-01   0.0000000E+00   0.0000000E+00   3.5417950E+06   0.0000000E+00   0.0000000E+00   8.4501713E-03
   2.6086957E-01   0.0000000E+00   0.0000000E+00   3.3129090E+06   0.0000000E+00   0.0000000E+00   5.8197861E-03
   2.7536232E-01   0.0000000E+00   0.0000000E+00   3.0902496E+06   0.0000000E+00   0.0000000E+00   4.3357948E-03
   2.8985507E-01   0.0000000E+00   0.0000000E+00   2.8863327E+06   0.0000000E+00   0.0000000E+00   2.9646288E-03
   3.0434783E-01   0.0000000E+00   0.0000000E+00   2.6741249E+06   0.0000000E+00   0.0000000E+00   2.0382057E-03
   3.1884058E-01   0.0000000E+00   0.0000000E+00   2.4409798E+06   0.0000000E+00   0.0000000E+00   1.6249890E-03
   3.3333333E-01   0.0000000E+00   0.0000000E+00   2.2309745E+06   0.0000000E+00   0.0000000E+00   1.0762833E-03
   3.4782609E-01   0.0000000E+00   0.0000000E+00   2.0550766E+06   0.0000000E+00   0.0000000E+00   6.1869990E-04
   3.6231884E-01   0.0000000E+00   0.0000000E+00   1.9010098E+06   0.0000000E+00   0.0000000E+00   5.2749922E-04
   3.7681159E-01   0.0000000E+00   0.0000000E+00   1.7668671E+06   0.0000000E+00   0.0000000E+00   4.9516266E-04
   3.9130435E-01   0.0000000E+00   0.0000000E+00   1.6407244E+06   0.0000000E+00   0.0000000E+00   4.4043674E-04
   4.0579710E-01   0.0000000E+00   0.0000000E+00   1.5240520E+06   0.0000000E+00   0.0000000E+00   1.9080439E-04
   4.2028986E-01   0.0000000E+00   0.0000000E+00   1.4291959E+06   0.0000000E+00   0.0000000E+00   4.5770302E-04
   4.3478261E-01   0.0000000E+00   0.0000000E+00   1.3514991E+06   0.0000000E+00   0.0000000E+00   5.5142430E-04
   4.4927536E-01   0.0000000E+00   0.0000000E+00   1.2717755E+06   0.0000000E+00   0.0000000E+00   4.2811617E-04
   4.6376812E-01   0.0000000E+00   0.0000000E+00   1.2025044E+06   0.0000000E+00   0.0000000E+00   3.3755338E-04
   4.7826087E-01   0.0000000E+00   0.0000000E+00   1.1477185E+06   0.0000000E+00   0.0000000E+00   1.8600976E-04
   4.9275362E-01   0.0000000E+00   0.0000000E+00   1.0985399E+06   0.0000000E+00   0.0000000E+00   4.6639248E-04
   5.0724638E-01   0.0000000E+00   0.0000000E+00   1.0489241E+06   0.0000000E+00   0.0000000E+00   5.3624538E-04
   5.2173913E-01   0.0000000E+00   0.0000000E+00   9.9829703E+05   0.0000000E+00   0.0000000E+00   2.9202082E-04
   5.3623188E-01   0.0000000E+00   0.0000000E+00   9.5540356E+05   0.0000000E+00   0.0000000E+00   2.8983859E-04
   5.5072464E-01   0.0000000E+00   0.0000000E+00   9.0788819E+05   0.0000000E+00   0.0000000E+00   4.8178953E-04
   5.6521739E-01   0.0000000E+00   0.0000000E+00   8.6022543E+05   0.0000000E+00   0.0000000E+00   6.7272946E-04
   5.7971014E-01   0.0000000E+00   0.0000000E+00   8.2547834E+05   0.0000000E+00   0.0000000E+00   6.9965467E-04
   5.9420290E-01   0.0000000E+00   0.0000000E+00   7.9286979E+05   0.0000000E+00   0.0000000E+00   5.8780579E-04
   6.0869565E-01   0.0000000E+00   0.0000000E+00   7.5683462E+05   0.0000000E+00   0.0000000E+00   7.8310879E-04
   6.2318841E-01   0.0000000E+00   0.0000000E+00   7.2473108E+05   0.0000000E+00   0.0000000E+00   3.0710622E-04
   6.3768116E-01   0.0000000E+00   0.0000000E+00   6.9522341E+05   0.0000000E+00   0.0000000E+00   3.6884281E-05
   6.5217391E-01   0.0000000E+00   0.0000000E+00   6.6347424E+05   0.0000000E+00   0.0000000E+00   3.4777068E-04
   6.6666667E-01   0.0000000E+00   0.0000000E+00   6.3215006E+05   0.0000000E+00   0.0000000E+00   3.7845953E-04
   6.8115942E-01   0.0000000E+00   0.0000000E+00   6.0435143E+05   0.0000000E+00   0.0000000E+00   5.6757614E-04
   6.9565217E-01   0.0000000E+00   0.0000000E+00   5.7693755E+05   0.0000000E+00   0.0000000E+00   8.0189675E-04
   7.1014493E-01   0.0000000E+00   0.0000000E+00   5.4407040E+05   0.0000000E+00   0.0000000E+00   6.3034171E-04
   7.2463768E-01   0.0000000E+00   0.0000000E+00   5.1641270E+05   0.0000000E+00   0.0000000E+00   8.2788609E-04
   7.3913043E-01   0.0000000E+00   0.0000000E+00   4.9368774E+05   0.0000000E+00   0.0000000E+00   1.1398859E-03
   7.5362319E-01   0.0000000E+00   0.0000000E+00   4.6839785E+05   0.0000000E+00   0.0000000E+00   1.3608224E-03
   7.6811594E-01   0.0000000E+00   0.0000000E+00   4.4436253E+05   0.0000000E+00   0.0000000E+00   1.0313292E-03
   7.8260870E-01   0.0000000E+00   0.0000000E+00   4.2027725E+05   0.0000000E+00   0.0000000E+00   4.8729075E-04
   7.9710145E-01   0.0000000E+00   0.0000000E+00   3.9443639E+05   0.0000000E+00   0.0000000E+00   9.5282150E-04
   8.1159420E-01   0.0000000E+00   0.0000000E+00   3.7085798E+05   0.0000000E+00   0.0000000E+00   1.6379213E-03
   8.2608696E-01   0.0000000E+00   0.0000000E+00   3.4681741E+05   0.0000000E+00   0.0000000E+00   1.7973548E-03
   8.4057971E-01   0.0000000E+00   0.0000000E+00   3.1851070E+05   0.0000000E+00   0.0000000E+00   1.9516448E-03
   8.5507246E-01   0.0000000E+00   0.0000000E+00   2.8847935E+05   0.0000000E+00   0.0000000E+00   1.4398286E-03
   8.6956522E-01   0.0000000E+00   0.0000000E+00   2.5908280E+05   0.0000000E+00   0.0000000E+00   1.7669240E-03
   8.8405797E-01   0.0000000E+00   0.0000000E+00   2.3612814E+05   0.0000000E+00   0.0000000E+00   2.7638437E-03
   8.9855072E-01   0.0000000E+00   0.0000000E+00   2.1518500E+05   0.0000000E+00   0.0000000E+00   2.2869832E-03
   9.1304348E-01   0.0000000E+00   0.0000000E+00   1.9055273E+05   0.0000000E+00   0.0000000E+00   3.2959284E-03
   9.2753623E-01   0.0000000E+00   0.0000000E+00   1.6425127E+05   0.0000000E+00   0.0000000E+00   3.5877728E-03
   9.4202899E-01   0.0000000E+00   0.0000000E+00   1.4012300E+05   0.0000000E+00   0.0000000E+00   4.0134596E-03
   9.5652174E-01   0.0000000E+00   0.0000000E+00   1.1732290E+05   0.0000000E+00   0.0000000E+00   7.0676697E-03
   9.7101449E-01   0.0000000E+00   0.0000000E+00   8.9933166E+04   0.0000000E+00   0.0000000E+00   9.3400968E-03
   9.8550725E-01   0.0000000E+00   0.0000000E+00   4.5820783E+04   0.0000000E+00   0.0000000E+00   1.3338682E-02
   1.0000000E+00   0.0000000E+00   0.0000000E+00   1.7244664E+04   0.0000000E+00   0.0000000E+00   2.6848339E-02
