   0.0000000E+00   0.0000000E+00   0.0000000E+00   5.6326302E+10   0.0000000E+00   0.0000000E+00   5.0978252E-07
   1.4492754E-02   0.0000000E+00   0.0000000E+00   2.4141491E+06   0.0000000E+00   0.0000000E+00   2.2080001E-03
   2.8985507E-02   0.0000000E+00   0.0000000E+00   2.0818815E+06   0.0000000E+00   0.0000000E+00   3.2320263E-03
   4.3478261E-02   0.0000000E+00   0.0000000E+00   1.9377853E+06   0.0000000E+00   0.0000000E+00   1.8598028E-03
   5.7971014E-02   0.0000000E+00   0.0000000E+00   1.8642217E+06   0.0000000E+00   0.0000000E+00   4.4332792E-04
   7.2463768E-02   0.0000000E+00   0.0000000E+00   1.8485744E+06   0.0000000E+00   0.0000000E+00   5.3712076E-04
   8.6956522E-02   0.0000000E+00   0.0000000E+00   1.8654214E+06   0.0000000E+00   0.0000000E+00   1.2245831E-03
   1.0144928E-01   0.0000000E+00   0.0000000E+00   1.8723673E+06   0.0000000E+00   0.0000000E+00   1.1926978E-03
   1.1594203E-01   0.0000000E+00   0.0000000E+00   1.8758719E+06   0.0000000E+00   0.0000000E+00   1.3456096E-04
   1.3043478E-01   0.0000000E+00   0.0000000E+00   1.9241460E+06   0.0000000E+00   0.0000000E+00   1.3208996E-04
   1.4492754E-01   0.0000000E+00   0.0000000E+00   1.9517024E+06   0.0000000E+00   0.0000000E+00   5.3192635E-04
   1.5942029E-01   0.0000000E+00   0.0000000E+00   1.9425613E+06   0.0000000E+00   0.0000000E+00   4.3181095E-04
   1.7391304E-01   0.0000000E+00   0.0000000E+00   1.9141692E+06   0.0000000E+00   0.0000000E+00   3.5059935E-04
   1.8840580E-01   0.0000000E+00   0.0000000E+00   1.8791287E+06   0.0000000E+00   0.0000000E+00   3.1558473E-04
   2.0289855E-01   0.0000000E+00   0.0000000E+00   1.8212742E+06   0.0000000E+00   0.0000000E+00   5.4501154E-04
   2.1739130E-01   0.0000000E+00   0.0000000E+00   1.7311757E+06   0.0000000E+00   0.0000000E+00   3.3019817E-04
   2.3188406E-01   0.0000000E+00   0.0000000E+00   1.6459462E+06   0.0000000E+00   0.0000000E+00   3.5746078E-04
   2.4637681E-01   0.0000000E+00   0.0000000E+00   1.5734625E+06   0.0000000E+00   0.0000000E+00   2.6777815E-04
   2.6086957E-01   0.0000000E+00   0.0000000E+00   1.5060017E+06   0.0000000E+00   0.0000000E+00   2.6351922E-04
   2.7536232E-01   0.0000000E+00   0.0000000E+00   1.4357116E+06   0.0000000E+00   0.0000000E+00   1.7612586E-04
   2.8985507E-01   0.0000000E+00   0.0000000E+00   1.3486198E+06   0.0000000E+00   0.0000000E+00   3.2470588E-04
   3.0434783E-01   0.0000000E+00   0.0000000E+00   1.2780131E+06   0.0000000E+00   0.0000000E+00   2.1264674E-04
   3.1884058E-01   0.0000000E+00   0.0000000E+00   1.2376595E+06   0.0000000E+00   0.0000000E+00   2.6634682E-04
   3.3333333E-01   0.0000000E+00   0.0000000E+00   1.1699125E+06   0.0000000E+00   0.0000000E+00   2.4295516E-04
   3.4782609E-01   0.0000000E+00   0.0000000E+00   1.0993181E+06   0.0000000E+00   0.0000000E+00   3.2799921E-04
   3.6231884E-01   0.0000000E+00   0.0000000E+00   1.0558909E+06   0.0000000E+00   0.0000000E+00   4.3373619E-04
   3.7681159E-01   0.0000000E+00   0.0000000E+00   1.0084601E+06   0.0000000E+00   0.0000000E+00   6.0754192E-04
   3.9130435E-01   0.0000000E+00   0.0000000E+00   9.4708666E+05   0.0000000E+00   0.0000000E+00   1.3569476E-04
   4.0579710E-01   0.0000000E+00   0.0000000E+00   8.9810740E+05   0.0000000E+00   0.0000000E+00   5.6797810E-04
   4.2028986E-01   0.0000000E+00   0.0000000E+00   8.6332337E+05   0.0000000E+00   0.0000000E+00   4.1668040E-04
   4.3478261E-01   0.0000000E+00   0.0000000E+00   8.1615818E+05   0.0000000E+00   0.0000000E+00   3.7942286E-04
   4.4927536E-01   0.0000000E+00   0.0000000E+00   7.7528684E+05   0.0000000E+00   0.0000000E+00   8.4939246E-05
   4.6376812E-01   0.0000000E+00   0.0000000E+00   7.4198997E+05   0.0000000E+00   0.0000000E+00   3.9394499E-04
   4.7826087E-01   0.0000000E+00   0.0000000E+00   7.0021758E+05   0.0000000E+00   0.0000000E+00   5.2252346E-04
   4.9275362E-01   0.0000000E+00   0.0000000E+00   6.5640055E+05   0.0000000E+00   0.0000000E+00   4.4560907E-04
   5.0724638E-01   0.0000000E+00   0.0000000E+00   6.1578013E+05   0.0000000E+00   0.0000000E+00   1.2047563E-03
   5.2173913E-01   0.0000000E+00   0.0000000E+00   5.7910026E+05   0.0000000E+00   0.0000000E+00   3.7489220E-04
   5.3623188E-01   0.0000000E+00   0.0000000E+00   5.3987715E+05   0.0000000E+00   0.0000000E+00   6.5280773E-04
   5.5072464E-01   0.0000000E+00   0.0000000E+00   5.0162168E+05   0.0000000E+00   0.0000000E+00   4.5616758E-04
   5.6521739E-01   0.0000000E+00   0.0000000E+00   4.6202509E+05   0.0000000E+00   0.0000000E+00   6.5343958E-04
   5.7971014E-01   0.0000000E+00   0.0000000E+00   4.1887684E+05   0.0000000E+00   0.0000000E+00   1.1035177E-04
   5.9420290E-01   0.0000000E+00   0.0000000E+00   3.8404313E+05   0.0000000E+00   0.0000000E+00   1.2565517E-03
   6.0869565E-01   0.0000000E+00   0.0000000E+00   3.5416973E+05   0.0000000E+00   0.0000000E+00   1.1681596E-03
   6.2318841E-01   0.0000000E+00   0.0000000E+00   3.2448752E+05   0.0000000E+00   0.0000000E+00   1.3138618E-03
   6.3768116E-01   0.0000000E+00   0.0000000E+00   2.9687779E+05   0.0000000E+00   0.0000000E+00   1.5244852E-03
   6.5217391E-01   0.0000000E+00   0.0000000E+00   2.7463745E+05   0.0000000E+00   0.0000000E+00   1.2864858E-03
   6.6666667E-01   0.0000000E+00   0.0000000E+00   2.5632914E+05   0.0000000E+00   0.0000000E+00   5.3135909E-04
   6.8115942E-01   0.0000000E+00   0.0000000E+00   2.4102475E+05   0.0000000E+00   0.0000000E+00   4.7209196E-04
   6.9565217E-01   0.0000000E+00   0.0000000E+00   2.2891541E+05   0.0000000E+00   0.0000000E+00   1.7859838E-03
   7.1014493E-01   0.0000000E+00   0.0000000E+00   2.1787249E+05   0.0000000E+00   0.0000000E+00   1.5501764E-03
   7.2463768E-01   0.0000000E+00   0.0000000E+00   2.0618015E+05   0.0000000E+00   0.0000000E+00   1.2953837E-03
   7.3913043E-01   0.0000000E+00   0.0000000E+00   1.9387659E+05   0.0000000E+00   0.0000000E+00   1.6602211E-03
   7.5362319E-01   0.0000000E+00   0.0000000E+00   1.8200252E+05   0.0000000E+00   0.0000000E+00   4.0244692E-04
   7.6811594E-01   0.0000000E+00   0.0000000E+00   1.7094826E+05   0.0000000E+00   0.0000000E+00   9.1614710E-04
   7.8260870E-01   0.0000000E+00   0.0000000E+00   1.6215565E+05   0.0000000E+00   0.0000000E+00   2.1467945E-03
   7.9710145E-01   0.0000000E+00   0.0000000E+00   1.5455073E+05   0.0000000E+00   0.0000000E+00   1.0174694E-03
   8.1159420E-01   0.0000000E+00   0.0000000E+00   1.4560722E+05   0.0000000E+00   0.0000000E+00   1.7114208E-03
   8.2608696E-01   0.0000000E+00   0.0000000E+00   1.3680471E+05   0.0000000E+00   0.0000000E+00   2.1897433E-03
   8.4057971E-01   0.0000000E+00   0.0000000E+00   1.2986039E+05   0.0000000E+00   0.0000000E+00   2.7443330E-03
   8.5507246E-01   0.0000000E+00   0.0000000E+00   1.2091679E+05   0.0000000E+00   0.0000000E+00   1.9924003E-03
   8.6956522E-01   0.0000000E+00   0.0000000E+00   1.1311746E+05   0.0000000E+00   0.0000000E+00   1.1743230E-03
   8.8405797E-01   0.0000000E+00   0.0000000E+00   1.0511423E+05   0.0000000E+00   0.0000000E+00   3.9019817E-03
   8.9855072E-01   0.0000000E+00   0.0000000E+00   9.6489212E+04   0.0000000E+00   0.0000000E+00   3.9250450E-03
   9.1304348E-01   0.0000000E+00   0.0000000E+00   8.7885428E+04   0.0000000E+00   0.0000000E+00   3.9745404E-03
   9.2753623E-01   0.0000000E+00   0.0000000E+00   8.0095135E+04   0.0000000E+00   0.0000000E+00   4.2490315E-03
   9.4202899E-01   0.0000000E+00   0.0000000E+00   7.2731064E+04   0.0000000E+00   0.0000000E+00   4.7074795E-03
   9.5652174E-01   0.0000000E+00   0.0000000E+00   6.2226255E+04   0.0000000E+00   0.0000000E+00   6.2697112E-03
   9.7101449E-01   0.0000000E+00   0.0000000E+00   4.2523730E+04   0.0000000E+00   0.0000000E+00   7.0056073E-03
   9.8550725E-01   0.0000000E+00   0.0000000E+00   1.7572805E+04   0.0000000E+00   0.0000000E+00   8.8188960E-03
   1.0000000E+00   0.0000000E+00   0.0000000E+00   6.3026185E+03   0.0000000E+00   0.0000000E+00   2.3529103E-02
