   0.0000000E+00   0.0000000E+00   0.0000000E+00   5.2481600E+10   0.0000000E+00   0.0000000E+00   5.8387210E-07
   1.4492754E-02   0.0000000E+00   0.0000000E+00   4.0607109E+06   0.0000000E+00   0.0000000E+00   2.5778290E-03
   2.8985507E-02   0.0000000E+00   0.0000000E+00   3.4098151E+06   0.0000000E+00   0.0000000E+00   4.5059722E-03
   4.3478261E-02   0.0000000E+00   0.0000000E+00   3.2350305E+06   0.0000000E+00   0.0000000E+00   8.0010222E-03
   5.7971014E-02   0.0000000E+00   0.0000000E+00   3.1944284E+06   0.0000000E+00   0.0000000E+00   1.3135822E-02
   7.2463768E-02   0.0000000E+00   0.0000000E+00   3.1540032E+06   0.0000000E+00   0.0000000E+00   1.9837732E-02
   8.6956522E-02   0.0000000E+00   0.0000000E+00   3.1576151E+06   0.0000000E+00   0.0000000E+00   2.5854860E-02
   1.0144928E-01   0.0000000E+00   0.0000000E+00   3.1545661E+06   0.0000000E+00   0.0000000E+00   3.2076919E-02
   1.1594203E-01   0.0000000E+00   0.0000000E+00   3.1584359E+06   0.0000000E+00   0.0000000E+00   3.8839729E-02
   1.3043478E-01   0.0000000E+00   0.0000000E+00   3.1867879E+06   0.0000000E+00   0.0000000E+00   4.3086535E-02
   1.4492754E-01   0.0000000E+00   0.0000000E+00   3.1832518E+06   0.0000000E+00   0.0000000E+00   4.7047890E-02
   1.5942029E-01   0.0000000E+00   0.0000000E+00   3.1824941E+06   0.0000000E+00   0.0000000E+00   5.0010504E-02
   1.7391304E-01   0.0000000E+00   0.0000000E+00   3.1586254E+06   0.0000000E+00   0.0000000E+00   5.0516465E-02
   1.8840580E-01   0.0000000E+00   0.0000000E+00   3.1134235E+06   0.0000000E+00   0.0000000E+00   5.0428877E-02
   2.0289855E-01   0.0000000E+00   0.0000000E+00   3.0581711E+06   0.0000000E+00   0.0000000E+00   4.8974246E-02
   2.1739130E-01   0.0000000E+00   0.0000000E+00   2.9812392E+06   0.0000000E+00   0.0000000E+00   4.6241413E-02
   2.3188406E-01   0.0000000E+00   0.0000000E+00   2.9046415E+06   0.0000000E+00   0.0000000E+00   4.3396845E-02
   2.4637681E-01   0.0000000E+00   0.0000000E+00   2.8196719E+06   0.0000000E+00   0.0000000E+00   4.0667537E-02
   2.6086957E-01   0.0000000E+00   0.0000000E+00   2.7222532E+06   0.0000000E+00   0.0000000E+00   3.8046811E-02
   2.7536232E-01   0.0000000E+00   0.0000000E+00   2.6004327E+06   0.0000000E+00   0.0000000E+00   3.5343306E-02
   2.8985507E-01   0.0000000E+00   0.0000000E+00   2.4585524E+06   0.0000000E+00   0.0000000E+00   3.2535535E-02
   3.0434783E-01   0.0000000E+00   0.0000000E+00   2.3372929E+06   0.0000000E+00   0.0000000E+00   3.0100325E-02
   3.1884058E-01   0.0000000E+00   0.0000000E+00   2.2380786E+06   0.0000000E+00   0.0000000E+00   2.7903136E-02
   3.3333333E-01   0.0000000E+00   0.0000000E+00   2.1139536E+06   0.0000000E+00   0.0000000E+00   2.5707605E-02
   3.4782609E-01   0.0000000E+00   0.0000000E+00   1.9859016E+06   0.0000000E+00   0.0000000E+00   2.4234620E-02
   3.6231884E-01   0.0000000E+00   0.0000000E+00   1.8681240E+06   0.0000000E+00   0.0000000E+00   2.3258867E-02
   3.7681159E-01   0.0000000E+00   0.0000000E+00   1.7501969E+06   0.0000000E+00   0.0000000E+00   2.2049602E-02
   3.9130435E-01   0.0000000E+00   0.0000000E+00   1.6470670E+06   0.0000000E+00   0.0000000E+00   2.0185609E-02
   4.0579710E-01   0.0000000E+00   0.0000000E+00   1.5521424E+06   0.0000000E+00   0.0000000E+00   1.8627631E-02
   4.2028986E-01   0.0000000E+00   0.0000000E+00   1.4638689E+06   0.0000000E+00   0.0000000E+00   1.8247126E-02
   4.3478261E-01   0.0000000E+00   0.0000000E+00   1.3801921E+06   0.0000000E+00   0.0000000E+00   1.8243253E-02
   4.4927536E-01   0.0000000E+00   0.0000000E+00   1.2977585E+06   0.0000000E+00   0.0000000E+00   1.7885592E-02
   4.6376812E-01   0.0000000E+00   0.0000000E+00   1.2278413E+06   0.0000000E+00   0.0000000E+00   1.7344337E-02
   4.7826087E-01   0.0000000E+00   0.0000000E+00   1.1598423E+06   0.0000000E+00   0.0000000E+00   1.7115885E-02
   4.9275362E-01   0.0000000E+00   0.0000000E+00   1.0986068E+06   0.0000000E+00   0.0000000E+00   1.7163493E-02
   5.0724638E-01   0.0000000E+00   0.0000000E+00   1.0518901E+06   0.0000000E+00   0.0000000E+00   1.7175033E-02
   5.2173913E-01   0.0000000E+00   0.0000000E+00   9.9663422E+05   0.0000000E+00   0.0000000E+00   1.6410949E-02
   5.3623188E-01   0.0000000E+00   0.0000000E+00   9.4592161E+05   0.0000000E+00   0.0000000E+00   1.6919224E-02
   5.5072464E-01   0.0000000E+00   0.0000000E+00   9.0148731E+05   0.0000000E+00   0.0000000E+00   1.7932010E-02
   5.6521739E-01   0.0000000E+00   0.0000000E+00   8.5447440E+05   0.0000000E+00   0.0000000E+00   1.7730171E-02
   5.7971014E-01   0.0000000E+00   0.0000000E+00   8.1589297E+05   0.0000000E+00   0.0000000E+00   1.8170331E-02
   5.9420290E-01   0.0000000E+00   0.0000000E+00   7.7834343E+05   0.0000000E+00   0.0000000E+00   1.8468445E-02
   6.0869565E-01   0.0000000E+00   0.0000000E+00   7.4222112E+05   0.0000000E+00   0.0000000E+00   1.8515731E-02
   6.2318841E-01   0.0000000E+00   0.0000000E+00   7.0730314E+05   0.0000000E+00   0.0000000E+00   1.8783618E-02
   6.3768116E-01   0.0000000E+00   0.0000000E+00   6.7345570E+05   0.0000000E+00   0.0000000E+00   1.9751581E-02
   6.5217391E-01   0.0000000E+00   0.0000000E+00   6.3819951E+05   0.0000000E+00   0.0000000E+00   2.0243321E-02
   6.6666667E-01   0.0000000E+00   0.0000000E+00   6.1263011E+05   0.0000000E+00   0.0000000E+00   2.0301561E-02
   6.8115942E-01   0.0000000E+00   0.0000000E+00   5.8714920E+05   0.0000000E+00   0.0000000E+00   2.0637022E-02
   6.9565217E-01   0.0000000E+00   0.0000000E+00   5.5261105E+05   0.0000000E+00   0.0000000E+00   2.1425890E-02
   7.1014493E-01   0.0000000E+00   0.0000000E+00   5.2528163E+05   0.0000000E+00   0.0000000E+00   2.2702803E-02
   7.2463768E-01   0.0000000E+00   0.0000000E+00   4.9930301E+05   0.0000000E+00   0.0000000E+00   2.4141643E-02
   7.3913043E-01   0.0000000E+00   0.0000000E+00   4.7094078E+05   0.0000000E+00   0.0000000E+00   2.6662489E-02
   7.5362319E-01   0.0000000E+00   0.0000000E+00   4.4202278E+05   0.0000000E+00   0.0000000E+00   2.7258625E-02
   7.6811594E-01   0.0000000E+00   0.0000000E+00   4.1907128E+05   0.0000000E+00   0.0000000E+00   2.6975904E-02
   7.8260870E-01   0.0000000E+00   0.0000000E+00   3.9675935E+05   0.0000000E+00   0.0000000E+00   2.9249135E-02
   7.9710145E-01   0.0000000E+00   0.0000000E+00   3.7102921E+05   0.0000000E+00   0.0000000E+00   3.1650784E-02
   8.1159420E-01   0.0000000E+00   0.0000000E+00   3.4541968E+05   0.0000000E+00   0.0000000E+00   3.2241255E-02
   8.2608696E-01   0.0000000E+00   0.0000000E+00   3.1917996E+05   0.0000000E+00   0.0000000E+00   3.3983901E-02
   8.4057971E-01   0.0000000E+00   0.0000000E+00   2.9367522E+05   0.0000000E+00   0.0000000E+00   3.7002358E-02
   8.5507246E-01   0.0000000E+00   0.0000000E+00   2.6836722E+05   0.0000000E+00   0.0000000E+00   4.0670259E-02
   8.6956522E-01   0.0000000E+00   0.0000000E+00   2.4459740E+05   0.0000000E+00   0.0000000E+00   4.4242797E-02
   8.8405797E-01   0.0000000E+00   0.0000000E+00   2.2083677E+05   0.0000000E+00   0.0000000E+00   4.5806172E-02
   8.9855072E-01   0.0000000E+00   0.0000000E+00   1.9819703E+05   0.0000000E+00   0.0000000E+00   4.9450349E-02
   9.1304348E-01   0.0000000E+00   0.0000000E+00   1.7737052E+05   0.0000000E+00   0.0000000E+00   5.2751623E-02
   9.2753623E-01   0.0000000E+00   0.0000000E+00   1.5770395E+05   0.0000000E+00   0.0000000E+00   5.5797245E-02
   9.4202899E-01   0.0000000E+00   0.0000000E+00   1.3577476E+05   0.0000000E+00   0.0000000E+00   6.2068720E-02
   9.5652174E-01   0.0000000E+00   0.0000000E+00   1.1110027E+05   0.0000000E+00   0.0000000E+00   6.8482442E-02
   9.7101449E-01   0.0000000E+00   0.0000000E+00   8.7037933E+04   0.0000000E+00   0.0000000E+00   7.9748655E-02
   9.8550725E-01   0.0000000E+00   0.0000000E+00   4.6065933E+04   0.0000000E+00   0.0000000E+00   9.0530362E-02
   1.0000000E+00   0.0000000E+00   0.0000000E+00   1.7704230E+04   0.0000000E+00   0.0000000E+00   9.1768549E-02
