   0.0000000E+00   0.0000000E+00   0.0000000E+00   5.7200057E+10   0.0000000E+00   0.0000000E+00   1.4743986E-07
   1.4492754E-02   0.0000000E+00   0.0000000E+00   1.4040861E+06   0.0000000E+00   0.0000000E+00   4.2912112E-03
   2.8985507E-02   0.0000000E+00   0.0000000E+00   1.1938141E+06   0.0000000E+00   0.0000000E+00   9.3981601E-04
   4.3478261E-02   0.0000000E+00   0.0000000E+00   1.1333215E+06   0.0000000E+00   0.0000000E+00   8.5765419E-04
   5.7971014E-02   0.0000000E+00   0.0000000E+00   1.0841318E+06   0.0000000E+00   0.0000000E+00   1.2680509E-03
   7.2463768E-02   0.0000000E+00   0.0000000E+00   1.0743191E+06   0.0000000E+00   0.0000000E+00   4.2595827E-04
   8.6956522E-02   0.0000000E+00   0.0000000E+00   1.0734603E+06   0.0000000E+00   0.0000000E+00   2.2146914E-03
   1.0144928E-01   0.0000000E+00   0.0000000E+00   1.0874604E+06   0.0000000E+00   0.0000000E+00   1.0974101E-03
   1.1594203E-01   0.0000000E+00   0.0000000E+00   1.0997601E+06   0.0000000E+00   0.0000000E+00   3.6344916E-04
   1.3043478E-01   0.0000000E+00   0.0000000E+00   1.0919828E+06   0.0000000E+00   0.0000000E+00   1.3469812E-03
   1.4492754E-01   0.0000000E+00   0.0000000E+00   1.0922017E+06   0.0000000E+00   0.0000000E+00   1.1226789E-03
   1.5942029E-01   0.0000000E+00   0.0000000E+00   1.0829435E+06   0.0000000E+00   0.0000000E+00   2.0361768E-03
   1.7391304E-01   0.0000000E+00   0.0000000E+00   1.0707451E+06   0.0000000E+00   0.0000000E+00   1.5846399E-03
   1.8840580E-01   0.0000000E+00   0.0000000E+00   1.0480664E+06   0.0000000E+00   0.0000000E+00   1.1187908E-03
   2.0289855E-01   0.0000000E+00   0.0000000E+00   1.0096841E+06   0.0000000E+00   0.0000000E+00   1.6977201E-03
   2.1739130E-01   0.0000000E+00   0.0000000E+00   9.7869270E+05   0.0000000E+00   0.0000000E+00   8.4184575E-04
   2.3188406E-01   0.0000000E+00   0.0000000E+00   9.5190671E+05   0.0000000E+00   0.0000000E+00   6.2074894E-04
   2.4637681E-01   0.0000000E+00   0.0000000E+00   9.1828772E+05   0.0000000E+00   0.0000000E+00   4.0253427E-04
   2.6086957E-01   0.0000000E+00   0.0000000E+00   8.7425975E+05   0.0000000E+00   0.0000000E+00   1.4002940E-04
   2.7536232E-01   0.0000000E+00   0.0000000E+00   8.2166573E+05   0.0000000E+00   0.0000000E+00   2.1182944E-04
   2.8985507E-01   0.0000000E+00   0.0000000E+00   7.8289354E+05   0.0000000E+00   0.0000000E+00   7.6880057E-04
   3.0434783E-01   0.0000000E+00   0.0000000E+00   7.4683971E+05   0.0000000E+00   0.0000000E+00   9.0661019E-04
   3.1884058E-01   0.0000000E+00   0.0000000E+00   7.1599228E+05   0.0000000E+00   0.0000000E+00   8.4514453E-04
   3.3333333E-01   0.0000000E+00   0.0000000E+00   6.9194537E+05   0.0000000E+00   0.0000000E+00   6.8235544E-04
   3.4782609E-01   0.0000000E+00   0.0000000E+00   6.5635783E+05   0.0000000E+00   0.0000000E+00   1.1753364E-03
   3.6231884E-01   0.0000000E+00   0.0000000E+00   6.2492060E+05   0.0000000E+00   0.0000000E+00   5.7028718E-04
   3.7681159E-01   0.0000000E+00   0.0000000E+00   6.0263381E+05   0.0000000E+00   0.0000000E+00   1.2505139E-03
   3.9130435E-01   0.0000000E+00   0.0000000E+00   5.8631981E+05   0.0000000E+00   0.0000000E+00   9.4700632E-04
   4.0579710E-01   0.0000000E+00   0.0000000E+00   5.6145582E+05   0.0000000E+00   0.0000000E+00   3.5735018E-04
   4.2028986E-01   0.0000000E+00   0.0000000E+00   5.4217366E+05   0.0000000E+00   0.0000000E+00   7.1114663E-04
   4.3478261E-01   0.0000000E+00   0.0000000E+00   5.3079455E+05   0.0000000E+00   0.0000000E+00   4.9676507E-04
   4.4927536E-01   0.0000000E+00   0.0000000E+00   5.1301218E+05   0.0000000E+00   0.0000000E+00   3.1197311E-04
   4.6376812E-01   0.0000000E+00   0.0000000E+00   4.9837762E+05   0.0000000E+00   0.0000000E+00   1.9027497E-03
   4.7826087E-01   0.0000000E+00   0.0000000E+00   4.8380339E+05   0.0000000E+00   0.0000000E+00   1.4189555E-03
   4.9275362E-01   0.0000000E+00   0.0000000E+00   4.6961845E+05   0.0000000E+00   0.0000000E+00   9.5525530E-04
   5.0724638E-01   0.0000000E+00   0.0000000E+00   4.5462036E+05   0.0000000E+00   0.0000000E+00   1.4135816E-03
   5.2173913E-01   0.0000000E+00   0.0000000E+00   4.3771922E+05   0.0000000E+00   0.0000000E+00   5.8468923E-04
   5.3623188E-01   0.0000000E+00   0.0000000E+00   4.2648288E+05   0.0000000E+00   0.0000000E+00   5.2559539E-04
   5.5072464E-01   0.0000000E+00   0.0000000E+00   4.1519982E+05   0.0000000E+00   0.0000000E+00   1.7641614E-04
   5.6521739E-01   0.0000000E+00   0.0000000E+00   4.0179473E+05   0.0000000E+00   0.0000000E+00   3.9753875E-04
   5.7971014E-01   0.0000000E+00   0.0000000E+00   3.8483552E+05   0.0000000E+00   0.0000000E+00   6.8783205E-04
   5.9420290E-01   0.0000000E+00   0.0000000E+00   3.7487636E+05   0.0000000E+00   0.0000000E+00   5.4288959E-04
   6.0869565E-01   0.0000000E+00   0.0000000E+00   3.6402031E+05   0.0000000E+00   0.0000000E+00   3.5992436E-04
   6.2318841E-01   0.0000000E+00   0.0000000E+00   3.4753681E+05   0.0000000E+00   0.0000000E+00   1.1733352E-03
   6.3768116E-01   0.0000000E+00   0.0000000E+00   3.3447186E+05   0.0000000E+00   0.0000000E+00   1.2745079E-03
   6.5217391E-01   0.0000000E+00   0.0000000E+00   3.2146558E+05   0.0000000E+00   0.0000000E+00   1.1197519E-03
   6.6666667E-01   0.0000000E+00   0.0000000E+00   3.0655391E+05   0.0000000E+00   0.0000000E+00   1.5209317E-03
   6.8115942E-01   0.0000000E+00   0.0000000E+00   2.9089028E+05   0.0000000E+00   0.0000000E+00   7.1788870E-04
   6.9565217E-01   0.0000000E+00   0.0000000E+00   2.8154654E+05   0.0000000E+00   0.0000000E+00   6.1686536E-04
   7.1014493E-01   0.0000000E+00   0.0000000E+00   2.7349655E+05   0.0000000E+00   0.0000000E+00   6.9153745E-04
   7.2463768E-01   0.0000000E+00   0.0000000E+00   2.6161617E+05   0.0000000E+00   0.0000000E+00   1.3227807E-03
   7.3913043E-01   0.0000000E+00   0.0000000E+00   2.4947366E+05   0.0000000E+00   0.0000000E+00   2.1925819E-03
   7.5362319E-01   0.0000000E+00   0.0000000E+00   2.3762331E+05   0.0000000E+00   0.0000000E+00   1.6540621E-03
   7.6811594E-01   0.0000000E+00   0.0000000E+00   2.2424717E+05   0.0000000E+00   0.0000000E+00   2.1720073E-03
   7.8260870E-01   0.0000000E+00   0.0000000E+00   2.1286788E+05   0.0000000E+00   0.0000000E+00   1.4806726E-03
   7.9710145E-01   0.0000000E+00   0.0000000E+00   2.0254990E+05   0.0000000E+00   0.0000000E+00   2.2823028E-03
   8.1159420E-01   0.0000000E+00   0.0000000E+00   1.8905530E+05   0.0000000E+00   0.0000000E+00   2.3184237E-03
   8.2608696E-01   0.0000000E+00   0.0000000E+00   1.7353499E+05   0.0000000E+00   0.0000000E+00   1.3234101E-03
   8.4057971E-01   0.0000000E+00   0.0000000E+00   1.6282194E+05   0.0000000E+00   0.0000000E+00   1.6105392E-03
   8.5507246E-01   0.0000000E+00   0.0000000E+00   1.5139322E+05   0.0000000E+00   0.0000000E+00   2.1565740E-03
   8.6956522E-01   0.0000000E+00   0.0000000E+00   1.3818591E+05   0.0000000E+00   0.0000000E+00   3.0691162E-03
   8.8405797E-01   0.0000000E+00   0.0000000E+00   1.2615695E+05   0.0000000E+00   0.0000000E+00   2.8972399E-03
   8.9855072E-01   0.0000000E+00   0.0000000E+00   1.1181505E+05   0.0000000E+00   0.0000000E+00   1.9371591E-03
   9.1304348E-01   0.0000000E+00   0.0000000E+00   9.7134626E+04   0.0000000E+00   0.0000000E+00   2.8898703E-03
   9.2753623E-01   0.0000000E+00   0.0000000E+00   8.1776364E+04   0.0000000E+00   0.0000000E+00   2.4266771E-03
   9.4202899E-01   0.0000000E+00   0.0000000E+00   6.5724914E+04   0.0000000E+00   0.0000000E+00   4.7249087E-03
   9.5652174E-01   0.0000000E+00   0.0000000E+00   4.9930255E+04   0.0000000E+00   0.0000000E+00   3.7469350E-03
   9.7101449E-01   0.0000000E+00   0.0000000E+00   3.2243392E+04   0.0000000E+00   0.0000000E+00   8.0002200E-03
   9.8550725E-01   0.0000000E+00   0.0000000E+00   1.4218706E+04   0.0000000E+00   0.0000000E+00   1.9717167E-02
   1.0000000E+00   0.0000000E+00   0.0000000E+00   5.6898639E+03   0.0000000E+00   0.0000000E+00   2.7567669E-02
