   0.0000000E+00   0.0000000E+00   0.0000000E+00   5.6653086E+10   0.0000000E+00   0.0000000E+00   2.5911264E-07
   1.4492754E-02   0.0000000E+00   0.0000000E+00   1.8708519E+06   0.0000000E+00   0.0000000E+00   1.6154795E-03
   2.8985507E-02   0.0000000E+00   0.0000000E+00   1.5215353E+06   0.0000000E+00   0.0000000E+00   1.7836654E-03
   4.3478261E-02   0.0000000E+00   0.0000000E+00   1.4260604E+06   0.0000000E+00   0.0000000E+00   1.3926508E-03
   5.7971014E-02   0.0000000E+00   0.0000000E+00   1.4126106E+06   0.0000000E+00   0.0000000E+00   8.1078889E-04
   7.2463768E-02   0.0000000E+00   0.0000000E+00   1.3889313E+06   0.0000000E+00   0.0000000E+00   1.7230861E-03
   8.6956522E-02   0.0000000E+00   0.0000000E+00   1.3789545E+06   0.0000000E+00   0.0000000E+00   9.5795476E-04
   1.0144928E-01   0.0000000E+00   0.0000000E+00   1.3941273E+06   0.0000000E+00   0.0000000E+00   9.4301044E-04
   1.1594203E-01   0.0000000E+00   0.0000000E+00   1.4017181E+06   0.0000000E+00   0.0000000E+00   1.2768059E-03
   1.3043478E-01   0.0000000E+00   0.0000000E+00   1.4137683E+06   0.0000000E+00   0.0000000E+00   8.4562364E-04
   1.4492754E-01   0.0000000E+00   0.0000000E+00   1.4221202E+06   0.0000000E+00   0.0000000E+00   3.7367433E-04
   1.5942029E-01   0.0000000E+00   0.0000000E+00   1.4177942E+06   0.0000000E+00   0.0000000E+00   1.6475787E-04
   1.7391304E-01   0.0000000E+00   0.0000000E+00   1.4179779E+06   0.0000000E+00   0.0000000E+00   1.5504014E-04
   1.8840580E-01   0.0000000E+00   0.0000000E+00   1.3851427E+06   0.0000000E+00   0.0000000E+00   8.4392376E-05
   2.0289855E-01   0.0000000E+00   0.0000000E+00   1.3495290E+06   0.0000000E+00   0.0000000E+00   3.0902669E-04
   2.1739130E-01   0.0000000E+00   0.0000000E+00   1.3347279E+06   0.0000000E+00   0.0000000E+00   1.2029786E-04
   2.3188406E-01   0.0000000E+00   0.0000000E+00   1.3024546E+06   0.0000000E+00   0.0000000E+00   4.2683835E-04
   2.4637681E-01   0.0000000E+00   0.0000000E+00   1.2529845E+06   0.0000000E+00   0.0000000E+00   4.0411478E-04
   2.6086957E-01   0.0000000E+00   0.0000000E+00   1.2136416E+06   0.0000000E+00   0.0000000E+00   3.1003869E-04
   2.7536232E-01   0.0000000E+00   0.0000000E+00   1.1748109E+06   0.0000000E+00   0.0000000E+00   2.2762922E-04
   2.8985507E-01   0.0000000E+00   0.0000000E+00   1.1303158E+06   0.0000000E+00   0.0000000E+00   3.6351202E-04
   3.0434783E-01   0.0000000E+00   0.0000000E+00   1.0868470E+06   0.0000000E+00   0.0000000E+00   9.2732048E-05
   3.1884058E-01   0.0000000E+00   0.0000000E+00   1.0323129E+06   0.0000000E+00   0.0000000E+00   3.4129025E-04
   3.3333333E-01   0.0000000E+00   0.0000000E+00   9.8288331E+05   0.0000000E+00   0.0000000E+00   3.0145467E-04
   3.4782609E-01   0.0000000E+00   0.0000000E+00   9.4076167E+05   0.0000000E+00   0.0000000E+00   8.1650466E-05
   3.6231884E-01   0.0000000E+00   0.0000000E+00   9.0079737E+05   0.0000000E+00   0.0000000E+00   6.4591937E-04
   3.7681159E-01   0.0000000E+00   0.0000000E+00   8.7017315E+05   0.0000000E+00   0.0000000E+00   5.5318766E-04
   3.9130435E-01   0.0000000E+00   0.0000000E+00   8.3435228E+05   0.0000000E+00   0.0000000E+00   6.0352824E-04
   4.0579710E-01   0.0000000E+00   0.0000000E+00   8.0138773E+05   0.0000000E+00   0.0000000E+00   3.4238606E-04
   4.2028986E-01   0.0000000E+00   0.0000000E+00   7.6790081E+05   0.0000000E+00   0.0000000E+00   1.2659628E-04
   4.3478261E-01   0.0000000E+00   0.0000000E+00   7.2793237E+05   0.0000000E+00   0.0000000E+00   8.1567026E-05
   4.4927536E-01   0.0000000E+00   0.0000000E+00   6.9262022E+05   0.0000000E+00   0.0000000E+00   5.7266018E-04
   4.6376812E-01   0.0000000E+00   0.0000000E+00   6.6372998E+05   0.0000000E+00   0.0000000E+00   2.7097521E-04
   4.7826087E-01   0.0000000E+00   0.0000000E+00   6.3417968E+05   0.0000000E+00   0.0000000E+00   1.6528391E-04
   4.9275362E-01   0.0000000E+00   0.0000000E+00   6.0037260E+05   0.0000000E+00   0.0000000E+00   9.3019424E-04
   5.0724638E-01   0.0000000E+00   0.0000000E+00   5.6728498E+05   0.0000000E+00   0.0000000E+00   9.4564298E-04
   5.2173913E-01   0.0000000E+00   0.0000000E+00   5.3999263E+05   0.0000000E+00   0.0000000E+00   8.8785980E-04
   5.3623188E-01   0.0000000E+00   0.0000000E+00   5.2242872E+05   0.0000000E+00   0.0000000E+00   2.5328079E-04
   5.5072464E-01   0.0000000E+00   0.0000000E+00   4.9193063E+05   0.0000000E+00   0.0000000E+00   1.3902393E-04
   5.6521739E-01   0.0000000E+00   0.0000000E+00   4.6167536E+05   0.0000000E+00   0.0000000E+00   5.2235379E-04
   5.7971014E-01   0.0000000E+00   0.0000000E+00   4.3880531E+05   0.0000000E+00   0.0000000E+00   1.1139300E-03
   5.9420290E-01   0.0000000E+00   0.0000000E+00   4.1254142E+05   0.0000000E+00   0.0000000E+00   9.6894286E-04
   6.0869565E-01   0.0000000E+00   0.0000000E+00   3.8864675E+05   0.0000000E+00   0.0000000E+00   1.1512775E-03
   6.2318841E-01   0.0000000E+00   0.0000000E+00   3.6443610E+05   0.0000000E+00   0.0000000E+00   1.1610810E-03
   6.3768116E-01   0.0000000E+00   0.0000000E+00   3.3777835E+05   0.0000000E+00   0.0000000E+00   7.1296381E-04
   6.5217391E-01   0.0000000E+00   0.0000000E+00   3.1587517E+05   0.0000000E+00   0.0000000E+00   1.0520903E-03
   6.6666667E-01   0.0000000E+00   0.0000000E+00   2.9335940E+05   0.0000000E+00   0.0000000E+00   1.4596128E-03
   6.8115942E-01   0.0000000E+00   0.0000000E+00   2.7072158E+05   0.0000000E+00   0.0000000E+00   1.9355045E-03
   6.9565217E-01   0.0000000E+00   0.0000000E+00   2.5171065E+05   0.0000000E+00   0.0000000E+00   1.5806122E-03
   7.1014493E-01   0.0000000E+00   0.0000000E+00   2.3101690E+05   0.0000000E+00   0.0000000E+00   9.1712093E-04
   7.2463768E-01   0.0000000E+00   0.0000000E+00   2.1386360E+05   0.0000000E+00   0.0000000E+00   1.8717996E-03
   7.3913043E-01   0.0000000E+00   0.0000000E+00   1.9882416E+05   0.0000000E+00   0.0000000E+00   3.1173969E-03
   7.5362319E-01   0.0000000E+00   0.0000000E+00   1.8276026E+05   0.0000000E+00   0.0000000E+00   2.2775563E-03
   7.6811594E-01   0.0000000E+00   0.0000000E+00   1.6908966E+05   0.0000000E+00   0.0000000E+00   2.8303948E-03
   7.8260870E-01   0.0000000E+00   0.0000000E+00   1.5822665E+05   0.0000000E+00   0.0000000E+00   4.0447416E-03
   7.9710145E-01   0.0000000E+00   0.0000000E+00   1.4479659E+05   0.0000000E+00   0.0000000E+00   5.4083012E-03
   8.1159420E-01   0.0000000E+00   0.0000000E+00   1.3359168E+05   0.0000000E+00   0.0000000E+00   5.5434042E-03
   8.2608696E-01   0.0000000E+00   0.0000000E+00   1.2603687E+05   0.0000000E+00   0.0000000E+00   4.1639515E-03
   8.4057971E-01   0.0000000E+00   0.0000000E+00   1.1772354E+05   0.0000000E+00   0.0000000E+00   5.1189267E-03
   8.5507246E-01   0.0000000E+00   0.0000000E+00   1.0772704E+05   0.0000000E+00   0.0000000E+00   3.4910013E-03
   8.6956522E-01   0.0000000E+00   0.0000000E+00   9.8190045E+04   0.0000000E+00   0.0000000E+00   3.9219460E-03
   8.8405797E-01   0.0000000E+00   0.0000000E+00   9.1388013E+04   0.0000000E+00   0.0000000E+00   4.9541360E-03
   8.9855072E-01   0.0000000E+00   0.0000000E+00   8.5172048E+04   0.0000000E+00   0.0000000E+00   5.2937366E-03
   9.1304348E-01   0.0000000E+00   0.0000000E+00   7.7541721E+04   0.0000000E+00   0.0000000E+00   4.4958974E-03
   9.2753623E-01   0.0000000E+00   0.0000000E+00   6.8480453E+04   0.0000000E+00   0.0000000E+00   4.9917270E-03
   9.4202899E-01   0.0000000E+00   0.0000000E+00   5.8660477E+04   0.0000000E+00   0.0000000E+00   7.9548860E-03
   9.5652174E-01   0.0000000E+00   0.0000000E+00   4.7037079E+04   0.0000000E+00   0.0000000E+00   1.0988943E-02
   9.7101449E-01   0.0000000E+00   0.0000000E+00   3.2333868E+04   0.0000000E+00   0.0000000E+00   1.8130394E-02
   9.8550725E-01   0.0000000E+00   0.0000000E+00   1.5310738E+04   0.0000000E+00   0.0000000E+00   3.3439612E-02
   1.0000000E+00   0.0000000E+00   0.0000000E+00   6.2150821E+03   0.0000000E+00   0.0000000E+00   4.7493786E-02
