   0.0000000E+00   0.0000000E+00   0.0000000E+00   5.7738384E+10   0.0000000E+00   0.0000000E+00   5.1030966E-07
   1.4492754E-02   0.0000000E+00   0.0000000E+00   1.5169888E+06   0.0000000E+00   0.0000000E+00   3.1057345E-03
   2.8985507E-02   0.0000000E+00   0.0000000E+00   1.2771652E+06   0.0000000E+00   0.0000000E+00   3.6982473E-03
   4.3478261E-02   0.0000000E+00   0.0000000E+00   1.2050539E+06   0.0000000E+00   0.0000000E+00   7.7618173E-03
   5.7971014E-02   0.0000000E+00   0.0000000E+00   1.2195772E+06   0.0000000E+00   0.0000000E+00   1.3313212E-02
   7.2463768E-02   0.0000000E+00   0.0000000E+00   1.2151065E+06   0.0000000E+00   0.0000000E+00   1.8451051E-02
   8.6956522E-02   0.0000000E+00   0.0000000E+00   1.1938141E+06   0.0000000E+00   0.0000000E+00   2.5457318E-02
   1.0144928E-01   0.0000000E+00   0.0000000E+00   1.2155179E+06   0.0000000E+00   0.0000000E+00   3.2576932E-02
   1.1594203E-01   0.0000000E+00   0.0000000E+00   1.2522546E+06   0.0000000E+00   0.0000000E+00   3.4835347E-02
   1.3043478E-01   0.0000000E+00   0.0000000E+00   1.2628945E+06   0.0000000E+00   0.0000000E+00   3.4825421E-02
   1.4492754E-01   0.0000000E+00   0.0000000E+00   1.2545846E+06   0.0000000E+00   0.0000000E+00   3.3404989E-02
   1.5942029E-01   0.0000000E+00   0.0000000E+00   1.2342153E+06   0.0000000E+00   0.0000000E+00   3.1842137E-02
   1.7391304E-01   0.0000000E+00   0.0000000E+00   1.2011389E+06   0.0000000E+00   0.0000000E+00   3.0013592E-02
   1.8840580E-01   0.0000000E+00   0.0000000E+00   1.1542661E+06   0.0000000E+00   0.0000000E+00   2.5639758E-02
   2.0289855E-01   0.0000000E+00   0.0000000E+00   1.1039141E+06   0.0000000E+00   0.0000000E+00   2.1482602E-02
   2.1739130E-01   0.0000000E+00   0.0000000E+00   1.0409787E+06   0.0000000E+00   0.0000000E+00   1.8693547E-02
   2.3188406E-01   0.0000000E+00   0.0000000E+00   9.7610692E+05   0.0000000E+00   0.0000000E+00   1.6052562E-02
   2.4637681E-01   0.0000000E+00   0.0000000E+00   9.1289441E+05   0.0000000E+00   0.0000000E+00   1.2534827E-02
   2.6086957E-01   0.0000000E+00   0.0000000E+00   8.3957225E+05   0.0000000E+00   0.0000000E+00   9.3233951E-03
   2.7536232E-01   0.0000000E+00   0.0000000E+00   7.7907295E+05   0.0000000E+00   0.0000000E+00   6.7946381E-03
   2.8985507E-01   0.0000000E+00   0.0000000E+00   7.2405529E+05   0.0000000E+00   0.0000000E+00   5.4953221E-03
   3.0434783E-01   0.0000000E+00   0.0000000E+00   6.7738051E+05   0.0000000E+00   0.0000000E+00   5.7179577E-03
   3.1884058E-01   0.0000000E+00   0.0000000E+00   6.2561496E+05   0.0000000E+00   0.0000000E+00   5.4168565E-03
   3.3333333E-01   0.0000000E+00   0.0000000E+00   5.7676940E+05   0.0000000E+00   0.0000000E+00   3.9465731E-03
   3.4782609E-01   0.0000000E+00   0.0000000E+00   5.4029783E+05   0.0000000E+00   0.0000000E+00   1.6244331E-03
   3.6231884E-01   0.0000000E+00   0.0000000E+00   5.0253097E+05   0.0000000E+00   0.0000000E+00   1.6377412E-03
   3.7681159E-01   0.0000000E+00   0.0000000E+00   4.7259454E+05   0.0000000E+00   0.0000000E+00   2.0974773E-03
   3.9130435E-01   0.0000000E+00   0.0000000E+00   4.4737335E+05   0.0000000E+00   0.0000000E+00   1.4588279E-03
   4.0579710E-01   0.0000000E+00   0.0000000E+00   4.2509028E+05   0.0000000E+00   0.0000000E+00   1.6423789E-03
   4.2028986E-01   0.0000000E+00   0.0000000E+00   4.0332495E+05   0.0000000E+00   0.0000000E+00   3.5734270E-04
   4.3478261E-01   0.0000000E+00   0.0000000E+00   3.8232867E+05   0.0000000E+00   0.0000000E+00   7.5436781E-04
   4.4927536E-01   0.0000000E+00   0.0000000E+00   3.6476466E+05   0.0000000E+00   0.0000000E+00   1.1430913E-03
   4.6376812E-01   0.0000000E+00   0.0000000E+00   3.4931661E+05   0.0000000E+00   0.0000000E+00   1.4337959E-03
   4.7826087E-01   0.0000000E+00   0.0000000E+00   3.3955788E+05   0.0000000E+00   0.0000000E+00   1.9283162E-03
   4.9275362E-01   0.0000000E+00   0.0000000E+00   3.2847885E+05   0.0000000E+00   0.0000000E+00   2.4586782E-03
   5.0724638E-01   0.0000000E+00   0.0000000E+00   3.1459062E+05   0.0000000E+00   0.0000000E+00   2.4531106E-03
   5.2173913E-01   0.0000000E+00   0.0000000E+00   3.0080042E+05   0.0000000E+00   0.0000000E+00   9.5209441E-04
   5.3623188E-01   0.0000000E+00   0.0000000E+00   2.9105280E+05   0.0000000E+00   0.0000000E+00   1.0427538E-03
   5.5072464E-01   0.0000000E+00   0.0000000E+00   2.8034263E+05   0.0000000E+00   0.0000000E+00   1.1777206E-03
   5.6521739E-01   0.0000000E+00   0.0000000E+00   2.7092001E+05   0.0000000E+00   0.0000000E+00   2.6604467E-03
   5.7971014E-01   0.0000000E+00   0.0000000E+00   2.6422278E+05   0.0000000E+00   0.0000000E+00   3.7845378E-03
   5.9420290E-01   0.0000000E+00   0.0000000E+00   2.5463649E+05   0.0000000E+00   0.0000000E+00   2.4452092E-03
   6.0869565E-01   0.0000000E+00   0.0000000E+00   2.5028764E+05   0.0000000E+00   0.0000000E+00   1.9312078E-03
   6.2318841E-01   0.0000000E+00   0.0000000E+00   2.4171800E+05   0.0000000E+00   0.0000000E+00   1.3227516E-03
   6.3768116E-01   0.0000000E+00   0.0000000E+00   2.3491559E+05   0.0000000E+00   0.0000000E+00   1.7252214E-03
   6.5217391E-01   0.0000000E+00   0.0000000E+00   2.2873545E+05   0.0000000E+00   0.0000000E+00   1.9328717E-03
   6.6666667E-01   0.0000000E+00   0.0000000E+00   2.2079788E+05   0.0000000E+00   0.0000000E+00   2.5866459E-03
   6.8115942E-01   0.0000000E+00   0.0000000E+00   2.1814755E+05   0.0000000E+00   0.0000000E+00   2.2130418E-03
   6.9565217E-01   0.0000000E+00   0.0000000E+00   2.1038243E+05   0.0000000E+00   0.0000000E+00   2.0769622E-03
   7.1014493E-01   0.0000000E+00   0.0000000E+00   2.0030537E+05   0.0000000E+00   0.0000000E+00   1.4057709E-03
   7.2463768E-01   0.0000000E+00   0.0000000E+00   1.9193470E+05   0.0000000E+00   0.0000000E+00   6.2049335E-04
   7.3913043E-01   0.0000000E+00   0.0000000E+00   1.8759183E+05   0.0000000E+00   0.0000000E+00   1.2872240E-03
   7.5362319E-01   0.0000000E+00   0.0000000E+00   1.8188595E+05   0.0000000E+00   0.0000000E+00   2.2025286E-03
   7.6811594E-01   0.0000000E+00   0.0000000E+00   1.7465116E+05   0.0000000E+00   0.0000000E+00   1.6746132E-03
   7.8260870E-01   0.0000000E+00   0.0000000E+00   1.6788077E+05   0.0000000E+00   0.0000000E+00   3.2884773E-03
   7.9710145E-01   0.0000000E+00   0.0000000E+00   1.5894560E+05   0.0000000E+00   0.0000000E+00   5.0204138E-03
   8.1159420E-01   0.0000000E+00   0.0000000E+00   1.5166912E+05   0.0000000E+00   0.0000000E+00   3.9884018E-03
   8.2608696E-01   0.0000000E+00   0.0000000E+00   1.4321223E+05   0.0000000E+00   0.0000000E+00   4.0033015E-03
   8.4057971E-01   0.0000000E+00   0.0000000E+00   1.3440681E+05   0.0000000E+00   0.0000000E+00   3.5584588E-03
   8.5507246E-01   0.0000000E+00   0.0000000E+00   1.2579713E+05   0.0000000E+00   0.0000000E+00   2.7521703E-03
   8.6956522E-01   0.0000000E+00   0.0000000E+00   1.1420355E+05   0.0000000E+00   0.0000000E+00   3.3157237E-03
   8.8405797E-01   0.0000000E+00   0.0000000E+00   1.0348696E+05   0.0000000E+00   0.0000000E+00   4.7022319E-03
   8.9855072E-01   0.0000000E+00   0.0000000E+00   9.2798301E+04   0.0000000E+00   0.0000000E+00   5.8139001E-03
   9.1304348E-01   0.0000000E+00   0.0000000E+00   7.9971289E+04   0.0000000E+00   0.0000000E+00   5.7780246E-03
   9.2753623E-01   0.0000000E+00   0.0000000E+00   6.7308329E+04   0.0000000E+00   0.0000000E+00   4.4076045E-03
   9.4202899E-01   0.0000000E+00   0.0000000E+00   5.5862680E+04   0.0000000E+00   0.0000000E+00   7.4449886E-03
   9.5652174E-01   0.0000000E+00   0.0000000E+00   4.4511290E+04   0.0000000E+00   0.0000000E+00   1.2040022E-02
   9.7101449E-01   0.0000000E+00   0.0000000E+00   3.2616606E+04   0.0000000E+00   0.0000000E+00   1.2782519E-02
   9.8550725E-01   0.0000000E+00   0.0000000E+00   1.7037932E+04   0.0000000E+00   0.0000000E+00   1.7702617E-02
   1.0000000E+00   0.0000000E+00   0.0000000E+00   7.3092867E+03   0.0000000E+00   0.0000000E+00   2.8959107E-02
