   0.0000000E+00   0.0000000E+00   0.0000000E+00   5.8146646E+10   0.0000000E+00   0.0000000E+00   9.8313670E-07
   1.4492754E-02   0.0000000E+00   0.0000000E+00   1.9405636E+06   0.0000000E+00   0.0000000E+00   2.5521087E-03
   2.8985507E-02   0.0000000E+00   0.0000000E+00   1.6060229E+06   0.0000000E+00   0.0000000E+00   3.5495024E-03
   4.3478261E-02   0.0000000E+00   0.0000000E+00   1.5177466E+06   0.0000000E+00   0.0000000E+00   9.8483770E-03
   5.7971014E-02   0.0000000E+00   0.0000000E+00   1.4845956E+06   0.0000000E+00   0.0000000E+00   1.6802654E-02
   7.2463768E-02   0.0000000E+00   0.0000000E+00   1.4695545E+06   0.0000000E+00   0.0000000E+00   2.1713344E-02
   8.6956522E-02   0.0000000E+00   0.0000000E+00   1.4769551E+06   0.0000000E+00   0.0000000E+00   2.6990738E-02
   1.0144928E-01   0.0000000E+00   0.0000000E+00   1.4848392E+06   0.0000000E+00   0.0000000E+00   3.0565757E-02
   1.1594203E-01   0.0000000E+00   0.0000000E+00   1.4594956E+06   0.0000000E+00   0.0000000E+00   3.3047326E-02
   1.3043478E-01   0.0000000E+00   0.0000000E+00   1.4265656E+06   0.0000000E+00   0.0000000E+00   3.6668754E-02
   1.4492754E-01   0.0000000E+00   0.0000000E+00   1.4067382E+06   0.0000000E+00   0.0000000E+00   3.8528984E-02
   1.5942029E-01   0.0000000E+00   0.0000000E+00   1.3553843E+06   0.0000000E+00   0.0000000E+00   3.6953212E-02
   1.7391304E-01   0.0000000E+00   0.0000000E+00   1.3086113E+06   0.0000000E+00   0.0000000E+00   3.4310846E-02
   1.8840580E-01   0.0000000E+00   0.0000000E+00   1.2584258E+06   0.0000000E+00   0.0000000E+00   3.2262731E-02
   2.0289855E-01   0.0000000E+00   0.0000000E+00   1.1845589E+06   0.0000000E+00   0.0000000E+00   2.9974596E-02
   2.1739130E-01   0.0000000E+00   0.0000000E+00   1.1164997E+06   0.0000000E+00   0.0000000E+00   2.8029946E-02
   2.3188406E-01   0.0000000E+00   0.0000000E+00   1.0279172E+06   0.0000000E+00   0.0000000E+00   2.6439040E-02
   2.4637681E-01   0.0000000E+00   0.0000000E+00   9.3495792E+05   0.0000000E+00   0.0000000E+00   2.4130667E-02
   2.6086957E-01   0.0000000E+00   0.0000000E+00   8.5439021E+05   0.0000000E+00   0.0000000E+00   1.9929817E-02
   2.7536232E-01   0.0000000E+00   0.0000000E+00   7.7931224E+05   0.0000000E+00   0.0000000E+00   1.7851728E-02
   2.8985507E-01   0.0000000E+00   0.0000000E+00   7.1897845E+05   0.0000000E+00   0.0000000E+00   1.6713648E-02
   3.0434783E-01   0.0000000E+00   0.0000000E+00   6.6143196E+05   0.0000000E+00   0.0000000E+00   1.4993441E-02
   3.1884058E-01   0.0000000E+00   0.0000000E+00   5.9317005E+05   0.0000000E+00   0.0000000E+00   1.4334383E-02
   3.3333333E-01   0.0000000E+00   0.0000000E+00   5.3245827E+05   0.0000000E+00   0.0000000E+00   1.2901819E-02
   3.4782609E-01   0.0000000E+00   0.0000000E+00   4.9546507E+05   0.0000000E+00   0.0000000E+00   1.1560588E-02
   3.6231884E-01   0.0000000E+00   0.0000000E+00   4.5306592E+05   0.0000000E+00   0.0000000E+00   9.2676609E-03
   3.7681159E-01   0.0000000E+00   0.0000000E+00   4.1279163E+05   0.0000000E+00   0.0000000E+00   6.2219633E-03
   3.9130435E-01   0.0000000E+00   0.0000000E+00   3.8622119E+05   0.0000000E+00   0.0000000E+00   5.7145956E-03
   4.0579710E-01   0.0000000E+00   0.0000000E+00   3.5115683E+05   0.0000000E+00   0.0000000E+00   7.2509594E-03
   4.2028986E-01   0.0000000E+00   0.0000000E+00   3.2371034E+05   0.0000000E+00   0.0000000E+00   7.0883900E-03
   4.3478261E-01   0.0000000E+00   0.0000000E+00   3.0728748E+05   0.0000000E+00   0.0000000E+00   7.2013961E-03
   4.4927536E-01   0.0000000E+00   0.0000000E+00   2.8982206E+05   0.0000000E+00   0.0000000E+00   5.3242618E-03
   4.6376812E-01   0.0000000E+00   0.0000000E+00   2.6944643E+05   0.0000000E+00   0.0000000E+00   3.2617211E-03
   4.7826087E-01   0.0000000E+00   0.0000000E+00   2.5032865E+05   0.0000000E+00   0.0000000E+00   3.2079572E-03
   4.9275362E-01   0.0000000E+00   0.0000000E+00   2.3875391E+05   0.0000000E+00   0.0000000E+00   2.8858304E-03
   5.0724638E-01   0.0000000E+00   0.0000000E+00   2.2903133E+05   0.0000000E+00   0.0000000E+00   1.8516798E-03
   5.2173913E-01   0.0000000E+00   0.0000000E+00   2.1986993E+05   0.0000000E+00   0.0000000E+00   2.5329092E-03
   5.3623188E-01   0.0000000E+00   0.0000000E+00   2.1058936E+05   0.0000000E+00   0.0000000E+00   3.4851535E-03
   5.5072464E-01   0.0000000E+00   0.0000000E+00   1.9964368E+05   0.0000000E+00   0.0000000E+00   2.8700431E-03
   5.6521739E-01   0.0000000E+00   0.0000000E+00   1.9009476E+05   0.0000000E+00   0.0000000E+00   2.0815273E-03
   5.7971014E-01   0.0000000E+00   0.0000000E+00   1.8282292E+05   0.0000000E+00   0.0000000E+00   2.0567738E-03
   5.9420290E-01   0.0000000E+00   0.0000000E+00   1.7644176E+05   0.0000000E+00   0.0000000E+00   3.1043835E-03
   6.0869565E-01   0.0000000E+00   0.0000000E+00   1.6928198E+05   0.0000000E+00   0.0000000E+00   2.0698801E-03
   6.2318841E-01   0.0000000E+00   0.0000000E+00   1.6259619E+05   0.0000000E+00   0.0000000E+00   2.2713953E-03
   6.3768116E-01   0.0000000E+00   0.0000000E+00   1.5483660E+05   0.0000000E+00   0.0000000E+00   1.3895409E-03
   6.5217391E-01   0.0000000E+00   0.0000000E+00   1.4816278E+05   0.0000000E+00   0.0000000E+00   3.0147806E-03
   6.6666667E-01   0.0000000E+00   0.0000000E+00   1.4331107E+05   0.0000000E+00   0.0000000E+00   4.7175453E-03
   6.8115942E-01   0.0000000E+00   0.0000000E+00   1.3881091E+05   0.0000000E+00   0.0000000E+00   4.0950229E-03
   6.9565217E-01   0.0000000E+00   0.0000000E+00   1.3378788E+05   0.0000000E+00   0.0000000E+00   4.9763455E-03
   7.1014493E-01   0.0000000E+00   0.0000000E+00   1.2833585E+05   0.0000000E+00   0.0000000E+00   5.9447156E-03
   7.2463768E-01   0.0000000E+00   0.0000000E+00   1.2426882E+05   0.0000000E+00   0.0000000E+00   4.0430744E-03
   7.3913043E-01   0.0000000E+00   0.0000000E+00   1.1664688E+05   0.0000000E+00   0.0000000E+00   2.1227156E-03
   7.5362319E-01   0.0000000E+00   0.0000000E+00   1.0822520E+05   0.0000000E+00   0.0000000E+00   2.0346704E-03
   7.6811594E-01   0.0000000E+00   0.0000000E+00   1.0360977E+05   0.0000000E+00   0.0000000E+00   5.2407071E-03
   7.8260870E-01   0.0000000E+00   0.0000000E+00   9.8183029E+04   0.0000000E+00   0.0000000E+00   6.8530113E-03
   7.9710145E-01   0.0000000E+00   0.0000000E+00   9.2526538E+04   0.0000000E+00   0.0000000E+00   3.7530682E-03
   8.1159420E-01   0.0000000E+00   0.0000000E+00   8.8005703E+04   0.0000000E+00   0.0000000E+00   3.0023623E-03
   8.2608696E-01   0.0000000E+00   0.0000000E+00   8.2619886E+04   0.0000000E+00   0.0000000E+00   4.0006766E-03
   8.4057971E-01   0.0000000E+00   0.0000000E+00   7.7981556E+04   0.0000000E+00   0.0000000E+00   4.7092346E-03
   8.5507246E-01   0.0000000E+00   0.0000000E+00   7.2036357E+04   0.0000000E+00   0.0000000E+00   7.5365680E-03
   8.6956522E-01   0.0000000E+00   0.0000000E+00   6.5304273E+04   0.0000000E+00   0.0000000E+00   1.0992822E-02
   8.8405797E-01   0.0000000E+00   0.0000000E+00   5.8184240E+04   0.0000000E+00   0.0000000E+00   4.9647305E-03
   8.9855072E-01   0.0000000E+00   0.0000000E+00   5.0792801E+04   0.0000000E+00   0.0000000E+00   7.0561818E-03
   9.1304348E-01   0.0000000E+00   0.0000000E+00   4.5536366E+04   0.0000000E+00   0.0000000E+00   9.7438436E-03
   9.2753623E-01   0.0000000E+00   0.0000000E+00   3.8987920E+04   0.0000000E+00   0.0000000E+00   1.0524356E-02
   9.4202899E-01   0.0000000E+00   0.0000000E+00   3.1381956E+04   0.0000000E+00   0.0000000E+00   1.5684970E-02
   9.5652174E-01   0.0000000E+00   0.0000000E+00   2.4970868E+04   0.0000000E+00   0.0000000E+00   2.3107037E-02
   9.7101449E-01   0.0000000E+00   0.0000000E+00   1.8966036E+04   0.0000000E+00   0.0000000E+00   3.3613263E-02
   9.8550725E-01   0.0000000E+00   0.0000000E+00   1.0931466E+04   0.0000000E+00   0.0000000E+00   4.1216186E-02
   1.0000000E+00   0.0000000E+00   0.0000000E+00   5.9743571E+03   0.0000000E+00   0.0000000E+00   3.7910654E-02
