   0.0000000E+00   0.0000000E+00   0.0000000E+00   5.7305292E+10   0.0000000E+00   0.0000000E+00   3.9569530E-07
   1.4492754E-02   0.0000000E+00   0.0000000E+00   1.3313434E+06   0.0000000E+00   0.0000000E+00   2.2202199E-03
   2.8985507E-02   0.0000000E+00   0.0000000E+00   1.0865944E+06   0.0000000E+00   0.0000000E+00   1.6652133E-03
   4.3478261E-02   0.0000000E+00   0.0000000E+00   1.0585581E+06   0.0000000E+00   0.0000000E+00   1.9192641E-03
   5.7971014E-02   0.0000000E+00   0.0000000E+00   1.0574215E+06   0.0000000E+00   0.0000000E+00   1.2178732E-03
   7.2463768E-02   0.0000000E+00   0.0000000E+00   1.0265817E+06   0.0000000E+00   0.0000000E+00   1.1449514E-03
   8.6956522E-02   0.0000000E+00   0.0000000E+00   1.0321637E+06   0.0000000E+00   0.0000000E+00   1.0368633E-03
   1.0144928E-01   0.0000000E+00   0.0000000E+00   1.0524963E+06   0.0000000E+00   0.0000000E+00   3.7015339E-04
   1.1594203E-01   0.0000000E+00   0.0000000E+00   1.0527804E+06   0.0000000E+00   0.0000000E+00   3.4399782E-04
   1.3043478E-01   0.0000000E+00   0.0000000E+00   1.0557798E+06   0.0000000E+00   0.0000000E+00   1.9788914E-03
   1.4492754E-01   0.0000000E+00   0.0000000E+00   1.0468132E+06   0.0000000E+00   0.0000000E+00   1.8190447E-03
   1.5942029E-01   0.0000000E+00   0.0000000E+00   1.0345172E+06   0.0000000E+00   0.0000000E+00   8.0203040E-04
   1.7391304E-01   0.0000000E+00   0.0000000E+00   1.0084844E+06   0.0000000E+00   0.0000000E+00   7.3739048E-04
   1.8840580E-01   0.0000000E+00   0.0000000E+00   9.6576455E+05   0.0000000E+00   0.0000000E+00   1.0140487E-03
   2.0289855E-01   0.0000000E+00   0.0000000E+00   9.4067597E+05   0.0000000E+00   0.0000000E+00   6.5101557E-04
   2.1739130E-01   0.0000000E+00   0.0000000E+00   9.1064795E+05   0.0000000E+00   0.0000000E+00   1.3397207E-03
   2.3188406E-01   0.0000000E+00   0.0000000E+00   8.7002379E+05   0.0000000E+00   0.0000000E+00   9.4781866E-04
   2.4637681E-01   0.0000000E+00   0.0000000E+00   8.3680874E+05   0.0000000E+00   0.0000000E+00   1.3796233E-03
   2.6086957E-01   0.0000000E+00   0.0000000E+00   8.0219057E+05   0.0000000E+00   0.0000000E+00   1.2394301E-03
   2.7536232E-01   0.0000000E+00   0.0000000E+00   7.6774678E+05   0.0000000E+00   0.0000000E+00   7.9794467E-04
   2.8985507E-01   0.0000000E+00   0.0000000E+00   7.2795763E+05   0.0000000E+00   0.0000000E+00   2.7876758E-04
   3.0434783E-01   0.0000000E+00   0.0000000E+00   7.0025694E+05   0.0000000E+00   0.0000000E+00   8.2217392E-04
   3.1884058E-01   0.0000000E+00   0.0000000E+00   6.7390345E+05   0.0000000E+00   0.0000000E+00   7.9633309E-04
   3.3333333E-01   0.0000000E+00   0.0000000E+00   6.4104523E+05   0.0000000E+00   0.0000000E+00   4.3359749E-04
   3.4782609E-01   0.0000000E+00   0.0000000E+00   6.2090207E+05   0.0000000E+00   0.0000000E+00   1.5132961E-03
   3.6231884E-01   0.0000000E+00   0.0000000E+00   5.9706620E+05   0.0000000E+00   0.0000000E+00   1.4432720E-03
   3.7681159E-01   0.0000000E+00   0.0000000E+00   5.6789450E+05   0.0000000E+00   0.0000000E+00   1.5533234E-03
   3.9130435E-01   0.0000000E+00   0.0000000E+00   5.4562654E+05   0.0000000E+00   0.0000000E+00   1.0101971E-03
   4.0579710E-01   0.0000000E+00   0.0000000E+00   5.3025331E+05   0.0000000E+00   0.0000000E+00   1.7482000E-03
   4.2028986E-01   0.0000000E+00   0.0000000E+00   5.1301386E+05   0.0000000E+00   0.0000000E+00   1.1438260E-03
   4.3478261E-01   0.0000000E+00   0.0000000E+00   4.9795929E+05   0.0000000E+00   0.0000000E+00   2.7374094E-04
   4.4927536E-01   0.0000000E+00   0.0000000E+00   4.8262938E+05   0.0000000E+00   0.0000000E+00   7.5860479E-04
   4.6376812E-01   0.0000000E+00   0.0000000E+00   4.6548712E+05   0.0000000E+00   0.0000000E+00   5.0070728E-04
   4.7826087E-01   0.0000000E+00   0.0000000E+00   4.5181772E+05   0.0000000E+00   0.0000000E+00   8.9401691E-04
   4.9275362E-01   0.0000000E+00   0.0000000E+00   4.3993300E+05   0.0000000E+00   0.0000000E+00   8.4293957E-04
   5.0724638E-01   0.0000000E+00   0.0000000E+00   4.2576142E+05   0.0000000E+00   0.0000000E+00   7.9855247E-04
   5.2173913E-01   0.0000000E+00   0.0000000E+00   4.1410310E+05   0.0000000E+00   0.0000000E+00   1.9776020E-03
   5.3623188E-01   0.0000000E+00   0.0000000E+00   4.0387365E+05   0.0000000E+00   0.0000000E+00   1.4273091E-03
   5.5072464E-01   0.0000000E+00   0.0000000E+00   3.8965612E+05   0.0000000E+00   0.0000000E+00   3.3391869E-04
   5.6521739E-01   0.0000000E+00   0.0000000E+00   3.7733344E+05   0.0000000E+00   0.0000000E+00   5.6737029E-04
   5.7971014E-01   0.0000000E+00   0.0000000E+00   3.6649829E+05   0.0000000E+00   0.0000000E+00   7.5771544E-04
   5.9420290E-01   0.0000000E+00   0.0000000E+00   3.5689398E+05   0.0000000E+00   0.0000000E+00   3.7427509E-04
   6.0869565E-01   0.0000000E+00   0.0000000E+00   3.4765681E+05   0.0000000E+00   0.0000000E+00   9.9393610E-04
   6.2318841E-01   0.0000000E+00   0.0000000E+00   3.3615314E+05   0.0000000E+00   0.0000000E+00   9.0120152E-04
   6.3768116E-01   0.0000000E+00   0.0000000E+00   3.2455240E+05   0.0000000E+00   0.0000000E+00   1.2510644E-03
   6.5217391E-01   0.0000000E+00   0.0000000E+00   3.1250745E+05   0.0000000E+00   0.0000000E+00   1.4953587E-03
   6.6666667E-01   0.0000000E+00   0.0000000E+00   3.0027787E+05   0.0000000E+00   0.0000000E+00   2.0876230E-03
   6.8115942E-01   0.0000000E+00   0.0000000E+00   2.9172862E+05   0.0000000E+00   0.0000000E+00   1.6023566E-03
   6.9565217E-01   0.0000000E+00   0.0000000E+00   2.8325144E+05   0.0000000E+00   0.0000000E+00   1.5596836E-03
   7.1014493E-01   0.0000000E+00   0.0000000E+00   2.7261510E+05   0.0000000E+00   0.0000000E+00   1.5333529E-03
   7.2463768E-01   0.0000000E+00   0.0000000E+00   2.6185864E+05   0.0000000E+00   0.0000000E+00   9.2328711E-04
   7.3913043E-01   0.0000000E+00   0.0000000E+00   2.5234117E+05   0.0000000E+00   0.0000000E+00   7.9448952E-04
   7.5362319E-01   0.0000000E+00   0.0000000E+00   2.4177629E+05   0.0000000E+00   0.0000000E+00   1.3019040E-03
   7.6811594E-01   0.0000000E+00   0.0000000E+00   2.2837898E+05   0.0000000E+00   0.0000000E+00   6.1537428E-04
   7.8260870E-01   0.0000000E+00   0.0000000E+00   2.1740027E+05   0.0000000E+00   0.0000000E+00   1.6858211E-03
   7.9710145E-01   0.0000000E+00   0.0000000E+00   2.0649013E+05   0.0000000E+00   0.0000000E+00   1.6736575E-03
   8.1159420E-01   0.0000000E+00   0.0000000E+00   1.9384528E+05   0.0000000E+00   0.0000000E+00   7.3325016E-04
   8.2608696E-01   0.0000000E+00   0.0000000E+00   1.8422307E+05   0.0000000E+00   0.0000000E+00   1.5329633E-03
   8.4057971E-01   0.0000000E+00   0.0000000E+00   1.7561201E+05   0.0000000E+00   0.0000000E+00   2.5118763E-03
   8.5507246E-01   0.0000000E+00   0.0000000E+00   1.6652227E+05   0.0000000E+00   0.0000000E+00   6.5145574E-04
   8.6956522E-01   0.0000000E+00   0.0000000E+00   1.5507081E+05   0.0000000E+00   0.0000000E+00   1.9531830E-03
   8.8405797E-01   0.0000000E+00   0.0000000E+00   1.4190793E+05   0.0000000E+00   0.0000000E+00   3.3409547E-04
   8.9855072E-01   0.0000000E+00   0.0000000E+00   1.2842415E+05   0.0000000E+00   0.0000000E+00   2.2500605E-03
   9.1304348E-01   0.0000000E+00   0.0000000E+00   1.1408147E+05   0.0000000E+00   0.0000000E+00   1.9590000E-03
   9.2753623E-01   0.0000000E+00   0.0000000E+00   9.8624165E+04   0.0000000E+00   0.0000000E+00   4.2181146E-04
   9.4202899E-01   0.0000000E+00   0.0000000E+00   8.1684015E+04   0.0000000E+00   0.0000000E+00   7.0410457E-04
   9.5652174E-01   0.0000000E+00   0.0000000E+00   6.2685489E+04   0.0000000E+00   0.0000000E+00   1.1318347E-03
   9.7101449E-01   0.0000000E+00   0.0000000E+00   4.0465401E+04   0.0000000E+00   0.0000000E+00   2.5347373E-03
   9.8550725E-01   0.0000000E+00   0.0000000E+00   1.6982216E+04   0.0000000E+00   0.0000000E+00   4.8149433E-03
   1.0000000E+00   0.0000000E+00   0.0000000E+00   5.3397184E+03   0.0000000E+00   0.0000000E+00   1.7299584E-02
