   0.0000000E+00   0.0000000E+00   0.0000000E+00   5.6562691E+10   0.0000000E+00   0.0000000E+00   2.3651714E-07
   1.4492754E-02   0.0000000E+00   0.0000000E+00   1.8253877E+06   0.0000000E+00   0.0000000E+00   4.1876589E-04
   2.8985507E-02   0.0000000E+00   0.0000000E+00   1.5325224E+06   0.0000000E+00   0.0000000E+00   8.6284809E-04
   4.3478261E-02   0.0000000E+00   0.0000000E+00   1.4351533E+06   0.0000000E+00   0.0000000E+00   8.1770612E-04
   5.7971014E-02   0.0000000E+00   0.0000000E+00   1.3584324E+06   0.0000000E+00   0.0000000E+00   1.8008725E-03
   7.2463768E-02   0.0000000E+00   0.0000000E+00   1.3237660E+06   0.0000000E+00   0.0000000E+00   1.1516142E-03
   8.6956522E-02   0.0000000E+00   0.0000000E+00   1.3312171E+06   0.0000000E+00   0.0000000E+00   7.8992919E-04
   1.0144928E-01   0.0000000E+00   0.0000000E+00   1.3576476E+06   0.0000000E+00   0.0000000E+00   8.9532893E-04
   1.1594203E-01   0.0000000E+00   0.0000000E+00   1.3602321E+06   0.0000000E+00   0.0000000E+00   1.0190170E-03
   1.3043478E-01   0.0000000E+00   0.0000000E+00   1.3583693E+06   0.0000000E+00   0.0000000E+00   8.9139330E-04
   1.4492754E-01   0.0000000E+00   0.0000000E+00   1.3577126E+06   0.0000000E+00   0.0000000E+00   2.3098955E-04
   1.5942029E-01   0.0000000E+00   0.0000000E+00   1.3639260E+06   0.0000000E+00   0.0000000E+00   1.9045458E-04
   1.7391304E-01   0.0000000E+00   0.0000000E+00   1.3545806E+06   0.0000000E+00   0.0000000E+00   5.3544544E-04
   1.8840580E-01   0.0000000E+00   0.0000000E+00   1.3255146E+06   0.0000000E+00   0.0000000E+00   4.7135363E-04
   2.0289855E-01   0.0000000E+00   0.0000000E+00   1.2996267E+06   0.0000000E+00   0.0000000E+00   8.0663640E-04
   2.1739130E-01   0.0000000E+00   0.0000000E+00   1.2636017E+06   0.0000000E+00   0.0000000E+00   7.0887001E-04
   2.3188406E-01   0.0000000E+00   0.0000000E+00   1.2364368E+06   0.0000000E+00   0.0000000E+00   4.3158506E-04
   2.4637681E-01   0.0000000E+00   0.0000000E+00   1.2115764E+06   0.0000000E+00   0.0000000E+00   6.3870345E-04
   2.6086957E-01   0.0000000E+00   0.0000000E+00   1.1635889E+06   0.0000000E+00   0.0000000E+00   7.7570314E-04
   2.7536232E-01   0.0000000E+00   0.0000000E+00   1.1037831E+06   0.0000000E+00   0.0000000E+00   7.3622113E-04
   2.8985507E-01   0.0000000E+00   0.0000000E+00   1.0776910E+06   0.0000000E+00   0.0000000E+00   3.7584554E-04
   3.0434783E-01   0.0000000E+00   0.0000000E+00   1.0443055E+06   0.0000000E+00   0.0000000E+00   5.5370714E-04
   3.1884058E-01   0.0000000E+00   0.0000000E+00   9.9494271E+05   0.0000000E+00   0.0000000E+00   7.4646682E-04
   3.3333333E-01   0.0000000E+00   0.0000000E+00   9.6809098E+05   0.0000000E+00   0.0000000E+00   9.9820536E-04
   3.4782609E-01   0.0000000E+00   0.0000000E+00   9.3867789E+05   0.0000000E+00   0.0000000E+00   9.2595877E-04
   3.6231884E-01   0.0000000E+00   0.0000000E+00   8.9361403E+05   0.0000000E+00   0.0000000E+00   6.2053875E-04
   3.7681159E-01   0.0000000E+00   0.0000000E+00   8.5201661E+05   0.0000000E+00   0.0000000E+00   7.7692195E-04
   3.9130435E-01   0.0000000E+00   0.0000000E+00   8.1731724E+05   0.0000000E+00   0.0000000E+00   9.0522997E-04
   4.0579710E-01   0.0000000E+00   0.0000000E+00   7.9337737E+05   0.0000000E+00   0.0000000E+00   5.6720854E-04
   4.2028986E-01   0.0000000E+00   0.0000000E+00   7.6810984E+05   0.0000000E+00   0.0000000E+00   4.8224780E-04
   4.3478261E-01   0.0000000E+00   0.0000000E+00   7.2664422E+05   0.0000000E+00   0.0000000E+00   8.1997614E-04
   4.4927536E-01   0.0000000E+00   0.0000000E+00   6.9538229E+05   0.0000000E+00   0.0000000E+00   4.4386230E-04
   4.6376812E-01   0.0000000E+00   0.0000000E+00   6.6962612E+05   0.0000000E+00   0.0000000E+00   2.9062320E-04
   4.7826087E-01   0.0000000E+00   0.0000000E+00   6.4412210E+05   0.0000000E+00   0.0000000E+00   1.0837914E-03
   4.9275362E-01   0.0000000E+00   0.0000000E+00   6.1414558E+05   0.0000000E+00   0.0000000E+00   1.0373545E-03
   5.0724638E-01   0.0000000E+00   0.0000000E+00   5.8185517E+05   0.0000000E+00   0.0000000E+00   8.2571302E-04
   5.2173913E-01   0.0000000E+00   0.0000000E+00   5.5270577E+05   0.0000000E+00   0.0000000E+00   3.3922503E-04
   5.3623188E-01   0.0000000E+00   0.0000000E+00   5.2885925E+05   0.0000000E+00   0.0000000E+00   3.9433423E-04
   5.5072464E-01   0.0000000E+00   0.0000000E+00   5.1476243E+05   0.0000000E+00   0.0000000E+00   4.6915299E-04
   5.6521739E-01   0.0000000E+00   0.0000000E+00   4.8840987E+05   0.0000000E+00   0.0000000E+00   4.0025039E-04
   5.7971014E-01   0.0000000E+00   0.0000000E+00   4.5956730E+05   0.0000000E+00   0.0000000E+00   7.6752579E-04
   5.9420290E-01   0.0000000E+00   0.0000000E+00   4.3734344E+05   0.0000000E+00   0.0000000E+00   6.5349855E-04
   6.0869565E-01   0.0000000E+00   0.0000000E+00   4.1323711E+05   0.0000000E+00   0.0000000E+00   7.4735588E-04
   6.2318841E-01   0.0000000E+00   0.0000000E+00   3.8748539E+05   0.0000000E+00   0.0000000E+00   5.1119578E-04
   6.3768116E-01   0.0000000E+00   0.0000000E+00   3.5930496E+05   0.0000000E+00   0.0000000E+00   8.1511379E-04
   6.5217391E-01   0.0000000E+00   0.0000000E+00   3.3638457E+05   0.0000000E+00   0.0000000E+00   1.1642657E-03
   6.6666667E-01   0.0000000E+00   0.0000000E+00   3.1418069E+05   0.0000000E+00   0.0000000E+00   9.8286736E-04
   6.8115942E-01   0.0000000E+00   0.0000000E+00   2.8660181E+05   0.0000000E+00   0.0000000E+00   8.0995437E-04
   6.9565217E-01   0.0000000E+00   0.0000000E+00   2.6252419E+05   0.0000000E+00   0.0000000E+00   5.1947303E-04
   7.1014493E-01   0.0000000E+00   0.0000000E+00   2.4386750E+05   0.0000000E+00   0.0000000E+00   1.9817673E-04
   7.2463768E-01   0.0000000E+00   0.0000000E+00   2.2468408E+05   0.0000000E+00   0.0000000E+00   8.8699346E-04
   7.3913043E-01   0.0000000E+00   0.0000000E+00   2.1023479E+05   0.0000000E+00   0.0000000E+00   3.1630143E-03
   7.5362319E-01   0.0000000E+00   0.0000000E+00   1.9571464E+05   0.0000000E+00   0.0000000E+00   3.6146963E-03
   7.6811594E-01   0.0000000E+00   0.0000000E+00   1.8145649E+05   0.0000000E+00   0.0000000E+00   3.2669681E-03
   7.8260870E-01   0.0000000E+00   0.0000000E+00   1.6872270E+05   0.0000000E+00   0.0000000E+00   3.7124224E-03
   7.9710145E-01   0.0000000E+00   0.0000000E+00   1.5781589E+05   0.0000000E+00   0.0000000E+00   3.1485779E-03
   8.1159420E-01   0.0000000E+00   0.0000000E+00   1.5000480E+05   0.0000000E+00   0.0000000E+00   3.3875079E-03
   8.2608696E-01   0.0000000E+00   0.0000000E+00   1.4201581E+05   0.0000000E+00   0.0000000E+00   4.2578436E-03
   8.4057971E-01   0.0000000E+00   0.0000000E+00   1.3372746E+05   0.0000000E+00   0.0000000E+00   5.1844532E-03
   8.5507246E-01   0.0000000E+00   0.0000000E+00   1.2399911E+05   0.0000000E+00   0.0000000E+00   4.9158619E-03
   8.6956522E-01   0.0000000E+00   0.0000000E+00   1.1511283E+05   0.0000000E+00   0.0000000E+00   3.2751084E-03
   8.8405797E-01   0.0000000E+00   0.0000000E+00   1.0804580E+05   0.0000000E+00   0.0000000E+00   1.9499935E-03
   8.9855072E-01   0.0000000E+00   0.0000000E+00   1.0211113E+05   0.0000000E+00   0.0000000E+00   2.3623233E-03
   9.1304348E-01   0.0000000E+00   0.0000000E+00   9.4500589E+04   0.0000000E+00   0.0000000E+00   3.7422443E-03
   9.2753623E-01   0.0000000E+00   0.0000000E+00   8.4594197E+04   0.0000000E+00   0.0000000E+00   4.1387671E-03
   9.4202899E-01   0.0000000E+00   0.0000000E+00   7.8000249E+04   0.0000000E+00   0.0000000E+00   3.5704308E-03
   9.5652174E-01   0.0000000E+00   0.0000000E+00   6.7909280E+04   0.0000000E+00   0.0000000E+00   3.9109994E-03
   9.7101449E-01   0.0000000E+00   0.0000000E+00   4.7692173E+04   0.0000000E+00   0.0000000E+00   5.6580711E-03
   9.8550725E-01   0.0000000E+00   0.0000000E+00   2.1105195E+04   0.0000000E+00   0.0000000E+00   8.1547882E-03
   1.0000000E+00   0.0000000E+00   0.0000000E+00   5.9524730E+03   0.0000000E+00   0.0000000E+00   6.6665855E-03
