   0.0000000E+00   0.0000000E+00   0.0000000E+00   5.6813672E+10   0.0000000E+00   0.0000000E+00   4.1531185E-07
   1.4492754E-02   0.0000000E+00   0.0000000E+00   1.5980667E+06   0.0000000E+00   0.0000000E+00   3.9287829E-03
   2.8985507E-02   0.0000000E+00   0.0000000E+00   1.3199773E+06   0.0000000E+00   0.0000000E+00   1.6406388E-03
   4.3478261E-02   0.0000000E+00   0.0000000E+00   1.2505181E+06   0.0000000E+00   0.0000000E+00   7.5895825E-04
   5.7971014E-02   0.0000000E+00   0.0000000E+00   1.2339742E+06   0.0000000E+00   0.0000000E+00   6.3152172E-04
   7.2463768E-02   0.0000000E+00   0.0000000E+00   1.2295035E+06   0.0000000E+00   0.0000000E+00   8.2014826E-04
   8.6956522E-02   0.0000000E+00   0.0000000E+00   1.2308170E+06   0.0000000E+00   0.0000000E+00   3.2819400E-04
   1.0144928E-01   0.0000000E+00   0.0000000E+00   1.2243942E+06   0.0000000E+00   0.0000000E+00   9.8260788E-04
   1.1594203E-01   0.0000000E+00   0.0000000E+00   1.2229870E+06   0.0000000E+00   0.0000000E+00   5.6897019E-04
   1.3043478E-01   0.0000000E+00   0.0000000E+00   1.2295541E+06   0.0000000E+00   0.0000000E+00   1.4878007E-03
   1.4492754E-01   0.0000000E+00   0.0000000E+00   1.2456433E+06   0.0000000E+00   0.0000000E+00   8.8256980E-04
   1.5942029E-01   0.0000000E+00   0.0000000E+00   1.2347664E+06   0.0000000E+00   0.0000000E+00   7.1334297E-04
   1.7391304E-01   0.0000000E+00   0.0000000E+00   1.2044225E+06   0.0000000E+00   0.0000000E+00   5.7523062E-04
   1.8840580E-01   0.0000000E+00   0.0000000E+00   1.1831184E+06   0.0000000E+00   0.0000000E+00   1.1497262E-03
   2.0289855E-01   0.0000000E+00   0.0000000E+00   1.1567392E+06   0.0000000E+00   0.0000000E+00   1.2390873E-03
   2.1739130E-01   0.0000000E+00   0.0000000E+00   1.1236730E+06   0.0000000E+00   0.0000000E+00   4.7898016E-04
   2.3188406E-01   0.0000000E+00   0.0000000E+00   1.1062956E+06   0.0000000E+00   0.0000000E+00   9.9178580E-04
   2.4637681E-01   0.0000000E+00   0.0000000E+00   1.0833406E+06   0.0000000E+00   0.0000000E+00   7.3644756E-04
   2.6086957E-01   0.0000000E+00   0.0000000E+00   1.0309008E+06   0.0000000E+00   0.0000000E+00   4.2992607E-04
   2.7536232E-01   0.0000000E+00   0.0000000E+00   9.8581543E+05   0.0000000E+00   0.0000000E+00   5.4927139E-04
   2.8985507E-01   0.0000000E+00   0.0000000E+00   9.5224769E+05   0.0000000E+00   0.0000000E+00   6.2483127E-04
   3.0434783E-01   0.0000000E+00   0.0000000E+00   9.2378927E+05   0.0000000E+00   0.0000000E+00   6.9815800E-04
   3.1884058E-01   0.0000000E+00   0.0000000E+00   8.9350932E+05   0.0000000E+00   0.0000000E+00   3.6475869E-04
   3.3333333E-01   0.0000000E+00   0.0000000E+00   8.5887806E+05   0.0000000E+00   0.0000000E+00   7.2289391E-04
   3.4782609E-01   0.0000000E+00   0.0000000E+00   8.2561726E+05   0.0000000E+00   0.0000000E+00   5.0164052E-04
   3.6231884E-01   0.0000000E+00   0.0000000E+00   7.9544166E+05   0.0000000E+00   0.0000000E+00   6.7071243E-04
   3.7681159E-01   0.0000000E+00   0.0000000E+00   7.6884044E+05   0.0000000E+00   0.0000000E+00   6.5594698E-04
   3.9130435E-01   0.0000000E+00   0.0000000E+00   7.4241356E+05   0.0000000E+00   0.0000000E+00   3.7851863E-04
   4.0579710E-01   0.0000000E+00   0.0000000E+00   7.1652122E+05   0.0000000E+00   0.0000000E+00   4.5216131E-04
   4.2028986E-01   0.0000000E+00   0.0000000E+00   6.9249294E+05   0.0000000E+00   0.0000000E+00   8.5985216E-04
   4.3478261E-01   0.0000000E+00   0.0000000E+00   6.6713663E+05   0.0000000E+00   0.0000000E+00   4.7757524E-04
   4.4927536E-01   0.0000000E+00   0.0000000E+00   6.4268292E+05   0.0000000E+00   0.0000000E+00   5.1090663E-04
   4.6376812E-01   0.0000000E+00   0.0000000E+00   6.1689238E+05   0.0000000E+00   0.0000000E+00   3.7715810E-04
   4.7826087E-01   0.0000000E+00   0.0000000E+00   5.9245824E+05   0.0000000E+00   0.0000000E+00   5.1542918E-04
   4.9275362E-01   0.0000000E+00   0.0000000E+00   5.6741106E+05   0.0000000E+00   0.0000000E+00   1.0251175E-03
   5.0724638E-01   0.0000000E+00   0.0000000E+00   5.4505082E+05   0.0000000E+00   0.0000000E+00   4.0531060E-04
   5.2173913E-01   0.0000000E+00   0.0000000E+00   5.2603764E+05   0.0000000E+00   0.0000000E+00   6.3569783E-04
   5.3623188E-01   0.0000000E+00   0.0000000E+00   5.0268661E+05   0.0000000E+00   0.0000000E+00   9.9828235E-04
   5.5072464E-01   0.0000000E+00   0.0000000E+00   4.8275803E+05   0.0000000E+00   0.0000000E+00   6.4682408E-04
   5.6521739E-01   0.0000000E+00   0.0000000E+00   4.6629950E+05   0.0000000E+00   0.0000000E+00   9.6986250E-04
   5.7971014E-01   0.0000000E+00   0.0000000E+00   4.4827702E+05   0.0000000E+00   0.0000000E+00   6.8910954E-04
   5.9420290E-01   0.0000000E+00   0.0000000E+00   4.2679057E+05   0.0000000E+00   0.0000000E+00   5.5721216E-04
   6.0869565E-01   0.0000000E+00   0.0000000E+00   4.0519067E+05   0.0000000E+00   0.0000000E+00   3.3874956E-04
   6.2318841E-01   0.0000000E+00   0.0000000E+00   3.8535316E+05   0.0000000E+00   0.0000000E+00   1.2739529E-03
   6.3768116E-01   0.0000000E+00   0.0000000E+00   3.6658956E+05   0.0000000E+00   0.0000000E+00   1.5046981E-03
   6.5217391E-01   0.0000000E+00   0.0000000E+00   3.4716127E+05   0.0000000E+00   0.0000000E+00   1.6488873E-04
   6.6666667E-01   0.0000000E+00   0.0000000E+00   3.3131213E+05   0.0000000E+00   0.0000000E+00   8.5798253E-04
   6.8115942E-01   0.0000000E+00   0.0000000E+00   3.0970472E+05   0.0000000E+00   0.0000000E+00   5.7684489E-04
   6.9565217E-01   0.0000000E+00   0.0000000E+00   2.8811359E+05   0.0000000E+00   0.0000000E+00   5.0336662E-04
   7.1014493E-01   0.0000000E+00   0.0000000E+00   2.7207386E+05   0.0000000E+00   0.0000000E+00   8.6539504E-04
   7.2463768E-01   0.0000000E+00   0.0000000E+00   2.4941661E+05   0.0000000E+00   0.0000000E+00   1.7414627E-03
   7.3913043E-01   0.0000000E+00   0.0000000E+00   2.3082739E+05   0.0000000E+00   0.0000000E+00   8.3543130E-04
   7.5362319E-01   0.0000000E+00   0.0000000E+00   2.1242857E+05   0.0000000E+00   0.0000000E+00   1.4872013E-03
   7.6811594E-01   0.0000000E+00   0.0000000E+00   1.9242223E+05   0.0000000E+00   0.0000000E+00   2.7717774E-03
   7.8260870E-01   0.0000000E+00   0.0000000E+00   1.7766119E+05   0.0000000E+00   0.0000000E+00   1.7350304E-03
   7.9710145E-01   0.0000000E+00   0.0000000E+00   1.6587545E+05   0.0000000E+00   0.0000000E+00   1.6462682E-03
   8.1159420E-01   0.0000000E+00   0.0000000E+00   1.5441591E+05   0.0000000E+00   0.0000000E+00   1.1098476E-03
   8.2608696E-01   0.0000000E+00   0.0000000E+00   1.4217533E+05   0.0000000E+00   0.0000000E+00   8.7764922E-04
   8.4057971E-01   0.0000000E+00   0.0000000E+00   1.3140199E+05   0.0000000E+00   0.0000000E+00   2.1414326E-03
   8.5507246E-01   0.0000000E+00   0.0000000E+00   1.2357529E+05   0.0000000E+00   0.0000000E+00   2.9631094E-03
   8.6956522E-01   0.0000000E+00   0.0000000E+00   1.1614840E+05   0.0000000E+00   0.0000000E+00   5.9528742E-04
   8.8405797E-01   0.0000000E+00   0.0000000E+00   1.0783463E+05   0.0000000E+00   0.0000000E+00   1.4690714E-03
   8.9855072E-01   0.0000000E+00   0.0000000E+00   9.9947913E+04   0.0000000E+00   0.0000000E+00   2.3455043E-03
   9.1304348E-01   0.0000000E+00   0.0000000E+00   9.2034938E+04   0.0000000E+00   0.0000000E+00   1.3943451E-03
   9.2753623E-01   0.0000000E+00   0.0000000E+00   8.4049574E+04   0.0000000E+00   0.0000000E+00   2.5462777E-03
   9.4202899E-01   0.0000000E+00   0.0000000E+00   7.5831956E+04   0.0000000E+00   0.0000000E+00   5.3988411E-03
   9.5652174E-01   0.0000000E+00   0.0000000E+00   6.3626920E+04   0.0000000E+00   0.0000000E+00   7.1816152E-03
   9.7101449E-01   0.0000000E+00   0.0000000E+00   4.3371943E+04   0.0000000E+00   0.0000000E+00   5.1422234E-03
   9.8550725E-01   0.0000000E+00   0.0000000E+00   1.8620265E+04   0.0000000E+00   0.0000000E+00   4.1191585E-03
   1.0000000E+00   0.0000000E+00   0.0000000E+00   5.9305889E+03   0.0000000E+00   0.0000000E+00   1.4210164E-02
