   0.0000000E+00   0.0000000E+00   0.0000000E+00   5.9060670E+10   0.0000000E+00   0.0000000E+00   3.2393129E-07
   1.4492754E-02   0.0000000E+00   0.0000000E+00   8.2972167E+05   0.0000000E+00   0.0000000E+00   7.7586731E-03
   2.8985507E-02   0.0000000E+00   0.0000000E+00   6.9711775E+05   0.0000000E+00   0.0000000E+00   4.2992352E-03
   4.3478261E-02   0.0000000E+00   0.0000000E+00   6.5897834E+05   0.0000000E+00   0.0000000E+00   2.4564817E-03
   5.7971014E-02   0.0000000E+00   0.0000000E+00   6.2835315E+05   0.0000000E+00   0.0000000E+00   2.5408187E-03
   7.2463768E-02   0.0000000E+00   0.0000000E+00   6.0755327E+05   0.0000000E+00   0.0000000E+00   4.0599070E-03
   8.6956522E-02   0.0000000E+00   0.0000000E+00   5.9671764E+05   0.0000000E+00   0.0000000E+00   5.3888361E-03
   1.0144928E-01   0.0000000E+00   0.0000000E+00   5.8205002E+05   0.0000000E+00   0.0000000E+00   7.3608177E-03
   1.1594203E-01   0.0000000E+00   0.0000000E+00   5.7720592E+05   0.0000000E+00   0.0000000E+00   8.3666838E-03
   1.3043478E-01   0.0000000E+00   0.0000000E+00   5.5937806E+05   0.0000000E+00   0.0000000E+00   7.0874109E-03
   1.4492754E-01   0.0000000E+00   0.0000000E+00   5.5170808E+05   0.0000000E+00   0.0000000E+00   8.8755725E-03
   1.5942029E-01   0.0000000E+00   0.0000000E+00   5.4867024E+05   0.0000000E+00   0.0000000E+00   1.1252929E-02
   1.7391304E-01   0.0000000E+00   0.0000000E+00   5.3894022E+05   0.0000000E+00   0.0000000E+00   1.1936681E-02
   1.8840580E-01   0.0000000E+00   0.0000000E+00   5.3175629E+05   0.0000000E+00   0.0000000E+00   1.1777126E-02
   2.0289855E-01   0.0000000E+00   0.0000000E+00   5.1672229E+05   0.0000000E+00   0.0000000E+00   1.3941578E-02
   2.1739130E-01   0.0000000E+00   0.0000000E+00   5.0344025E+05   0.0000000E+00   0.0000000E+00   1.5056780E-02
   2.3188406E-01   0.0000000E+00   0.0000000E+00   4.9035035E+05   0.0000000E+00   0.0000000E+00   1.5428214E-02
   2.4637681E-01   0.0000000E+00   0.0000000E+00   4.7777527E+05   0.0000000E+00   0.0000000E+00   1.7524634E-02
   2.6086957E-01   0.0000000E+00   0.0000000E+00   4.6971255E+05   0.0000000E+00   0.0000000E+00   1.7766368E-02
   2.7536232E-01   0.0000000E+00   0.0000000E+00   4.5731403E+05   0.0000000E+00   0.0000000E+00   1.8737836E-02
   2.8985507E-01   0.0000000E+00   0.0000000E+00   4.3577437E+05   0.0000000E+00   0.0000000E+00   1.9132690E-02
   3.0434783E-01   0.0000000E+00   0.0000000E+00   4.1560053E+05   0.0000000E+00   0.0000000E+00   2.0663010E-02
   3.1884058E-01   0.0000000E+00   0.0000000E+00   4.0356367E+05   0.0000000E+00   0.0000000E+00   2.3352855E-02
   3.3333333E-01   0.0000000E+00   0.0000000E+00   3.8908131E+05   0.0000000E+00   0.0000000E+00   2.3042126E-02
   3.4782609E-01   0.0000000E+00   0.0000000E+00   3.7056481E+05   0.0000000E+00   0.0000000E+00   2.2811332E-02
   3.6231884E-01   0.0000000E+00   0.0000000E+00   3.5619686E+05   0.0000000E+00   0.0000000E+00   2.2512849E-02
   3.7681159E-01   0.0000000E+00   0.0000000E+00   3.4109808E+05   0.0000000E+00   0.0000000E+00   2.3903140E-02
   3.9130435E-01   0.0000000E+00   0.0000000E+00   3.2779128E+05   0.0000000E+00   0.0000000E+00   2.5809865E-02
   4.0579710E-01   0.0000000E+00   0.0000000E+00   3.1050967E+05   0.0000000E+00   0.0000000E+00   2.9206557E-02
   4.2028986E-01   0.0000000E+00   0.0000000E+00   2.8963832E+05   0.0000000E+00   0.0000000E+00   3.0403366E-02
   4.3478261E-01   0.0000000E+00   0.0000000E+00   2.7776101E+05   0.0000000E+00   0.0000000E+00   2.8945384E-02
   4.4927536E-01   0.0000000E+00   0.0000000E+00   2.6701663E+05   0.0000000E+00   0.0000000E+00   3.1436918E-02
   4.6376812E-01   0.0000000E+00   0.0000000E+00   2.5145018E+05   0.0000000E+00   0.0000000E+00   3.2178870E-02
   4.7826087E-01   0.0000000E+00   0.0000000E+00   2.3659754E+05   0.0000000E+00   0.0000000E+00   3.2681325E-02
   4.9275362E-01   0.0000000E+00   0.0000000E+00   2.2226200E+05   0.0000000E+00   0.0000000E+00   3.5735192E-02
   5.0724638E-01   0.0000000E+00   0.0000000E+00   2.0822604E+05   0.0000000E+00   0.0000000E+00   3.6875591E-02
   5.2173913E-01   0.0000000E+00   0.0000000E+00   1.9797976E+05   0.0000000E+00   0.0000000E+00   3.7291176E-02
   5.3623188E-01   0.0000000E+00   0.0000000E+00   1.8570693E+05   0.0000000E+00   0.0000000E+00   3.9828326E-02
   5.5072464E-01   0.0000000E+00   0.0000000E+00   1.7186664E+05   0.0000000E+00   0.0000000E+00   3.9926280E-02
   5.6521739E-01   0.0000000E+00   0.0000000E+00   1.5912470E+05   0.0000000E+00   0.0000000E+00   3.8616890E-02
   5.7971014E-01   0.0000000E+00   0.0000000E+00   1.4556122E+05   0.0000000E+00   0.0000000E+00   4.1147689E-02
   5.9420290E-01   0.0000000E+00   0.0000000E+00   1.3655894E+05   0.0000000E+00   0.0000000E+00   4.2949882E-02
   6.0869565E-01   0.0000000E+00   0.0000000E+00   1.2872503E+05   0.0000000E+00   0.0000000E+00   4.4917863E-02
   6.2318841E-01   0.0000000E+00   0.0000000E+00   1.1892942E+05   0.0000000E+00   0.0000000E+00   4.6454965E-02
   6.3768116E-01   0.0000000E+00   0.0000000E+00   1.1035402E+05   0.0000000E+00   0.0000000E+00   4.6744065E-02
   6.5217391E-01   0.0000000E+00   0.0000000E+00   1.0249652E+05   0.0000000E+00   0.0000000E+00   4.9712239E-02
   6.6666667E-01   0.0000000E+00   0.0000000E+00   9.4815921E+04   0.0000000E+00   0.0000000E+00   5.0409824E-02
   6.8115942E-01   0.0000000E+00   0.0000000E+00   8.6639935E+04   0.0000000E+00   0.0000000E+00   4.8184860E-02
   6.9565217E-01   0.0000000E+00   0.0000000E+00   7.9972793E+04   0.0000000E+00   0.0000000E+00   4.7790764E-02
   7.1014493E-01   0.0000000E+00   0.0000000E+00   7.5046860E+04   0.0000000E+00   0.0000000E+00   5.2678897E-02
   7.2463768E-01   0.0000000E+00   0.0000000E+00   6.9302597E+04   0.0000000E+00   0.0000000E+00   5.3909367E-02
   7.3913043E-01   0.0000000E+00   0.0000000E+00   6.3174439E+04   0.0000000E+00   0.0000000E+00   5.2662874E-02
   7.5362319E-01   0.0000000E+00   0.0000000E+00   5.8768309E+04   0.0000000E+00   0.0000000E+00   5.6656870E-02
   7.6811594E-01   0.0000000E+00   0.0000000E+00   5.4657120E+04   0.0000000E+00   0.0000000E+00   5.8777783E-02
   7.8260870E-01   0.0000000E+00   0.0000000E+00   4.9252884E+04   0.0000000E+00   0.0000000E+00   5.5621303E-02
   7.9710145E-01   0.0000000E+00   0.0000000E+00   4.4527363E+04   0.0000000E+00   0.0000000E+00   5.6077933E-02
   8.1159420E-01   0.0000000E+00   0.0000000E+00   4.1147808E+04   0.0000000E+00   0.0000000E+00   6.0434133E-02
   8.2608696E-01   0.0000000E+00   0.0000000E+00   3.7674136E+04   0.0000000E+00   0.0000000E+00   5.7601256E-02
   8.4057971E-01   0.0000000E+00   0.0000000E+00   3.4320246E+04   0.0000000E+00   0.0000000E+00   5.6063077E-02
   8.5507246E-01   0.0000000E+00   0.0000000E+00   3.2107487E+04   0.0000000E+00   0.0000000E+00   5.5036753E-02
   8.6956522E-01   0.0000000E+00   0.0000000E+00   2.9172862E+04   0.0000000E+00   0.0000000E+00   5.5347004E-02
   8.8405797E-01   0.0000000E+00   0.0000000E+00   2.5291015E+04   0.0000000E+00   0.0000000E+00   6.0473877E-02
   8.9855072E-01   0.0000000E+00   0.0000000E+00   2.3282071E+04   0.0000000E+00   0.0000000E+00   7.1177999E-02
   9.1304348E-01   0.0000000E+00   0.0000000E+00   2.0988103E+04   0.0000000E+00   0.0000000E+00   7.6432452E-02
   9.2753623E-01   0.0000000E+00   0.0000000E+00   1.7996246E+04   0.0000000E+00   0.0000000E+00   7.4892080E-02
   9.4202899E-01   0.0000000E+00   0.0000000E+00   1.5609376E+04   0.0000000E+00   0.0000000E+00   7.3241379E-02
   9.5652174E-01   0.0000000E+00   0.0000000E+00   1.3363720E+04   0.0000000E+00   0.0000000E+00   7.1316471E-02
   9.7101449E-01   0.0000000E+00   0.0000000E+00   1.1026765E+04   0.0000000E+00   0.0000000E+00   7.4021928E-02
   9.8550725E-01   0.0000000E+00   0.0000000E+00   6.3850459E+03   0.0000000E+00   0.0000000E+00   7.6168953E-02
   1.0000000E+00   0.0000000E+00   0.0000000E+00   3.3701502E+03   0.0000000E+00   0.0000000E+00   7.5654023E-02
