   0.0000000E+00   0.0000000E+00   0.0000000E+00   5.9517901E+10   0.0000000E+00   0.0000000E+00   6.0831247E-07
   1.4492754E-02   0.0000000E+00   0.0000000E+00   8.3729904E+05   0.0000000E+00   0.0000000E+00   8.4812311E-03
   2.8985507E-02   0.0000000E+00   0.0000000E+00   6.8764604E+05   0.0000000E+00   0.0000000E+00   1.1414611E-02
   4.3478261E-02   0.0000000E+00   0.0000000E+00   6.2917403E+05   0.0000000E+00   0.0000000E+00   9.4233060E-03
   5.7971014E-02   0.0000000E+00   0.0000000E+00   6.2570107E+05   0.0000000E+00   0.0000000E+00   5.6391176E-03
   7.2463768E-02   0.0000000E+00   0.0000000E+00   6.1240279E+05   0.0000000E+00   0.0000000E+00   3.0354425E-03
   8.6956522E-02   0.0000000E+00   0.0000000E+00   5.8459385E+05   0.0000000E+00   0.0000000E+00   3.6261875E-03
   1.0144928E-01   0.0000000E+00   0.0000000E+00   5.7772010E+05   0.0000000E+00   0.0000000E+00   6.4883160E-03
   1.1594203E-01   0.0000000E+00   0.0000000E+00   5.7493271E+05   0.0000000E+00   0.0000000E+00   8.3805407E-03
   1.3043478E-01   0.0000000E+00   0.0000000E+00   5.6072515E+05   0.0000000E+00   0.0000000E+00   1.2485894E-02
   1.4492754E-01   0.0000000E+00   0.0000000E+00   5.3943275E+05   0.0000000E+00   0.0000000E+00   1.6987854E-02
   1.5942029E-01   0.0000000E+00   0.0000000E+00   5.2015179E+05   0.0000000E+00   0.0000000E+00   2.0892625E-02
   1.7391304E-01   0.0000000E+00   0.0000000E+00   5.0869389E+05   0.0000000E+00   0.0000000E+00   2.0920910E-02
   1.8840580E-01   0.0000000E+00   0.0000000E+00   4.9025563E+05   0.0000000E+00   0.0000000E+00   1.8093372E-02
   2.0289855E-01   0.0000000E+00   0.0000000E+00   4.6698229E+05   0.0000000E+00   0.0000000E+00   1.8067124E-02
   2.1739130E-01   0.0000000E+00   0.0000000E+00   4.5555129E+05   0.0000000E+00   0.0000000E+00   1.8980680E-02
   2.3188406E-01   0.0000000E+00   0.0000000E+00   4.4095539E+05   0.0000000E+00   0.0000000E+00   1.9524158E-02
   2.4637681E-01   0.0000000E+00   0.0000000E+00   4.1497227E+05   0.0000000E+00   0.0000000E+00   1.9852748E-02
   2.6086957E-01   0.0000000E+00   0.0000000E+00   3.9566484E+05   0.0000000E+00   0.0000000E+00   2.1576143E-02
   2.7536232E-01   0.0000000E+00   0.0000000E+00   3.7579751E+05   0.0000000E+00   0.0000000E+00   2.5506056E-02
   2.8985507E-01   0.0000000E+00   0.0000000E+00   3.5518907E+05   0.0000000E+00   0.0000000E+00   2.5423645E-02
   3.0434783E-01   0.0000000E+00   0.0000000E+00   3.3564127E+05   0.0000000E+00   0.0000000E+00   2.4653588E-02
   3.1884058E-01   0.0000000E+00   0.0000000E+00   3.1480515E+05   0.0000000E+00   0.0000000E+00   2.7794404E-02
   3.3333333E-01   0.0000000E+00   0.0000000E+00   2.9406772E+05   0.0000000E+00   0.0000000E+00   2.9029760E-02
   3.4782609E-01   0.0000000E+00   0.0000000E+00   2.7464798E+05   0.0000000E+00   0.0000000E+00   3.2743519E-02
   3.6231884E-01   0.0000000E+00   0.0000000E+00   2.5659995E+05   0.0000000E+00   0.0000000E+00   3.4805357E-02
   3.7681159E-01   0.0000000E+00   0.0000000E+00   2.3484008E+05   0.0000000E+00   0.0000000E+00   3.1852939E-02
   3.9130435E-01   0.0000000E+00   0.0000000E+00   2.1626366E+05   0.0000000E+00   0.0000000E+00   3.1679682E-02
   4.0579710E-01   0.0000000E+00   0.0000000E+00   2.0131440E+05   0.0000000E+00   0.0000000E+00   3.0941951E-02
   4.2028986E-01   0.0000000E+00   0.0000000E+00   1.8575000E+05   0.0000000E+00   0.0000000E+00   3.1224072E-02
   4.3478261E-01   0.0000000E+00   0.0000000E+00   1.6889951E+05   0.0000000E+00   0.0000000E+00   3.2231550E-02
   4.4927536E-01   0.0000000E+00   0.0000000E+00   1.5196287E+05   0.0000000E+00   0.0000000E+00   3.4928481E-02
   4.6376812E-01   0.0000000E+00   0.0000000E+00   1.3899732E+05   0.0000000E+00   0.0000000E+00   3.6295573E-02
   4.7826087E-01   0.0000000E+00   0.0000000E+00   1.2842489E+05   0.0000000E+00   0.0000000E+00   3.7194798E-02
   4.9275362E-01   0.0000000E+00   0.0000000E+00   1.1660230E+05   0.0000000E+00   0.0000000E+00   4.0731130E-02
   5.0724638E-01   0.0000000E+00   0.0000000E+00   1.0599654E+05   0.0000000E+00   0.0000000E+00   4.1339783E-02
   5.2173913E-01   0.0000000E+00   0.0000000E+00   9.7916418E+04   0.0000000E+00   0.0000000E+00   4.0180656E-02
   5.3623188E-01   0.0000000E+00   0.0000000E+00   8.9556284E+04   0.0000000E+00   0.0000000E+00   4.0357732E-02
   5.5072464E-01   0.0000000E+00   0.0000000E+00   8.2274252E+04   0.0000000E+00   0.0000000E+00   4.0341465E-02
   5.6521739E-01   0.0000000E+00   0.0000000E+00   7.3753037E+04   0.0000000E+00   0.0000000E+00   3.8548579E-02
   5.7971014E-01   0.0000000E+00   0.0000000E+00   6.6491394E+04   0.0000000E+00   0.0000000E+00   4.0693190E-02
   5.9420290E-01   0.0000000E+00   0.0000000E+00   6.2670368E+04   0.0000000E+00   0.0000000E+00   4.1489731E-02
   6.0869565E-01   0.0000000E+00   0.0000000E+00   5.6649838E+04   0.0000000E+00   0.0000000E+00   4.0326746E-02
   6.2318841E-01   0.0000000E+00   0.0000000E+00   5.1614203E+04   0.0000000E+00   0.0000000E+00   4.0947159E-02
   6.3768116E-01   0.0000000E+00   0.0000000E+00   4.7616862E+04   0.0000000E+00   0.0000000E+00   3.8336275E-02
   6.5217391E-01   0.0000000E+00   0.0000000E+00   4.2753188E+04   0.0000000E+00   0.0000000E+00   4.1363453E-02
   6.6666667E-01   0.0000000E+00   0.0000000E+00   3.9715286E+04   0.0000000E+00   0.0000000E+00   4.1855233E-02
   6.8115942E-01   0.0000000E+00   0.0000000E+00   3.6355239E+04   0.0000000E+00   0.0000000E+00   3.8164604E-02
   6.9565217E-01   0.0000000E+00   0.0000000E+00   3.2109092E+04   0.0000000E+00   0.0000000E+00   3.5570120E-02
   7.1014493E-01   0.0000000E+00   0.0000000E+00   2.9830083E+04   0.0000000E+00   0.0000000E+00   3.1681325E-02
   7.2463768E-01   0.0000000E+00   0.0000000E+00   2.8066567E+04   0.0000000E+00   0.0000000E+00   3.4415970E-02
   7.3913043E-01   0.0000000E+00   0.0000000E+00   2.5510468E+04   0.0000000E+00   0.0000000E+00   3.5321443E-02
   7.5362319E-01   0.0000000E+00   0.0000000E+00   2.2834104E+04   0.0000000E+00   0.0000000E+00   3.7730362E-02
   7.6811594E-01   0.0000000E+00   0.0000000E+00   2.1045064E+04   0.0000000E+00   0.0000000E+00   3.8043447E-02
   7.8260870E-01   0.0000000E+00   0.0000000E+00   1.9855508E+04   0.0000000E+00   0.0000000E+00   3.6592564E-02
   7.9710145E-01   0.0000000E+00   0.0000000E+00   1.8282120E+04   0.0000000E+00   0.0000000E+00   3.3799455E-02
   8.1159420E-01   0.0000000E+00   0.0000000E+00   1.6534897E+04   0.0000000E+00   0.0000000E+00   3.5185870E-02
   8.2608696E-01   0.0000000E+00   0.0000000E+00   1.5420606E+04   0.0000000E+00   0.0000000E+00   4.5552135E-02
   8.4057971E-01   0.0000000E+00   0.0000000E+00   1.4318610E+04   0.0000000E+00   0.0000000E+00   4.1632792E-02
   8.5507246E-01   0.0000000E+00   0.0000000E+00   1.2753094E+04   0.0000000E+00   0.0000000E+00   4.3547973E-02
   8.6956522E-01   0.0000000E+00   0.0000000E+00   1.1909095E+04   0.0000000E+00   0.0000000E+00   4.9755133E-02
   8.8405797E-01   0.0000000E+00   0.0000000E+00   1.0769798E+04   0.0000000E+00   0.0000000E+00   4.3312864E-02
   8.9855072E-01   0.0000000E+00   0.0000000E+00   9.0683971E+03   0.0000000E+00   0.0000000E+00   4.7161743E-02
   9.1304348E-01   0.0000000E+00   0.0000000E+00   8.1907727E+03   0.0000000E+00   0.0000000E+00   5.2315618E-02
   9.2753623E-01   0.0000000E+00   0.0000000E+00   7.3050552E+03   0.0000000E+00   0.0000000E+00   6.6297607E-02
   9.4202899E-01   0.0000000E+00   0.0000000E+00   6.5864804E+03   0.0000000E+00   0.0000000E+00   7.2849484E-02
   9.5652174E-01   0.0000000E+00   0.0000000E+00   5.8896806E+03   0.0000000E+00   0.0000000E+00   6.6002461E-02
   9.7101449E-01   0.0000000E+00   0.0000000E+00   4.9874907E+03   0.0000000E+00   0.0000000E+00   5.8545399E-02
   9.8550725E-01   0.0000000E+00   0.0000000E+00   3.1646650E+03   0.0000000E+00   0.0000000E+00   5.8229581E-02
   1.0000000E+00   0.0000000E+00   0.0000000E+00   1.6850751E+03   0.0000000E+00   0.0000000E+00   6.1659279E-02
