   0.0000000E+00   0.0000000E+00   0.0000000E+00   5.8950726E+10   0.0000000E+00   0.0000000E+00   5.0979492E-07
   1.4492754E-02   0.0000000E+00   0.0000000E+00   1.3252815E+06   0.0000000E+00   0.0000000E+00   5.1629577E-03
   2.8985507E-02   0.0000000E+00   0.0000000E+00   1.1157673E+06   0.0000000E+00   0.0000000E+00   4.1491783E-03
   4.3478261E-02   0.0000000E+00   0.0000000E+00   1.0618417E+06   0.0000000E+00   0.0000000E+00   6.0036967E-03
   5.7971014E-02   0.0000000E+00   0.0000000E+00   1.0142306E+06   0.0000000E+00   0.0000000E+00   6.4729962E-03
   7.2463768E-02   0.0000000E+00   0.0000000E+00   9.6490189E+05   0.0000000E+00   0.0000000E+00   6.0978049E-03
   8.6956522E-02   0.0000000E+00   0.0000000E+00   9.5247501E+05   0.0000000E+00   0.0000000E+00   7.8377265E-03
   1.0144928E-01   0.0000000E+00   0.0000000E+00   9.5074304E+05   0.0000000E+00   0.0000000E+00   1.1180759E-02
   1.1594203E-01   0.0000000E+00   0.0000000E+00   9.1979762E+05   0.0000000E+00   0.0000000E+00   1.4543848E-02
   1.3043478E-01   0.0000000E+00   0.0000000E+00   8.9749701E+05   0.0000000E+00   0.0000000E+00   1.5532080E-02
   1.4492754E-01   0.0000000E+00   0.0000000E+00   8.9049215E+05   0.0000000E+00   0.0000000E+00   1.5457414E-02
   1.5942029E-01   0.0000000E+00   0.0000000E+00   8.7036391E+05   0.0000000E+00   0.0000000E+00   1.6756833E-02
   1.7391304E-01   0.0000000E+00   0.0000000E+00   8.3774105E+05   0.0000000E+00   0.0000000E+00   1.9217670E-02
   1.8840580E-01   0.0000000E+00   0.0000000E+00   8.0576553E+05   0.0000000E+00   0.0000000E+00   2.0740325E-02
   2.0289855E-01   0.0000000E+00   0.0000000E+00   7.7781671E+05   0.0000000E+00   0.0000000E+00   1.9728244E-02
   2.1739130E-01   0.0000000E+00   0.0000000E+00   7.4581496E+05   0.0000000E+00   0.0000000E+00   1.9885149E-02
   2.3188406E-01   0.0000000E+00   0.0000000E+00   7.1942362E+05   0.0000000E+00   0.0000000E+00   2.2499481E-02
   2.4637681E-01   0.0000000E+00   0.0000000E+00   6.9007526E+05   0.0000000E+00   0.0000000E+00   2.4548172E-02
   2.6086957E-01   0.0000000E+00   0.0000000E+00   6.5081162E+05   0.0000000E+00   0.0000000E+00   2.5507360E-02
   2.7536232E-01   0.0000000E+00   0.0000000E+00   6.1089529E+05   0.0000000E+00   0.0000000E+00   2.5781429E-02
   2.8985507E-01   0.0000000E+00   0.0000000E+00   5.7686494E+05   0.0000000E+00   0.0000000E+00   2.4444022E-02
   3.0434783E-01   0.0000000E+00   0.0000000E+00   5.4694156E+05   0.0000000E+00   0.0000000E+00   2.5683864E-02
   3.1884058E-01   0.0000000E+00   0.0000000E+00   5.1302218E+05   0.0000000E+00   0.0000000E+00   2.7885070E-02
   3.3333333E-01   0.0000000E+00   0.0000000E+00   4.7256413E+05   0.0000000E+00   0.0000000E+00   2.7754954E-02
   3.4782609E-01   0.0000000E+00   0.0000000E+00   4.3771922E+05   0.0000000E+00   0.0000000E+00   2.7988388E-02
   3.6231884E-01   0.0000000E+00   0.0000000E+00   4.1190566E+05   0.0000000E+00   0.0000000E+00   2.9285381E-02
   3.7681159E-01   0.0000000E+00   0.0000000E+00   3.8233644E+05   0.0000000E+00   0.0000000E+00   2.9797462E-02
   3.9130435E-01   0.0000000E+00   0.0000000E+00   3.5313336E+05   0.0000000E+00   0.0000000E+00   2.9788708E-02
   4.0579710E-01   0.0000000E+00   0.0000000E+00   3.2301232E+05   0.0000000E+00   0.0000000E+00   2.9802589E-02
   4.2028986E-01   0.0000000E+00   0.0000000E+00   2.9340087E+05   0.0000000E+00   0.0000000E+00   3.1312806E-02
   4.3478261E-01   0.0000000E+00   0.0000000E+00   2.6785992E+05   0.0000000E+00   0.0000000E+00   3.1586385E-02
   4.4927536E-01   0.0000000E+00   0.0000000E+00   2.4443119E+05   0.0000000E+00   0.0000000E+00   3.0020385E-02
   4.6376812E-01   0.0000000E+00   0.0000000E+00   2.2528459E+05   0.0000000E+00   0.0000000E+00   3.2810938E-02
   4.7826087E-01   0.0000000E+00   0.0000000E+00   2.0761985E+05   0.0000000E+00   0.0000000E+00   3.5770557E-02
   4.9275362E-01   0.0000000E+00   0.0000000E+00   1.8680438E+05   0.0000000E+00   0.0000000E+00   3.8162094E-02
   5.0724638E-01   0.0000000E+00   0.0000000E+00   1.6955982E+05   0.0000000E+00   0.0000000E+00   3.4949774E-02
   5.2173913E-01   0.0000000E+00   0.0000000E+00   1.5727246E+05   0.0000000E+00   0.0000000E+00   3.1481815E-02
   5.3623188E-01   0.0000000E+00   0.0000000E+00   1.4417476E+05   0.0000000E+00   0.0000000E+00   3.2040663E-02
   5.5072464E-01   0.0000000E+00   0.0000000E+00   1.2939351E+05   0.0000000E+00   0.0000000E+00   3.0434846E-02
   5.6521739E-01   0.0000000E+00   0.0000000E+00   1.1807092E+05   0.0000000E+00   0.0000000E+00   3.1819635E-02
   5.7971014E-01   0.0000000E+00   0.0000000E+00   1.0790170E+05   0.0000000E+00   0.0000000E+00   3.0730190E-02
   5.9420290E-01   0.0000000E+00   0.0000000E+00   9.9854910E+04   0.0000000E+00   0.0000000E+00   2.5460907E-02
   6.0869565E-01   0.0000000E+00   0.0000000E+00   9.5041830E+04   0.0000000E+00   0.0000000E+00   2.8170679E-02
   6.2318841E-01   0.0000000E+00   0.0000000E+00   8.6611065E+04   0.0000000E+00   0.0000000E+00   2.8941111E-02
   6.3768116E-01   0.0000000E+00   0.0000000E+00   7.7788559E+04   0.0000000E+00   0.0000000E+00   2.5303706E-02
   6.5217391E-01   0.0000000E+00   0.0000000E+00   7.2170210E+04   0.0000000E+00   0.0000000E+00   2.5495150E-02
   6.6666667E-01   0.0000000E+00   0.0000000E+00   6.7619763E+04   0.0000000E+00   0.0000000E+00   2.7443728E-02
   6.8115942E-01   0.0000000E+00   0.0000000E+00   6.2086042E+04   0.0000000E+00   0.0000000E+00   2.6746181E-02
   6.9565217E-01   0.0000000E+00   0.0000000E+00   5.5977798E+04   0.0000000E+00   0.0000000E+00   2.5830676E-02
   7.1014493E-01   0.0000000E+00   0.0000000E+00   5.1154958E+04   0.0000000E+00   0.0000000E+00   2.5587046E-02
   7.2463768E-01   0.0000000E+00   0.0000000E+00   4.6903901E+04   0.0000000E+00   0.0000000E+00   2.4858296E-02
   7.3913043E-01   0.0000000E+00   0.0000000E+00   4.3829867E+04   0.0000000E+00   0.0000000E+00   2.8405890E-02
   7.5362319E-01   0.0000000E+00   0.0000000E+00   4.1267506E+04   0.0000000E+00   0.0000000E+00   3.0576754E-02
   7.6811594E-01   0.0000000E+00   0.0000000E+00   3.8358633E+04   0.0000000E+00   0.0000000E+00   2.7989987E-02
   7.8260870E-01   0.0000000E+00   0.0000000E+00   3.5136531E+04   0.0000000E+00   0.0000000E+00   2.9778880E-02
   7.9710145E-01   0.0000000E+00   0.0000000E+00   3.1700947E+04   0.0000000E+00   0.0000000E+00   3.0860156E-02
   8.1159420E-01   0.0000000E+00   0.0000000E+00   3.0363591E+04   0.0000000E+00   0.0000000E+00   2.9877208E-02
   8.2608696E-01   0.0000000E+00   0.0000000E+00   2.8727526E+04   0.0000000E+00   0.0000000E+00   2.9697692E-02
   8.4057971E-01   0.0000000E+00   0.0000000E+00   2.5188213E+04   0.0000000E+00   0.0000000E+00   3.4931302E-02
   8.5507246E-01   0.0000000E+00   0.0000000E+00   2.2321125E+04   0.0000000E+00   0.0000000E+00   3.7436883E-02
   8.6956522E-01   0.0000000E+00   0.0000000E+00   2.0471519E+04   0.0000000E+00   0.0000000E+00   3.3051338E-02
   8.8405797E-01   0.0000000E+00   0.0000000E+00   1.8334743E+04   0.0000000E+00   0.0000000E+00   2.8932856E-02
   8.9855072E-01   0.0000000E+00   0.0000000E+00   1.6266896E+04   0.0000000E+00   0.0000000E+00   3.0149677E-02
   9.1304348E-01   0.0000000E+00   0.0000000E+00   1.4709714E+04   0.0000000E+00   0.0000000E+00   3.9254962E-02
   9.2753623E-01   0.0000000E+00   0.0000000E+00   1.3437987E+04   0.0000000E+00   0.0000000E+00   4.5869930E-02
   9.4202899E-01   0.0000000E+00   0.0000000E+00   1.1878980E+04   0.0000000E+00   0.0000000E+00   5.0875212E-02
   9.5652174E-01   0.0000000E+00   0.0000000E+00   1.0252407E+04   0.0000000E+00   0.0000000E+00   6.0113424E-02
   9.7101449E-01   0.0000000E+00   0.0000000E+00   9.0023642E+03   0.0000000E+00   0.0000000E+00   6.7968627E-02
   9.8550725E-01   0.0000000E+00   0.0000000E+00   5.5827365E+03   0.0000000E+00   0.0000000E+00   6.7025325E-02
   1.0000000E+00   0.0000000E+00   0.0000000E+00   2.8887001E+03   0.0000000E+00   0.0000000E+00   6.9929171E-02
