   0.0000000E+00   0.0000000E+00   0.0000000E+00   5.9688398E+10   0.0000000E+00   0.0000000E+00   5.0228111E-07
   1.4492754E-02   0.0000000E+00   0.0000000E+00   9.1913460E+05   0.0000000E+00   0.0000000E+00   5.2772355E-03
   2.8985507E-02   0.0000000E+00   0.0000000E+00   7.8577294E+05   0.0000000E+00   0.0000000E+00   9.4574085E-03
   4.3478261E-02   0.0000000E+00   0.0000000E+00   7.7011305E+05   0.0000000E+00   0.0000000E+00   1.5389058E-02
   5.7971014E-02   0.0000000E+00   0.0000000E+00   7.6474575E+05   0.0000000E+00   0.0000000E+00   1.8245761E-02
   7.2463768E-02   0.0000000E+00   0.0000000E+00   7.4470361E+05   0.0000000E+00   0.0000000E+00   2.0517238E-02
   8.6956522E-02   0.0000000E+00   0.0000000E+00   7.3854069E+05   0.0000000E+00   0.0000000E+00   2.5824657E-02
   1.0144928E-01   0.0000000E+00   0.0000000E+00   7.3846852E+05   0.0000000E+00   0.0000000E+00   3.3324851E-02
   1.1594203E-01   0.0000000E+00   0.0000000E+00   7.0630531E+05   0.0000000E+00   0.0000000E+00   3.7327478E-02
   1.3043478E-01   0.0000000E+00   0.0000000E+00   6.6116735E+05   0.0000000E+00   0.0000000E+00   3.4428379E-02
   1.4492754E-01   0.0000000E+00   0.0000000E+00   6.1225124E+05   0.0000000E+00   0.0000000E+00   3.0535739E-02
   1.5942029E-01   0.0000000E+00   0.0000000E+00   5.7140234E+05   0.0000000E+00   0.0000000E+00   2.3773116E-02
   1.7391304E-01   0.0000000E+00   0.0000000E+00   5.2599555E+05   0.0000000E+00   0.0000000E+00   2.0439328E-02
   1.8840580E-01   0.0000000E+00   0.0000000E+00   4.6484231E+05   0.0000000E+00   0.0000000E+00   2.0999558E-02
   2.0289855E-01   0.0000000E+00   0.0000000E+00   4.0647161E+05   0.0000000E+00   0.0000000E+00   1.5871515E-02
   2.1739130E-01   0.0000000E+00   0.0000000E+00   3.5507541E+05   0.0000000E+00   0.0000000E+00   1.3963140E-02
   2.3188406E-01   0.0000000E+00   0.0000000E+00   3.1322940E+05   0.0000000E+00   0.0000000E+00   1.3090792E-02
   2.4637681E-01   0.0000000E+00   0.0000000E+00   2.7813394E+05   0.0000000E+00   0.0000000E+00   1.0121414E-02
   2.6086957E-01   0.0000000E+00   0.0000000E+00   2.4807457E+05   0.0000000E+00   0.0000000E+00   1.0747363E-02
   2.7536232E-01   0.0000000E+00   0.0000000E+00   2.1798888E+05   0.0000000E+00   0.0000000E+00   1.1799919E-02
   2.8985507E-01   0.0000000E+00   0.0000000E+00   1.9276821E+05   0.0000000E+00   0.0000000E+00   7.0742234E-03
   3.0434783E-01   0.0000000E+00   0.0000000E+00   1.7539800E+05   0.0000000E+00   0.0000000E+00   3.9483695E-03
   3.1884058E-01   0.0000000E+00   0.0000000E+00   1.6015798E+05   0.0000000E+00   0.0000000E+00   4.8041090E-03
   3.3333333E-01   0.0000000E+00   0.0000000E+00   1.4693503E+05   0.0000000E+00   0.0000000E+00   5.7897093E-03
   3.4782609E-01   0.0000000E+00   0.0000000E+00   1.3408782E+05   0.0000000E+00   0.0000000E+00   5.9187163E-03
   3.6231884E-01   0.0000000E+00   0.0000000E+00   1.2348077E+05   0.0000000E+00   0.0000000E+00   5.3323445E-03
   3.7681159E-01   0.0000000E+00   0.0000000E+00   1.1503026E+05   0.0000000E+00   0.0000000E+00   4.4512438E-03
   3.9130435E-01   0.0000000E+00   0.0000000E+00   1.1076988E+05   0.0000000E+00   0.0000000E+00   1.5687893E-03
   4.0579710E-01   0.0000000E+00   0.0000000E+00   1.0491947E+05   0.0000000E+00   0.0000000E+00   3.5001764E-03
   4.2028986E-01   0.0000000E+00   0.0000000E+00   9.9158990E+04   0.0000000E+00   0.0000000E+00   2.7976635E-03
   4.3478261E-01   0.0000000E+00   0.0000000E+00   9.3024807E+04   0.0000000E+00   0.0000000E+00   4.9027152E-03
   4.4927536E-01   0.0000000E+00   0.0000000E+00   8.7726354E+04   0.0000000E+00   0.0000000E+00   4.0054037E-03
   4.6376812E-01   0.0000000E+00   0.0000000E+00   8.2711695E+04   0.0000000E+00   0.0000000E+00   3.4085383E-03
   4.7826087E-01   0.0000000E+00   0.0000000E+00   7.6944716E+04   0.0000000E+00   0.0000000E+00   3.3644582E-03
   4.9275362E-01   0.0000000E+00   0.0000000E+00   7.4436486E+04   0.0000000E+00   0.0000000E+00   6.3252260E-03
   5.0724638E-01   0.0000000E+00   0.0000000E+00   7.1162299E+04   0.0000000E+00   0.0000000E+00   4.2790283E-03
   5.2173913E-01   0.0000000E+00   0.0000000E+00   6.8659363E+04   0.0000000E+00   0.0000000E+00   2.0170020E-03
   5.3623188E-01   0.0000000E+00   0.0000000E+00   6.4510015E+04   0.0000000E+00   0.0000000E+00   1.6806433E-03
   5.5072464E-01   0.0000000E+00   0.0000000E+00   6.0718637E+04   0.0000000E+00   0.0000000E+00   1.2846908E-03
   5.6521739E-01   0.0000000E+00   0.0000000E+00   5.8656591E+04   0.0000000E+00   0.0000000E+00   7.5198047E-04
   5.7971014E-01   0.0000000E+00   0.0000000E+00   5.5845194E+04   0.0000000E+00   0.0000000E+00   1.6996235E-03
   5.9420290E-01   0.0000000E+00   0.0000000E+00   5.3799305E+04   0.0000000E+00   0.0000000E+00   2.4605489E-03
   6.0869565E-01   0.0000000E+00   0.0000000E+00   5.1760632E+04   0.0000000E+00   0.0000000E+00   3.3318807E-03
   6.2318841E-01   0.0000000E+00   0.0000000E+00   4.8371795E+04   0.0000000E+00   0.0000000E+00   3.2919509E-03
   6.3768116E-01   0.0000000E+00   0.0000000E+00   4.4809792E+04   0.0000000E+00   0.0000000E+00   1.6502552E-03
   6.5217391E-01   0.0000000E+00   0.0000000E+00   4.2517447E+04   0.0000000E+00   0.0000000E+00   1.2729758E-03
   6.6666667E-01   0.0000000E+00   0.0000000E+00   4.2169694E+04   0.0000000E+00   0.0000000E+00   2.6471296E-03
   6.8115942E-01   0.0000000E+00   0.0000000E+00   4.0434119E+04   0.0000000E+00   0.0000000E+00   7.8143722E-03
   6.9565217E-01   0.0000000E+00   0.0000000E+00   3.8092055E+04   0.0000000E+00   0.0000000E+00   5.9470184E-03
   7.1014493E-01   0.0000000E+00   0.0000000E+00   3.6665177E+04   0.0000000E+00   0.0000000E+00   2.3488048E-03
   7.2463768E-01   0.0000000E+00   0.0000000E+00   3.4719495E+04   0.0000000E+00   0.0000000E+00   4.7892935E-03
   7.3913043E-01   0.0000000E+00   0.0000000E+00   3.2344956E+04   0.0000000E+00   0.0000000E+00   5.9965377E-03
   7.5362319E-01   0.0000000E+00   0.0000000E+00   2.9682877E+04   0.0000000E+00   0.0000000E+00   3.8959912E-03
   7.6811594E-01   0.0000000E+00   0.0000000E+00   2.7664537E+04   0.0000000E+00   0.0000000E+00   5.9506942E-03
   7.8260870E-01   0.0000000E+00   0.0000000E+00   2.6282237E+04   0.0000000E+00   0.0000000E+00   7.7644804E-03
   7.9710145E-01   0.0000000E+00   0.0000000E+00   2.5625277E+04   0.0000000E+00   0.0000000E+00   4.3934794E-03
   8.1159420E-01   0.0000000E+00   0.0000000E+00   2.4477601E+04   0.0000000E+00   0.0000000E+00   5.2043529E-03
   8.2608696E-01   0.0000000E+00   0.0000000E+00   2.2771981E+04   0.0000000E+00   0.0000000E+00   4.4516926E-03
   8.4057971E-01   0.0000000E+00   0.0000000E+00   2.1595495E+04   0.0000000E+00   0.0000000E+00   1.4935784E-03
   8.5507246E-01   0.0000000E+00   0.0000000E+00   1.9559881E+04   0.0000000E+00   0.0000000E+00   7.1143629E-03
   8.6956522E-01   0.0000000E+00   0.0000000E+00   1.7983617E+04   0.0000000E+00   0.0000000E+00   1.0610785E-02
   8.8405797E-01   0.0000000E+00   0.0000000E+00   1.6011846E+04   0.0000000E+00   0.0000000E+00   9.2307679E-03
   8.9855072E-01   0.0000000E+00   0.0000000E+00   1.3798141E+04   0.0000000E+00   0.0000000E+00   1.3653141E-02
   9.1304348E-01   0.0000000E+00   0.0000000E+00   1.2833413E+04   0.0000000E+00   0.0000000E+00   6.8224017E-03
   9.2753623E-01   0.0000000E+00   0.0000000E+00   1.0762229E+04   0.0000000E+00   0.0000000E+00   1.4141156E-02
   9.4202899E-01   0.0000000E+00   0.0000000E+00   8.3700760E+03   0.0000000E+00   0.0000000E+00   1.2431469E-02
   9.5652174E-01   0.0000000E+00   0.0000000E+00   6.1881829E+03   0.0000000E+00   0.0000000E+00   2.3125733E-02
   9.7101449E-01   0.0000000E+00   0.0000000E+00   3.9809450E+03   0.0000000E+00   0.0000000E+00   2.9419929E-02
   9.8550725E-01   0.0000000E+00   0.0000000E+00   1.8943417E+03   0.0000000E+00   0.0000000E+00   4.4771015E-02
   1.0000000E+00   0.0000000E+00   0.0000000E+00   7.8782731E+02   0.0000000E+00   0.0000000E+00   7.3757975E-02
