   0.0000000E+00   3.7135081E+10   1.8627744E+10   5.5658990E+10   2.1804909E-06   2.1758461E-06   1.6678922E-06
   1.4492754E-02   1.6151157E+07   8.1039938E+06   2.4253636E+07   2.4932575E-03   2.3299552E-03   2.3673143E-03
   2.8985507E-02   1.5303250E+07   7.6455631E+06   2.2948055E+07   7.2110602E-03   8.7882215E-03   7.7365039E-03
   4.3478261E-02   1.3697101E+07   6.7900784E+06   2.0486927E+07   1.3665189E-02   1.2650524E-02   1.3331497E-02
   5.7971014E-02   1.1567987E+07   5.7273527E+06   1.7295150E+07   1.8711268E-02   1.7217845E-02   1.8210529E-02
   7.2463768E-02   9.0976897E+06   4.5139890E+06   1.3611073E+07   2.5202315E-02   2.3943578E-02   2.4779620E-02
   8.6956522E-02   6.8581484E+06   3.3798845E+06   1.0237528E+07   3.1870011E-02   3.0875192E-02   3.1541621E-02
   1.0144928E-01   4.9827682E+06   2.4825619E+06   7.4652218E+06   3.9361592E-02   3.5399008E-02   3.8036352E-02
   1.1594203E-01   3.5879779E+06   1.7991510E+06   5.3869395E+06   4.3616415E-02   4.3974285E-02   4.3729938E-02
   1.3043478E-01   2.6554461E+06   1.3188828E+06   3.9741605E+06   4.6651783E-02   4.7680929E-02   4.6980177E-02
   1.4492754E-01   1.9445797E+06   9.9922737E+05   2.9438070E+06   5.0429583E-02   5.0126041E-02   5.0325719E-02
   1.5942029E-01   1.4485859E+06   7.2536066E+05   2.1739465E+06   5.4981043E-02   5.2547488E-02   5.4130014E-02
   1.7391304E-01   1.0254072E+06   5.1747101E+05   1.5428782E+06   5.5646243E-02   5.0606277E-02   5.3927873E-02
   1.8840580E-01   7.1133988E+05   3.5042407E+05   1.0617640E+06   4.7065528E-02   4.6959862E-02   4.6973000E-02
   2.0289855E-01   5.1125577E+05   2.5551963E+05   7.6677540E+05   4.1415580E-02   4.4400292E-02   4.2406678E-02
   2.1739130E-01   3.8609210E+05   1.8882798E+05   5.7492008E+05   4.1282488E-02   3.7724897E-02   4.0113027E-02
   2.3188406E-01   3.0910921E+05   1.5798810E+05   4.6709731E+05   3.7198974E-02   3.4217161E-02   3.6180186E-02
   2.4637681E-01   2.4452609E+05   1.1860808E+05   3.6313416E+05   3.7564210E-02   3.8081100E-02   3.7730413E-02
   2.6086957E-01   1.8560339E+05   9.1180981E+04   2.7678437E+05   4.0300918E-02   4.1982440E-02   4.0810418E-02
   2.7536232E-01   1.3822712E+05   7.0987963E+04   2.0921509E+05   3.8322279E-02   4.4540597E-02   4.0321485E-02
   2.8985507E-01   9.7482824E+04   4.7510090E+04   1.4499291E+05   4.5862934E-02   4.7708288E-02   4.6452658E-02
   3.0434783E-01   6.3758130E+04   3.0634212E+04   9.4392341E+04   5.4408809E-02   6.1503240E-02   5.6695005E-02
   3.1884058E-01   3.2651563E+04   1.4741423E+04   4.7392985E+04   6.4883824E-02   7.5596699E-02   6.8215960E-02
   3.3333333E-01   8.4998289E+03   4.1181342E+03   1.2617963E+04   6.9613385E-02   5.6151359E-02   6.5115337E-02
   3.4782609E-01   1.3260392E+03   6.6301960E+02   1.9890588E+03   8.3926911E-02   7.7875851E-02   8.1893095E-02
   3.6231884E-01   1.0911408E+03   4.8495148E+02   1.5760923E+03   7.6298058E-02   8.6805012E-02   7.9496513E-02
   3.7681159E-01   1.0200302E+03   4.6629950E+02   1.4863296E+03   9.1753160E-02   1.0556133E-01   9.5980982E-02
   3.9130435E-01   8.6999397E+02   6.1741508E+02   1.4874090E+03   7.4706351E-02   9.2985474E-02   8.1412183E-02
   4.0579710E-01   1.0824810E+03   5.4124049E+02   1.6237215E+03   6.7513452E-02   1.2283295E-01   8.4865702E-02
   4.2028986E-01   1.2019272E+03   4.9644817E+02   1.6983753E+03   1.0669256E-01   8.3092722E-02   9.8801224E-02
   4.3478261E-01   9.8505769E+02   7.3247879E+02   1.7175365E+03   1.0973196E-01   1.3940974E-01   1.2221809E-01
   4.4927536E-01   9.7772475E+02   3.9108990E+02   1.3688147E+03   1.3890721E-01   1.3268277E-01   1.3675153E-01
   4.6376812E-01   9.9452940E+02   3.0783053E+02   1.3023599E+03   1.4384291E-01   1.3972040E-01   1.4279456E-01
   4.7826087E-01   1.1940093E+03   5.2811951E+02   1.7221288E+03   1.5259301E-01   1.1727904E-01   1.4146587E-01
   4.9275362E-01   7.5773668E+02   3.1200922E+02   1.0697459E+03   1.4558794E-01   5.4663184E-02   1.1900201E-01
   5.0724638E-01   7.3608706E+02   5.1959087E+02   1.2556779E+03   1.4675580E-01   1.5032535E-01   1.4821651E-01
   5.2173913E-01   7.9983317E+02   5.2620603E+02   1.3260392E+03   1.8711966E-01   1.3286762E-01   1.6551431E-01
   5.3623188E-01   7.9869542E+02   5.7342236E+02   1.3721178E+03   2.1477549E-01   1.5773504E-01   1.9078265E-01
   5.5072464E-01   8.3749844E+02   4.1874922E+02   1.2562477E+03   1.9242258E-01   1.6567979E-01   1.8347863E-01
   5.6521739E-01   9.1316985E+02   2.9143719E+02   1.2046070E+03   1.4161688E-01   1.7439426E-01   1.4946806E-01
   5.7971014E-01   6.2513276E+02   4.5464201E+02   1.0797748E+03   1.6752640E-01   1.9346038E-01   1.7843449E-01
   5.9420290E-01   7.5773668E+02   3.8810903E+02   1.1458457E+03   1.5563614E-01   1.0925334E-01   1.3930074E-01
   6.0869565E-01   8.8402613E+02   3.0670294E+02   1.1907291E+03   1.7521988E-01   1.8435510E-01   1.7755879E-01
   6.2318841E-01   4.5816637E+02   5.2865350E+02   9.8681987E+02   1.7477575E-01   2.0351054E-01   1.8996692E-01
   6.3768116E-01   5.8552380E+02   3.2720448E+02   9.1272828E+02   2.0923234E-01   1.5880203E-01   1.9107921E-01
   6.5217391E-01   7.9141387E+02   3.0309467E+02   1.0945085E+03   1.6547208E-01   1.7037090E-01   1.6682226E-01
   6.6666667E-01   6.9184654E+02   3.1297820E+02   1.0048247E+03   1.6990222E-01   1.8620133E-01   1.7497176E-01
   6.8115942E-01   7.2549257E+02   2.9019703E+02   1.0156896E+03   2.0265004E-01   1.8675010E-01   1.9791702E-01
   6.9565217E-01   5.5251633E+02   3.9465452E+02   9.4717086E+02   1.9635731E-01   2.6432064E-01   2.2461748E-01
   7.1014493E-01   5.7216852E+02   1.8556817E+02   7.5773668E+02   2.2351941E-01   2.2611113E-01   2.2415298E-01
   7.2463768E-01   5.3041568E+02   3.1824941E+02   8.4866509E+02   1.7864845E-01   3.0199818E-01   2.2490460E-01
   7.3913043E-01   3.2686680E+02   2.0800615E+02   5.3487295E+02   2.4188450E-01   1.8742679E-01   2.2070376E-01
   7.5362319E-01   4.0801206E+02   2.4772161E+02   6.5573367E+02   2.3248725E-01   2.1241552E-01   2.2489654E-01
   7.6811594E-01   4.2890756E+02   2.2875070E+02   6.5765825E+02   2.5198716E-01   2.5644167E-01   2.5353656E-01
   7.8260870E-01   3.0870754E+02   1.9645025E+02   5.0515779E+02   1.7078109E-01   1.1301154E-01   1.4828510E-01
   7.9710145E-01   3.4442577E+02   6.8885153E+01   4.1331092E+02   2.4295652E-01   1.5752258E-01   2.2871433E-01
   8.1159420E-01   4.6005442E+02   1.2177911E+02   5.8183353E+02   1.8536311E-01   2.9986207E-01   2.0932801E-01
   8.2608696E-01   3.0575340E+02   1.3293626E+02   4.3868966E+02   2.2466281E-01   1.5399666E-01   2.0324881E-01
   8.4057971E-01   2.7435294E+02   1.3064426E+02   4.0499719E+02   2.1818154E-01   1.8076305E-01   2.0611106E-01
   8.5507246E-01   2.4401690E+02   1.1558695E+02   3.5960385E+02   2.1542870E-01   2.4832700E-01   2.2600315E-01
   8.6956522E-01   2.5257889E+02   1.5154734E+02   4.0412623E+02   2.7487992E-01   2.1469819E-01   2.5231177E-01
   8.8405797E-01   2.2359443E+02   8.6953390E+01   3.1054782E+02   2.8177728E-01   2.7668313E-01   2.8035092E-01
   8.9855072E-01   1.9554495E+02   1.0999403E+02   3.0553899E+02   1.3941682E-01   8.6094884E-02   1.2022092E-01
   9.1304348E-01   2.2852376E+02   7.2165398E+01   3.0068916E+02   2.2908198E-01   4.1700666E-01   2.7418390E-01
   9.2753623E-01   1.0655672E+02   8.2877450E+01   1.8943417E+02   1.8427614E-01   2.3172705E-01   2.0503591E-01
   9.4202899E-01   1.2823236E+02   8.1602412E+01   2.0983477E+02   1.8511814E-01   2.2714090E-01   2.0146032E-01
   9.5652174E-01   1.2628945E+02   4.5923435E+01   1.7221288E+02   2.2640476E-01   1.0251817E-01   1.9336833E-01
   9.7101449E-01   1.1309503E+02   2.2619005E+01   1.3571403E+02   2.5190484E-01   4.1520575E-01   2.7912166E-01
   9.8550725E-01   6.6859119E+01   3.3429560E+01   1.0028868E+02   2.8090841E-01   1.6896261E-05   1.8726664E-01
   1.0000000E+00   4.3768184E+01   0.0000000E+00   4.3768184E+01   2.1393395E-01   0.0000000E+00   2.1393395E-01
