   0.0000000E+00   2.5939060E+10   1.3814273E+10   3.9737427E+10   5.6166751E-06   4.0034643E-06   4.9821188E-06
   1.4492754E-02   3.5399185E+07   1.7696940E+07   5.3096125E+07   3.4388176E-02   3.0912126E-02   3.3227103E-02
   2.8985507E-02   3.7928510E+07   1.8839228E+07   5.6767359E+07   3.7890533E-02   3.3754033E-02   3.6520431E-02
   4.3478261E-02   2.6907735E+07   1.3370516E+07   4.0277241E+07   8.2737069E-03   8.2247910E-03   8.2460871E-03
   5.7971014E-02   1.7165956E+07   8.3930704E+06   2.5559216E+07   1.5104047E-03   1.8115347E-03   1.4945459E-03
   7.2463768E-02   1.2672843E+07   6.1225124E+06   1.8794749E+07   6.9985597E-04   9.4484859E-04   4.3255997E-04
   8.6956522E-02   1.0176783E+07   4.8853810E+06   1.5061911E+07   1.1455487E-03   1.0563848E-03   8.5921193E-04
   1.0144928E-01   8.5498678E+06   4.0483706E+06   1.2598238E+07   1.2683548E-03   7.0161483E-04   1.0737765E-03
   1.1594203E-01   7.4050765E+06   3.4746016E+06   1.0879489E+07   6.3327446E-04   1.7177743E-03   9.4133883E-04
   1.3043478E-01   6.5263019E+06   3.0285893E+06   9.5548070E+06   4.8683854E-04   9.3605401E-04   3.2141736E-04
   1.4492754E-01   5.8110069E+06   2.6792811E+06   8.4902122E+06   1.2133197E-03   1.4930712E-03   1.2848211E-03
   1.5942029E-01   5.2703342E+06   2.3961701E+06   7.6664353E+06   1.2695586E-03   1.2467894E-03   1.2338115E-03
   1.7391304E-01   4.8021562E+06   2.1570238E+06   6.9589906E+06   5.6795354E-04   1.3446872E-03   7.1853634E-04
   1.8840580E-01   4.3895103E+06   1.9703485E+06   6.3596840E+06   1.3567951E-03   9.4784209E-04   1.1276369E-03
   2.0289855E-01   4.0514557E+06   1.7962148E+06   5.8476164E+06   1.3442445E-03   2.7529611E-03   1.7596852E-03
   2.1739130E-01   3.7355408E+06   1.6380752E+06   5.3735655E+06   1.6965671E-03   2.1762595E-03   1.7902796E-03
   2.3188406E-01   3.4660770E+06   1.5132002E+06   4.9791825E+06   2.4525470E-03   2.0675377E-03   2.3255546E-03
   2.4637681E-01   3.2433804E+06   1.4030163E+06   4.6463968E+06   1.6011196E-03   1.6796348E-03   1.6013664E-03
   2.6086957E-01   3.0183178E+06   1.3073063E+06   4.3255820E+06   1.5168839E-03   1.6737359E-03   1.5273326E-03
   2.7536232E-01   2.8132370E+06   1.2098662E+06   4.0230633E+06   2.0090055E-03   1.6119980E-03   1.8808882E-03
   2.8985507E-01   2.6492369E+06   1.1444476E+06   3.7936845E+06   1.0931435E-03   1.8040192E-03   1.1181084E-03
   3.0434783E-01   2.5004950E+06   1.0531097E+06   3.5536046E+06   1.9964445E-03   2.3729244E-03   2.1079901E-03
   3.1884058E-01   2.3695459E+06   9.9694038E+05   3.3664519E+06   2.3413645E-03   1.3440792E-03   2.0183408E-03
   3.3333333E-01   2.2248467E+06   9.3890164E+05   3.1637483E+06   2.1102855E-03   1.2155008E-03   1.7928307E-03
   3.4782609E-01   2.0940685E+06   8.7925870E+05   2.9733272E+06   1.7484046E-03   2.7504706E-03   2.0036051E-03
   3.6231884E-01   1.9931809E+06   8.2378101E+05   2.8169013E+06   1.7636351E-03   2.5637144E-03   1.9948574E-03
   3.7681159E-01   1.8682872E+06   7.7324114E+05   2.6415284E+06   1.2990015E-03   2.1770268E-03   1.2691215E-03
   3.9130435E-01   1.7506804E+06   7.3169299E+05   2.4823734E+06   7.6406124E-04   2.2316805E-03   1.1349920E-03
   4.0579710E-01   1.6367112E+06   6.7368204E+05   2.3103391E+06   1.7896798E-03   2.1249586E-03   1.6994332E-03
   4.2028986E-01   1.5293739E+06   6.2811145E+05   2.1574854E+06   2.9627575E-03   1.1272482E-03   2.4083970E-03
   4.3478261E-01   1.4093650E+06   5.7241955E+05   1.9817593E+06   1.0894645E-03   3.7169907E-03   1.8465198E-03
   4.4927536E-01   1.2653714E+06   5.1824301E+05   1.7836144E+06   2.3708680E-03   2.4850780E-03   2.3431672E-03
   4.6376812E-01   1.1015360E+06   4.4652002E+05   1.5480560E+06   2.9303414E-03   4.0078032E-03   3.2405618E-03
   4.7826087E-01   8.8212031E+05   3.5214090E+05   1.2342612E+06   4.2147045E-03   3.0270224E-03   3.4729672E-03
   4.9275362E-01   5.6959512E+05   2.3099826E+05   8.0059338E+05   5.0056292E-03   5.4925888E-03   5.0927708E-03
   5.0724638E-01   1.9750948E+05   7.7700485E+04   2.7520996E+05   2.0850310E-02   1.3054512E-02   1.8641583E-02
   5.2173913E-01   4.1780759E+04   1.6564966E+04   5.8345725E+04   1.1090238E-01   9.5209702E-02   1.0644505E-01
   5.3623188E-01   3.7170056E+04   1.3311590E+04   5.0481647E+04   1.4503792E-01   1.2147893E-01   1.3882561E-01
   5.5072464E-01   3.2821963E+04   1.2961285E+04   4.5783248E+04   1.4778088E-01   1.4044672E-01   1.4570445E-01
   5.6521739E-01   2.6909367E+04   1.0025439E+04   3.6934806E+04   1.7708024E-01   1.6568945E-01   1.7398780E-01
   5.7971014E-01   2.1387118E+04   7.3879327E+03   2.8775051E+04   1.9438108E-01   1.6384968E-01   1.8654188E-01
   5.9420290E-01   1.7354018E+04   6.3575956E+03   2.3711614E+04   2.1388126E-01   1.9429489E-01   2.0862973E-01
   6.0869565E-01   1.4631535E+04   4.9974538E+03   1.9628988E+04   2.2502309E-01   1.9663568E-01   2.1779565E-01
   6.2318841E-01   1.3181094E+04   4.5992855E+03   1.7780379E+04   2.3172345E-01   2.1227738E-01   2.2669297E-01
   6.3768116E-01   1.0797748E+04   3.9436750E+03   1.4741423E+04   2.2829403E-01   2.1885957E-01   2.2576991E-01
   6.5217391E-01   9.2275490E+03   3.1319783E+03   1.2359527E+04   2.3011995E-01   2.2692864E-01   2.2931057E-01
   6.6666667E-01   8.3351035E+03   2.6685509E+03   1.1003654E+04   2.4633179E-01   2.3560837E-01   2.4373109E-01
   6.8115942E-01   7.5773668E+03   2.3376983E+03   9.9150651E+03   2.4803604E-01   2.4706217E-01   2.4780455E-01
   6.9565217E-01   6.4881204E+03   2.0364173E+03   8.5245377E+03   2.5823434E-01   2.4362528E-01   2.5474418E-01
   7.1014493E-01   5.7062212E+03   1.8866097E+03   7.5928309E+03   2.6155290E-01   2.4603367E-01   2.5769680E-01
   7.2463768E-01   5.1374547E+03   1.7579491E+03   6.8954038E+03   2.5442152E-01   2.6932822E-01   2.5822191E-01
   7.3913043E-01   4.8287142E+03   1.1291762E+03   5.9578904E+03   2.6278775E-01   2.4549165E-01   2.5950961E-01
   7.5362319E-01   4.0072613E+03   1.6174764E+03   5.6247377E+03   2.8037321E-01   2.4351519E-01   2.6977271E-01
   7.6811594E-01   3.0023529E+03   1.0293781E+03   4.0317310E+03   2.9074573E-01   2.9295218E-01   2.9130908E-01
   7.8260870E-01   2.9888503E+03   8.9805829E+02   3.8869085E+03   2.7721930E-01   3.1941598E-01   2.8696871E-01
   7.9710145E-01   2.9758386E+03   8.9550699E+02   3.8713456E+03   2.8349387E-01   2.8659865E-01   2.8421123E-01
   8.1159420E-01   2.3273341E+03   7.0361264E+02   3.0309467E+03   2.9279149E-01   2.9549052E-01   2.9341803E-01
   8.2608696E-01   2.2067419E+03   8.3749844E+02   3.0442404E+03   3.0220056E-01   2.5368254E-01   2.8885277E-01
   8.4057971E-01   1.8028907E+03   6.7935013E+02   2.4822409E+03   3.2390099E-01   2.7124333E-01   3.0948942E-01
   8.5507246E-01   1.7338043E+03   3.9813283E+02   2.1319371E+03   3.1487654E-01   2.4298132E-01   3.0145032E-01
   8.6956522E-01   1.4396997E+03   5.0515779E+02   1.9448575E+03   3.2651814E-01   3.4017318E-01   3.3006490E-01
   8.8405797E-01   1.4285200E+03   3.9750121E+02   1.8260212E+03   3.2641713E-01   3.3127312E-01   3.2747422E-01
   8.9855072E-01   1.0510541E+03   3.6664678E+02   1.4177009E+03   3.3874491E-01   3.1825697E-01   3.3344630E-01
   9.1304348E-01   9.5017775E+02   3.3677186E+02   1.2869496E+03   3.4592491E-01   3.3944828E-01   3.4423009E-01
   9.2753623E-01   6.8669887E+02   2.9599089E+02   9.8268976E+02   3.3972292E-01   3.3451788E-01   3.3815513E-01
   9.4202899E-01   8.1602412E+02   1.8651980E+02   1.0025439E+03   3.7104777E-01   3.8098162E-01   3.7289593E-01
   9.5652174E-01   5.2811951E+02   1.2628945E+02   6.5440895E+02   3.2964757E-01   4.0642961E-01   3.4446516E-01
   9.7101449E-01   3.9583260E+02   1.4702354E+02   5.4285613E+02   3.9241884E-01   3.4878644E-01   3.8060173E-01
   9.8550725E-01   2.1172054E+02   8.9145492E+01   3.0086604E+02   3.5450190E-01   2.6552620E-01   3.2813873E-01
   1.0000000E+00   1.0942046E+02   6.5652276E+01   1.7507274E+02   4.2648429E-01   4.2659537E-01   4.2652594E-01
