   0.0000000E+00   3.3642557E+10   1.6967416E+10   5.0561399E+10   2.6379957E-06   2.7285119E-06   2.6752340E-06
   1.4492754E-02   2.3321620E+07   1.1414545E+07   3.4736165E+07   3.1955897E-02   3.1131254E-02   3.1681337E-02
   2.8985507E-02   2.2747255E+07   1.1297096E+07   3.4043215E+07   3.5674655E-02   3.4446599E-02   3.5264685E-02
   4.3478261E-02   1.5449241E+07   7.6617282E+06   2.3110716E+07   1.0709198E-02   1.0418152E-02   1.0611126E-02
   5.7971014E-02   9.4296542E+06   4.6276874E+06   1.4057342E+07   2.3244764E-03   2.8008024E-03   2.4707517E-03
   7.2463768E-02   6.6917242E+06   3.3152495E+06   1.0006974E+07   1.4101419E-03   4.2898657E-04   1.0234113E-03
   8.6956522E-02   5.2374760E+06   2.5961322E+06   7.8333556E+06   1.2162263E-03   1.9225291E-03   7.2116993E-04
   1.0144928E-01   4.2892226E+06   2.1170080E+06   6.4061224E+06   2.2528486E-03   3.5238440E-04   1.5201482E-03
   1.1594203E-01   3.6557953E+06   1.7970673E+06   5.4527679E+06   1.6566690E-03   1.1541469E-03   1.1974145E-03
   1.3043478E-01   3.1483117E+06   1.5293652E+06   4.6776769E+06   1.2955420E-03   2.5122137E-03   1.6841069E-03
   1.4492754E-01   2.7857431E+06   1.3659719E+06   4.1517151E+06   1.8884956E-03   3.8414930E-03   2.4096895E-03
   1.5942029E-01   2.4702216E+06   1.2091411E+06   3.6793627E+06   1.1398371E-03   2.1529525E-03   1.4013789E-03
   1.7391304E-01   2.2660116E+06   1.0870996E+06   3.3531111E+06   1.7102933E-03   1.6251092E-03   1.3355385E-03
   1.8840580E-01   2.0267125E+06   9.9222704E+05   3.0188812E+06   2.6118179E-03   1.8517220E-03   2.1536557E-03
   2.0289855E-01   1.8586740E+06   8.9542826E+05   2.7541022E+06   1.4712017E-03   3.0905296E-03   1.9952330E-03
   2.1739130E-01   1.6742950E+06   8.4608878E+05   2.5203838E+06   2.4136437E-03   2.4025287E-03   2.4096933E-03
   2.3188406E-01   1.5507081E+06   7.6195159E+05   2.3126597E+06   1.7757647E-03   2.9375891E-03   2.1581175E-03
   2.4637681E-01   1.4335487E+06   6.9248218E+05   2.1260308E+06   2.6070984E-03   1.9502203E-03   2.3172776E-03
   2.6086957E-01   1.3235976E+06   6.3325739E+05   1.9568550E+06   2.3142536E-03   4.4408734E-03   2.9992883E-03
   2.7536232E-01   1.2192781E+06   5.9701675E+05   1.8162550E+06   3.1769883E-03   3.6107753E-03   3.0352828E-03
   2.8985507E-01   1.1419850E+06   5.6269526E+05   1.7046802E+06   1.7001144E-03   3.3896801E-03   2.2385418E-03
   3.0434783E-01   1.0724861E+06   5.2337955E+05   1.5958656E+06   2.6242807E-03   1.8793275E-03   2.3536164E-03
   3.1884058E-01   1.0069976E+06   4.8109391E+05   1.4880915E+06   2.4176915E-03   2.8645662E-03   2.5607273E-03
   3.3333333E-01   9.4512826E+05   4.4890957E+05   1.3940378E+06   3.7851563E-03   1.9398501E-03   3.0327115E-03
   3.4782609E-01   8.8762538E+05   4.2606902E+05   1.3136628E+06   1.9672957E-03   3.0011324E-03   2.2825446E-03
   3.6231884E-01   8.2553896E+05   3.9835733E+05   1.2238660E+06   2.1788464E-03   4.8628295E-03   2.7787620E-03
   3.7681159E-01   7.7429032E+05   3.6546223E+05   1.1397525E+06   1.6610913E-03   4.3585941E-03   2.4366670E-03
   3.9130435E-01   7.2310531E+05   3.4370375E+05   1.0668091E+06   2.6242904E-03   3.0004319E-03   2.7095186E-03
   4.0579710E-01   6.6109819E+05   3.1502903E+05   9.7612722E+05   2.5189881E-03   2.3380438E-03   2.1391288E-03
   4.2028986E-01   6.1272156E+05   2.8438642E+05   8.9710798E+05   1.6531460E-03   2.0241529E-03   1.7656178E-03
   4.3478261E-01   5.4453484E+05   2.6144441E+05   8.0597925E+05   3.8892739E-03   2.5935159E-03   3.4281836E-03
   4.4927536E-01   4.7092113E+05   2.2697880E+05   6.9789993E+05   3.4648150E-03   5.2961725E-03   3.9880976E-03
   4.6376812E-01   3.9989554E+05   1.8874747E+05   5.8864301E+05   4.2036163E-03   3.9097053E-03   4.0669978E-03
   4.7826087E-01   3.1310598E+05   1.4436032E+05   4.5746630E+05   5.4219293E-03   1.7657447E-03   4.1788872E-03
   4.9275362E-01   1.9718983E+05   9.3201612E+04   2.9039144E+05   6.0511686E-03   1.0890890E-02   7.4610736E-03
   5.0724638E-01   6.7763309E+04   3.4076501E+04   1.0183981E+05   2.8663707E-02   2.9119329E-02   2.8802690E-02
   5.2173913E-01   2.1363965E+04   9.3033226E+03   3.0667287E+04   1.2597104E-01   1.1543944E-01   1.2274116E-01
   5.3623188E-01   2.0192659E+04   8.6218147E+03   2.8814473E+04   1.4333325E-01   1.3184241E-01   1.3989242E-01
   5.5072464E-01   1.9222583E+04   9.4916490E+03   2.8714232E+04   1.5001538E-01   1.4117829E-01   1.4708977E-01
   5.6521739E-01   1.7136507E+04   8.4322493E+03   2.5568756E+04   1.4665761E-01   1.4495303E-01   1.4609530E-01
   5.7971014E-01   1.6272395E+04   7.2174419E+03   2.3489837E+04   1.5269330E-01   1.2764036E-01   1.4499557E-01
   5.9420290E-01   1.2955449E+04   6.1543004E+03   1.9109750E+04   1.4778085E-01   1.4723009E-01   1.4760304E-01
   6.0869565E-01   1.1528422E+04   5.4665289E+03   1.6994951E+04   1.5945896E-01   1.5575113E-01   1.5826521E-01
   6.2318841E-01   9.3924105E+03   4.5816637E+03   1.3974074E+04   1.7985895E-01   1.7323911E-01   1.7768810E-01
   6.3768116E-01   7.3018262E+03   3.6681344E+03   1.0969961E+04   2.0285618E-01   1.8545097E-01   1.9703598E-01
   6.5217391E-01   6.5165355E+03   2.5426275E+03   9.0591630E+03   2.2535135E-01   1.9499072E-01   2.1683006E-01
   6.6666667E-01   5.5018272E+03   2.2237924E+03   7.7256197E+03   2.2176936E-01   2.2781765E-01   2.2351029E-01
   6.8115942E-01   4.8527392E+03   2.1764777E+03   7.0292169E+03   2.3215572E-01   2.4675212E-01   2.3667512E-01
   6.9565217E-01   4.2464827E+03   1.8943417E+03   6.1408244E+03   2.5708307E-01   2.6219533E-01   2.5865994E-01
   7.1014493E-01   3.5567232E+03   1.7938256E+03   5.3505488E+03   2.2891677E-01   2.3610280E-01   2.3132581E-01
   7.2463768E-01   3.1067204E+03   1.3184618E+03   4.4251822E+03   2.5617603E-01   2.2937474E-01   2.4819049E-01
   7.3913043E-01   3.0012316E+03   1.2331793E+03   4.2344109E+03   2.6275988E-01   2.5273162E-01   2.5983935E-01
   7.5362319E-01   2.5355035E+03   1.1511769E+03   3.6866804E+03   2.7004614E-01   2.9253879E-01   2.7706779E-01
   7.6811594E-01   2.0301624E+03   8.5781511E+02   2.8879776E+03   2.7559701E-01   2.5978815E-01   2.7089926E-01
   7.8260870E-01   2.1609528E+03   7.7176884E+02   2.9327216E+03   2.6245122E-01   2.5334958E-01   2.6005554E-01
   7.9710145E-01   1.7359059E+03   7.8529075E+02   2.5211966E+03   2.6878863E-01   3.2129236E-01   2.8513935E-01
   8.1159420E-01   1.6778455E+03   6.7655061E+02   2.3543961E+03   2.7504262E-01   2.8094018E-01   2.7673732E-01
   8.2608696E-01   1.3692435E+03   5.3174504E+02   1.9009885E+03   3.0721369E-01   2.6616434E-01   2.9572736E-01
   8.4057971E-01   1.0582185E+03   4.5725490E+02   1.5154734E+03   3.3247924E-01   2.8317883E-01   3.1760411E-01
   8.5507246E-01   9.8891059E+02   6.1646374E+02   1.6053743E+03   3.4261371E-01   3.2073162E-01   3.3421099E-01
   8.6956522E-01   1.0355735E+03   3.7886834E+02   1.4144418E+03   3.1491764E-01   3.1041708E-01   3.1369187E-01
   8.8405797E-01   9.0679964E+02   3.8507930E+02   1.2918789E+03   2.8824706E-01   3.3371585E-01   3.0179313E-01
   8.9855072E-01   8.1884448E+02   3.0553899E+02   1.1243835E+03   3.2139135E-01   2.8309578E-01   3.1098495E-01
   9.1304348E-01   6.6151615E+02   2.8866159E+02   9.5017775E+02   3.5692929E-01   3.3555354E-01   3.5043539E-01
   9.2753623E-01   5.6830251E+02   1.7759454E+02   7.4589705E+02   3.2208121E-01   3.7779988E-01   3.3534756E-01
   9.4202899E-01   4.5464201E+02   1.2823236E+02   5.8287437E+02   3.4896990E-01   3.3774641E-01   3.4650073E-01
   9.5652174E-01   4.1331092E+02   8.0366012E+01   4.9367693E+02   3.4424720E-01   2.9393128E-01   3.3605624E-01
   9.7101449E-01   4.5238011E+02   1.6964254E+02   6.2202265E+02   3.7817907E-01   3.5807401E-01   3.7269418E-01
   9.8550725E-01   1.6714780E+02   1.4486142E+02   3.1200922E+02   3.1032932E-01   2.9418827E-01   3.0283526E-01
   1.0000000E+00   4.3768184E+01   0.0000000E+00   4.3768184E+01   2.1019385E-01   0.0000000E+00   2.1019385E-01
