   0.0000000E+00   3.8359304E+10   1.9232982E+10   5.7549810E+10   8.5736671E-07   8.7605603E-07   7.9885562E-07
   1.4492754E-02   2.3573188E+06   1.1434247E+06   3.5007435E+06   8.5030653E-03   6.1981409E-03   3.8829532E-03
   2.8985507E-02   2.2667693E+06   1.1350896E+06   3.4018588E+06   5.1065393E-03   4.0231029E-03   3.5311226E-03
   4.3478261E-02   2.2598234E+06   1.1121049E+06   3.3719282E+06   3.8257035E-03   3.3213628E-03   3.5284401E-03
   5.7971014E-02   2.1998990E+06   1.1097054E+06   3.3096044E+06   6.8403835E-03   3.8209694E-03   5.7965690E-03
   7.2463768E-02   2.1316648E+06   1.0570427E+06   3.1887075E+06   7.0102702E-03   9.0010552E-03   7.5926304E-03
   8.6956522E-02   2.0282085E+06   1.0053903E+06   3.0335988E+06   1.1684272E-02   7.6127890E-03   1.0334860E-02
   1.0144928E-01   1.9467338E+06   9.6633077E+05   2.9129563E+06   1.3296958E-02   1.2116829E-02   1.2890701E-02
   1.1594203E-01   1.8073914E+06   8.8693079E+05   2.6943222E+06   1.5492623E-02   1.3867237E-02   1.4957549E-02
   1.3043478E-01   1.6644949E+06   8.2728007E+05   2.4917750E+06   1.6393891E-02   1.7712526E-02   1.6685704E-02
   1.4492754E-01   1.5291884E+06   7.7463421E+05   2.3037468E+06   1.9689275E-02   2.0030854E-02   1.9801991E-02
   1.5942029E-01   1.3760498E+06   6.9119363E+05   2.0672434E+06   2.1885730E-02   2.1441124E-02   2.1737070E-02
   1.7391304E-01   1.2488132E+06   6.2488019E+05   1.8736302E+06   2.7517778E-02   2.8905613E-02   2.7971402E-02
   1.8840580E-01   1.0984268E+06   5.5722790E+05   1.6556547E+06   3.2871785E-02   2.8122542E-02   3.1271748E-02
   2.0289855E-01   9.6005238E+05   4.9036388E+05   1.4504163E+06   3.7267970E-02   3.7360710E-02   3.7293775E-02
   2.1739130E-01   8.2643814E+05   4.2503976E+05   1.2514779E+06   4.1415984E-02   3.8386257E-02   4.0366315E-02
   2.3188406E-01   7.1686626E+05   3.6319266E+05   1.0800589E+06   4.7358966E-02   4.5195661E-02   4.6631215E-02
   2.4637681E-01   5.9406556E+05   2.9672077E+05   8.9078633E+05   5.0547685E-02   4.7446650E-02   4.9514718E-02
   2.6086957E-01   4.9181320E+05   2.4723264E+05   7.3904585E+05   5.7151266E-02   5.3810291E-02   5.6019161E-02
   2.7536232E-01   3.9450165E+05   1.9752999E+05   5.9203164E+05   6.2204488E-02   5.7126121E-02   6.0505046E-02
   2.8985507E-01   3.2328836E+05   1.5757134E+05   4.8085970E+05   6.4838176E-02   6.7819181E-02   6.5810167E-02
   3.0434783E-01   2.6430577E+05   1.3256784E+05   3.9687361E+05   6.7328969E-02   7.0593467E-02   6.8418164E-02
   3.1884058E-01   2.1419838E+05   1.0525651E+05   3.1945490E+05   7.7785808E-02   7.3404648E-02   7.6337827E-02
   3.3333333E-01   1.7078726E+05   8.4800618E+04   2.5558788E+05   7.7562120E-02   8.0860264E-02   7.8637030E-02
   3.4782609E-01   1.3569801E+05   7.0974669E+04   2.0667268E+05   8.1512079E-02   8.6887632E-02   8.3352964E-02
   3.6231884E-01   1.1096296E+05   5.6799942E+04   1.6776290E+05   8.1894954E-02   7.6465015E-02   7.9955982E-02
   3.7681159E-01   8.6789994E+04   4.5959644E+04   1.3274964E+05   8.8822959E-02   7.7457219E-02   8.4844826E-02
   3.9130435E-01   7.1058862E+04   3.7578127E+04   1.0863699E+05   8.9592951E-02   9.6521561E-02   9.1969599E-02
   4.0579710E-01   5.7723298E+04   2.9659979E+04   8.7383277E+04   9.4441369E-02   1.0506071E-01   9.8007660E-02
   4.2028986E-01   4.5542588E+04   2.3437580E+04   6.8980167E+04   9.2351407E-02   8.6516911E-02   9.0342163E-02
   4.3478261E-01   3.8139413E+04   1.8463517E+04   5.6602930E+04   9.5699189E-02   9.3112983E-02   9.4853331E-02
   4.4927536E-01   2.8818437E+04   1.4396997E+04   4.3215434E+04   1.0125544E-01   1.0045322E-01   1.0089649E-01
   4.6376812E-01   2.2282194E+04   1.1650202E+04   3.3932396E+04   1.0625329E-01   1.0743908E-01   1.0665999E-01
   4.7826087E-01   1.4557729E+04   7.3936731E+03   2.1951402E+04   1.0051991E-01   1.0891239E-01   1.0330926E-01
   4.9275362E-01   9.4494222E+03   4.7024247E+03   1.4151847E+04   1.0244429E-01   9.0994499E-02   9.8602287E-02
   5.0724638E-01   2.7278521E+03   1.2123787E+03   3.9402308E+03   7.2672242E-02   7.1922454E-02   7.2223608E-02
   5.2173913E-01   1.6838593E+02   8.4192965E+01   2.5257889E+02   1.6817711E-01   1.4304635E-01   1.4882172E-01
   5.3623188E-01   4.0958740E+01   2.0479370E+01   6.1438110E+01   1.3806930E-01   4.0029485E-07   9.2046151E-02
   5.5072464E-01   5.9821317E+01   0.0000000E+00   5.9821317E+01   1.9325640E-01   0.0000000E+00   1.9325640E-01
   5.6521739E-01   3.8858291E+01   0.0000000E+00   3.8858291E+01   1.9523546E-01   0.0000000E+00   1.9523546E-01
   5.7971014E-01   5.6830251E+01   0.0000000E+00   5.6830251E+01   9.7767656E-06   0.0000000E+00   9.7767656E-06
   5.9420290E-01   0.0000000E+00   1.8481383E+01   1.8481383E+01   0.0000000E+00   2.4043357E-01   2.4043357E-01
   6.0869565E-01   3.6082699E+01   1.8041350E+01   5.4124049E+01   2.3892521E-01   2.3579448E-01   1.8501375E-01
   6.2318841E-01   1.0573070E+02   0.0000000E+00   1.0573070E+02   9.9845270E-02   0.0000000E+00   9.9845270E-02
   6.3768116E-01   1.7221288E+01   0.0000000E+00   1.7221288E+01   5.4920807E-02   0.0000000E+00   5.4920807E-02
   6.5217391E-01   1.6838593E+01   1.6838593E+01   3.3677186E+01   2.2356142E-06   1.3934739E-06   1.6112120E-06
   6.6666667E-01   3.2945073E+01   0.0000000E+00   3.2945073E+01   3.2795399E-01   0.0000000E+00   3.2795399E-01
   6.8115942E-01   3.2244114E+01   1.6122057E+01   4.8366171E+01   2.1412857E-01   2.1573896E-01   2.0613817E-01
   6.9565217E-01   0.0000000E+00   1.5786181E+01   1.5786181E+01   0.0000000E+00   2.0501773E-01   2.0501773E-01
   7.1014493E-01   1.5464014E+01   0.0000000E+00   1.5464014E+01   4.3494458E-01   0.0000000E+00   4.3494458E-01
   7.2463768E-01   4.5464201E+01   0.0000000E+00   4.5464201E+01   4.1492472E-01   0.0000000E+00   4.1492472E-01
   7.3913043E-01   2.9715164E+01   0.0000000E+00   2.9715164E+01   2.6864467E-01   0.0000000E+00   2.6864467E-01
   7.5362319E-01   0.0000000E+00   0.0000000E+00   0.0000000E+00   0.0000000E+00   0.0000000E+00   0.0000000E+00
   7.6811594E-01   0.0000000E+00   0.0000000E+00   0.0000000E+00   0.0000000E+00   0.0000000E+00   0.0000000E+00
   7.8260870E-01   0.0000000E+00   0.0000000E+00   0.0000000E+00   0.0000000E+00   0.0000000E+00   0.0000000E+00
   7.9710145E-01   4.1331092E+01   0.0000000E+00   4.1331092E+01   2.0880929E-01   0.0000000E+00   2.0880929E-01
   8.1159420E-01   0.0000000E+00   5.4124049E+01   5.4124049E+01   0.0000000E+00   1.7036507E-01   1.7036507E-01
   8.2608696E-01   1.3293626E+01   1.3293626E+01   2.6587252E+01   3.9212325E-01   3.9443199E-01   3.4537617E-01
   8.4057971E-01   0.0000000E+00   1.3064426E+01   1.3064426E+01   0.0000000E+00   1.4511277E-05   1.4511277E-05
   8.5507246E-01   0.0000000E+00   0.0000000E+00   0.0000000E+00   0.0000000E+00   0.0000000E+00   0.0000000E+00
   8.6956522E-01   0.0000000E+00   2.5257889E+01   2.5257889E+01   0.0000000E+00   2.1877200E-01   2.1877200E-01
   8.8405797E-01   1.2421913E+01   0.0000000E+00   1.2421913E+01   3.7475003E-01   0.0000000E+00   3.7475003E-01
   8.9855072E-01   0.0000000E+00   0.0000000E+00   0.0000000E+00   0.0000000E+00   0.0000000E+00   0.0000000E+00
   9.1304348E-01   1.2027566E+01   0.0000000E+00   1.2027566E+01   8.3056264E-06   0.0000000E+00   8.3056264E-06
   9.2753623E-01   0.0000000E+00   0.0000000E+00   0.0000000E+00   0.0000000E+00   0.0000000E+00   0.0000000E+00
   9.4202899E-01   0.0000000E+00   0.0000000E+00   0.0000000E+00   0.0000000E+00   0.0000000E+00   0.0000000E+00
   9.5652174E-01   0.0000000E+00   1.1480859E+01   1.1480859E+01   0.0000000E+00   4.1177805E-01   4.1177805E-01
   9.7101449E-01   0.0000000E+00   1.1309503E+01   1.1309503E+01   0.0000000E+00   2.0088433E-05   2.0088433E-05
   9.8550725E-01   1.1143187E+01   0.0000000E+00   1.1143187E+01   1.8703829E-05   0.0000000E+00   1.8703829E-05
   1.0000000E+00   0.0000000E+00   0.0000000E+00   0.0000000E+00   0.0000000E+00   0.0000000E+00   0.0000000E+00
