   0.0000000E+00   2.4004292E+10   1.3049256E+10   3.7038503E+10   2.4804185E-06   2.0277579E-06   2.2706567E-06
   1.4492754E-02   3.2065901E+07   1.7114241E+07   4.9179384E+07   2.7450758E-04   5.2526340E-04   1.2202881E-04
   2.8985507E-02   3.2617912E+07   1.7489699E+07   5.0107611E+07   2.3608795E-04   3.2576661E-05   1.6315255E-04
   4.3478261E-02   2.7879658E+07   1.4615225E+07   4.2494126E+07   3.2250459E-04   2.9848425E-04   1.6771441E-04
   5.7971014E-02   2.0120750E+07   1.0268658E+07   3.0388272E+07   3.6846447E-04   6.4182930E-04   4.1437345E-04
   7.2463768E-02   1.4102995E+07   6.9919395E+06   2.1094480E+07   2.3766893E-04   4.9082580E-04   3.1876977E-04
   8.6956522E-02   1.0973669E+07   5.2209320E+06   1.6194727E+07   1.4303039E-04   3.1854459E-04   6.8759723E-06
   1.0144928E-01   9.1522684E+06   4.3041609E+06   1.3456213E+07   9.0424641E-04   7.8857502E-04   7.4410622E-04
   1.1594203E-01   7.9634337E+06   3.7079845E+06   1.1671418E+07   1.7931218E-04   9.5947200E-04   4.1921228E-04
   1.3043478E-01   7.1967304E+06   3.3012903E+06   1.0497937E+07   3.4419634E-04   5.8912063E-04   4.2121433E-04
   1.4492754E-01   6.5423743E+06   2.9072083E+06   9.4494311E+06   4.3600154E-04   5.9132810E-04   4.2857600E-04
   1.5942029E-01   6.0126406E+06   2.6644777E+06   8.6768428E+06   9.8588030E-04   4.4447280E-04   8.1829114E-04
   1.7391304E-01   5.6031471E+06   2.4496364E+06   8.0525940E+06   1.4240094E-03   5.6416494E-04   1.1624461E-03
   1.8840580E-01   5.1919535E+06   2.2572393E+06   7.4490762E+06   1.0195811E-03   1.1552642E-03   1.0467900E-03
   2.0289855E-01   4.8642906E+06   2.0885929E+06   6.9527212E+06   5.7471499E-04   1.6286790E-03   8.9274390E-04
   2.1739130E-01   4.5680409E+06   1.9713278E+06   6.5391666E+06   7.5085478E-04   1.5894642E-03   1.0014877E-03
   2.3188406E-01   4.3255399E+06   1.8302656E+06   6.1556634E+06   1.2125425E-03   8.6666210E-04   1.1087604E-03
   2.4637681E-01   4.0767571E+06   1.7389611E+06   5.8157182E+06   8.6114362E-04   1.0395350E-03   9.1058293E-04
   2.6086957E-01   3.9126997E+06   1.6264818E+06   5.5390973E+06   1.1608465E-03   1.7617707E-03   1.2647168E-03
   2.7536232E-01   3.7296198E+06   1.5405983E+06   5.2700985E+06   2.2644534E-04   1.1986634E-03   5.0490603E-04
   2.8985507E-01   3.5502237E+06   1.4708048E+06   5.0209527E+06   1.1924726E-03   1.3140047E-03   1.2275166E-03
   3.0434783E-01   3.3987738E+06   1.4149831E+06   4.8135764E+06   1.0358502E-03   1.3264869E-03   1.1225898E-03
   3.1884058E-01   3.2905749E+06   1.3411939E+06   4.6317688E+06   1.3119706E-03   1.0413132E-03   1.2037522E-03
   3.3333333E-01   3.1401267E+06   1.2748096E+06   4.4148375E+06   1.1066340E-03   8.7885530E-04   1.0347141E-03
   3.4782609E-01   2.9959014E+06   1.2175250E+06   4.2133633E+06   7.3715396E-04   7.9193559E-04   7.3067253E-04
   3.6231884E-01   2.8137491E+06   1.1437884E+06   3.9574465E+06   1.0619430E-03   1.4753181E-03   8.7822668E-04
   3.7681159E-01   2.5765670E+06   1.0422085E+06   3.6187173E+06   1.1249938E-03   6.4393011E-04   9.8264263E-04
   3.9130435E-01   2.2776442E+06   9.3036033E+05   3.2079203E+06   1.2497185E-03   1.2148031E-03   1.2080258E-03
   4.0579710E-01   1.9559078E+06   7.7659892E+05   2.7324526E+06   6.6886909E-04   1.1358140E-03   8.0159238E-04
   4.2028986E-01   1.5540657E+06   6.1862668E+05   2.1726662E+06   1.7079833E-03   1.3632819E-03   1.5629257E-03
   4.3478261E-01   1.2008106E+06   4.5835492E+05   1.6591150E+06   2.5469376E-03   1.2909767E-03   2.2000287E-03
   4.4927536E-01   8.8447426E+05   3.2822220E+05   1.2126965E+06   3.3504471E-03   2.6345719E-03   3.1285010E-03
   4.6376812E-01   6.4649147E+05   2.3686375E+05   8.8335522E+05   3.6147304E-03   3.1883100E-03   3.4360079E-03
   4.7826087E-01   4.3615783E+05   1.6109941E+05   5.9725724E+05   5.8397818E-03   6.0155534E-03   5.7797199E-03
   4.9275362E-01   2.2451292E+05   8.2058426E+04   3.0657135E+05   1.0388999E-02   9.4278883E-03   1.0095522E-02
   5.0724638E-01   7.1616941E+04   2.5156858E+04   9.6773799E+04   4.0900731E-02   5.0257697E-02   4.3332517E-02
   5.2173913E-01   1.8059391E+04   6.2302794E+03   2.4289670E+04   1.3901998E-01   1.3451414E-01   1.3777042E-01
   5.3623188E-01   1.5687197E+04   5.3655949E+03   2.1052792E+04   1.7810737E-01   1.6047833E-01   1.7359539E-01
   5.5072464E-01   1.6032113E+04   5.8425486E+03   2.1874662E+04   1.9289768E-01   1.7662092E-01   1.8854643E-01
   5.6521739E-01   1.5621033E+04   5.6538814E+03   2.1274915E+04   2.0805023E-01   1.9567422E-01   2.0475388E-01
   5.7971014E-01   1.4491714E+04   5.2094397E+03   1.9701154E+04   2.3508689E-01   2.2675469E-01   2.3288364E-01
   5.9420290E-01   1.4249146E+04   4.2691994E+03   1.8518345E+04   2.4003405E-01   2.2638499E-01   2.3688587E-01
   6.0869565E-01   1.2322242E+04   4.6546682E+03   1.6976910E+04   2.6087646E-01   2.5384540E-01   2.5894817E-01
   6.2318841E-01   1.0079660E+04   3.7358181E+03   1.3815478E+04   2.7038056E-01   2.2911808E-01   2.5922252E-01
   6.3768116E-01   9.3856021E+03   2.9276190E+03   1.2313221E+04   2.5660776E-01   2.2608809E-01   2.4934986E-01
   6.5217391E-01   8.2172334E+03   2.3910802E+03   1.0608314E+04   2.6862127E-01   2.5056198E-01   2.6455054E-01
   6.6666667E-01   7.1984985E+03   2.4379354E+03   9.6364339E+03   2.8507778E-01   2.6636733E-01   2.8034419E-01
   6.8115942E-01   6.3843346E+03   1.7734263E+03   8.1577609E+03   2.7817554E-01   2.5722223E-01   2.7362042E-01
   6.9565217E-01   5.3357292E+03   1.7996246E+03   7.1353538E+03   2.9043885E-01   2.9105577E-01   2.9059130E-01
   7.1014493E-01   4.8093083E+03   1.3299052E+03   6.1392135E+03   2.8803110E-01   2.6222016E-01   2.8243851E-01
   7.2463768E-01   4.3342538E+03   1.2881524E+03   5.6224062E+03   2.9476997E-01   2.9516027E-01   2.9485935E-01
   7.3913043E-01   4.0115472E+03   1.2034641E+03   5.2150113E+03   2.9680532E-01   2.8522531E-01   2.9413301E-01
   7.5362319E-01   3.6138211E+03   9.7631457E+02   4.5901357E+03   2.9920864E-01   3.0235761E-01   2.9987841E-01
   7.6811594E-01   2.5162577E+03   7.5773668E+02   3.2739944E+03   2.9815404E-01   3.3839580E-01   3.0746764E-01
   7.8260870E-01   2.6941749E+03   8.4192965E+02   3.5361045E+03   3.1130063E-01   3.0243810E-01   3.0919049E-01
   7.9710145E-01   2.3972033E+03   7.4395965E+02   3.1411630E+03   3.1617494E-01   3.3083323E-01   3.1964437E-01
   8.1159420E-01   1.9484658E+03   4.0593037E+02   2.3543961E+03   3.1541075E-01   2.9813133E-01   3.1241635E-01
   8.2608696E-01   2.0206312E+03   5.0515779E+02   2.5257889E+03   3.1267288E-01   3.1243765E-01   3.1262584E-01
   8.4057971E-01   1.6069243E+03   3.6580392E+02   1.9727283E+03   3.5390256E-01   3.4765397E-01   3.5274388E-01
   8.5507246E-01   1.3742004E+03   4.4950481E+02   1.8237052E+03   3.3269412E-01   3.2593298E-01   3.3102762E-01
   8.6956522E-01   1.4396997E+03   2.9046573E+02   1.7301654E+03   3.5325571E-01   3.6910661E-01   3.5591649E-01
   8.8405797E-01   1.2297694E+03   2.2359443E+02   1.4533638E+03   3.5795793E-01   3.8032186E-01   3.6139854E-01
   8.9855072E-01   8.6773072E+02   2.6887431E+02   1.1366050E+03   3.7594207E-01   3.9174015E-01   3.7967925E-01
   9.1304348E-01   8.4192965E+02   2.5257889E+02   1.0945085E+03   3.8710830E-01   3.3859830E-01   3.7591368E-01
   9.2753623E-01   5.0910433E+02   1.1839636E+02   6.2750069E+02   4.0424861E-01   3.5630418E-01   3.9520249E-01
   9.4202899E-01   4.7795699E+02   2.2149226E+02   6.9944925E+02   3.7589842E-01   3.8829237E-01   3.7982317E-01
   9.5652174E-01   4.4775350E+02   1.4925117E+02   5.9700466E+02   3.9723847E-01   4.0474815E-01   3.9911589E-01
   9.7101449E-01   2.9404707E+02   9.0476022E+01   3.8452309E+02   4.1649122E-01   4.2035336E-01   4.1739996E-01
   9.8550725E-01   2.4515010E+02   7.8002306E+01   3.2315241E+02   4.2140237E-01   4.2578876E-01   4.2246115E-01
   1.0000000E+00   1.0942046E+02   6.5652276E+01   1.7507274E+02   4.2634197E-01   4.2801000E-01   4.2696748E-01
