   0.0000000E+00   3.6994954E+10   1.8582456E+10   5.5543869E+10   1.1417214E-06   1.5334713E-06   1.1114327E-06
   1.4492754E-02   1.5507081E+07   7.5606966E+06   2.3067778E+07   3.6470341E-03   3.4494348E-03   3.5774746E-03
   2.8985507E-02   1.4409500E+07   7.0367217E+06   2.1446221E+07   9.1838199E-03   8.2248932E-03   8.8301313E-03
   4.3478261E-02   1.2462243E+07   6.1028113E+06   1.8564801E+07   1.6283648E-02   1.6089481E-02   1.6216015E-02
   5.7971014E-02   9.8193203E+06   4.8203419E+06   1.4639662E+07   2.2483504E-02   2.1570122E-02   2.2178013E-02
   7.2463768E-02   7.1292414E+06   3.5237787E+06   1.0653020E+07   2.8596730E-02   2.6001456E-02   2.7704124E-02
   8.6956522E-02   4.9798455E+06   2.4644123E+06   7.4442578E+06   3.6581074E-02   3.4042582E-02   3.5737153E-02
   1.0144928E-01   3.4111141E+06   1.6640980E+06   5.0752121E+06   4.0477317E-02   3.5202217E-02   3.8746130E-02
   1.1594203E-01   2.4300615E+06   1.1873734E+06   3.6174349E+06   4.3611933E-02   3.6420892E-02   4.1230103E-02
   1.3043478E-01   1.7835438E+06   8.8411032E+05   2.6676541E+06   3.9762814E-02   3.8359881E-02   3.9290169E-02
   1.4492754E-01   1.3942355E+06   6.8385736E+05   2.0780929E+06   4.0503034E-02   3.6290860E-02   3.9086242E-02
   1.5942029E-01   1.1500376E+06   5.6706258E+05   1.7171002E+06   3.3917848E-02   3.6634459E-02   3.4759426E-02
   1.7391304E-01   9.8429995E+05   4.8248883E+05   1.4667888E+06   3.6871464E-02   3.3751383E-02   3.5845110E-02
   1.8840580E-01   8.5361952E+05   4.2054386E+05   1.2741634E+06   3.9992952E-02   3.6452528E-02   3.8824416E-02
   2.0289855E-01   7.6975222E+05   3.7177809E+05   1.1415303E+06   4.0063170E-02   3.6371276E-02   3.8858760E-02
   2.1739130E-01   6.7898258E+05   3.2592781E+05   1.0049104E+06   4.5308261E-02   4.2974691E-02   4.4550096E-02
   2.3188406E-01   6.0154821E+05   2.9163391E+05   8.9318212E+05   4.6338677E-02   4.4663857E-02   4.5777822E-02
   2.4637681E-01   5.3344663E+05   2.6422724E+05   7.9762929E+05   4.9941833E-02   4.5560687E-02   4.8456114E-02
   2.6086957E-01   4.6971255E+05   2.2534247E+05   6.9505502E+05   5.0889914E-02   4.9179541E-02   5.0281280E-02
   2.7536232E-01   4.2381409E+05   2.0801866E+05   6.3183275E+05   4.9925061E-02   4.9479194E-02   4.9744344E-02
   2.8985507E-01   3.8042170E+05   1.8325862E+05   5.6368032E+05   4.8924689E-02   4.6557040E-02   4.8153472E-02
   3.0434783E-01   3.4256915E+05   1.6193915E+05   5.0450830E+05   5.0304439E-02   5.1039955E-02   5.0525423E-02
   3.1884058E-01   3.0564342E+05   1.4359110E+05   4.4923453E+05   5.1150842E-02   4.7105991E-02   4.9856687E-02
   3.3333333E-01   2.6860118E+05   1.2878229E+05   3.9738347E+05   5.0439618E-02   4.7363100E-02   4.9427882E-02
   3.4782609E-01   2.3985523E+05   1.1463925E+05   3.5449448E+05   4.2364622E-02   4.4014337E-02   4.2891971E-02
   3.6231884E-01   2.1695517E+05   1.0080929E+05   3.1776446E+05   5.1157206E-02   4.0553731E-02   4.7745275E-02
   3.7681159E-01   1.8998790E+05   8.7023144E+04   2.7698190E+05   4.4383201E-02   4.2456986E-02   4.3782643E-02
   3.9130435E-01   1.6630917E+05   8.1498790E+04   2.4780796E+05   4.8461250E-02   4.1080334E-02   4.6031622E-02
   4.0579710E-01   1.4415940E+05   6.9874147E+04   2.1403355E+05   4.5329887E-02   4.0313527E-02   4.3654868E-02
   4.2028986E-01   1.2471301E+05   6.0017971E+04   1.8473098E+05   4.3286855E-02   4.6544565E-02   4.4313868E-02
   4.3478261E-01   1.0537591E+05   4.9404432E+04   1.5478035E+05   5.1406029E-02   4.6110477E-02   4.9715344E-02
   4.4927536E-01   7.9904555E+04   3.9304535E+04   1.1920909E+05   5.0382075E-02   4.9365503E-02   5.0044170E-02
   4.6376812E-01   6.1873936E+04   2.8841353E+04   9.0715289E+04   5.2913852E-02   4.5136812E-02   5.0416723E-02
   4.7826087E-01   3.9677848E+04   1.8346412E+04   5.8024261E+04   6.9368266E-02   5.3909875E-02   6.4435162E-02
   4.9275362E-01   2.1172054E+04   1.1722632E+04   3.2894687E+04   6.5339167E-02   6.0645346E-02   6.3665793E-02
   5.0724638E-01   8.6598478E+03   4.1783766E+03   1.2838224E+04   5.8926845E-02   8.3015167E-02   6.6465643E-02
   5.2173913E-01   3.4519116E+03   1.3681357E+03   4.8200472E+03   6.9802806E-02   6.6923466E-02   6.8688256E-02
   5.3623188E-01   3.0104674E+03   1.0649272E+03   4.0753946E+03   9.0904395E-02   9.6000066E-02   9.2212819E-02
   5.5072464E-01   2.8116019E+03   1.8943417E+03   4.7059436E+03   8.3349829E-02   8.5423126E-02   8.4121167E-02
   5.6521739E-01   2.8949427E+03   1.4960442E+03   4.3909869E+03   9.8342372E-02   8.7727174E-02   9.4719510E-02
   5.7971014E-01   3.0498902E+03   1.3449826E+03   4.3948728E+03   1.1241153E-01   1.4442764E-01   1.2217697E-01
   5.9420290E-01   3.4375372E+03   1.7557313E+03   5.1932685E+03   1.4097342E-01   1.0472792E-01   1.2870262E-01
   6.0869565E-01   3.1572362E+03   1.2448531E+03   4.4020893E+03   1.4338908E-01   1.1624554E-01   1.3571174E-01
   6.2318841E-01   3.6653309E+03   1.3216338E+03   4.9869647E+03   1.3706122E-01   1.3590480E-01   1.3665527E-01
   6.3768116E-01   3.2376022E+03   1.4121456E+03   4.6497478E+03   1.2877956E-01   1.2181149E-01   1.2665462E-01
   6.5217391E-01   3.5697817E+03   1.4817962E+03   5.0515779E+03   1.5186984E-01   1.4931303E-01   1.5111984E-01
   6.6666667E-01   3.1133094E+03   1.3342755E+03   4.4475849E+03   1.7126851E-01   1.1584266E-01   1.5459997E-01
   6.8115942E-01   3.3533879E+03   1.4832293E+03   4.8366171E+03   1.6570807E-01   1.4828573E-01   1.6035770E-01
   6.9565217E-01   3.1730224E+03   1.5944043E+03   4.7674266E+03   1.6875814E-01   1.2926943E-01   1.5554327E-01
   7.1014493E-01   3.2010509E+03   1.5154734E+03   4.7165243E+03   1.8098565E-01   1.6288096E-01   1.7508913E-01
   7.2463768E-01   3.5765171E+03   1.4851639E+03   5.0616810E+03   2.0050358E-01   1.5113102E-01   1.8601698E-01
   7.3913043E-01   2.9863740E+03   1.2034641E+03   4.1898381E+03   1.7603722E-01   1.8290361E-01   1.7800948E-01
   7.5362319E-01   3.1329498E+03   1.4280422E+03   4.5609920E+03   1.9006055E-01   1.6976358E-01   1.8365851E-01
   7.6811594E-01   3.1453221E+03   1.2009412E+03   4.3462632E+03   2.0832989E-01   1.8385096E-01   2.0155942E-01
   7.8260870E-01   2.8625608E+03   1.5154734E+03   4.3780342E+03   2.2042656E-01   1.5790440E-01   1.9877106E-01
   7.9710145E-01   2.9345075E+03   1.5981356E+03   4.5326431E+03   1.7714857E-01   2.1321499E-01   1.8986353E-01
   8.1159420E-01   2.6520784E+03   1.1907291E+03   3.8428075E+03   2.2497881E-01   1.7120540E-01   2.0831472E-01
   8.2608696E-01   2.4327336E+03   1.1698391E+03   3.6025727E+03   2.1001255E-01   2.0329882E-01   2.0783206E-01
   8.4057971E-01   2.4822409E+03   1.0451540E+03   3.5273949E+03   2.6983706E-01   2.1869075E-01   2.5468233E-01
   8.5507246E-01   2.6071279E+03   1.2072415E+03   3.8143694E+03   2.3367009E-01   2.2044012E-01   2.2948132E-01
   8.6956522E-01   2.0206312E+03   1.0734603E+03   3.0940915E+03   2.4156190E-01   2.1208550E-01   2.3132558E-01
   8.8405797E-01   2.0744594E+03   1.1055502E+03   3.1800097E+03   2.3476317E-01   1.7824360E-01   2.1510071E-01
   8.9855072E-01   1.6621321E+03   6.9662889E+02   2.3587610E+03   2.7300680E-01   2.5668512E-01   2.6818120E-01
   9.1304348E-01   1.3350599E+03   6.8557129E+02   2.0206312E+03   2.4334893E-01   2.0547540E-01   2.3049854E-01
   9.2753623E-01   1.3733977E+03   6.2750069E+02   2.0008984E+03   2.5857743E-01   2.1271016E-01   2.4412114E-01
   9.4202899E-01   1.2240362E+03   5.5955940E+02   1.7835956E+03   2.7637112E-01   2.1952836E-01   2.5853140E-01
   9.5652174E-01   9.0698785E+02   3.6738748E+02   1.2743753E+03   2.8285227E-01   2.6091206E-01   2.7650945E-01
   9.7101449E-01   7.2380818E+02   4.2976110E+02   1.1535693E+03   2.3692463E-01   2.2893092E-01   2.3394568E-01
   9.8550725E-01   7.3545031E+02   2.3400692E+02   9.6945723E+02   2.4332403E-01   2.4173906E-01   2.4293608E-01
   1.0000000E+00   2.1884092E+02   1.0942046E+02   3.2826138E+02   1.2791382E-01   2.5401210E-01   1.6994658E-01
