   0.0000000E+00   3.3570542E+10   1.6891090E+10   5.0418944E+10   2.0037470E-07   2.3076232E-06   6.4270199E-07
   1.4492754E-02   2.7330804E+07   1.3573337E+07   4.0904142E+07   5.6741110E-03   3.8187734E-03   5.0454993E-03
   2.8985507E-02   2.5938084E+07   1.2838333E+07   3.8775659E+07   1.2182302E-02   1.2006637E-02   1.2104995E-02
   4.3478261E-02   2.3320609E+07   1.1615093E+07   3.4934692E+07   1.6795984E-02   1.6772405E-02   1.6782539E-02
   5.7971014E-02   1.9061624E+07   9.4948195E+06   2.8556254E+07   2.0606335E-02   2.0138982E-02   2.0443231E-02
   7.2463768E-02   1.4318799E+07   7.1002958E+06   2.1418185E+07   2.4863196E-02   2.3841315E-02   2.4528167E-02
   8.6956522E-02   1.0122731E+07   5.0217736E+06   1.5144252E+07   2.7590746E-02   2.7089945E-02   2.7419516E-02
   1.0144928E-01   6.9916364E+06   3.4709753E+06   1.0462287E+07   2.8974660E-02   2.8062423E-02   2.8657808E-02
   1.1594203E-01   4.8623963E+06   2.3800509E+06   7.2422578E+06   2.5593064E-02   2.6262128E-02   2.5808623E-02
   1.3043478E-01   3.4758224E+06   1.7156842E+06   5.1914224E+06   2.1784622E-02   2.3031337E-02   2.2175639E-02
   1.4492754E-01   2.6582161E+06   1.3319495E+06   3.9901656E+06   1.6011919E-02   1.8601831E-02   1.6873740E-02
   1.5942029E-01   2.1523166E+06   1.0567671E+06   3.2090149E+06   1.1234855E-02   9.7223964E-03   1.0730488E-02
   1.7391304E-01   1.8122536E+06   8.9305583E+05   2.7053094E+06   6.1443274E-03   6.9119911E-03   6.3755717E-03
   1.8840580E-01   1.5535934E+06   7.7003533E+05   2.3236287E+06   6.0135503E-03   5.6201122E-03   5.4940498E-03
   2.0289855E-01   1.3726400E+06   6.7806608E+05   2.0507061E+06   6.1996017E-03   3.6185264E-03   5.3433091E-03
   2.1739130E-01   1.2205623E+06   5.9280267E+05   1.8133649E+06   6.7081153E-03   5.8012822E-03   6.4065727E-03
   2.3188406E-01   1.0940297E+06   5.3373078E+05   1.6277605E+06   5.0061371E-03   4.8264269E-03   4.7727620E-03
   2.4637681E-01   1.0060960E+06   4.8125194E+05   1.4873034E+06   4.6887202E-03   5.7619964E-03   4.9735728E-03
   2.6086957E-01   9.0296955E+05   4.3822438E+05   1.3411939E+06   5.5630710E-03   6.7993658E-03   5.9479842E-03
   2.7536232E-01   8.4778771E+05   4.0499032E+05   1.2527780E+06   3.7020750E-03   4.8357283E-03   4.0414993E-03
   2.8985507E-01   7.7573293E+05   3.6784327E+05   1.1435762E+06   4.7638407E-03   3.8502557E-03   4.4667514E-03
   3.0434783E-01   7.2681381E+05   3.5126508E+05   1.0780789E+06   4.4292809E-03   5.1032052E-03   4.4903357E-03
   3.1884058E-01   6.7245686E+05   3.1683726E+05   9.8929413E+05   3.2980867E-03   6.2266103E-03   4.1450734E-03
   3.3333333E-01   6.3043692E+05   3.0134858E+05   9.3178551E+05   4.5590528E-03   5.5223521E-03   4.8574846E-03
   3.4782609E-01   5.9273952E+05   2.8137289E+05   8.7411241E+05   4.5360869E-03   5.3230185E-03   4.7513459E-03
   3.6231884E-01   5.5035931E+05   2.6402577E+05   8.1438508E+05   4.1443984E-03   6.1841538E-03   4.7594466E-03
   3.7681159E-01   5.0543951E+05   2.4614785E+05   7.5158736E+05   5.2787159E-03   5.3243265E-03   5.2849468E-03
   3.9130435E-01   4.6446452E+05   2.2156782E+05   6.8603234E+05   6.0871048E-03   5.0992943E-03   5.4211659E-03
   4.0579710E-01   4.2909546E+05   2.0475128E+05   6.3384674E+05   4.5859965E-03   7.3595904E-03   5.4347342E-03
   4.2028986E-01   3.7988737E+05   1.7882586E+05   5.5871322E+05   6.5758811E-03   3.0498831E-03   5.3771274E-03
   4.3478261E-01   3.1660764E+05   1.5892264E+05   4.7553029E+05   6.4252863E-03   7.5684447E-03   6.7938657E-03
   4.4927536E-01   2.6630778E+05   1.2505100E+05   3.9135878E+05   5.9717925E-03   5.8200776E-03   5.8611670E-03
   4.6376812E-01   1.9506984E+05   9.5072275E+04   2.9016579E+05   9.0169316E-03   6.7635005E-03   8.2772585E-03
   4.7826087E-01   1.3343054E+05   6.2386987E+04   1.9581753E+05   1.2013348E-02   1.2722480E-02   1.2214736E-02
   4.9275362E-01   7.6130250E+04   3.8131984E+04   1.1426223E+05   1.9932539E-02   1.9605454E-02   1.9726365E-02
   5.0724638E-01   3.3275465E+04   1.4959887E+04   4.8235352E+04   3.3128728E-02   3.6026177E-02   3.4015737E-02
   5.2173913E-01   6.2302794E+03   3.4729598E+03   9.7032392E+03   4.3027645E-02   4.8768017E-02   4.5048223E-02
   5.3623188E-01   5.0788837E+03   2.4575244E+03   7.5364081E+03   6.7696790E-02   6.0281830E-02   6.5202839E-02
   5.5072464E-01   5.0449311E+03   2.2732101E+03   7.3181411E+03   5.4209827E-02   5.6397763E-02   5.4885214E-02
   5.6521739E-01   5.1681528E+03   2.7783678E+03   7.9465206E+03   7.0679504E-02   7.4668726E-02   7.2033010E-02
   5.7971014E-01   6.0240066E+03   2.8225691E+03   8.8465758E+03   7.9229623E-02   7.4165659E-02   7.7465962E-02
   5.9420290E-01   5.8031541E+03   2.3471356E+03   8.1502897E+03   7.6368056E-02   8.0038415E-02   7.7406408E-02
   6.0869565E-01   5.1959087E+03   2.3814581E+03   7.5773668E+03   8.9504546E-02   8.2144308E-02   8.7127319E-02
   6.2318841E-01   5.3394004E+03   2.5551586E+03   7.8945589E+03   8.0494987E-02   9.0336066E-02   8.3659835E-02
   6.3768116E-01   6.0446722E+03   2.8415126E+03   8.8861847E+03   9.7049226E-02   9.7601721E-02   9.7225326E-02
   6.5217391E-01   5.6746058E+03   2.9467538E+03   8.6213596E+03   8.7650697E-02   9.6438111E-02   9.0651133E-02
   6.6666667E-01   5.9465857E+03   2.6191333E+03   8.5657190E+03   9.8680895E-02   9.0026965E-02   9.6030769E-02
   6.8115942E-01   5.7394523E+03   2.6762615E+03   8.4157138E+03   9.3856766E-02   1.0350305E-01   9.6887850E-02
   6.9565217E-01   6.0303211E+03   2.5415751E+03   8.5718962E+03   9.3882645E-02   1.0407784E-01   9.6898674E-02
   7.1014493E-01   6.3866378E+03   2.5979543E+03   8.9845921E+03   1.1494997E-01   1.1474130E-01   1.1488884E-01
   7.2463768E-01   5.5617873E+03   2.2883648E+03   7.8501520E+03   1.0921897E-01   9.3657145E-02   1.0467416E-01
   7.3913043E-01   4.8435717E+03   2.5257889E+03   7.3693607E+03   1.1792447E-01   9.6392494E-02   1.1054391E-01
   7.5362319E-01   4.6775668E+03   2.0837759E+03   6.7613427E+03   1.0906246E-01   1.0223115E-01   1.0695712E-01
   7.6811594E-01   4.4606386E+03   2.1302409E+03   6.5908795E+03   1.1477597E-01   1.2012535E-01   1.1650464E-01
   7.8260870E-01   3.8167477E+03   1.7540201E+03   5.5707678E+03   1.1414948E-01   1.3039704E-01   1.1926295E-01
   7.9710145E-01   3.8162375E+03   1.5705815E+03   5.3868190E+03   1.2366815E-01   1.2124459E-01   1.2296153E-01
   8.1159420E-01   3.6804353E+03   1.5290044E+03   5.2094397E+03   1.2043173E-01   1.3382392E-01   1.2436219E-01
   8.2608696E-01   2.6853125E+03   1.3559499E+03   4.0412623E+03   1.3039776E-01   1.5670788E-01   1.3922111E-01
   8.4057971E-01   2.4691764E+03   1.2280560E+03   3.6972324E+03   1.3865356E-01   1.4550606E-01   1.4092966E-01
   8.5507246E-01   2.1190941E+03   1.0274396E+03   3.1465337E+03   1.5203813E-01   1.2636759E-01   1.4365583E-01
   8.6956522E-01   1.6796496E+03   8.3351035E+02   2.5131600E+03   1.9760607E-01   1.4147390E-01   1.7898474E-01
   8.8405797E-01   1.4409419E+03   8.0742434E+02   2.2483662E+03   1.3643989E-01   1.7507899E-01   1.5031129E-01
   8.9855072E-01   1.0999403E+03   6.1107797E+02   1.7110183E+03   1.4445564E-01   2.1700364E-01   1.7036564E-01
   9.1304348E-01   1.1185637E+03   5.4124049E+02   1.6598042E+03   2.5290540E-01   2.2804010E-01   2.4476795E-01
   9.2753623E-01   9.5901049E+02   4.1438725E+02   1.3733977E+03   2.7637379E-01   2.5043374E-01   2.6854705E-01
   9.4202899E-01   6.1784683E+02   3.2640965E+02   9.4425648E+02   2.2803343E-01   2.4387126E-01   2.3350824E-01
   9.5652174E-01   5.5108122E+02   2.7554061E+02   8.2662184E+02   2.8334039E-01   2.2339511E-01   2.6335863E-01
   9.7101449E-01   4.1845160E+02   1.9226155E+02   6.1071315E+02   2.8145405E-01   2.2243185E-01   2.6287299E-01
   9.8550725E-01   2.8972285E+02   8.9145492E+01   3.7886834E+02   2.9320755E-01   2.1160796E-01   2.7400765E-01
   1.0000000E+00   4.3768184E+01   8.7536368E+01   1.3130455E+02   4.2848997E-01   4.2420363E-01   4.2563241E-01
