   0.0000000E+00   3.1374675E+10   1.5904190E+10   4.7254969E+10   2.1741866E-07   8.3440951E-07   4.2087027E-07
   1.4492754E-02   2.0309616E+07   1.0286275E+07   3.0595892E+07   2.3327417E-04   1.9266241E-04   1.0085902E-04
   2.8985507E-02   2.0017130E+07   1.0136244E+07   3.0152616E+07   7.7503779E-05   2.4314515E-04   7.9698786E-05
   4.3478261E-02   1.7998014E+07   9.0976392E+06   2.7095148E+07   1.0732467E-04   2.0841694E-04   8.6791908E-05
   5.7971014E-02   1.4120802E+07   7.1244297E+06   2.1245421E+07   2.4447305E-04   2.2182701E-04   8.9299885E-05
   7.2463768E-02   1.0190801E+07   5.1235124E+06   1.5314313E+07   2.3259427E-04   3.0769773E-04   6.1249501E-05
   8.6956522E-02   7.5185160E+06   3.6997756E+06   1.1218039E+07   2.8580744E-04   8.2052506E-04   3.1508344E-04
   1.0144928E-01   5.8087012E+06   2.8471415E+06   8.6558426E+06   2.4001551E-04   2.0278390E-04   1.5820900E-04
   1.1594203E-01   4.9157220E+06   2.3851656E+06   7.3007930E+06   3.3845428E-04   6.2749926E-04   4.2037228E-04
   1.3043478E-01   4.3650685E+06   2.0927003E+06   6.4576846E+06   6.9621830E-04   1.2339479E-03   7.0851089E-04
   1.4492754E-01   3.9647057E+06   1.9016918E+06   5.8663216E+06   9.3768263E-04   1.1518839E-03   9.9966187E-04
   1.5942029E-01   3.6709587E+06   1.7629088E+06   5.4338675E+06   6.8472348E-04   5.9139374E-04   6.5341947E-04
   1.7391304E-01   3.4670873E+06   1.6350063E+06   5.1020937E+06   9.0293530E-04   7.4633826E-04   8.0483503E-04
   1.8840580E-01   3.2601912E+06   1.5486972E+06   4.8087719E+06   8.0826301E-04   7.7099281E-04   7.6247650E-04
   2.0289855E-01   3.0695913E+06   1.4652463E+06   4.5347834E+06   1.0867622E-03   1.3410482E-03   1.1676823E-03
   2.1739130E-01   2.9242069E+06   1.4010551E+06   4.3251610E+06   1.1236376E-03   1.4533450E-03   1.2295595E-03
   2.3188406E-01   2.7653600E+06   1.3211139E+06   4.0862845E+06   1.1827512E-03   1.8897455E-03   1.3954735E-03
   2.4637681E-01   2.6371911E+06   1.2604727E+06   3.8976192E+06   8.8541771E-04   8.0475733E-04   8.1881427E-04
   2.6086957E-01   2.5015414E+06   1.1848055E+06   3.6862627E+06   1.5576446E-03   9.6531128E-04   1.3154817E-03
   2.7536232E-01   2.3276475E+06   1.1085289E+06   3.4361365E+06   1.2554565E-03   4.3436455E-04   9.8810581E-04
   2.8985507E-01   2.1429551E+06   1.0238159E+06   3.1667710E+06   1.0124141E-03   1.6517046E-03   1.0913929E-03
   3.0434783E-01   1.9399502E+06   9.2811919E+05   2.8679973E+06   1.2660570E-03   1.2967244E-03   1.2225728E-03
   3.1884058E-01   1.7203034E+06   8.0995163E+05   2.5301517E+06   1.9254588E-03   1.5896939E-03   1.7987859E-03
   3.3333333E-01   1.4489902E+06   6.8252308E+05   2.1315133E+06   9.6156290E-04   1.2730304E-03   9.1296775E-04
   3.4782609E-01   1.1966557E+06   5.5898867E+05   1.7556443E+06   1.4622245E-03   2.8168221E-03   1.8776785E-03
   3.6231884E-01   9.5017149E+05   4.4961064E+05   1.3997821E+06   1.9884300E-03   2.1794948E-03   1.9601816E-03
   3.7681159E-01   7.3491715E+05   3.4375016E+05   1.0786673E+06   2.8498529E-03   2.1304977E-03   2.3757582E-03
   3.9130435E-01   5.8432724E+05   2.7146618E+05   8.5579342E+05   3.2857685E-03   4.1099020E-03   3.5471763E-03
   4.0579710E-01   4.8267827E+05   2.2334289E+05   7.0602116E+05   4.4145409E-03   2.7285899E-03   3.8710887E-03
   4.2028986E-01   4.1409003E+05   1.8543646E+05   5.9952649E+05   4.4606818E-03   5.7487142E-03   4.8586630E-03
   4.3478261E-01   3.4939239E+05   1.6021079E+05   5.0960318E+05   5.7397431E-03   6.4203134E-03   5.9469758E-03
   4.4927536E-01   2.9060424E+05   1.3441271E+05   4.2501695E+05   7.0687424E-03   9.5531300E-03   7.7060481E-03
   4.6376812E-01   2.3466158E+05   1.0776436E+05   3.4242594E+05   5.6244232E-03   9.7798761E-03   6.8078178E-03
   4.7826087E-01   1.6585249E+05   7.3890808E+04   2.3974329E+05   7.4330792E-03   5.8475064E-03   6.9341606E-03
   4.9275362E-01   8.2013853E+04   3.6995379E+04   1.1900923E+05   2.0717725E-02   2.0616814E-02   2.0664509E-02
   5.0724638E-01   2.9724928E+04   1.4028953E+04   4.3753881E+04   5.1673082E-02   4.4567230E-02   4.9393800E-02
   5.2173913E-01   6.8617266E+03   2.9467538E+03   9.8084804E+03   1.2894641E-01   1.2409477E-01   1.2747941E-01
   5.3623188E-01   5.5294299E+03   2.9899880E+03   8.5194179E+03   1.5569851E-01   1.4898668E-01   1.5334031E-01
   5.5072464E-01   5.6830251E+03   2.7717210E+03   8.4547462E+03   1.8018257E-01   1.9887199E-01   1.8630364E-01
   5.6521739E-01   5.7315980E+03   2.3314975E+03   8.0630955E+03   2.0663443E-01   2.0267378E-01   2.0543852E-01
   5.7971014E-01   5.9482330E+03   2.7278521E+03   8.6760850E+03   2.2884622E-01   2.3115830E-01   2.2954634E-01
   5.9420290E-01   5.7661914E+03   2.8646143E+03   8.6308056E+03   2.3803715E-01   2.2221394E-01   2.3278516E-01
   6.0869565E-01   5.5928184E+03   2.7783678E+03   8.3711862E+03   2.6176885E-01   2.6095234E-01   2.6149784E-01
   6.2318841E-01   5.9209192E+03   2.4494279E+03   8.3703471E+03   2.6772574E-01   2.7557744E-01   2.7002198E-01
   6.3768116E-01   4.7875181E+03   2.0321120E+03   6.8196302E+03   2.8006344E-01   2.7896368E-01   2.7973125E-01
   6.5217391E-01   4.1591325E+03   2.1216627E+03   6.2807952E+03   2.7473953E-01   2.8255496E-01   2.7737956E-01
   6.6666667E-01   4.2004968E+03   1.8119790E+03   6.0124759E+03   2.9034072E-01   2.6719653E-01   2.8336575E-01
   6.8115942E-01   3.3533879E+03   1.7089381E+03   5.0623259E+03   3.0155769E-01   2.8452473E-01   2.9580770E-01
   6.9565217E-01   3.4098151E+03   1.3733977E+03   4.7832128E+03   3.1022597E-01   2.9184552E-01   3.0494828E-01
   7.1014493E-01   2.8299146E+03   1.1752651E+03   4.0051796E+03   2.8350820E-01   3.0905898E-01   2.9100571E-01
   7.2463768E-01   2.4399121E+03   9.2443875E+02   3.3643509E+03   3.1871891E-01   3.2621777E-01   3.2077941E-01
   7.3913043E-01   2.3326404E+03   1.0251732E+03   3.3578135E+03   3.1047232E-01   3.2110557E-01   3.1371866E-01
   7.5362319E-01   1.8506261E+03   8.7431156E+02   2.7249377E+03   3.3728096E-01   3.1663881E-01   3.3065751E-01
   7.6811594E-01   2.1731316E+03   8.7211203E+02   3.0452437E+03   3.0620196E-01   3.4081179E-01   3.1611292E-01
   7.8260870E-01   1.7680523E+03   6.7354372E+02   2.4415960E+03   3.3879767E-01   3.1975762E-01   3.3354514E-01
   7.9710145E-01   1.4190342E+03   4.1331092E+02   1.8323451E+03   3.3760358E-01   3.4851234E-01   3.4006419E-01
   8.1159420E-01   1.3801632E+03   4.6005442E+02   1.8402177E+03   3.5149498E-01   3.6524638E-01   3.5492979E-01
   8.2608696E-01   1.1299582E+03   5.3174504E+02   1.6617033E+03   3.5364107E-01   3.4470091E-01   3.5078022E-01
   8.4057971E-01   1.0320896E+03   5.4870587E+02   1.5807955E+03   3.4646998E-01   3.7716011E-01   3.5712275E-01
   8.5507246E-01   9.5038160E+02   3.2107487E+02   1.2714565E+03   3.6755406E-01   3.6143518E-01   3.6600247E-01
   8.6956522E-01   8.7139719E+02   2.5257889E+02   1.1239761E+03   3.7361336E-01   3.6520935E-01   3.7172482E-01
   8.8405797E-01   5.3414225E+02   3.3539165E+02   8.6953390E+02   3.8670204E-01   3.3703040E-01   3.6754298E-01
   8.9855072E-01   6.5996421E+02   3.2998210E+02   9.8994631E+02   3.8543189E-01   3.8866246E-01   3.8650875E-01
   9.1304348E-01   5.6529562E+02   2.8866159E+02   8.5395722E+02   3.9245004E-01   3.8785851E-01   3.9089797E-01
   9.2753623E-01   5.6830251E+02   2.0127381E+02   7.6957632E+02   3.9972328E-01   3.7520671E-01   3.9331125E-01
   9.4202899E-01   3.2640965E+02   1.5154734E+02   4.7795699E+02   4.0614961E-01   4.0745695E-01   4.0656413E-01
   9.5652174E-01   3.0998319E+02   2.2961718E+02   5.3960037E+02   4.1356467E-01   4.1231551E-01   4.1303311E-01
   9.7101449E-01   2.3749956E+02   7.9166519E+01   3.1666608E+02   4.1675268E-01   4.1605570E-01   4.1657844E-01
   9.8550725E-01   1.7829098E+02   5.5715933E+01   2.3400692E+02   4.2364292E-01   4.2670283E-01   4.2437147E-01
   1.0000000E+00   2.1884092E+01   4.3768184E+01   6.5652276E+01   4.2748648E-01   4.2834050E-01   4.2805583E-01
