   0.0000000E+00   0.0000000E+00   0.0000000E+00   5.7913033E+10   0.0000000E+00   0.0000000E+00   4.6246410E-05
   1.4492754E-02   0.0000000E+00   0.0000000E+00   2.9790418E+07   0.0000000E+00   0.0000000E+00   3.4563591E-02
   2.8985507E-02   0.0000000E+00   0.0000000E+00   1.9720476E+07   0.0000000E+00   0.0000000E+00   2.1728178E-02
   4.3478261E-02   0.0000000E+00   0.0000000E+00   1.1788362E+07   0.0000000E+00   0.0000000E+00   4.6570043E-03
   5.7971014E-02   0.0000000E+00   0.0000000E+00   7.6717051E+06   0.0000000E+00   0.0000000E+00   8.1143216E-04
   7.2463768E-02   0.0000000E+00   0.0000000E+00   5.7888052E+06   0.0000000E+00   0.0000000E+00   4.8125346E-04
   8.6956522E-02   0.0000000E+00   0.0000000E+00   4.6884957E+06   0.0000000E+00   0.0000000E+00   6.5911553E-04
   1.0144928E-01   0.0000000E+00   0.0000000E+00   3.9342771E+06   0.0000000E+00   0.0000000E+00   1.2388535E-03
   1.1594203E-01   0.0000000E+00   0.0000000E+00   3.3675713E+06   0.0000000E+00   0.0000000E+00   1.9005551E-03
   1.3043478E-01   0.0000000E+00   0.0000000E+00   2.9518895E+06   0.0000000E+00   0.0000000E+00   2.6440115E-03
   1.4492754E-01   0.0000000E+00   0.0000000E+00   2.6182833E+06   0.0000000E+00   0.0000000E+00   1.6843083E-03
   1.5942029E-01   0.0000000E+00   0.0000000E+00   2.3361711E+06   0.0000000E+00   0.0000000E+00   1.1999426E-03
   1.7391304E-01   0.0000000E+00   0.0000000E+00   2.1088443E+06   0.0000000E+00   0.0000000E+00   1.6852255E-03
   1.8840580E-01   0.0000000E+00   0.0000000E+00   1.9161995E+06   0.0000000E+00   0.0000000E+00   2.5135522E-03
   2.0289855E-01   0.0000000E+00   0.0000000E+00   1.7302376E+06   0.0000000E+00   0.0000000E+00   3.8759605E-03
   2.1739130E-01   0.0000000E+00   0.0000000E+00   1.5775573E+06   0.0000000E+00   0.0000000E+00   3.7174170E-03
   2.3188406E-01   0.0000000E+00   0.0000000E+00   1.4612952E+06   0.0000000E+00   0.0000000E+00   3.1888396E-03
   2.4637681E-01   0.0000000E+00   0.0000000E+00   1.3549669E+06   0.0000000E+00   0.0000000E+00   4.0287939E-03
   2.6086957E-01   0.0000000E+00   0.0000000E+00   1.2549803E+06   0.0000000E+00   0.0000000E+00   4.0239609E-03
   2.7536232E-01   0.0000000E+00   0.0000000E+00   1.1701050E+06   0.0000000E+00   0.0000000E+00   2.0114631E-03
   2.8985507E-01   0.0000000E+00   0.0000000E+00   1.0838666E+06   0.0000000E+00   0.0000000E+00   2.5603127E-03
   3.0434783E-01   0.0000000E+00   0.0000000E+00   9.9328454E+05   0.0000000E+00   0.0000000E+00   2.9414705E-03
   3.1884058E-01   0.0000000E+00   0.0000000E+00   9.2616088E+05   0.0000000E+00   0.0000000E+00   3.4914915E-03
   3.3333333E-01   0.0000000E+00   0.0000000E+00   8.5828505E+05   0.0000000E+00   0.0000000E+00   4.3087460E-03
   3.4782609E-01   0.0000000E+00   0.0000000E+00   7.8403646E+05   0.0000000E+00   0.0000000E+00   4.7678353E-03
   3.6231884E-01   0.0000000E+00   0.0000000E+00   6.9984560E+05   0.0000000E+00   0.0000000E+00   4.1150784E-03
   3.7681159E-01   0.0000000E+00   0.0000000E+00   6.0578134E+05   0.0000000E+00   0.0000000E+00   2.9808972E-03
   3.9130435E-01   0.0000000E+00   0.0000000E+00   4.9814171E+05   0.0000000E+00   0.0000000E+00   3.2368371E-03
   4.0579710E-01   0.0000000E+00   0.0000000E+00   3.5616330E+05   0.0000000E+00   0.0000000E+00   5.8707763E-03
   4.2028986E-01   0.0000000E+00   0.0000000E+00   1.8039359E+05   0.0000000E+00   0.0000000E+00   1.3933180E-02
   4.3478261E-01   0.0000000E+00   0.0000000E+00   5.5441067E+04   0.0000000E+00   0.0000000E+00   5.3075704E-02
   4.4927536E-01   0.0000000E+00   0.0000000E+00   2.4931981E+04   0.0000000E+00   0.0000000E+00   1.3256534E-01
   4.6376812E-01   0.0000000E+00   0.0000000E+00   2.3110969E+04   0.0000000E+00   0.0000000E+00   1.4774118E-01
   4.7826087E-01   0.0000000E+00   0.0000000E+00   1.9770039E+04   0.0000000E+00   0.0000000E+00   1.5752360E-01
   4.9275362E-01   0.0000000E+00   0.0000000E+00   1.5377597E+04   0.0000000E+00   0.0000000E+00   1.6279184E-01
   5.0724638E-01   0.0000000E+00   0.0000000E+00   1.1539247E+04   0.0000000E+00   0.0000000E+00   1.7840760E-01
   5.2173913E-01   0.0000000E+00   0.0000000E+00   9.7663839E+03   0.0000000E+00   0.0000000E+00   2.0320021E-01
   5.3623188E-01   0.0000000E+00   0.0000000E+00   8.4170210E+03   0.0000000E+00   0.0000000E+00   2.3151323E-01
   5.5072464E-01   0.0000000E+00   0.0000000E+00   7.1586176E+03   0.0000000E+00   0.0000000E+00   2.3446933E-01
   5.6521739E-01   0.0000000E+00   0.0000000E+00   6.6641970E+03   0.0000000E+00   0.0000000E+00   2.3122863E-01
   5.7971014E-01   0.0000000E+00   0.0000000E+00   5.9292896E+03   0.0000000E+00   0.0000000E+00   2.5115765E-01
   5.9420290E-01   0.0000000E+00   0.0000000E+00   4.9530105E+03   0.0000000E+00   0.0000000E+00   2.5305748E-01
   6.0869565E-01   0.0000000E+00   0.0000000E+00   4.3118826E+03   0.0000000E+00   0.0000000E+00   2.4832438E-01
   6.2318841E-01   0.0000000E+00   0.0000000E+00   3.9296577E+03   0.0000000E+00   0.0000000E+00   2.7402918E-01
   6.3768116E-01   0.0000000E+00   0.0000000E+00   3.5303641E+03   0.0000000E+00   0.0000000E+00   2.7744920E-01
   6.5217391E-01   0.0000000E+00   0.0000000E+00   3.0983011E+03   0.0000000E+00   0.0000000E+00   2.6121048E-01
   6.6666667E-01   0.0000000E+00   0.0000000E+00   2.6356059E+03   0.0000000E+00   0.0000000E+00   2.7057320E-01
   6.8115942E-01   0.0000000E+00   0.0000000E+00   2.1603557E+03   0.0000000E+00   0.0000000E+00   2.9119202E-01
   6.9565217E-01   0.0000000E+00   0.0000000E+00   2.2258515E+03   0.0000000E+00   0.0000000E+00   2.8411280E-01
   7.1014493E-01   0.0000000E+00   0.0000000E+00   2.1649620E+03   0.0000000E+00   0.0000000E+00   2.6795599E-01
   7.2463768E-01   0.0000000E+00   0.0000000E+00   1.7579491E+03   0.0000000E+00   0.0000000E+00   2.9765871E-01
   7.3913043E-01   0.0000000E+00   0.0000000E+00   1.4709006E+03   0.0000000E+00   0.0000000E+00   3.3903606E-01
   7.5362319E-01   0.0000000E+00   0.0000000E+00   1.3114673E+03   0.0000000E+00   0.0000000E+00   3.1638352E-01
   7.6811594E-01   0.0000000E+00   0.0000000E+00   1.1008627E+03   0.0000000E+00   0.0000000E+00   3.0981848E-01
   7.8260870E-01   0.0000000E+00   0.0000000E+00   1.0243477E+03   0.0000000E+00   0.0000000E+00   3.2713754E-01
   7.9710145E-01   0.0000000E+00   0.0000000E+00   9.3683808E+02   0.0000000E+00   0.0000000E+00   3.3944825E-01
   8.1159420E-01   0.0000000E+00   0.0000000E+00   8.1186073E+02   0.0000000E+00   0.0000000E+00   3.1001014E-01
   8.2608696E-01   0.0000000E+00   0.0000000E+00   7.0456218E+02   0.0000000E+00   0.0000000E+00   3.2412347E-01
   8.4057971E-01   0.0000000E+00   0.0000000E+00   6.5322128E+02   0.0000000E+00   0.0000000E+00   3.3528511E-01
   8.5507246E-01   0.0000000E+00   0.0000000E+00   7.3205069E+02   0.0000000E+00   0.0000000E+00   3.1122911E-01
   8.6956522E-01   0.0000000E+00   0.0000000E+00   6.0618935E+02   0.0000000E+00   0.0000000E+00   3.2130296E-01
   8.8405797E-01   0.0000000E+00   0.0000000E+00   4.4718886E+02   0.0000000E+00   0.0000000E+00   3.1208109E-01
   8.9855072E-01   0.0000000E+00   0.0000000E+00   3.9108990E+02   0.0000000E+00   0.0000000E+00   3.4862063E-01
   9.1304348E-01   0.0000000E+00   0.0000000E+00   5.0515779E+02   0.0000000E+00   0.0000000E+00   3.5985553E-01
   9.2753623E-01   0.0000000E+00   0.0000000E+00   4.2622688E+02   0.0000000E+00   0.0000000E+00   3.0712245E-01
   9.4202899E-01   0.0000000E+00   0.0000000E+00   2.7977970E+02   0.0000000E+00   0.0000000E+00   2.3815278E-01
   9.5652174E-01   0.0000000E+00   0.0000000E+00   3.0998319E+02   0.0000000E+00   0.0000000E+00   2.4831241E-01
   9.7101449E-01   0.0000000E+00   0.0000000E+00   2.9404707E+02   0.0000000E+00   0.0000000E+00   2.9145879E-01
   9.8550725E-01   0.0000000E+00   0.0000000E+00   1.3371824E+02   0.0000000E+00   0.0000000E+00   3.1656621E-01
   1.0000000E+00   0.0000000E+00   0.0000000E+00   0.0000000E+00   0.0000000E+00   0.0000000E+00   0.0000000E+00
