   0.0000000E+00   0.0000000E+00   0.0000000E+00   5.8938087E+10   0.0000000E+00   0.0000000E+00   9.7502085E-06
   1.4492754E-02   0.0000000E+00   0.0000000E+00   3.0310983E+07   0.0000000E+00   0.0000000E+00   1.1660555E-02
   2.8985507E-02   0.0000000E+00   0.0000000E+00   2.2185015E+07   0.0000000E+00   0.0000000E+00   1.6848250E-02
   4.3478261E-02   0.0000000E+00   0.0000000E+00   1.5953893E+07   0.0000000E+00   0.0000000E+00   2.1324534E-02
   5.7971014E-02   0.0000000E+00   0.0000000E+00   1.0562471E+07   0.0000000E+00   0.0000000E+00   2.6679054E-02
   7.2463768E-02   0.0000000E+00   0.0000000E+00   6.6612632E+06   0.0000000E+00   0.0000000E+00   2.8618502E-02
   8.6956522E-02   0.0000000E+00   0.0000000E+00   4.2848747E+06   0.0000000E+00   0.0000000E+00   2.5917363E-02
   1.0144928E-01   0.0000000E+00   0.0000000E+00   2.9293018E+06   0.0000000E+00   0.0000000E+00   2.0084334E-02
   1.1594203E-01   0.0000000E+00   0.0000000E+00   2.1514986E+06   0.0000000E+00   0.0000000E+00   1.3011038E-02
   1.3043478E-01   0.0000000E+00   0.0000000E+00   1.7151791E+06   0.0000000E+00   0.0000000E+00   1.0243059E-02
   1.4492754E-01   0.0000000E+00   0.0000000E+00   1.4298491E+06   0.0000000E+00   0.0000000E+00   7.0484035E-03
   1.5942029E-01   0.0000000E+00   0.0000000E+00   1.2143764E+06   0.0000000E+00   0.0000000E+00   5.9724196E-03
   1.7391304E-01   0.0000000E+00   0.0000000E+00   1.0367101E+06   0.0000000E+00   0.0000000E+00   9.4484636E-03
   1.8840580E-01   0.0000000E+00   0.0000000E+00   8.7920770E+05   0.0000000E+00   0.0000000E+00   1.2763373E-02
   2.0289855E-01   0.0000000E+00   0.0000000E+00   7.5724957E+05   0.0000000E+00   0.0000000E+00   1.0976166E-02
   2.1739130E-01   0.0000000E+00   0.0000000E+00   6.6999078E+05   0.0000000E+00   0.0000000E+00   9.3150331E-03
   2.3188406E-01   0.0000000E+00   0.0000000E+00   5.9245537E+05   0.0000000E+00   0.0000000E+00   1.1580188E-02
   2.4637681E-01   0.0000000E+00   0.0000000E+00   5.1869305E+05   0.0000000E+00   0.0000000E+00   1.2154697E-02
   2.6086957E-01   0.0000000E+00   0.0000000E+00   4.5653635E+05   0.0000000E+00   0.0000000E+00   1.1103570E-02
   2.7536232E-01   0.0000000E+00   0.0000000E+00   4.0247782E+05   0.0000000E+00   0.0000000E+00   9.4937190E-03
   2.8985507E-01   0.0000000E+00   0.0000000E+00   3.5465865E+05   0.0000000E+00   0.0000000E+00   9.3392516E-03
   3.0434783E-01   0.0000000E+00   0.0000000E+00   3.1778033E+05   0.0000000E+00   0.0000000E+00   1.0529406E-02
   3.1884058E-01   0.0000000E+00   0.0000000E+00   2.8060367E+05   0.0000000E+00   0.0000000E+00   9.5098511E-03
   3.3333333E-01   0.0000000E+00   0.0000000E+00   2.4231101E+05   0.0000000E+00   0.0000000E+00   9.8191264E-03
   3.4782609E-01   0.0000000E+00   0.0000000E+00   2.0739884E+05   0.0000000E+00   0.0000000E+00   1.0984763E-02
   3.6231884E-01   0.0000000E+00   0.0000000E+00   1.6912683E+05   0.0000000E+00   0.0000000E+00   7.4935264E-03
   3.7681159E-01   0.0000000E+00   0.0000000E+00   1.3385710E+05   0.0000000E+00   0.0000000E+00   1.2021015E-02
   3.9130435E-01   0.0000000E+00   0.0000000E+00   9.3173548E+04   0.0000000E+00   0.0000000E+00   2.0461694E-02
   4.0579710E-01   0.0000000E+00   0.0000000E+00   5.2446203E+04   0.0000000E+00   0.0000000E+00   2.1723945E-02
   4.2028986E-01   0.0000000E+00   0.0000000E+00   2.4456605E+04   0.0000000E+00   0.0000000E+00   3.8435382E-02
   4.3478261E-01   0.0000000E+00   0.0000000E+00   8.5119088E+03   0.0000000E+00   0.0000000E+00   7.1537041E-02
   4.4927536E-01   0.0000000E+00   0.0000000E+00   4.1553302E+03   0.0000000E+00   0.0000000E+00   8.7403611E-02
   4.6376812E-01   0.0000000E+00   0.0000000E+00   4.0491554E+03   0.0000000E+00   0.0000000E+00   1.1191142E-01
   4.7826087E-01   0.0000000E+00   0.0000000E+00   4.2938412E+03   0.0000000E+00   0.0000000E+00   1.3327052E-01
   4.9275362E-01   0.0000000E+00   0.0000000E+00   4.2566973E+03   0.0000000E+00   0.0000000E+00   1.3579830E-01
   5.0724638E-01   0.0000000E+00   0.0000000E+00   4.1783766E+03   0.0000000E+00   0.0000000E+00   1.4885249E-01
   5.2173913E-01   0.0000000E+00   0.0000000E+00   4.2727930E+03   0.0000000E+00   0.0000000E+00   1.4936419E-01
   5.3623188E-01   0.0000000E+00   0.0000000E+00   4.6692963E+03   0.0000000E+00   0.0000000E+00   1.6939153E-01
   5.5072464E-01   0.0000000E+00   0.0000000E+00   4.9252884E+03   0.0000000E+00   0.0000000E+00   1.8788988E-01
   5.6521739E-01   0.0000000E+00   0.0000000E+00   5.0515779E+03   0.0000000E+00   0.0000000E+00   1.9243867E-01
   5.7971014E-01   0.0000000E+00   0.0000000E+00   5.2662700E+03   0.0000000E+00   0.0000000E+00   2.0790261E-01
   5.9420290E-01   0.0000000E+00   0.0000000E+00   4.7127525E+03   0.0000000E+00   0.0000000E+00   2.0843886E-01
   6.0869565E-01   0.0000000E+00   0.0000000E+00   4.4020893E+03   0.0000000E+00   0.0000000E+00   2.0052546E-01
   6.2318841E-01   0.0000000E+00   0.0000000E+00   4.4583112E+03   0.0000000E+00   0.0000000E+00   2.0575618E-01
   6.3768116E-01   0.0000000E+00   0.0000000E+00   4.1675518E+03   0.0000000E+00   0.0000000E+00   1.9640581E-01
   6.5217391E-01   0.0000000E+00   0.0000000E+00   3.7213290E+03   0.0000000E+00   0.0000000E+00   1.9395050E-01
   6.6666667E-01   0.0000000E+00   0.0000000E+00   3.2945073E+03   0.0000000E+00   0.0000000E+00   2.0780146E-01
   6.8115942E-01   0.0000000E+00   0.0000000E+00   2.7729938E+03   0.0000000E+00   0.0000000E+00   1.9803119E-01
   6.9565217E-01   0.0000000E+00   0.0000000E+00   2.4626442E+03   0.0000000E+00   0.0000000E+00   1.9712011E-01
   7.1014493E-01   0.0000000E+00   0.0000000E+00   2.3814581E+03   0.0000000E+00   0.0000000E+00   1.9941022E-01
   7.2463768E-01   0.0000000E+00   0.0000000E+00   2.3641385E+03   0.0000000E+00   0.0000000E+00   1.6809943E-01
   7.3913043E-01   0.0000000E+00   0.0000000E+00   2.2732101E+03   0.0000000E+00   0.0000000E+00   1.7985262E-01
   7.5362319E-01   0.0000000E+00   0.0000000E+00   2.1420633E+03   0.0000000E+00   0.0000000E+00   1.9688317E-01
   7.6811594E-01   0.0000000E+00   0.0000000E+00   1.8443025E+03   0.0000000E+00   0.0000000E+00   1.8515289E-01
   7.8260870E-01   0.0000000E+00   0.0000000E+00   1.4593447E+03   0.0000000E+00   0.0000000E+00   2.2169482E-01
   7.9710145E-01   0.0000000E+00   0.0000000E+00   1.3225949E+03   0.0000000E+00   0.0000000E+00   2.3591431E-01
   8.1159420E-01   0.0000000E+00   0.0000000E+00   1.1501360E+03   0.0000000E+00   0.0000000E+00   1.9578551E-01
   8.2608696E-01   0.0000000E+00   0.0000000E+00   1.2496008E+03   0.0000000E+00   0.0000000E+00   2.0290883E-01
   8.4057971E-01   0.0000000E+00   0.0000000E+00   1.2019272E+03   0.0000000E+00   0.0000000E+00   2.1732100E-01
   8.5507246E-01   0.0000000E+00   0.0000000E+00   9.1185262E+02   0.0000000E+00   0.0000000E+00   2.2433628E-01
   8.6956522E-01   0.0000000E+00   0.0000000E+00   1.0355735E+03   0.0000000E+00   0.0000000E+00   1.8669827E-01
   8.8405797E-01   0.0000000E+00   0.0000000E+00   1.0310188E+03   0.0000000E+00   0.0000000E+00   1.8661953E-01
   8.9855072E-01   0.0000000E+00   0.0000000E+00   7.5773668E+02   0.0000000E+00   0.0000000E+00   2.6592762E-01
   9.1304348E-01   0.0000000E+00   0.0000000E+00   5.6529562E+02   0.0000000E+00   0.0000000E+00   2.5833436E-01
   9.2753623E-01   0.0000000E+00   0.0000000E+00   3.9070798E+02   0.0000000E+00   0.0000000E+00   1.8542606E-01
   9.4202899E-01   0.0000000E+00   0.0000000E+00   3.9635457E+02   0.0000000E+00   0.0000000E+00   1.6910674E-01
   9.5652174E-01   0.0000000E+00   0.0000000E+00   4.0183006E+02   0.0000000E+00   0.0000000E+00   2.1364559E-01
   9.7101449E-01   0.0000000E+00   0.0000000E+00   3.3928508E+02   0.0000000E+00   0.0000000E+00   2.4333947E-01
   9.8550725E-01   0.0000000E+00   0.0000000E+00   1.7829098E+02   0.0000000E+00   0.0000000E+00   1.9540555E-01
   1.0000000E+00   0.0000000E+00   0.0000000E+00   4.3768184E+01   0.0000000E+00   0.0000000E+00   4.3461048E-05
