   0.0000000E+00   0.0000000E+00   0.0000000E+00   5.6368620E+10   0.0000000E+00   0.0000000E+00   2.1865861E-07
   1.4492754E-02   0.0000000E+00   0.0000000E+00   3.1658239E+07   0.0000000E+00   0.0000000E+00   2.6467759E-04
   2.8985507E-02   0.0000000E+00   0.0000000E+00   2.5259531E+07   0.0000000E+00   0.0000000E+00   2.7834989E-04
   4.3478261E-02   0.0000000E+00   0.0000000E+00   1.8769138E+07   0.0000000E+00   0.0000000E+00   1.4249319E-04
   5.7971014E-02   0.0000000E+00   0.0000000E+00   1.3513855E+07   0.0000000E+00   0.0000000E+00   1.8662512E-04
   7.2463768E-02   0.0000000E+00   0.0000000E+00   1.0667569E+07   0.0000000E+00   0.0000000E+00   3.0585123E-04
   8.6956522E-02   0.0000000E+00   0.0000000E+00   9.0594998E+06   0.0000000E+00   0.0000000E+00   6.8809813E-04
   1.0144928E-01   0.0000000E+00   0.0000000E+00   7.9509310E+06   0.0000000E+00   0.0000000E+00   8.5555324E-04
   1.1594203E-01   0.0000000E+00   0.0000000E+00   7.1765241E+06   0.0000000E+00   0.0000000E+00   4.7419449E-04
   1.3043478E-01   0.0000000E+00   0.0000000E+00   6.5999707E+06   0.0000000E+00   0.0000000E+00   4.6004951E-04
   1.4492754E-01   0.0000000E+00   0.0000000E+00   6.0915210E+06   0.0000000E+00   0.0000000E+00   3.4799310E-04
   1.5942029E-01   0.0000000E+00   0.0000000E+00   5.5869303E+06   0.0000000E+00   0.0000000E+00   3.3255488E-04
   1.7391304E-01   0.0000000E+00   0.0000000E+00   5.0071240E+06   0.0000000E+00   0.0000000E+00   8.0304411E-04
   1.8840580E-01   0.0000000E+00   0.0000000E+00   4.3313395E+06   0.0000000E+00   0.0000000E+00   1.1882972E-03
   2.0289855E-01   0.0000000E+00   0.0000000E+00   3.6127803E+06   0.0000000E+00   0.0000000E+00   1.1966468E-03
   2.1739130E-01   0.0000000E+00   0.0000000E+00   2.8581828E+06   0.0000000E+00   0.0000000E+00   1.5327579E-03
   2.3188406E-01   0.0000000E+00   0.0000000E+00   2.1859756E+06   0.0000000E+00   0.0000000E+00   2.0974854E-03
   2.4637681E-01   0.0000000E+00   0.0000000E+00   1.7263025E+06   0.0000000E+00   0.0000000E+00   2.1178050E-03
   2.6086957E-01   0.0000000E+00   0.0000000E+00   1.4584326E+06   0.0000000E+00   0.0000000E+00   2.4576671E-03
   2.7536232E-01   0.0000000E+00   0.0000000E+00   1.2793387E+06   0.0000000E+00   0.0000000E+00   1.7785464E-03
   2.8985507E-01   0.0000000E+00   0.0000000E+00   1.1258831E+06   0.0000000E+00   0.0000000E+00   1.8762851E-03
   3.0434783E-01   0.0000000E+00   0.0000000E+00   9.8523810E+05   0.0000000E+00   0.0000000E+00   2.4564779E-03
   3.1884058E-01   0.0000000E+00   0.0000000E+00   8.6650634E+05   0.0000000E+00   0.0000000E+00   2.9019320E-03
   3.3333333E-01   0.0000000E+00   0.0000000E+00   7.6409508E+05   0.0000000E+00   0.0000000E+00   3.2290447E-03
   3.4782609E-01   0.0000000E+00   0.0000000E+00   6.6800803E+05   0.0000000E+00   0.0000000E+00   3.6242386E-03
   3.6231884E-01   0.0000000E+00   0.0000000E+00   5.7848649E+05   0.0000000E+00   0.0000000E+00   3.8973406E-03
   3.7681159E-01   0.0000000E+00   0.0000000E+00   4.8448518E+05   0.0000000E+00   0.0000000E+00   4.3683633E-03
   3.9130435E-01   0.0000000E+00   0.0000000E+00   3.9508952E+05   0.0000000E+00   0.0000000E+00   4.3523615E-03
   4.0579710E-01   0.0000000E+00   0.0000000E+00   2.9134976E+05   0.0000000E+00   0.0000000E+00   5.9361220E-03
   4.2028986E-01   0.0000000E+00   0.0000000E+00   1.4807220E+05   0.0000000E+00   0.0000000E+00   1.7430825E-02
   4.3478261E-01   0.0000000E+00   0.0000000E+00   4.1220876E+04   0.0000000E+00   0.0000000E+00   7.2411482E-02
   4.4927536E-01   0.0000000E+00   0.0000000E+00   1.3761476E+04   0.0000000E+00   0.0000000E+00   2.2252672E-01
   4.6376812E-01   0.0000000E+00   0.0000000E+00   1.3994449E+04   0.0000000E+00   0.0000000E+00   2.5478043E-01
   4.7826087E-01   0.0000000E+00   0.0000000E+00   1.3019294E+04   0.0000000E+00   0.0000000E+00   2.7164020E-01
   4.9275362E-01   0.0000000E+00   0.0000000E+00   1.0608314E+04   0.0000000E+00   0.0000000E+00   2.7973819E-01
   5.0724638E-01   0.0000000E+00   0.0000000E+00   9.2227379E+03   0.0000000E+00   0.0000000E+00   2.8971795E-01
   5.2173913E-01   0.0000000E+00   0.0000000E+00   7.3879327E+03   0.0000000E+00   0.0000000E+00   2.8282498E-01
   5.3623188E-01   0.0000000E+00   0.0000000E+00   6.1642903E+03   0.0000000E+00   0.0000000E+00   2.7449677E-01
   5.5072464E-01   0.0000000E+00   0.0000000E+00   6.1017744E+03   0.0000000E+00   0.0000000E+00   2.7399407E-01
   5.6521739E-01   0.0000000E+00   0.0000000E+00   5.4790191E+03   0.0000000E+00   0.0000000E+00   2.8898698E-01
   5.7971014E-01   0.0000000E+00   0.0000000E+00   4.6979674E+03   0.0000000E+00   0.0000000E+00   2.9404789E-01
   5.9420290E-01   0.0000000E+00   0.0000000E+00   4.1028669E+03   0.0000000E+00   0.0000000E+00   2.8782443E-01
   6.0869565E-01   0.0000000E+00   0.0000000E+00   3.6263113E+03   0.0000000E+00   0.0000000E+00   2.9503782E-01
   6.2318841E-01   0.0000000E+00   0.0000000E+00   3.2776517E+03   0.0000000E+00   0.0000000E+00   2.8561115E-01
   6.3768116E-01   0.0000000E+00   0.0000000E+00   2.8415126E+03   0.0000000E+00   0.0000000E+00   2.8833180E-01
   6.5217391E-01   0.0000000E+00   0.0000000E+00   2.7110135E+03   0.0000000E+00   0.0000000E+00   2.7499125E-01
   6.6666667E-01   0.0000000E+00   0.0000000E+00   2.7509136E+03   0.0000000E+00   0.0000000E+00   2.7078212E-01
   6.8115942E-01   0.0000000E+00   0.0000000E+00   2.4021865E+03   0.0000000E+00   0.0000000E+00   2.8098641E-01
   6.9565217E-01   0.0000000E+00   0.0000000E+00   2.2574239E+03   0.0000000E+00   0.0000000E+00   2.4768062E-01
   7.1014493E-01   0.0000000E+00   0.0000000E+00   2.3350661E+03   0.0000000E+00   0.0000000E+00   2.3066631E-01
   7.2463768E-01   0.0000000E+00   0.0000000E+00   2.0610438E+03   0.0000000E+00   0.0000000E+00   2.2605312E-01
   7.3913043E-01   0.0000000E+00   0.0000000E+00   1.6937644E+03   0.0000000E+00   0.0000000E+00   2.1450947E-01
   7.5362319E-01   0.0000000E+00   0.0000000E+00   1.7631950E+03   0.0000000E+00   0.0000000E+00   2.2230519E-01
   7.6811594E-01   0.0000000E+00   0.0000000E+00   1.7156302E+03   0.0000000E+00   0.0000000E+00   2.2758716E-01
   7.8260870E-01   0.0000000E+00   0.0000000E+00   1.3751518E+03   0.0000000E+00   0.0000000E+00   2.0838848E-01
   7.9710145E-01   0.0000000E+00   0.0000000E+00   1.2812638E+03   0.0000000E+00   0.0000000E+00   1.9895177E-01
   8.1159420E-01   0.0000000E+00   0.0000000E+00   1.1771981E+03   0.0000000E+00   0.0000000E+00   2.2124552E-01
   8.2608696E-01   0.0000000E+00   0.0000000E+00   9.8372833E+02   0.0000000E+00   0.0000000E+00   2.5352953E-01
   8.4057971E-01   0.0000000E+00   0.0000000E+00   9.2757422E+02   0.0000000E+00   0.0000000E+00   2.4254860E-01
   8.5507246E-01   0.0000000E+00   0.0000000E+00   8.3479465E+02   0.0000000E+00   0.0000000E+00   2.0818502E-01
   8.6956522E-01   0.0000000E+00   0.0000000E+00   7.3247879E+02   0.0000000E+00   0.0000000E+00   2.4316349E-01
   8.8405797E-01   0.0000000E+00   0.0000000E+00   7.3289286E+02   0.0000000E+00   0.0000000E+00   2.5642527E-01
   8.9855072E-01   0.0000000E+00   0.0000000E+00   6.3552109E+02   0.0000000E+00   0.0000000E+00   2.3301376E-01
   9.1304348E-01   0.0000000E+00   0.0000000E+00   5.5326806E+02   0.0000000E+00   0.0000000E+00   2.5692619E-01
   9.2753623E-01   0.0000000E+00   0.0000000E+00   4.2622688E+02   0.0000000E+00   0.0000000E+00   2.1312318E-01
   9.4202899E-01   0.0000000E+00   0.0000000E+00   2.5646472E+02   0.0000000E+00   0.0000000E+00   1.6641960E-01
   9.5652174E-01   0.0000000E+00   0.0000000E+00   3.0998319E+02   0.0000000E+00   0.0000000E+00   2.2759002E-01
   9.7101449E-01   0.0000000E+00   0.0000000E+00   2.8273757E+02   0.0000000E+00   0.0000000E+00   2.4909970E-01
   9.8550725E-01   0.0000000E+00   0.0000000E+00   1.2257505E+02   0.0000000E+00   0.0000000E+00   3.0751969E-01
   1.0000000E+00   0.0000000E+00   0.0000000E+00   6.5652276E+01   0.0000000E+00   0.0000000E+00   4.2674237E-01
