   0.0000000E+00   0.0000000E+00   0.0000000E+00   5.9360667E+10   0.0000000E+00   0.0000000E+00   1.6876392E-05
   1.4492754E-02   0.0000000E+00   0.0000000E+00   2.3896742E+07   0.0000000E+00   0.0000000E+00   1.7208561E-02
   2.8985507E-02   0.0000000E+00   0.0000000E+00   1.4478075E+07   0.0000000E+00   0.0000000E+00   1.9370001E-02
   4.3478261E-02   0.0000000E+00   0.0000000E+00   8.1295043E+06   0.0000000E+00   0.0000000E+00   1.6020089E-02
   5.7971014E-02   0.0000000E+00   0.0000000E+00   4.7040293E+06   0.0000000E+00   0.0000000E+00   8.4472318E-03
   7.2463768E-02   0.0000000E+00   0.0000000E+00   3.1752198E+06   0.0000000E+00   0.0000000E+00   4.9356964E-03
   8.6956522E-02   0.0000000E+00   0.0000000E+00   2.4242522E+06   0.0000000E+00   0.0000000E+00   3.7242213E-03
   1.0144928E-01   0.0000000E+00   0.0000000E+00   1.9836464E+06   0.0000000E+00   0.0000000E+00   4.4912443E-03
   1.1594203E-01   0.0000000E+00   0.0000000E+00   1.6803758E+06   0.0000000E+00   0.0000000E+00   5.6004031E-03
   1.3043478E-01   0.0000000E+00   0.0000000E+00   1.4401207E+06   0.0000000E+00   0.0000000E+00   4.6166694E-03
   1.4492754E-01   0.0000000E+00   0.0000000E+00   1.2439763E+06   0.0000000E+00   0.0000000E+00   5.2245326E-03
   1.5942029E-01   0.0000000E+00   0.0000000E+00   1.0923808E+06   0.0000000E+00   0.0000000E+00   6.3135040E-03
   1.7391304E-01   0.0000000E+00   0.0000000E+00   9.6403050E+05   0.0000000E+00   0.0000000E+00   8.0314956E-03
   1.8840580E-01   0.0000000E+00   0.0000000E+00   8.4790735E+05   0.0000000E+00   0.0000000E+00   1.0432091E-02
   2.0289855E-01   0.0000000E+00   0.0000000E+00   7.4474691E+05   0.0000000E+00   0.0000000E+00   1.1478480E-02
   2.1739130E-01   0.0000000E+00   0.0000000E+00   6.5938246E+05   0.0000000E+00   0.0000000E+00   1.2312304E-02
   2.3188406E-01   0.0000000E+00   0.0000000E+00   5.9103461E+05   0.0000000E+00   0.0000000E+00   1.3801501E-02
   2.4637681E-01   0.0000000E+00   0.0000000E+00   5.3010367E+05   0.0000000E+00   0.0000000E+00   1.2188507E-02
   2.6086957E-01   0.0000000E+00   0.0000000E+00   4.7413268E+05   0.0000000E+00   0.0000000E+00   8.8940122E-03
   2.7536232E-01   0.0000000E+00   0.0000000E+00   4.2050398E+05   0.0000000E+00   0.0000000E+00   9.2474911E-03
   2.8985507E-01   0.0000000E+00   0.0000000E+00   3.8117944E+05   0.0000000E+00   0.0000000E+00   1.0325797E-02
   3.0434783E-01   0.0000000E+00   0.0000000E+00   3.4394029E+05   0.0000000E+00   0.0000000E+00   1.0727197E-02
   3.1884058E-01   0.0000000E+00   0.0000000E+00   3.0209584E+05   0.0000000E+00   0.0000000E+00   1.0589568E-02
   3.3333333E-01   0.0000000E+00   0.0000000E+00   2.6280285E+05   0.0000000E+00   0.0000000E+00   1.2126066E-02
   3.4782609E-01   0.0000000E+00   0.0000000E+00   2.2441635E+05   0.0000000E+00   0.0000000E+00   1.3361249E-02
   3.6231884E-01   0.0000000E+00   0.0000000E+00   1.9110119E+05   0.0000000E+00   0.0000000E+00   1.4179301E-02
   3.7681159E-01   0.0000000E+00   0.0000000E+00   1.5892070E+05   0.0000000E+00   0.0000000E+00   1.6278300E-02
   3.9130435E-01   0.0000000E+00   0.0000000E+00   1.2039594E+05   0.0000000E+00   0.0000000E+00   1.8660535E-02
   4.0579710E-01   0.0000000E+00   0.0000000E+00   7.4582939E+04   0.0000000E+00   0.0000000E+00   2.3863822E-02
   4.2028986E-01   0.0000000E+00   0.0000000E+00   3.4855887E+04   0.0000000E+00   0.0000000E+00   4.4820939E-02
   4.3478261E-01   0.0000000E+00   0.0000000E+00   1.4270708E+04   0.0000000E+00   0.0000000E+00   1.0048537E-01
   4.4927536E-01   0.0000000E+00   0.0000000E+00   9.7528044E+03   0.0000000E+00   0.0000000E+00   1.4777449E-01
   4.6376812E-01   0.0000000E+00   0.0000000E+00   9.9689732E+03   0.0000000E+00   0.0000000E+00   1.5940008E-01
   4.7826087E-01   0.0000000E+00   0.0000000E+00   1.1526782E+04   0.0000000E+00   0.0000000E+00   1.7407480E-01
   4.9275362E-01   0.0000000E+00   0.0000000E+00   1.0786605E+04   0.0000000E+00   0.0000000E+00   1.8857565E-01
   5.0724638E-01   0.0000000E+00   0.0000000E+00   9.8505769E+03   0.0000000E+00   0.0000000E+00   2.0753744E-01
   5.2173913E-01   0.0000000E+00   0.0000000E+00   1.0376783E+04   0.0000000E+00   0.0000000E+00   2.1315418E-01
   5.3623188E-01   0.0000000E+00   0.0000000E+00   9.2157164E+03   0.0000000E+00   0.0000000E+00   2.1382290E-01
   5.5072464E-01   0.0000000E+00   0.0000000E+00   7.1785581E+03   0.0000000E+00   0.0000000E+00   2.1155833E-01
   5.6521739E-01   0.0000000E+00   0.0000000E+00   6.3727598E+03   0.0000000E+00   0.0000000E+00   2.0876690E-01
   5.7971014E-01   0.0000000E+00   0.0000000E+00   6.0050632E+03   0.0000000E+00   0.0000000E+00   1.9903187E-01
   5.9420290E-01   0.0000000E+00   0.0000000E+00   5.5444148E+03   0.0000000E+00   0.0000000E+00   2.0223681E-01
   6.0869565E-01   0.0000000E+00   0.0000000E+00   4.5464201E+03   0.0000000E+00   0.0000000E+00   2.2801937E-01
   6.2318841E-01   0.0000000E+00   0.0000000E+00   3.5419785E+03   0.0000000E+00   0.0000000E+00   2.2145961E-01
   6.3768116E-01   0.0000000E+00   0.0000000E+00   3.2720448E+03   0.0000000E+00   0.0000000E+00   2.1072438E-01
   6.5217391E-01   0.0000000E+00   0.0000000E+00   3.5024273E+03   0.0000000E+00   0.0000000E+00   2.1182171E-01
   6.6666667E-01   0.0000000E+00   0.0000000E+00   3.8051560E+03   0.0000000E+00   0.0000000E+00   1.9593533E-01
   6.8115942E-01   0.0000000E+00   0.0000000E+00   3.2405335E+03   0.0000000E+00   0.0000000E+00   2.0997313E-01
   6.9565217E-01   0.0000000E+00   0.0000000E+00   2.3994995E+03   0.0000000E+00   0.0000000E+00   2.3763079E-01
   7.1014493E-01   0.0000000E+00   0.0000000E+00   2.3505301E+03   0.0000000E+00   0.0000000E+00   2.1731961E-01
   7.2463768E-01   0.0000000E+00   0.0000000E+00   2.1368174E+03   0.0000000E+00   0.0000000E+00   2.1203221E-01
   7.3913043E-01   0.0000000E+00   0.0000000E+00   1.9166281E+03   0.0000000E+00   0.0000000E+00   2.0903911E-01
   7.5362319E-01   0.0000000E+00   0.0000000E+00   1.8214824E+03   0.0000000E+00   0.0000000E+00   2.2231483E-01
   7.6811594E-01   0.0000000E+00   0.0000000E+00   1.6870364E+03   0.0000000E+00   0.0000000E+00   2.3553222E-01
   7.8260870E-01   0.0000000E+00   0.0000000E+00   1.7540201E+03   0.0000000E+00   0.0000000E+00   2.2149283E-01
   7.9710145E-01   0.0000000E+00   0.0000000E+00   1.4190342E+03   0.0000000E+00   0.0000000E+00   2.1311500E-01
   8.1159420E-01   0.0000000E+00   0.0000000E+00   1.1907291E+03   0.0000000E+00   0.0000000E+00   2.3321698E-01
   8.2608696E-01   0.0000000E+00   0.0000000E+00   1.1964263E+03   0.0000000E+00   0.0000000E+00   2.6769400E-01
   8.4057971E-01   0.0000000E+00   0.0000000E+00   1.2149916E+03   0.0000000E+00   0.0000000E+00   2.2726793E-01
   8.5507246E-01   0.0000000E+00   0.0000000E+00   9.8891059E+02   0.0000000E+00   0.0000000E+00   1.8700022E-01
   8.6956522E-01   0.0000000E+00   0.0000000E+00   8.4613930E+02   0.0000000E+00   0.0000000E+00   2.0689016E-01
   8.8405797E-01   0.0000000E+00   0.0000000E+00   7.4531477E+02   0.0000000E+00   0.0000000E+00   2.0440485E-01
   8.9855072E-01   0.0000000E+00   0.0000000E+00   7.4551512E+02   0.0000000E+00   0.0000000E+00   1.9729949E-01
   9.1304348E-01   0.0000000E+00   0.0000000E+00   7.5773668E+02   0.0000000E+00   0.0000000E+00   2.2404640E-01
   9.2753623E-01   0.0000000E+00   0.0000000E+00   6.3934033E+02   0.0000000E+00   0.0000000E+00   2.6849573E-01
   9.4202899E-01   0.0000000E+00   0.0000000E+00   4.6629950E+02   0.0000000E+00   0.0000000E+00   2.8012379E-01
   9.5652174E-01   0.0000000E+00   0.0000000E+00   1.9517460E+02   0.0000000E+00   0.0000000E+00   2.6244637E-01
   9.7101449E-01   0.0000000E+00   0.0000000E+00   1.6964254E+02   0.0000000E+00   0.0000000E+00   2.5298321E-01
   9.8550725E-01   0.0000000E+00   0.0000000E+00   1.5600461E+02   0.0000000E+00   0.0000000E+00   2.4103444E-01
   1.0000000E+00   0.0000000E+00   0.0000000E+00   6.5652276E+01   0.0000000E+00   0.0000000E+00   2.8443873E-01
