   0.0000000E+00   0.0000000E+00   0.0000000E+00   5.6223335E+10   0.0000000E+00   0.0000000E+00   2.6601000E-07
   1.4492754E-02   0.0000000E+00   0.0000000E+00   3.7693611E+07   0.0000000E+00   0.0000000E+00   8.2252006E-05
   2.8985507E-02   0.0000000E+00   0.0000000E+00   3.0136325E+07   0.0000000E+00   0.0000000E+00   8.0075442E-05
   4.3478261E-02   0.0000000E+00   0.0000000E+00   2.3179670E+07   0.0000000E+00   0.0000000E+00   4.1633936E-05
   5.7971014E-02   0.0000000E+00   0.0000000E+00   1.6807547E+07   0.0000000E+00   0.0000000E+00   1.8891203E-04
   7.2463768E-02   0.0000000E+00   0.0000000E+00   1.2883494E+07   0.0000000E+00   0.0000000E+00   2.0475781E-04
   8.6956522E-02   0.0000000E+00   0.0000000E+00   1.0801031E+07   0.0000000E+00   0.0000000E+00   1.8956171E-04
   1.0144928E-01   0.0000000E+00   0.0000000E+00   9.5194460E+06   0.0000000E+00   0.0000000E+00   2.5949377E-04
   1.1594203E-01   0.0000000E+00   0.0000000E+00   8.5636559E+06   0.0000000E+00   0.0000000E+00   3.7238696E-04
   1.3043478E-01   0.0000000E+00   0.0000000E+00   7.7257148E+06   0.0000000E+00   0.0000000E+00   4.0823903E-04
   1.4492754E-01   0.0000000E+00   0.0000000E+00   6.8507731E+06   0.0000000E+00   0.0000000E+00   5.3389813E-04
   1.5942029E-01   0.0000000E+00   0.0000000E+00   5.8741814E+06   0.0000000E+00   0.0000000E+00   6.7660861E-04
   1.7391304E-01   0.0000000E+00   0.0000000E+00   4.8141537E+06   0.0000000E+00   0.0000000E+00   7.5221601E-04
   1.8840580E-01   0.0000000E+00   0.0000000E+00   3.7184471E+06   0.0000000E+00   0.0000000E+00   9.5559624E-04
   2.0289855E-01   0.0000000E+00   0.0000000E+00   2.7705559E+06   0.0000000E+00   0.0000000E+00   1.4310594E-03
   2.1739130E-01   0.0000000E+00   0.0000000E+00   2.1298463E+06   0.0000000E+00   0.0000000E+00   2.0636699E-03
   2.3188406E-01   0.0000000E+00   0.0000000E+00   1.7572861E+06   0.0000000E+00   0.0000000E+00   1.6926513E-03
   2.4637681E-01   0.0000000E+00   0.0000000E+00   1.5198415E+06   0.0000000E+00   0.0000000E+00   2.2269005E-03
   2.6086957E-01   0.0000000E+00   0.0000000E+00   1.3219558E+06   0.0000000E+00   0.0000000E+00   3.3927323E-03
   2.7536232E-01   0.0000000E+00   0.0000000E+00   1.1573431E+06   0.0000000E+00   0.0000000E+00   2.6457786E-03
   2.8985507E-01   0.0000000E+00   0.0000000E+00   1.0191937E+06   0.0000000E+00   0.0000000E+00   2.2044401E-03
   3.0434783E-01   0.0000000E+00   0.0000000E+00   8.8756224E+05   0.0000000E+00   0.0000000E+00   2.7824351E-03
   3.1884058E-01   0.0000000E+00   0.0000000E+00   7.7048044E+05   0.0000000E+00   0.0000000E+00   3.9525246E-03
   3.3333333E-01   0.0000000E+00   0.0000000E+00   6.7514339E+05   0.0000000E+00   0.0000000E+00   5.1953455E-03
   3.4782609E-01   0.0000000E+00   0.0000000E+00   5.8304681E+05   0.0000000E+00   0.0000000E+00   5.6169388E-03
   3.6231884E-01   0.0000000E+00   0.0000000E+00   4.9455958E+05   0.0000000E+00   0.0000000E+00   5.4521493E-03
   3.7681159E-01   0.0000000E+00   0.0000000E+00   4.1212132E+05   0.0000000E+00   0.0000000E+00   5.1509219E-03
   3.9130435E-01   0.0000000E+00   0.0000000E+00   3.2377808E+05   0.0000000E+00   0.0000000E+00   5.9078960E-03
   4.0579710E-01   0.0000000E+00   0.0000000E+00   2.2274752E+05   0.0000000E+00   0.0000000E+00   1.1969074E-02
   4.2028986E-01   0.0000000E+00   0.0000000E+00   1.0942763E+05   0.0000000E+00   0.0000000E+00   2.6735755E-02
   4.3478261E-01   0.0000000E+00   0.0000000E+00   3.1016688E+04   0.0000000E+00   0.0000000E+00   7.7300262E-02
   4.4927536E-01   0.0000000E+00   0.0000000E+00   1.0706086E+04   0.0000000E+00   0.0000000E+00   2.2252568E-01
   4.6376812E-01   0.0000000E+00   0.0000000E+00   1.1389730E+04   0.0000000E+00   0.0000000E+00   2.4592489E-01
   4.7826087E-01   0.0000000E+00   0.0000000E+00   1.1389012E+04   0.0000000E+00   0.0000000E+00   2.5616024E-01
   4.9275362E-01   0.0000000E+00   0.0000000E+00   1.0006582E+04   0.0000000E+00   0.0000000E+00   2.7928327E-01
   5.0724638E-01   0.0000000E+00   0.0000000E+00   9.0062417E+03   0.0000000E+00   0.0000000E+00   2.9132910E-01
   5.2173913E-01   0.0000000E+00   0.0000000E+00   7.8930905E+03   0.0000000E+00   0.0000000E+00   3.0152648E-01
   5.3623188E-01   0.0000000E+00   0.0000000E+00   7.1473001E+03   0.0000000E+00   0.0000000E+00   2.8418744E-01
   5.5072464E-01   0.0000000E+00   0.0000000E+00   5.8425486E+03   0.0000000E+00   0.0000000E+00   2.7114953E-01
   5.6521739E-01   0.0000000E+00   0.0000000E+00   4.6824241E+03   0.0000000E+00   0.0000000E+00   2.8968913E-01
   5.7971014E-01   0.0000000E+00   0.0000000E+00   4.6221938E+03   0.0000000E+00   0.0000000E+00   3.0963619E-01
   5.9420290E-01   0.0000000E+00   0.0000000E+00   4.4170504E+03   0.0000000E+00   0.0000000E+00   3.1355521E-01
   6.0869565E-01   0.0000000E+00   0.0000000E+00   3.8608488E+03   0.0000000E+00   0.0000000E+00   3.0559887E-01
   6.2318841E-01   0.0000000E+00   0.0000000E+00   3.4714913E+03   0.0000000E+00   0.0000000E+00   3.0627664E-01
   6.3768116E-01   0.0000000E+00   0.0000000E+00   2.8931764E+03   0.0000000E+00   0.0000000E+00   3.0103217E-01
   6.5217391E-01   0.0000000E+00   0.0000000E+00   2.4584346E+03   0.0000000E+00   0.0000000E+00   2.8117877E-01
   6.6666667E-01   0.0000000E+00   0.0000000E+00   2.5532432E+03   0.0000000E+00   0.0000000E+00   2.6546835E-01
   6.8115942E-01   0.0000000E+00   0.0000000E+00   2.3699424E+03   0.0000000E+00   0.0000000E+00   2.6768014E-01
   6.9565217E-01   0.0000000E+00   0.0000000E+00   2.1942791E+03   0.0000000E+00   0.0000000E+00   2.5506844E-01
   7.1014493E-01   0.0000000E+00   0.0000000E+00   2.3505301E+03   0.0000000E+00   0.0000000E+00   2.4262211E-01
   7.2463768E-01   0.0000000E+00   0.0000000E+00   2.2883648E+03   0.0000000E+00   0.0000000E+00   2.3288102E-01
   7.3913043E-01   0.0000000E+00   0.0000000E+00   1.9909160E+03   0.0000000E+00   0.0000000E+00   2.3742154E-01
   7.5362319E-01   0.0000000E+00   0.0000000E+00   1.7923387E+03   0.0000000E+00   0.0000000E+00   2.3544671E-01
   7.6811594E-01   0.0000000E+00   0.0000000E+00   1.3582073E+03   0.0000000E+00   0.0000000E+00   2.0939929E-01
   7.8260870E-01   0.0000000E+00   0.0000000E+00   1.0524121E+03   0.0000000E+00   0.0000000E+00   2.4108092E-01
   7.9710145E-01   0.0000000E+00   0.0000000E+00   1.1848246E+03   0.0000000E+00   0.0000000E+00   2.5905678E-01
   8.1159420E-01   0.0000000E+00   0.0000000E+00   1.2042601E+03   0.0000000E+00   0.0000000E+00   2.5875116E-01
   8.2608696E-01   0.0000000E+00   0.0000000E+00   1.1831327E+03   0.0000000E+00   0.0000000E+00   2.5110399E-01
   8.4057971E-01   0.0000000E+00   0.0000000E+00   9.4063864E+02   0.0000000E+00   0.0000000E+00   2.3793225E-01
   8.5507246E-01   0.0000000E+00   0.0000000E+00   8.6048064E+02   0.0000000E+00   0.0000000E+00   2.3573735E-01
   8.6956522E-01   0.0000000E+00   0.0000000E+00   8.9665508E+02   0.0000000E+00   0.0000000E+00   2.1945309E-01
   8.8405797E-01   0.0000000E+00   0.0000000E+00   6.8320521E+02   0.0000000E+00   0.0000000E+00   2.0929927E-01
   8.9855072E-01   0.0000000E+00   0.0000000E+00   6.1107797E+02   0.0000000E+00   0.0000000E+00   2.3202233E-01
   9.1304348E-01   0.0000000E+00   0.0000000E+00   6.0137832E+02   0.0000000E+00   0.0000000E+00   2.5920018E-01
   9.2753623E-01   0.0000000E+00   0.0000000E+00   4.7358543E+02   0.0000000E+00   0.0000000E+00   2.7175336E-01
   9.4202899E-01   0.0000000E+00   0.0000000E+00   3.4972462E+02   0.0000000E+00   0.0000000E+00   2.5984321E-01
   9.5652174E-01   0.0000000E+00   0.0000000E+00   2.6405975E+02   0.0000000E+00   0.0000000E+00   2.4664192E-01
   9.7101449E-01   0.0000000E+00   0.0000000E+00   2.1488055E+02   0.0000000E+00   0.0000000E+00   2.5848473E-01
   9.8550725E-01   0.0000000E+00   0.0000000E+00   1.4486142E+02   0.0000000E+00   0.0000000E+00   2.9300465E-01
   1.0000000E+00   0.0000000E+00   0.0000000E+00   4.3768184E+01   0.0000000E+00   0.0000000E+00   4.2438550E-01
