   0.0000000E+00   0.0000000E+00   0.0000000E+00   5.8311966E+10   0.0000000E+00   0.0000000E+00   2.3146833E-05
   1.4492754E-02   0.0000000E+00   0.0000000E+00   4.0062296E+07   0.0000000E+00   0.0000000E+00   1.8176337E-02
   2.8985507E-02   0.0000000E+00   0.0000000E+00   2.7785068E+07   0.0000000E+00   0.0000000E+00   2.2389504E-02
   4.3478261E-02   0.0000000E+00   0.0000000E+00   1.7982354E+07   0.0000000E+00   0.0000000E+00   2.2381152E-02
   5.7971014E-02   0.0000000E+00   0.0000000E+00   1.0664386E+07   0.0000000E+00   0.0000000E+00   1.8743287E-02
   7.2463768E-02   0.0000000E+00   0.0000000E+00   6.5354789E+06   0.0000000E+00   0.0000000E+00   1.2720233E-02
   8.6956522E-02   0.0000000E+00   0.0000000E+00   4.5123220E+06   0.0000000E+00   0.0000000E+00   6.9519734E-03
   1.0144928E-01   0.0000000E+00   0.0000000E+00   3.4638309E+06   0.0000000E+00   0.0000000E+00   2.8422042E-03
   1.1594203E-01   0.0000000E+00   0.0000000E+00   2.8121503E+06   0.0000000E+00   0.0000000E+00   7.5532069E-04
   1.3043478E-01   0.0000000E+00   0.0000000E+00   2.3697794E+06   0.0000000E+00   0.0000000E+00   1.9040913E-03
   1.4492754E-01   0.0000000E+00   0.0000000E+00   2.0530118E+06   0.0000000E+00   0.0000000E+00   4.9671642E-03
   1.5942029E-01   0.0000000E+00   0.0000000E+00   1.8109907E+06   0.0000000E+00   0.0000000E+00   5.4184711E-03
   1.7391304E-01   0.0000000E+00   0.0000000E+00   1.5945937E+06   0.0000000E+00   0.0000000E+00   4.5288252E-03
   1.8840580E-01   0.0000000E+00   0.0000000E+00   1.4008220E+06   0.0000000E+00   0.0000000E+00   2.6769042E-03
   2.0289855E-01   0.0000000E+00   0.0000000E+00   1.2317010E+06   0.0000000E+00   0.0000000E+00   3.7185955E-03
   2.1739130E-01   0.0000000E+00   0.0000000E+00   1.0928078E+06   0.0000000E+00   0.0000000E+00   4.8479209E-03
   2.3188406E-01   0.0000000E+00   0.0000000E+00   9.9235090E+05   0.0000000E+00   0.0000000E+00   6.2720790E-03
   2.4637681E-01   0.0000000E+00   0.0000000E+00   9.0384615E+05   0.0000000E+00   0.0000000E+00   6.4511224E-03
   2.6086957E-01   0.0000000E+00   0.0000000E+00   8.2357558E+05   0.0000000E+00   0.0000000E+00   4.8008483E-03
   2.7536232E-01   0.0000000E+00   0.0000000E+00   7.5673966E+05   0.0000000E+00   0.0000000E+00   4.1438480E-03
   2.8985507E-01   0.0000000E+00   0.0000000E+00   6.9302597E+05   0.0000000E+00   0.0000000E+00   3.8867130E-03
   3.0434783E-01   0.0000000E+00   0.0000000E+00   6.3068950E+05   0.0000000E+00   0.0000000E+00   4.6840324E-03
   3.1884058E-01   0.0000000E+00   0.0000000E+00   5.7033463E+05   0.0000000E+00   0.0000000E+00   3.9014392E-03
   3.3333333E-01   0.0000000E+00   0.0000000E+00   5.0893549E+05   0.0000000E+00   0.0000000E+00   3.9689612E-03
   3.4782609E-01   0.0000000E+00   0.0000000E+00   4.4469672E+05   0.0000000E+00   0.0000000E+00   4.8349780E-03
   3.6231884E-01   0.0000000E+00   0.0000000E+00   3.8211146E+05   0.0000000E+00   0.0000000E+00   6.3797465E-03
   3.7681159E-01   0.0000000E+00   0.0000000E+00   3.1160464E+05   0.0000000E+00   0.0000000E+00   8.3579004E-03
   3.9130435E-01   0.0000000E+00   0.0000000E+00   2.2538457E+05   0.0000000E+00   0.0000000E+00   8.2321539E-03
   4.0579710E-01   0.0000000E+00   0.0000000E+00   1.3679853E+05   0.0000000E+00   0.0000000E+00   1.1707086E-02
   4.2028986E-01   0.0000000E+00   0.0000000E+00   6.1585702E+04   0.0000000E+00   0.0000000E+00   3.0310543E-02
   4.3478261E-01   0.0000000E+00   0.0000000E+00   2.0231569E+04   0.0000000E+00   0.0000000E+00   6.5228609E-02
   4.4927536E-01   0.0000000E+00   0.0000000E+00   1.1341607E+04   0.0000000E+00   0.0000000E+00   8.6935640E-02
   4.6376812E-01   0.0000000E+00   0.0000000E+00   1.1886994E+04   0.0000000E+00   0.0000000E+00   1.0501300E-01
   4.7826087E-01   0.0000000E+00   0.0000000E+00   1.1664553E+04   0.0000000E+00   0.0000000E+00   1.2386729E-01
   4.9275362E-01   0.0000000E+00   0.0000000E+00   1.3037528E+04   0.0000000E+00   0.0000000E+00   1.2197769E-01
   5.0724638E-01   0.0000000E+00   0.0000000E+00   1.3206268E+04   0.0000000E+00   0.0000000E+00   1.2120194E-01
   5.2173913E-01   0.0000000E+00   0.0000000E+00   1.2186932E+04   0.0000000E+00   0.0000000E+00   1.2623035E-01
   5.3623188E-01   0.0000000E+00   0.0000000E+00   1.2062349E+04   0.0000000E+00   0.0000000E+00   1.3053478E-01
   5.5072464E-01   0.0000000E+00   0.0000000E+00   1.2083906E+04   0.0000000E+00   0.0000000E+00   1.3642891E-01
   5.6521739E-01   0.0000000E+00   0.0000000E+00   1.0744318E+04   0.0000000E+00   0.0000000E+00   1.3176148E-01
   5.7971014E-01   0.0000000E+00   0.0000000E+00   8.5434811E+03   0.0000000E+00   0.0000000E+00   1.1968781E-01
   5.9420290E-01   0.0000000E+00   0.0000000E+00   7.4295158E+03   0.0000000E+00   0.0000000E+00   1.2535611E-01
   6.0869565E-01   0.0000000E+00   0.0000000E+00   6.6933407E+03   0.0000000E+00   0.0000000E+00   1.3334516E-01
   6.2318841E-01   0.0000000E+00   0.0000000E+00   6.3438420E+03   0.0000000E+00   0.0000000E+00   1.4178144E-01
   6.3768116E-01   0.0000000E+00   0.0000000E+00   6.0963360E+03   0.0000000E+00   0.0000000E+00   1.5385274E-01
   6.5217391E-01   0.0000000E+00   0.0000000E+00   5.1862866E+03   0.0000000E+00   0.0000000E+00   1.5526132E-01
   6.6666667E-01   0.0000000E+00   0.0000000E+00   4.1510792E+03   0.0000000E+00   0.0000000E+00   1.7947656E-01
   6.8115942E-01   0.0000000E+00   0.0000000E+00   3.1438011E+03   0.0000000E+00   0.0000000E+00   2.0197328E-01
   6.9565217E-01   0.0000000E+00   0.0000000E+00   2.5415751E+03   0.0000000E+00   0.0000000E+00   2.2405010E-01
   7.1014493E-01   0.0000000E+00   0.0000000E+00   2.2268180E+03   0.0000000E+00   0.0000000E+00   2.5751512E-01
   7.2463768E-01   0.0000000E+00   0.0000000E+00   1.7731038E+03   0.0000000E+00   0.0000000E+00   2.4394502E-01
   7.3913043E-01   0.0000000E+00   0.0000000E+00   1.6937644E+03   0.0000000E+00   0.0000000E+00   2.6096126E-01
   7.5362319E-01   0.0000000E+00   0.0000000E+00   1.5154734E+03   0.0000000E+00   0.0000000E+00   2.8339001E-01
   7.6811594E-01   0.0000000E+00   0.0000000E+00   1.1294566E+03   0.0000000E+00   0.0000000E+00   2.6404663E-01
   7.8260870E-01   0.0000000E+00   0.0000000E+00   8.8402613E+02   0.0000000E+00   0.0000000E+00   2.6947525E-01
   7.9710145E-01   0.0000000E+00   0.0000000E+00   9.2306105E+02   0.0000000E+00   0.0000000E+00   2.8484916E-01
   8.1159420E-01   0.0000000E+00   0.0000000E+00   9.8776389E+02   0.0000000E+00   0.0000000E+00   2.8188398E-01
   8.2608696E-01   0.0000000E+00   0.0000000E+00   7.7103031E+02   0.0000000E+00   0.0000000E+00   2.8788389E-01
   8.4057971E-01   0.0000000E+00   0.0000000E+00   6.7935013E+02   0.0000000E+00   0.0000000E+00   3.3129462E-01
   8.5507246E-01   0.0000000E+00   0.0000000E+00   7.7057968E+02   0.0000000E+00   0.0000000E+00   3.4197909E-01
   8.6956522E-01   0.0000000E+00   0.0000000E+00   6.5670513E+02   0.0000000E+00   0.0000000E+00   3.3927379E-01
   8.8405797E-01   0.0000000E+00   0.0000000E+00   4.3476695E+02   0.0000000E+00   0.0000000E+00   3.5045523E-01
   8.9855072E-01   0.0000000E+00   0.0000000E+00   4.2775458E+02   0.0000000E+00   0.0000000E+00   3.8386908E-01
   9.1304348E-01   0.0000000E+00   0.0000000E+00   3.4879943E+02   0.0000000E+00   0.0000000E+00   3.7209804E-01
   9.2753623E-01   0.0000000E+00   0.0000000E+00   2.2495308E+02   0.0000000E+00   0.0000000E+00   3.2497974E-01
   9.4202899E-01   0.0000000E+00   0.0000000E+00   3.3806714E+02   0.0000000E+00   0.0000000E+00   3.5214139E-01
   9.5652174E-01   0.0000000E+00   0.0000000E+00   2.8702147E+02   0.0000000E+00   0.0000000E+00   3.7667829E-01
   9.7101449E-01   0.0000000E+00   0.0000000E+00   1.5833304E+02   0.0000000E+00   0.0000000E+00   3.8825519E-01
   9.8550725E-01   0.0000000E+00   0.0000000E+00   1.0028868E+02   0.0000000E+00   0.0000000E+00   3.7552929E-01
   1.0000000E+00   0.0000000E+00   0.0000000E+00   4.3768184E+01   0.0000000E+00   0.0000000E+00   4.2846170E-01
