   0.0000000E+00   0.0000000E+00   0.0000000E+00   5.8230306E+10   0.0000000E+00   0.0000000E+00   4.6976799E-06
   1.4492754E-02   0.0000000E+00   0.0000000E+00   3.5465865E+07   0.0000000E+00   0.0000000E+00   8.8974656E-03
   2.8985507E-02   0.0000000E+00   0.0000000E+00   2.7034151E+07   0.0000000E+00   0.0000000E+00   1.5469750E-02
   4.3478261E-02   0.0000000E+00   0.0000000E+00   2.1202230E+07   0.0000000E+00   0.0000000E+00   1.9503606E-02
   5.7971014E-02   0.0000000E+00   0.0000000E+00   1.5724173E+07   0.0000000E+00   0.0000000E+00   2.3096911E-02
   7.2463768E-02   0.0000000E+00   0.0000000E+00   1.0906407E+07   0.0000000E+00   0.0000000E+00   2.7343280E-02
   8.6956522E-02   0.0000000E+00   0.0000000E+00   7.3562340E+06   0.0000000E+00   0.0000000E+00   2.9901479E-02
   1.0144928E-01   0.0000000E+00   0.0000000E+00   5.0156756E+06   0.0000000E+00   0.0000000E+00   3.0039686E-02
   1.1594203E-01   0.0000000E+00   0.0000000E+00   3.5140986E+06   0.0000000E+00   0.0000000E+00   2.6213324E-02
   1.3043478E-01   0.0000000E+00   0.0000000E+00   2.6025729E+06   0.0000000E+00   0.0000000E+00   2.1277803E-02
   1.4492754E-01   0.0000000E+00   0.0000000E+00   2.0277791E+06   0.0000000E+00   0.0000000E+00   1.7501251E-02
   1.5942029E-01   0.0000000E+00   0.0000000E+00   1.6499372E+06   0.0000000E+00   0.0000000E+00   1.2341410E-02
   1.7391304E-01   0.0000000E+00   0.0000000E+00   1.3742186E+06   0.0000000E+00   0.0000000E+00   9.7826130E-03
   1.8840580E-01   0.0000000E+00   0.0000000E+00   1.1657487E+06   0.0000000E+00   0.0000000E+00   9.5545069E-03
   2.0289855E-01   0.0000000E+00   0.0000000E+00   1.0076274E+06   0.0000000E+00   0.0000000E+00   8.2482962E-03
   2.1739130E-01   0.0000000E+00   0.0000000E+00   8.6644664E+05   0.0000000E+00   0.0000000E+00   9.5366988E-03
   2.3188406E-01   0.0000000E+00   0.0000000E+00   7.5437423E+05   0.0000000E+00   0.0000000E+00   1.0746348E-02
   2.4637681E-01   0.0000000E+00   0.0000000E+00   6.6921521E+05   0.0000000E+00   0.0000000E+00   9.2525285E-03
   2.6086957E-01   0.0000000E+00   0.0000000E+00   5.9928552E+05   0.0000000E+00   0.0000000E+00   9.8578591E-03
   2.7536232E-01   0.0000000E+00   0.0000000E+00   5.4038590E+05   0.0000000E+00   0.0000000E+00   9.6510292E-03
   2.8985507E-01   0.0000000E+00   0.0000000E+00   4.9321081E+05   0.0000000E+00   0.0000000E+00   7.7298744E-03
   3.0434783E-01   0.0000000E+00   0.0000000E+00   4.4056976E+05   0.0000000E+00   0.0000000E+00   8.7670069E-03
   3.1884058E-01   0.0000000E+00   0.0000000E+00   3.8964887E+05   0.0000000E+00   0.0000000E+00   7.8749364E-03
   3.3333333E-01   0.0000000E+00   0.0000000E+00   3.4645039E+05   0.0000000E+00   0.0000000E+00   8.6498212E-03
   3.4782609E-01   0.0000000E+00   0.0000000E+00   3.0120033E+05   0.0000000E+00   0.0000000E+00   1.1584122E-02
   3.6231884E-01   0.0000000E+00   0.0000000E+00   2.4541576E+05   0.0000000E+00   0.0000000E+00   1.1209677E-02
   3.7681159E-01   0.0000000E+00   0.0000000E+00   1.8570378E+05   0.0000000E+00   0.0000000E+00   1.1070974E-02
   3.9130435E-01   0.0000000E+00   0.0000000E+00   1.3181812E+05   0.0000000E+00   0.0000000E+00   1.1795841E-02
   4.0579710E-01   0.0000000E+00   0.0000000E+00   8.0265964E+04   0.0000000E+00   0.0000000E+00   2.0337622E-02
   4.2028986E-01   0.0000000E+00   0.0000000E+00   3.8252638E+04   0.0000000E+00   0.0000000E+00   3.6590718E-02
   4.3478261E-01   0.0000000E+00   0.0000000E+00   1.2022755E+04   0.0000000E+00   0.0000000E+00   4.8634860E-02
   4.4927536E-01   0.0000000E+00   0.0000000E+00   3.9353421E+03   0.0000000E+00   0.0000000E+00   4.9854599E-02
   4.6376812E-01   0.0000000E+00   0.0000000E+00   4.7358543E+03   0.0000000E+00   0.0000000E+00   6.5383132E-02
   4.7826087E-01   0.0000000E+00   0.0000000E+00   5.2811951E+03   0.0000000E+00   0.0000000E+00   6.5503807E-02
   4.9275362E-01   0.0000000E+00   0.0000000E+00   5.3264432E+03   0.0000000E+00   0.0000000E+00   6.7135416E-02
   5.0724638E-01   0.0000000E+00   0.0000000E+00   5.0227117E+03   0.0000000E+00   0.0000000E+00   8.1595237E-02
   5.2173913E-01   0.0000000E+00   0.0000000E+00   4.8831920E+03   0.0000000E+00   0.0000000E+00   9.1062889E-02
   5.3623188E-01   0.0000000E+00   0.0000000E+00   5.2836774E+03   0.0000000E+00   0.0000000E+00   9.1192310E-02
   5.5072464E-01   0.0000000E+00   0.0000000E+00   5.1047524E+03   0.0000000E+00   0.0000000E+00   9.7260361E-02
   5.6521739E-01   0.0000000E+00   0.0000000E+00   5.1487236E+03   0.0000000E+00   0.0000000E+00   1.0198916E-01
   5.7971014E-01   0.0000000E+00   0.0000000E+00   5.2852134E+03   0.0000000E+00   0.0000000E+00   1.0575657E-01
   5.9420290E-01   0.0000000E+00   0.0000000E+00   4.9714919E+03   0.0000000E+00   0.0000000E+00   1.1103077E-01
   6.0869565E-01   0.0000000E+00   0.0000000E+00   4.5103374E+03   0.0000000E+00   0.0000000E+00   1.1702037E-01
   6.2318841E-01   0.0000000E+00   0.0000000E+00   4.4583112E+03   0.0000000E+00   0.0000000E+00   1.2887776E-01
   6.3768116E-01   0.0000000E+00   0.0000000E+00   4.4430924E+03   0.0000000E+00   0.0000000E+00   1.2897593E-01
   6.5217391E-01   0.0000000E+00   0.0000000E+00   4.6979674E+03   0.0000000E+00   0.0000000E+00   1.1880881E-01
   6.6666667E-01   0.0000000E+00   0.0000000E+00   4.8593983E+03   0.0000000E+00   0.0000000E+00   1.0748244E-01
   6.8115942E-01   0.0000000E+00   0.0000000E+00   4.0305143E+03   0.0000000E+00   0.0000000E+00   1.1091271E-01
   6.9565217E-01   0.0000000E+00   0.0000000E+00   3.9307590E+03   0.0000000E+00   0.0000000E+00   1.1728464E-01
   7.1014493E-01   0.0000000E+00   0.0000000E+00   3.9433236E+03   0.0000000E+00   0.0000000E+00   1.1887112E-01
   7.2463768E-01   0.0000000E+00   0.0000000E+00   3.3795056E+03   0.0000000E+00   0.0000000E+00   1.2021161E-01
   7.3913043E-01   0.0000000E+00   0.0000000E+00   3.0458043E+03   0.0000000E+00   0.0000000E+00   1.2485922E-01
   7.5362319E-01   0.0000000E+00   0.0000000E+00   2.7395096E+03   0.0000000E+00   0.0000000E+00   1.4260312E-01
   7.6811594E-01   0.0000000E+00   0.0000000E+00   2.9022745E+03   0.0000000E+00   0.0000000E+00   1.4050346E-01
   7.8260870E-01   0.0000000E+00   0.0000000E+00   2.6380462E+03   0.0000000E+00   0.0000000E+00   1.3124918E-01
   7.9710145E-01   0.0000000E+00   0.0000000E+00   2.0390005E+03   0.0000000E+00   0.0000000E+00   1.3988088E-01
   8.1159420E-01   0.0000000E+00   0.0000000E+00   2.0973069E+03   0.0000000E+00   0.0000000E+00   1.3237410E-01
   8.2608696E-01   0.0000000E+00   0.0000000E+00   1.9408694E+03   0.0000000E+00   0.0000000E+00   1.2403526E-01
   8.4057971E-01   0.0000000E+00   0.0000000E+00   1.5024089E+03   0.0000000E+00   0.0000000E+00   1.5961718E-01
   8.5507246E-01   0.0000000E+00   0.0000000E+00   1.1558695E+03   0.0000000E+00   0.0000000E+00   1.9630501E-01
   8.6956522E-01   0.0000000E+00   0.0000000E+00   9.8505769E+02   0.0000000E+00   0.0000000E+00   2.0927076E-01
   8.8405797E-01   0.0000000E+00   0.0000000E+00   7.9500242E+02   0.0000000E+00   0.0000000E+00   2.1721922E-01
   8.9855072E-01   0.0000000E+00   0.0000000E+00   6.9662889E+02   0.0000000E+00   0.0000000E+00   2.1490351E-01
   9.1304348E-01   0.0000000E+00   0.0000000E+00   6.4948859E+02   0.0000000E+00   0.0000000E+00   2.4943429E-01
   9.2753623E-01   0.0000000E+00   0.0000000E+00   4.3806652E+02   0.0000000E+00   0.0000000E+00   2.7340795E-01
   9.4202899E-01   0.0000000E+00   0.0000000E+00   3.0309467E+02   0.0000000E+00   0.0000000E+00   2.7022734E-01
   9.5652174E-01   0.0000000E+00   0.0000000E+00   2.9850233E+02   0.0000000E+00   0.0000000E+00   2.7243072E-01
   9.7101449E-01   0.0000000E+00   0.0000000E+00   2.7142807E+02   0.0000000E+00   0.0000000E+00   2.9655067E-01
   9.8550725E-01   0.0000000E+00   0.0000000E+00   1.3371824E+02   0.0000000E+00   0.0000000E+00   3.5179582E-01
   1.0000000E+00   0.0000000E+00   0.0000000E+00   0.0000000E+00   0.0000000E+00   0.0000000E+00   0.0000000E+00
