   0.0000000E+00   0.0000000E+00   0.0000000E+00   5.8042509E+10   0.0000000E+00   0.0000000E+00   7.0595951E-06
   1.4492754E-02   0.0000000E+00   0.0000000E+00   3.8079299E+07   0.0000000E+00   0.0000000E+00   1.0578140E-02
   2.8985507E-02   0.0000000E+00   0.0000000E+00   2.8773156E+07   0.0000000E+00   0.0000000E+00   1.6421958E-02
   4.3478261E-02   0.0000000E+00   0.0000000E+00   2.1890002E+07   0.0000000E+00   0.0000000E+00   2.0715914E-02
   5.7971014E-02   0.0000000E+00   0.0000000E+00   1.5437180E+07   0.0000000E+00   0.0000000E+00   2.3943249E-02
   7.2463768E-02   0.0000000E+00   0.0000000E+00   1.0240660E+07   0.0000000E+00   0.0000000E+00   2.4912729E-02
   8.6956522E-02   0.0000000E+00   0.0000000E+00   6.6601266E+06   0.0000000E+00   0.0000000E+00   2.4492503E-02
   1.0144928E-01   0.0000000E+00   0.0000000E+00   4.4770331E+06   0.0000000E+00   0.0000000E+00   2.0991363E-02
   1.1594203E-01   0.0000000E+00   0.0000000E+00   3.2331677E+06   0.0000000E+00   0.0000000E+00   1.6097833E-02
   1.3043478E-01   0.0000000E+00   0.0000000E+00   2.5164435E+06   0.0000000E+00   0.0000000E+00   1.2261715E-02
   1.4492754E-01   0.0000000E+00   0.0000000E+00   2.0623319E+06   0.0000000E+00   0.0000000E+00   8.2525395E-03
   1.5942029E-01   0.0000000E+00   0.0000000E+00   1.7589135E+06   0.0000000E+00   0.0000000E+00   6.2090505E-03
   1.7391304E-01   0.0000000E+00   0.0000000E+00   1.5332802E+06   0.0000000E+00   0.0000000E+00   5.8143915E-03
   1.8840580E-01   0.0000000E+00   0.0000000E+00   1.3408442E+06   0.0000000E+00   0.0000000E+00   5.9092248E-03
   2.0289855E-01   0.0000000E+00   0.0000000E+00   1.1769816E+06   0.0000000E+00   0.0000000E+00   5.9063523E-03
   2.1739130E-01   0.0000000E+00   0.0000000E+00   1.0499705E+06   0.0000000E+00   0.0000000E+00   5.7446329E-03
   2.3188406E-01   0.0000000E+00   0.0000000E+00   9.5470086E+05   0.0000000E+00   0.0000000E+00   6.4979272E-03
   2.4637681E-01   0.0000000E+00   0.0000000E+00   8.6359696E+05   0.0000000E+00   0.0000000E+00   7.7602723E-03
   2.6086957E-01   0.0000000E+00   0.0000000E+00   7.9259257E+05   0.0000000E+00   0.0000000E+00   7.1689513E-03
   2.7536232E-01   0.0000000E+00   0.0000000E+00   7.3576232E+05   0.0000000E+00   0.0000000E+00   5.6704993E-03
   2.8985507E-01   0.0000000E+00   0.0000000E+00   6.7620422E+05   0.0000000E+00   0.0000000E+00   4.4895652E-03
   3.0434783E-01   0.0000000E+00   0.0000000E+00   6.2322038E+05   0.0000000E+00   0.0000000E+00   5.8881483E-03
   3.1884058E-01   0.0000000E+00   0.0000000E+00   5.7687871E+05   0.0000000E+00   0.0000000E+00   5.5460056E-03
   3.3333333E-01   0.0000000E+00   0.0000000E+00   5.1921435E+05   0.0000000E+00   0.0000000E+00   2.7824446E-03
   3.4782609E-01   0.0000000E+00   0.0000000E+00   4.5530503E+05   0.0000000E+00   0.0000000E+00   3.4597444E-03
   3.6231884E-01   0.0000000E+00   0.0000000E+00   3.8311167E+05   0.0000000E+00   0.0000000E+00   6.3784490E-03
   3.7681159E-01   0.0000000E+00   0.0000000E+00   2.9834425E+05   0.0000000E+00   0.0000000E+00   8.4393406E-03
   3.9130435E-01   0.0000000E+00   0.0000000E+00   2.1404658E+05   0.0000000E+00   0.0000000E+00   1.1133009E-02
   4.0579710E-01   0.0000000E+00   0.0000000E+00   1.2919410E+05   0.0000000E+00   0.0000000E+00   1.5055578E-02
   4.2028986E-01   0.0000000E+00   0.0000000E+00   6.0671192E+04   0.0000000E+00   0.0000000E+00   2.2803089E-02
   4.3478261E-01   0.0000000E+00   0.0000000E+00   2.0307343E+04   0.0000000E+00   0.0000000E+00   4.2028400E-02
   4.4927536E-01   0.0000000E+00   0.0000000E+00   7.5040375E+03   0.0000000E+00   0.0000000E+00   6.1473510E-02
   4.6376812E-01   0.0000000E+00   0.0000000E+00   7.1748192E+03   0.0000000E+00   0.0000000E+00   6.9754843E-02
   4.7826087E-01   0.0000000E+00   0.0000000E+00   7.1640559E+03   0.0000000E+00   0.0000000E+00   8.3070467E-02
   4.9275362E-01   0.0000000E+00   0.0000000E+00   7.5550805E+03   0.0000000E+00   0.0000000E+00   7.9068694E-02
   5.0724638E-01   0.0000000E+00   0.0000000E+00   7.1660241E+03   0.0000000E+00   0.0000000E+00   7.6555033E-02
   5.2173913E-01   0.0000000E+00   0.0000000E+00   7.0090643E+03   0.0000000E+00   0.0000000E+00   8.3947285E-02
   5.3623188E-01   0.0000000E+00   0.0000000E+00   8.0688717E+03   0.0000000E+00   0.0000000E+00   8.8849405E-02
   5.5072464E-01   0.0000000E+00   0.0000000E+00   7.7767712E+03   0.0000000E+00   0.0000000E+00   9.3460390E-02
   5.6521739E-01   0.0000000E+00   0.0000000E+00   7.4025045E+03   0.0000000E+00   0.0000000E+00   9.7916918E-02
   5.7971014E-01   0.0000000E+00   0.0000000E+00   7.5205366E+03   0.0000000E+00   0.0000000E+00   1.0374888E-01
   5.9420290E-01   0.0000000E+00   0.0000000E+00   6.9120371E+03   0.0000000E+00   0.0000000E+00   1.1077342E-01
   6.0869565E-01   0.0000000E+00   0.0000000E+00   7.0000437E+03   0.0000000E+00   0.0000000E+00   1.2157294E-01
   6.2318841E-01   0.0000000E+00   0.0000000E+00   6.3790856E+03   0.0000000E+00   0.0000000E+00   1.1380160E-01
   6.3768116E-01   0.0000000E+00   0.0000000E+00   5.3558207E+03   0.0000000E+00   0.0000000E+00   1.0120158E-01
   6.5217391E-01   0.0000000E+00   0.0000000E+00   4.8158376E+03   0.0000000E+00   0.0000000E+00   1.1103593E-01
   6.6666667E-01   0.0000000E+00   0.0000000E+00   4.4475849E+03   0.0000000E+00   0.0000000E+00   1.3337962E-01
   6.8115942E-01   0.0000000E+00   0.0000000E+00   3.9660260E+03   0.0000000E+00   0.0000000E+00   1.4798817E-01
   6.9565217E-01   0.0000000E+00   0.0000000E+00   3.2361671E+03   0.0000000E+00   0.0000000E+00   1.5875564E-01
   7.1014493E-01   0.0000000E+00   0.0000000E+00   3.2165149E+03   0.0000000E+00   0.0000000E+00   1.7755242E-01
   7.2463768E-01   0.0000000E+00   0.0000000E+00   3.0461015E+03   0.0000000E+00   0.0000000E+00   1.7736495E-01
   7.3913043E-01   0.0000000E+00   0.0000000E+00   2.4366435E+03   0.0000000E+00   0.0000000E+00   2.0280408E-01
   7.5362319E-01   0.0000000E+00   0.0000000E+00   1.8069106E+03   0.0000000E+00   0.0000000E+00   2.2938820E-01
   7.6811594E-01   0.0000000E+00   0.0000000E+00   1.5011764E+03   0.0000000E+00   0.0000000E+00   2.3126879E-01
   7.8260870E-01   0.0000000E+00   0.0000000E+00   1.4453126E+03   0.0000000E+00   0.0000000E+00   2.5651861E-01
   7.9710145E-01   0.0000000E+00   0.0000000E+00   1.2537098E+03   0.0000000E+00   0.0000000E+00   2.5331241E-01
   8.1159420E-01   0.0000000E+00   0.0000000E+00   1.0148259E+03   0.0000000E+00   0.0000000E+00   2.4445394E-01
   8.2608696E-01   0.0000000E+00   0.0000000E+00   8.1091119E+02   0.0000000E+00   0.0000000E+00   2.5742536E-01
   8.4057971E-01   0.0000000E+00   0.0000000E+00   9.1450979E+02   0.0000000E+00   0.0000000E+00   2.8311736E-01
   8.5507246E-01   0.0000000E+00   0.0000000E+00   8.8616663E+02   0.0000000E+00   0.0000000E+00   3.0108307E-01
   8.6956522E-01   0.0000000E+00   0.0000000E+00   6.3144724E+02   0.0000000E+00   0.0000000E+00   3.1548445E-01
   8.8405797E-01   0.0000000E+00   0.0000000E+00   4.8445460E+02   0.0000000E+00   0.0000000E+00   3.2920912E-01
   8.9855072E-01   0.0000000E+00   0.0000000E+00   4.3997614E+02   0.0000000E+00   0.0000000E+00   3.0668597E-01
   9.1304348E-01   0.0000000E+00   0.0000000E+00   4.2096482E+02   0.0000000E+00   0.0000000E+00   3.3956493E-01
   9.2753623E-01   0.0000000E+00   0.0000000E+00   3.6702871E+02   0.0000000E+00   0.0000000E+00   3.7880416E-01
   9.4202899E-01   0.0000000E+00   0.0000000E+00   2.5646472E+02   0.0000000E+00   0.0000000E+00   3.8680650E-01
   9.5652174E-01   0.0000000E+00   0.0000000E+00   1.4925117E+02   0.0000000E+00   0.0000000E+00   3.3362823E-01
   9.7101449E-01   0.0000000E+00   0.0000000E+00   1.2440453E+02   0.0000000E+00   0.0000000E+00   3.4598256E-01
   9.8550725E-01   0.0000000E+00   0.0000000E+00   8.9145492E+01   0.0000000E+00   0.0000000E+00   4.2509228E-01
   1.0000000E+00   0.0000000E+00   0.0000000E+00   4.3768184E+01   0.0000000E+00   0.0000000E+00   4.2192456E-01
