   0.0000000E+00   0.0000000E+00   0.0000000E+00   5.9587091E+10   0.0000000E+00   0.0000000E+00   9.5595309E-06
   1.4492754E-02   0.0000000E+00   0.0000000E+00   2.0813511E+07   0.0000000E+00   0.0000000E+00   1.4924305E-02
   2.8985507E-02   0.0000000E+00   0.0000000E+00   1.3080808E+07   0.0000000E+00   0.0000000E+00   1.9310738E-02
   4.3478261E-02   0.0000000E+00   0.0000000E+00   7.5402377E+06   0.0000000E+00   0.0000000E+00   1.9263085E-02
   5.7971014E-02   0.0000000E+00   0.0000000E+00   4.1855480E+06   0.0000000E+00   0.0000000E+00   1.6511558E-02
   7.2463768E-02   0.0000000E+00   0.0000000E+00   2.6490474E+06   0.0000000E+00   0.0000000E+00   1.1195217E-02
   8.6956522E-02   0.0000000E+00   0.0000000E+00   1.9656952E+06   0.0000000E+00   0.0000000E+00   6.4603749E-03
   1.0144928E-01   0.0000000E+00   0.0000000E+00   1.5871336E+06   0.0000000E+00   0.0000000E+00   5.0671108E-03
   1.1594203E-01   0.0000000E+00   0.0000000E+00   1.3310592E+06   0.0000000E+00   0.0000000E+00   5.9326472E-03
   1.3043478E-01   0.0000000E+00   0.0000000E+00   1.1335741E+06   0.0000000E+00   0.0000000E+00   7.4508709E-03
   1.4492754E-01   0.0000000E+00   0.0000000E+00   9.8020817E+05   0.0000000E+00   0.0000000E+00   1.0463980E-02
   1.5942029E-01   0.0000000E+00   0.0000000E+00   8.5748239E+05   0.0000000E+00   0.0000000E+00   1.2978069E-02
   1.7391304E-01   0.0000000E+00   0.0000000E+00   7.6411430E+05   0.0000000E+00   0.0000000E+00   1.5843424E-02
   1.8840580E-01   0.0000000E+00   0.0000000E+00   6.8353678E+05   0.0000000E+00   0.0000000E+00   1.9506692E-02
   2.0289855E-01   0.0000000E+00   0.0000000E+00   5.9677176E+05   0.0000000E+00   0.0000000E+00   1.8371598E-02
   2.1739130E-01   0.0000000E+00   0.0000000E+00   5.2672803E+05   0.0000000E+00   0.0000000E+00   1.8218302E-02
   2.3188406E-01   0.0000000E+00   0.0000000E+00   4.6903901E+05   0.0000000E+00   0.0000000E+00   1.8717113E-02
   2.4637681E-01   0.0000000E+00   0.0000000E+00   4.1724548E+05   0.0000000E+00   0.0000000E+00   1.7200523E-02
   2.6086957E-01   0.0000000E+00   0.0000000E+00   3.7036485E+05   0.0000000E+00   0.0000000E+00   1.7711489E-02
   2.7536232E-01   0.0000000E+00   0.0000000E+00   3.2734225E+05   0.0000000E+00   0.0000000E+00   1.5452954E-02
   2.8985507E-01   0.0000000E+00   0.0000000E+00   2.9218327E+05   0.0000000E+00   0.0000000E+00   1.2730917E-02
   3.0434783E-01   0.0000000E+00   0.0000000E+00   2.5813563E+05   0.0000000E+00   0.0000000E+00   1.7327600E-02
   3.1884058E-01   0.0000000E+00   0.0000000E+00   2.2570220E+05   0.0000000E+00   0.0000000E+00   1.9683890E-02
   3.3333333E-01   0.0000000E+00   0.0000000E+00   1.9454066E+05   0.0000000E+00   0.0000000E+00   1.6808668E-02
   3.4782609E-01   0.0000000E+00   0.0000000E+00   1.6682836E+05   0.0000000E+00   0.0000000E+00   1.4387272E-02
   3.6231884E-01   0.0000000E+00   0.0000000E+00   1.3999943E+05   0.0000000E+00   0.0000000E+00   1.6356019E-02
   3.7681159E-01   0.0000000E+00   0.0000000E+00   1.1313592E+05   0.0000000E+00   0.0000000E+00   2.2713656E-02
   3.9130435E-01   0.0000000E+00   0.0000000E+00   8.4361351E+04   0.0000000E+00   0.0000000E+00   2.5322978E-02
   4.0579710E-01   0.0000000E+00   0.0000000E+00   5.3501622E+04   0.0000000E+00   0.0000000E+00   3.2294472E-02
   4.2028986E-01   0.0000000E+00   0.0000000E+00   2.5423372E+04   0.0000000E+00   0.0000000E+00   4.9336546E-02
   4.3478261E-01   0.0000000E+00   0.0000000E+00   1.0153672E+04   0.0000000E+00   0.0000000E+00   8.3838780E-02
   4.4927536E-01   0.0000000E+00   0.0000000E+00   7.7240256E+03   0.0000000E+00   0.0000000E+00   1.3001294E-01
   4.6376812E-01   0.0000000E+00   0.0000000E+00   8.4298206E+03   0.0000000E+00   0.0000000E+00   1.4890543E-01
   4.7826087E-01   0.0000000E+00   0.0000000E+00   8.2202949E+03   0.0000000E+00   0.0000000E+00   1.6001032E-01
   4.9275362E-01   0.0000000E+00   0.0000000E+00   8.1345262E+03   0.0000000E+00   0.0000000E+00   1.4848981E-01
   5.0724638E-01   0.0000000E+00   0.0000000E+00   8.7247967E+03   0.0000000E+00   0.0000000E+00   1.6853206E-01
   5.2173913E-01   0.0000000E+00   0.0000000E+00   8.7350201E+03   0.0000000E+00   0.0000000E+00   1.8937620E-01
   5.3623188E-01   0.0000000E+00   0.0000000E+00   8.3146242E+03   0.0000000E+00   0.0000000E+00   1.9896360E-01
   5.5072464E-01   0.0000000E+00   0.0000000E+00   6.9193324E+03   0.0000000E+00   0.0000000E+00   2.0601350E-01
   5.6521739E-01   0.0000000E+00   0.0000000E+00   6.3921890E+03   0.0000000E+00   0.0000000E+00   2.0524095E-01
   5.7971014E-01   0.0000000E+00   0.0000000E+00   6.6491394E+03   0.0000000E+00   0.0000000E+00   2.1046660E-01
   5.9420290E-01   0.0000000E+00   0.0000000E+00   5.4150451E+03   0.0000000E+00   0.0000000E+00   2.1496059E-01
   6.0869565E-01   0.0000000E+00   0.0000000E+00   4.7989990E+03   0.0000000E+00   0.0000000E+00   2.2956822E-01
   6.2318841E-01   0.0000000E+00   0.0000000E+00   4.6521508E+03   0.0000000E+00   0.0000000E+00   2.3089621E-01
   6.3768116E-01   0.0000000E+00   0.0000000E+00   4.2881008E+03   0.0000000E+00   0.0000000E+00   2.1758944E-01
   6.5217391E-01   0.0000000E+00   0.0000000E+00   3.9739079E+03   0.0000000E+00   0.0000000E+00   2.1532705E-01
   6.6666667E-01   0.0000000E+00   0.0000000E+00   3.1462545E+03   0.0000000E+00   0.0000000E+00   2.1892141E-01
   6.8115942E-01   0.0000000E+00   0.0000000E+00   2.8213600E+03   0.0000000E+00   0.0000000E+00   2.1181568E-01
   6.9565217E-01   0.0000000E+00   0.0000000E+00   2.7467955E+03   0.0000000E+00   0.0000000E+00   2.2183081E-01
   7.1014493E-01   0.0000000E+00   0.0000000E+00   2.4278502E+03   0.0000000E+00   0.0000000E+00   2.3462349E-01
   7.2463768E-01   0.0000000E+00   0.0000000E+00   2.1065080E+03   0.0000000E+00   0.0000000E+00   2.2537809E-01
   7.3913043E-01   0.0000000E+00   0.0000000E+00   1.8423402E+03   0.0000000E+00   0.0000000E+00   2.3585928E-01
   7.5362319E-01   0.0000000E+00   0.0000000E+00   1.7194794E+03   0.0000000E+00   0.0000000E+00   2.4546536E-01
   7.6811594E-01   0.0000000E+00   0.0000000E+00   1.7013333E+03   0.0000000E+00   0.0000000E+00   2.2261988E-01
   7.8260870E-01   0.0000000E+00   0.0000000E+00   1.5295055E+03   0.0000000E+00   0.0000000E+00   2.3711156E-01
   7.9710145E-01   0.0000000E+00   0.0000000E+00   1.1159395E+03   0.0000000E+00   0.0000000E+00   2.3604884E-01
   8.1159420E-01   0.0000000E+00   0.0000000E+00   1.1230740E+03   0.0000000E+00   0.0000000E+00   2.2010492E-01
   8.2608696E-01   0.0000000E+00   0.0000000E+00   1.1565455E+03   0.0000000E+00   0.0000000E+00   2.4908020E-01
   8.4057971E-01   0.0000000E+00   0.0000000E+00   9.4063864E+02   0.0000000E+00   0.0000000E+00   2.4515944E-01
   8.5507246E-01   0.0000000E+00   0.0000000E+00   8.4763765E+02   0.0000000E+00   0.0000000E+00   2.3285802E-01
   8.6956522E-01   0.0000000E+00   0.0000000E+00   8.0825246E+02   0.0000000E+00   0.0000000E+00   2.4435548E-01
   8.8405797E-01   0.0000000E+00   0.0000000E+00   6.0867373E+02   0.0000000E+00   0.0000000E+00   2.4840627E-01
   8.9855072E-01   0.0000000E+00   0.0000000E+00   5.1330550E+02   0.0000000E+00   0.0000000E+00   1.9991785E-01
   9.1304348E-01   0.0000000E+00   0.0000000E+00   4.9313022E+02   0.0000000E+00   0.0000000E+00   2.0650823E-01
   9.2753623E-01   0.0000000E+00   0.0000000E+00   3.7886834E+02   0.0000000E+00   0.0000000E+00   2.3831580E-01
   9.4202899E-01   0.0000000E+00   0.0000000E+00   2.9143719E+02   0.0000000E+00   0.0000000E+00   2.5987817E-01
   9.5652174E-01   0.0000000E+00   0.0000000E+00   2.6405975E+02   0.0000000E+00   0.0000000E+00   3.2491908E-01
   9.7101449E-01   0.0000000E+00   0.0000000E+00   2.0357105E+02   0.0000000E+00   0.0000000E+00   3.0413878E-01
   9.8550725E-01   0.0000000E+00   0.0000000E+00   8.9145492E+01   0.0000000E+00   0.0000000E+00   2.1187763E-01
   1.0000000E+00   0.0000000E+00   0.0000000E+00   2.1884092E+01   0.0000000E+00   0.0000000E+00   5.0976692E-06
