   0.0000000E+00   0.0000000E+00   0.0000000E+00   5.8916167E+10   0.0000000E+00   0.0000000E+00   6.3386103E-07
   1.4492754E-02   0.0000000E+00   0.0000000E+00   1.3646838E+06   0.0000000E+00   0.0000000E+00   9.4641550E-03
   2.8985507E-02   0.0000000E+00   0.0000000E+00   1.1259967E+06   0.0000000E+00   0.0000000E+00   7.7611238E-03
   4.3478261E-02   0.0000000E+00   0.0000000E+00   1.0469395E+06   0.0000000E+00   0.0000000E+00   4.2129974E-03
   5.7971014E-02   0.0000000E+00   0.0000000E+00   1.0111996E+06   0.0000000E+00   0.0000000E+00   3.4202124E-03
   7.2463768E-02   0.0000000E+00   0.0000000E+00   9.9854540E+05   0.0000000E+00   0.0000000E+00   6.8146427E-03
   8.6956522E-02   0.0000000E+00   0.0000000E+00   9.8846750E+05   0.0000000E+00   0.0000000E+00   7.3727200E-03
   1.0144928E-01   0.0000000E+00   0.0000000E+00   9.5810391E+05   0.0000000E+00   0.0000000E+00   7.9212134E-03
   1.1594203E-01   0.0000000E+00   0.0000000E+00   9.2595423E+05   0.0000000E+00   0.0000000E+00   9.5044227E-03
   1.3043478E-01   0.0000000E+00   0.0000000E+00   9.0583211E+05   0.0000000E+00   0.0000000E+00   1.2366946E-02
   1.4492754E-01   0.0000000E+00   0.0000000E+00   8.9071947E+05   0.0000000E+00   0.0000000E+00   1.4112267E-02
   1.5942029E-01   0.0000000E+00   0.0000000E+00   8.6664411E+05   0.0000000E+00   0.0000000E+00   1.5365694E-02
   1.7391304E-01   0.0000000E+00   0.0000000E+00   8.5662132E+05   0.0000000E+00   0.0000000E+00   1.9368646E-02
   1.8840580E-01   0.0000000E+00   0.0000000E+00   8.3624986E+05   0.0000000E+00   0.0000000E+00   2.0901526E-02
   2.0289855E-01   0.0000000E+00   0.0000000E+00   7.9768023E+05   0.0000000E+00   0.0000000E+00   1.9778258E-02
   2.1739130E-01   0.0000000E+00   0.0000000E+00   7.6374806E+05   0.0000000E+00   0.0000000E+00   2.0194074E-02
   2.3188406E-01   0.0000000E+00   0.0000000E+00   7.2543816E+05   0.0000000E+00   0.0000000E+00   2.1684752E-02
   2.4637681E-01   0.0000000E+00   0.0000000E+00   6.9185817E+05   0.0000000E+00   0.0000000E+00   2.3092953E-02
   2.6086957E-01   0.0000000E+00   0.0000000E+00   6.6554539E+05   0.0000000E+00   0.0000000E+00   2.4986617E-02
   2.7536232E-01   0.0000000E+00   0.0000000E+00   6.2357741E+05   0.0000000E+00   0.0000000E+00   2.7428155E-02
   2.8985507E-01   0.0000000E+00   0.0000000E+00   5.8546525E+05   0.0000000E+00   0.0000000E+00   2.6624463E-02
   3.0434783E-01   0.0000000E+00   0.0000000E+00   5.5520449E+05   0.0000000E+00   0.0000000E+00   2.5410673E-02
   3.1884058E-01   0.0000000E+00   0.0000000E+00   5.1050787E+05   0.0000000E+00   0.0000000E+00   2.6701242E-02
   3.3333333E-01   0.0000000E+00   0.0000000E+00   4.6986263E+05   0.0000000E+00   0.0000000E+00   2.8046796E-02
   3.4782609E-01   0.0000000E+00   0.0000000E+00   4.4236036E+05   0.0000000E+00   0.0000000E+00   2.8817096E-02
   3.6231884E-01   0.0000000E+00   0.0000000E+00   4.1263309E+05   0.0000000E+00   0.0000000E+00   2.8936938E-02
   3.7681159E-01   0.0000000E+00   0.0000000E+00   3.7545853E+05   0.0000000E+00   0.0000000E+00   2.9983553E-02
   3.9130435E-01   0.0000000E+00   0.0000000E+00   3.4709953E+05   0.0000000E+00   0.0000000E+00   3.2156106E-02
   4.0579710E-01   0.0000000E+00   0.0000000E+00   3.2138860E+05   0.0000000E+00   0.0000000E+00   3.2942418E-02
   4.2028986E-01   0.0000000E+00   0.0000000E+00   2.9381893E+05   0.0000000E+00   0.0000000E+00   3.0516636E-02
   4.3478261E-01   0.0000000E+00   0.0000000E+00   2.7137076E+05   0.0000000E+00   0.0000000E+00   3.0088775E-02
   4.4927536E-01   0.0000000E+00   0.0000000E+00   2.4924648E+05   0.0000000E+00   0.0000000E+00   3.2723457E-02
   4.6376812E-01   0.0000000E+00   0.0000000E+00   2.2734468E+05   0.0000000E+00   0.0000000E+00   3.5652794E-02
   4.7826087E-01   0.0000000E+00   0.0000000E+00   2.0642584E+05   0.0000000E+00   0.0000000E+00   3.4753819E-02
   4.9275362E-01   0.0000000E+00   0.0000000E+00   1.8818613E+05   0.0000000E+00   0.0000000E+00   3.2949507E-02
   5.0724638E-01   0.0000000E+00   0.0000000E+00   1.7538357E+05   0.0000000E+00   0.0000000E+00   3.1829271E-02
   5.2173913E-01   0.0000000E+00   0.0000000E+00   1.5758818E+05   0.0000000E+00   0.0000000E+00   3.1729799E-02
   5.3623188E-01   0.0000000E+00   0.0000000E+00   1.4126669E+05   0.0000000E+00   0.0000000E+00   3.1530832E-02
   5.5072464E-01   0.0000000E+00   0.0000000E+00   1.3140749E+05   0.0000000E+00   0.0000000E+00   3.0668546E-02
   5.6521739E-01   0.0000000E+00   0.0000000E+00   1.2016927E+05   0.0000000E+00   0.0000000E+00   3.1235253E-02
   5.7971014E-01   0.0000000E+00   0.0000000E+00   1.0811008E+05   0.0000000E+00   0.0000000E+00   3.0269616E-02
   5.9420290E-01   0.0000000E+00   0.0000000E+00   9.8302474E+04   0.0000000E+00   0.0000000E+00   3.0829331E-02
   6.0869565E-01   0.0000000E+00   0.0000000E+00   8.9954169E+04   0.0000000E+00   0.0000000E+00   3.0678513E-02
   6.2318841E-01   0.0000000E+00   0.0000000E+00   8.1800318E+04   0.0000000E+00   0.0000000E+00   2.8893971E-02
   6.3768116E-01   0.0000000E+00   0.0000000E+00   7.5687562E+04   0.0000000E+00   0.0000000E+00   2.7272456E-02
   6.5217391E-01   0.0000000E+00   0.0000000E+00   7.0233771E+04   0.0000000E+00   0.0000000E+00   2.6315999E-02
   6.6666667E-01   0.0000000E+00   0.0000000E+00   6.4819432E+04   0.0000000E+00   0.0000000E+00   2.6596061E-02
   6.8115942E-01   0.0000000E+00   0.0000000E+00   6.0232005E+04   0.0000000E+00   0.0000000E+00   2.9197910E-02
   6.9565217E-01   0.0000000E+00   0.0000000E+00   5.6419811E+04   0.0000000E+00   0.0000000E+00   3.2863293E-02
   7.1014493E-01   0.0000000E+00   0.0000000E+00   5.1696199E+04   0.0000000E+00   0.0000000E+00   3.4491366E-02
   7.2463768E-01   0.0000000E+00   0.0000000E+00   4.7146376E+04   0.0000000E+00   0.0000000E+00   2.7816143E-02
   7.3913043E-01   0.0000000E+00   0.0000000E+00   4.4216164E+04   0.0000000E+00   0.0000000E+00   2.0463479E-02
   7.5362319E-01   0.0000000E+00   0.0000000E+00   4.0757490E+04   0.0000000E+00   0.0000000E+00   2.1904615E-02
   7.6811594E-01   0.0000000E+00   0.0000000E+00   3.7300661E+04   0.0000000E+00   0.0000000E+00   2.3610163E-02
   7.8260870E-01   0.0000000E+00   0.0000000E+00   3.4827823E+04   0.0000000E+00   0.0000000E+00   2.5649012E-02
   7.9710145E-01   0.0000000E+00   0.0000000E+00   3.2196921E+04   0.0000000E+00   0.0000000E+00   2.6770135E-02
   8.1159420E-01   0.0000000E+00   0.0000000E+00   3.0092971E+04   0.0000000E+00   0.0000000E+00   2.7159632E-02
   8.2608696E-01   0.0000000E+00   0.0000000E+00   2.7531100E+04   0.0000000E+00   0.0000000E+00   3.3438290E-02
   8.4057971E-01   0.0000000E+00   0.0000000E+00   2.4404347E+04   0.0000000E+00   0.0000000E+00   3.9389685E-02
   8.5507246E-01   0.0000000E+00   0.0000000E+00   2.2706415E+04   0.0000000E+00   0.0000000E+00   3.0599321E-02
   8.6956522E-01   0.0000000E+00   0.0000000E+00   2.0256827E+04   0.0000000E+00   0.0000000E+00   3.1970314E-02
   8.8405797E-01   0.0000000E+00   0.0000000E+00   1.8073883E+04   0.0000000E+00   0.0000000E+00   3.9159342E-02
   8.9855072E-01   0.0000000E+00   0.0000000E+00   1.5949135E+04   0.0000000E+00   0.0000000E+00   3.4824293E-02
   9.1304348E-01   0.0000000E+00   0.0000000E+00   1.4216584E+04   0.0000000E+00   0.0000000E+00   4.2386216E-02
   9.2753623E-01   0.0000000E+00   0.0000000E+00   1.3011760E+04   0.0000000E+00   0.0000000E+00   4.8607109E-02
   9.4202899E-01   0.0000000E+00   0.0000000E+00   1.2077157E+04   0.0000000E+00   0.0000000E+00   4.9721148E-02
   9.5652174E-01   0.0000000E+00   0.0000000E+00   1.1090510E+04   0.0000000E+00   0.0000000E+00   5.3757402E-02
   9.7101449E-01   0.0000000E+00   0.0000000E+00   8.8892692E+03   0.0000000E+00   0.0000000E+00   6.0576967E-02
   9.8550725E-01   0.0000000E+00   0.0000000E+00   5.4935910E+03   0.0000000E+00   0.0000000E+00   6.8162427E-02
   1.0000000E+00   0.0000000E+00   0.0000000E+00   2.9762365E+03   0.0000000E+00   0.0000000E+00   7.9077660E-02
