   0.0000000E+00   0.0000000E+00   0.0000000E+00   5.8046455E+10   0.0000000E+00   0.0000000E+00   9.4205743E-07
   1.4492754E-02   0.0000000E+00   0.0000000E+00   1.4594009E+06   0.0000000E+00   0.0000000E+00   7.6542397E-03
   2.8985507E-02   0.0000000E+00   0.0000000E+00   1.2040436E+06   0.0000000E+00   0.0000000E+00   8.8799508E-03
   4.3478261E-02   0.0000000E+00   0.0000000E+00   1.1439298E+06   0.0000000E+00   0.0000000E+00   1.3552285E-02
   5.7971014E-02   0.0000000E+00   0.0000000E+00   1.1394465E+06   0.0000000E+00   0.0000000E+00   2.0779366E-02
   7.2463768E-02   0.0000000E+00   0.0000000E+00   1.1570639E+06   0.0000000E+00   0.0000000E+00   3.1092368E-02
   8.6956522E-02   0.0000000E+00   0.0000000E+00   1.1984869E+06   0.0000000E+00   0.0000000E+00   4.0753537E-02
   1.0144928E-01   0.0000000E+00   0.0000000E+00   1.2315386E+06   0.0000000E+00   0.0000000E+00   4.8333381E-02
   1.1594203E-01   0.0000000E+00   0.0000000E+00   1.2654203E+06   0.0000000E+00   0.0000000E+00   5.3024502E-02
   1.3043478E-01   0.0000000E+00   0.0000000E+00   1.2760286E+06   0.0000000E+00   0.0000000E+00   5.5245242E-02
   1.4492754E-01   0.0000000E+00   0.0000000E+00   1.2520083E+06   0.0000000E+00   0.0000000E+00   5.2320992E-02
   1.5942029E-01   0.0000000E+00   0.0000000E+00   1.2289111E+06   0.0000000E+00   0.0000000E+00   4.7271980E-02
   1.7391304E-01   0.0000000E+00   0.0000000E+00   1.1842161E+06   0.0000000E+00   0.0000000E+00   4.1711879E-02
   1.8840580E-01   0.0000000E+00   0.0000000E+00   1.1169039E+06   0.0000000E+00   0.0000000E+00   3.2672554E-02
   2.0289855E-01   0.0000000E+00   0.0000000E+00   1.0550942E+06   0.0000000E+00   0.0000000E+00   2.5123633E-02
   2.1739130E-01   0.0000000E+00   0.0000000E+00   9.7369164E+05   0.0000000E+00   0.0000000E+00   2.0294761E-02
   2.3188406E-01   0.0000000E+00   0.0000000E+00   8.8977230E+05   0.0000000E+00   0.0000000E+00   1.6115273E-02
   2.4637681E-01   0.0000000E+00   0.0000000E+00   8.2160943E+05   0.0000000E+00   0.0000000E+00   1.1987359E-02
   2.6086957E-01   0.0000000E+00   0.0000000E+00   7.4822288E+05   0.0000000E+00   0.0000000E+00   6.5386963E-03
   2.7536232E-01   0.0000000E+00   0.0000000E+00   6.8012850E+05   0.0000000E+00   0.0000000E+00   3.1868149E-03
   2.8985507E-01   0.0000000E+00   0.0000000E+00   6.3551376E+05   0.0000000E+00   0.0000000E+00   3.8351302E-03
   3.0434783E-01   0.0000000E+00   0.0000000E+00   5.8973564E+05   0.0000000E+00   0.0000000E+00   2.0296104E-03
   3.1884058E-01   0.0000000E+00   0.0000000E+00   5.4608705E+05   0.0000000E+00   0.0000000E+00   2.0271944E-03
   3.3333333E-01   0.0000000E+00   0.0000000E+00   5.0969323E+05   0.0000000E+00   0.0000000E+00   2.6781314E-03
   3.4782609E-01   0.0000000E+00   0.0000000E+00   4.7446945E+05   0.0000000E+00   0.0000000E+00   2.0854922E-03
   3.6231884E-01   0.0000000E+00   0.0000000E+00   4.4754960E+05   0.0000000E+00   0.0000000E+00   4.7747735E-04
   3.7681159E-01   0.0000000E+00   0.0000000E+00   4.2001927E+05   0.0000000E+00   0.0000000E+00   1.3909483E-03
   3.9130435E-01   0.0000000E+00   0.0000000E+00   3.9887820E+05   0.0000000E+00   0.0000000E+00   1.1072881E-03
   4.0579710E-01   0.0000000E+00   0.0000000E+00   3.7884128E+05   0.0000000E+00   0.0000000E+00   1.5668816E-03
   4.2028986E-01   0.0000000E+00   0.0000000E+00   3.6439296E+05   0.0000000E+00   0.0000000E+00   1.9100880E-03
   4.3478261E-01   0.0000000E+00   0.0000000E+00   3.5270117E+05   0.0000000E+00   0.0000000E+00   1.1074014E-03
   4.4927536E-01   0.0000000E+00   0.0000000E+00   3.3240197E+05   0.0000000E+00   0.0000000E+00   1.8127865E-03
   4.6376812E-01   0.0000000E+00   0.0000000E+00   3.1704176E+05   0.0000000E+00   0.0000000E+00   1.1150443E-03
   4.7826087E-01   0.0000000E+00   0.0000000E+00   3.0470199E+05   0.0000000E+00   0.0000000E+00   1.3014867E-03
   4.9275362E-01   0.0000000E+00   0.0000000E+00   2.9246407E+05   0.0000000E+00   0.0000000E+00   9.7413861E-04
   5.0724638E-01   0.0000000E+00   0.0000000E+00   2.7897700E+05   0.0000000E+00   0.0000000E+00   1.6771359E-03
   5.2173913E-01   0.0000000E+00   0.0000000E+00   2.7021732E+05   0.0000000E+00   0.0000000E+00   2.0724995E-03
   5.3623188E-01   0.0000000E+00   0.0000000E+00   2.6389716E+05   0.0000000E+00   0.0000000E+00   9.2213885E-04
   5.5072464E-01   0.0000000E+00   0.0000000E+00   2.5116977E+05   0.0000000E+00   0.0000000E+00   2.1202463E-03
   5.6521739E-01   0.0000000E+00   0.0000000E+00   2.4303918E+05   0.0000000E+00   0.0000000E+00   3.0274848E-03
   5.7971014E-01   0.0000000E+00   0.0000000E+00   2.3859234E+05   0.0000000E+00   0.0000000E+00   8.2433162E-04
   5.9420290E-01   0.0000000E+00   0.0000000E+00   2.2770911E+05   0.0000000E+00   0.0000000E+00   5.8621034E-04
   6.0869565E-01   0.0000000E+00   0.0000000E+00   2.1692919E+05   0.0000000E+00   0.0000000E+00   3.6167808E-03
   6.2318841E-01   0.0000000E+00   0.0000000E+00   2.1199005E+05   0.0000000E+00   0.0000000E+00   4.3727237E-03
   6.3768116E-01   0.0000000E+00   0.0000000E+00   2.0696544E+05   0.0000000E+00   0.0000000E+00   2.8914190E-03
   6.5217391E-01   0.0000000E+00   0.0000000E+00   1.9967204E+05   0.0000000E+00   0.0000000E+00   2.3791072E-03
   6.6666667E-01   0.0000000E+00   0.0000000E+00   1.9238276E+05   0.0000000E+00   0.0000000E+00   1.4907036E-03
   6.8115942E-01   0.0000000E+00   0.0000000E+00   1.8653220E+05   0.0000000E+00   0.0000000E+00   4.1839205E-05
   6.9565217E-01   0.0000000E+00   0.0000000E+00   1.7903108E+05   0.0000000E+00   0.0000000E+00   2.1547719E-03
   7.1014493E-01   0.0000000E+00   0.0000000E+00   1.7516089E+05   0.0000000E+00   0.0000000E+00   1.4287112E-03
   7.2463768E-01   0.0000000E+00   0.0000000E+00   1.6926322E+05   0.0000000E+00   0.0000000E+00   1.2953287E-03
   7.3913043E-01   0.0000000E+00   0.0000000E+00   1.6340369E+05   0.0000000E+00   0.0000000E+00   2.2208475E-03
   7.5362319E-01   0.0000000E+00   0.0000000E+00   1.5868755E+05   0.0000000E+00   0.0000000E+00   2.1473975E-03
   7.6811594E-01   0.0000000E+00   0.0000000E+00   1.5257671E+05   0.0000000E+00   0.0000000E+00   1.1651017E-03
   7.8260870E-01   0.0000000E+00   0.0000000E+00   1.4662205E+05   0.0000000E+00   0.0000000E+00   1.4809445E-03
   7.9710145E-01   0.0000000E+00   0.0000000E+00   1.4087014E+05   0.0000000E+00   0.0000000E+00   2.2195013E-03
   8.1159420E-01   0.0000000E+00   0.0000000E+00   1.3635201E+05   0.0000000E+00   0.0000000E+00   2.0550629E-03
   8.2608696E-01   0.0000000E+00   0.0000000E+00   1.3108845E+05   0.0000000E+00   0.0000000E+00   5.1766253E-04
   8.4057971E-01   0.0000000E+00   0.0000000E+00   1.2279254E+05   0.0000000E+00   0.0000000E+00   2.0218189E-03
   8.5507246E-01   0.0000000E+00   0.0000000E+00   1.1219640E+05   0.0000000E+00   0.0000000E+00   2.0451797E-03
   8.6956522E-01   0.0000000E+00   0.0000000E+00   1.0420142E+05   0.0000000E+00   0.0000000E+00   2.1852086E-03
   8.8405797E-01   0.0000000E+00   0.0000000E+00   9.5462400E+04   0.0000000E+00   0.0000000E+00   3.0150673E-03
   8.9855072E-01   0.0000000E+00   0.0000000E+00   8.6076443E+04   0.0000000E+00   0.0000000E+00   1.1785588E-03
   9.1304348E-01   0.0000000E+00   0.0000000E+00   7.6435185E+04   0.0000000E+00   0.0000000E+00   2.6733259E-03
   9.2753623E-01   0.0000000E+00   0.0000000E+00   6.5425827E+04   0.0000000E+00   0.0000000E+00   2.7648190E-03
   9.4202899E-01   0.0000000E+00   0.0000000E+00   5.3251403E+04   0.0000000E+00   0.0000000E+00   4.8736910E-03
   9.5652174E-01   0.0000000E+00   0.0000000E+00   4.0251891E+04   0.0000000E+00   0.0000000E+00   9.1886186E-03
   9.7101449E-01   0.0000000E+00   0.0000000E+00   2.7029712E+04   0.0000000E+00   0.0000000E+00   1.2954393E-02
   9.8550725E-01   0.0000000E+00   0.0000000E+00   1.3327251E+04   0.0000000E+00   0.0000000E+00   1.7116067E-02
   1.0000000E+00   0.0000000E+00   0.0000000E+00   6.3463867E+03   0.0000000E+00   0.0000000E+00   2.7159561E-02
