   0.0000000E+00   0.0000000E+00   0.0000000E+00   5.7095435E+10   0.0000000E+00   0.0000000E+00   5.0849951E-07
   1.4492754E-02   0.0000000E+00   0.0000000E+00   1.5132002E+06   0.0000000E+00   0.0000000E+00   1.6939574E-03
   2.8985507E-02   0.0000000E+00   0.0000000E+00   1.2961086E+06   0.0000000E+00   0.0000000E+00   2.0544423E-03
   4.3478261E-02   0.0000000E+00   0.0000000E+00   1.2280386E+06   0.0000000E+00   0.0000000E+00   2.5572442E-03
   5.7971014E-02   0.0000000E+00   0.0000000E+00   1.1779017E+06   0.0000000E+00   0.0000000E+00   7.1422295E-04
   7.2463768E-02   0.0000000E+00   0.0000000E+00   1.1663083E+06   0.0000000E+00   0.0000000E+00   8.5835065E-04
   8.6956522E-02   0.0000000E+00   0.0000000E+00   1.1837110E+06   0.0000000E+00   0.0000000E+00   1.1193300E-03
   1.0144928E-01   0.0000000E+00   0.0000000E+00   1.1915951E+06   0.0000000E+00   0.0000000E+00   8.0966100E-04
   1.1594203E-01   0.0000000E+00   0.0000000E+00   1.1872787E+06   0.0000000E+00   0.0000000E+00   1.0874903E-03
   1.3043478E-01   0.0000000E+00   0.0000000E+00   1.1973082E+06   0.0000000E+00   0.0000000E+00   1.1021114E-03
   1.4492754E-01   0.0000000E+00   0.0000000E+00   1.2025281E+06   0.0000000E+00   0.0000000E+00   1.2220745E-03
   1.5942029E-01   0.0000000E+00   0.0000000E+00   1.1968795E+06   0.0000000E+00   0.0000000E+00   3.6873729E-04
   1.7391304E-01   0.0000000E+00   0.0000000E+00   1.1795434E+06   0.0000000E+00   0.0000000E+00   5.4860088E-04
   1.8840580E-01   0.0000000E+00   0.0000000E+00   1.1694209E+06   0.0000000E+00   0.0000000E+00   3.8633064E-04
   2.0289855E-01   0.0000000E+00   0.0000000E+00   1.1551155E+06   0.0000000E+00   0.0000000E+00   2.4170206E-04
   2.1739130E-01   0.0000000E+00   0.0000000E+00   1.1061945E+06   0.0000000E+00   0.0000000E+00   4.3816233E-04
   2.3188406E-01   0.0000000E+00   0.0000000E+00   1.0644306E+06   0.0000000E+00   0.0000000E+00   5.1236581E-04
   2.4637681E-01   0.0000000E+00   0.0000000E+00   1.0221868E+06   0.0000000E+00   0.0000000E+00   4.0733786E-04
   2.6086957E-01   0.0000000E+00   0.0000000E+00   9.8286867E+05   0.0000000E+00   0.0000000E+00   3.8662996E-04
   2.7536232E-01   0.0000000E+00   0.0000000E+00   9.3656254E+05   0.0000000E+00   0.0000000E+00   2.3476748E-04
   2.8985507E-01   0.0000000E+00   0.0000000E+00   8.7325364E+05   0.0000000E+00   0.0000000E+00   2.8393313E-04
   3.0434783E-01   0.0000000E+00   0.0000000E+00   8.3037116E+05   0.0000000E+00   0.0000000E+00   2.3178116E-04
   3.1884058E-01   0.0000000E+00   0.0000000E+00   7.9837892E+05   0.0000000E+00   0.0000000E+00   3.1352004E-04
   3.3333333E-01   0.0000000E+00   0.0000000E+00   7.6696130E+05   0.0000000E+00   0.0000000E+00   1.5398821E-05
   3.4782609E-01   0.0000000E+00   0.0000000E+00   7.3042659E+05   0.0000000E+00   0.0000000E+00   6.0195709E-04
   3.6231884E-01   0.0000000E+00   0.0000000E+00   6.9372309E+05   0.0000000E+00   0.0000000E+00   2.9223952E-04
   3.7681159E-01   0.0000000E+00   0.0000000E+00   6.6867348E+05   0.0000000E+00   0.0000000E+00   5.1562309E-04
   3.9130435E-01   0.0000000E+00   0.0000000E+00   6.4606875E+05   0.0000000E+00   0.0000000E+00   3.6330416E-04
   4.0579710E-01   0.0000000E+00   0.0000000E+00   6.1614817E+05   0.0000000E+00   0.0000000E+00   7.8769254E-04
   4.2028986E-01   0.0000000E+00   0.0000000E+00   5.9022462E+05   0.0000000E+00   0.0000000E+00   1.2815736E-03
   4.3478261E-01   0.0000000E+00   0.0000000E+00   5.7421286E+05   0.0000000E+00   0.0000000E+00   1.1400986E-03
   4.4927536E-01   0.0000000E+00   0.0000000E+00   5.5639871E+05   0.0000000E+00   0.0000000E+00   6.8037247E-04
   4.6376812E-01   0.0000000E+00   0.0000000E+00   5.3368342E+05   0.0000000E+00   0.0000000E+00   8.1912298E-04
   4.7826087E-01   0.0000000E+00   0.0000000E+00   5.1493948E+05   0.0000000E+00   0.0000000E+00   1.3889904E-03
   4.9275362E-01   0.0000000E+00   0.0000000E+00   5.0289201E+05   0.0000000E+00   0.0000000E+00   6.8227549E-04
   5.0724638E-01   0.0000000E+00   0.0000000E+00   4.8700819E+05   0.0000000E+00   0.0000000E+00   7.1397847E-04
   5.2173913E-01   0.0000000E+00   0.0000000E+00   4.7076496E+05   0.0000000E+00   0.0000000E+00   5.8619194E-04
   5.3623188E-01   0.0000000E+00   0.0000000E+00   4.4610211E+05   0.0000000E+00   0.0000000E+00   5.0638018E-04
   5.5072464E-01   0.0000000E+00   0.0000000E+00   4.2566855E+05   0.0000000E+00   0.0000000E+00   8.4029342E-04
   5.6521739E-01   0.0000000E+00   0.0000000E+00   4.1580315E+05   0.0000000E+00   0.0000000E+00   1.6647530E-03
   5.7971014E-01   0.0000000E+00   0.0000000E+00   4.0226346E+05   0.0000000E+00   0.0000000E+00   1.5879976E-03
   5.9420290E-01   0.0000000E+00   0.0000000E+00   3.8663052E+05   0.0000000E+00   0.0000000E+00   1.3168101E-03
   6.0869565E-01   0.0000000E+00   0.0000000E+00   3.6934251E+05   0.0000000E+00   0.0000000E+00   1.2465962E-03
   6.2318841E-01   0.0000000E+00   0.0000000E+00   3.5347535E+05   0.0000000E+00   0.0000000E+00   1.2830237E-03
   6.3768116E-01   0.0000000E+00   0.0000000E+00   3.3791612E+05   0.0000000E+00   0.0000000E+00   1.2669514E-03
   6.5217391E-01   0.0000000E+00   0.0000000E+00   3.2195390E+05   0.0000000E+00   0.0000000E+00   1.7538414E-03
   6.6666667E-01   0.0000000E+00   0.0000000E+00   3.0818469E+05   0.0000000E+00   0.0000000E+00   1.4000124E-03
   6.8115942E-01   0.0000000E+00   0.0000000E+00   2.9463059E+05   0.0000000E+00   0.0000000E+00   1.6687752E-03
   6.9565217E-01   0.0000000E+00   0.0000000E+00   2.7928911E+05   0.0000000E+00   0.0000000E+00   6.6750550E-04
   7.1014493E-01   0.0000000E+00   0.0000000E+00   2.6312020E+05   0.0000000E+00   0.0000000E+00   1.1232157E-03
   7.2463768E-01   0.0000000E+00   0.0000000E+00   2.4818907E+05   0.0000000E+00   0.0000000E+00   2.0338614E-03
   7.3913043E-01   0.0000000E+00   0.0000000E+00   2.3376920E+05   0.0000000E+00   0.0000000E+00   2.1706126E-03
   7.5362319E-01   0.0000000E+00   0.0000000E+00   2.1907333E+05   0.0000000E+00   0.0000000E+00   2.4169513E-03
   7.6811594E-01   0.0000000E+00   0.0000000E+00   2.0418859E+05   0.0000000E+00   0.0000000E+00   1.4971015E-03
   7.8260870E-01   0.0000000E+00   0.0000000E+00   1.9146883E+05   0.0000000E+00   0.0000000E+00   1.1094761E-03
   7.9710145E-01   0.0000000E+00   0.0000000E+00   1.8061687E+05   0.0000000E+00   0.0000000E+00   1.5650114E-03
   8.1159420E-01   0.0000000E+00   0.0000000E+00   1.6809576E+05   0.0000000E+00   0.0000000E+00   1.5533103E-03
   8.2608696E-01   0.0000000E+00   0.0000000E+00   1.5281023E+05   0.0000000E+00   0.0000000E+00   1.7111916E-03
   8.4057971E-01   0.0000000E+00   0.0000000E+00   1.3896629E+05   0.0000000E+00   0.0000000E+00   3.9868965E-03
   8.5507246E-01   0.0000000E+00   0.0000000E+00   1.2474401E+05   0.0000000E+00   0.0000000E+00   5.1399119E-03
   8.6956522E-01   0.0000000E+00   0.0000000E+00   1.1427932E+05   0.0000000E+00   0.0000000E+00   5.3827354E-03
   8.8405797E-01   0.0000000E+00   0.0000000E+00   1.0564837E+05   0.0000000E+00   0.0000000E+00   5.4867159E-03
   8.9855072E-01   0.0000000E+00   0.0000000E+00   9.2737193E+04   0.0000000E+00   0.0000000E+00   5.5327093E-03
   9.1304348E-01   0.0000000E+00   0.0000000E+00   7.9634517E+04   0.0000000E+00   0.0000000E+00   2.6618514E-03
   9.2753623E-01   0.0000000E+00   0.0000000E+00   6.6763706E+04   0.0000000E+00   0.0000000E+00   1.6441242E-03
   9.4202899E-01   0.0000000E+00   0.0000000E+00   5.4172344E+04   0.0000000E+00   0.0000000E+00   7.6137897E-03
   9.5652174E-01   0.0000000E+00   0.0000000E+00   4.1124436E+04   0.0000000E+00   0.0000000E+00   1.6074928E-02
   9.7101449E-01   0.0000000E+00   0.0000000E+00   2.7843996E+04   0.0000000E+00   0.0000000E+00   2.6242820E-02
   9.8550725E-01   0.0000000E+00   0.0000000E+00   1.3160103E+04   0.0000000E+00   0.0000000E+00   3.9234097E-02
   1.0000000E+00   0.0000000E+00   0.0000000E+00   5.8649366E+03   0.0000000E+00   0.0000000E+00   5.3484234E-02
