   0.0000000E+00   0.0000000E+00   0.0000000E+00   5.7744676E+10   0.0000000E+00   0.0000000E+00   2.3589937E-07
   1.4492754E-02   0.0000000E+00   0.0000000E+00   1.4859216E+06   0.0000000E+00   0.0000000E+00   2.5138527E-03
   2.8985507E-02   0.0000000E+00   0.0000000E+00   1.2858792E+06   0.0000000E+00   0.0000000E+00   4.9720408E-03
   4.3478261E-02   0.0000000E+00   0.0000000E+00   1.2472346E+06   0.0000000E+00   0.0000000E+00   7.5261770E-03
   5.7971014E-02   0.0000000E+00   0.0000000E+00   1.2303749E+06   0.0000000E+00   0.0000000E+00   1.1729208E-02
   7.2463768E-02   0.0000000E+00   0.0000000E+00   1.2154096E+06   0.0000000E+00   0.0000000E+00   1.7573170E-02
   8.6956522E-02   0.0000000E+00   0.0000000E+00   1.2363737E+06   0.0000000E+00   0.0000000E+00   2.3633809E-02
   1.0144928E-01   0.0000000E+00   0.0000000E+00   1.2678017E+06   0.0000000E+00   0.0000000E+00   2.9996701E-02
   1.1594203E-01   0.0000000E+00   0.0000000E+00   1.2760286E+06   0.0000000E+00   0.0000000E+00   3.3759806E-02
   1.3043478E-01   0.0000000E+00   0.0000000E+00   1.2796489E+06   0.0000000E+00   0.0000000E+00   3.5266746E-02
   1.4492754E-01   0.0000000E+00   0.0000000E+00   1.2733765E+06   0.0000000E+00   0.0000000E+00   3.4600886E-02
   1.5942029E-01   0.0000000E+00   0.0000000E+00   1.2459258E+06   0.0000000E+00   0.0000000E+00   3.0882497E-02
   1.7391304E-01   0.0000000E+00   0.0000000E+00   1.2003812E+06   0.0000000E+00   0.0000000E+00   2.7440798E-02
   1.8840580E-01   0.0000000E+00   0.0000000E+00   1.1572971E+06   0.0000000E+00   0.0000000E+00   2.3827301E-02
   2.0289855E-01   0.0000000E+00   0.0000000E+00   1.1042388E+06   0.0000000E+00   0.0000000E+00   2.0139595E-02
   2.1739130E-01   0.0000000E+00   0.0000000E+00   1.0410292E+06   0.0000000E+00   0.0000000E+00   1.6718297E-02
   2.3188406E-01   0.0000000E+00   0.0000000E+00   9.8818335E+05   0.0000000E+00   0.0000000E+00   1.2897504E-02
   2.4637681E-01   0.0000000E+00   0.0000000E+00   9.2180896E+05   0.0000000E+00   0.0000000E+00   9.1726934E-03
   2.6086957E-01   0.0000000E+00   0.0000000E+00   8.4483431E+05   0.0000000E+00   0.0000000E+00   7.4224656E-03
   2.7536232E-01   0.0000000E+00   0.0000000E+00   7.8286164E+05   0.0000000E+00   0.0000000E+00   7.5370900E-03
   2.8985507E-01   0.0000000E+00   0.0000000E+00   7.2829861E+05   0.0000000E+00   0.0000000E+00   6.3998414E-03
   3.0434783E-01   0.0000000E+00   0.0000000E+00   6.7232893E+05   0.0000000E+00   0.0000000E+00   4.4681589E-03
   3.1884058E-01   0.0000000E+00   0.0000000E+00   6.1941530E+05   0.0000000E+00   0.0000000E+00   3.5937539E-03
   3.3333333E-01   0.0000000E+00   0.0000000E+00   5.7561632E+05   0.0000000E+00   0.0000000E+00   3.8625020E-03
   3.4782609E-01   0.0000000E+00   0.0000000E+00   5.3631971E+05   0.0000000E+00   0.0000000E+00   3.4911914E-03
   3.6231884E-01   0.0000000E+00   0.0000000E+00   5.0638027E+05   0.0000000E+00   0.0000000E+00   3.3789964E-03
   3.7681159E-01   0.0000000E+00   0.0000000E+00   4.7338142E+05   0.0000000E+00   0.0000000E+00   2.5299606E-03
   3.9130435E-01   0.0000000E+00   0.0000000E+00   4.4364080E+05   0.0000000E+00   0.0000000E+00   1.5422899E-03
   4.0579710E-01   0.0000000E+00   0.0000000E+00   4.2492791E+05   0.0000000E+00   0.0000000E+00   1.3219284E-03
   4.2028986E-01   0.0000000E+00   0.0000000E+00   4.0541525E+05   0.0000000E+00   0.0000000E+00   1.8612968E-03
   4.3478261E-01   0.0000000E+00   0.0000000E+00   3.8571323E+05   0.0000000E+00   0.0000000E+00   2.0056395E-03
   4.4927536E-01   0.0000000E+00   0.0000000E+00   3.6975106E+05   0.0000000E+00   0.0000000E+00   1.5790176E-03
   4.6376812E-01   0.0000000E+00   0.0000000E+00   3.5364992E+05   0.0000000E+00   0.0000000E+00   1.6023172E-03
   4.7826087E-01   0.0000000E+00   0.0000000E+00   3.4020081E+05   0.0000000E+00   0.0000000E+00   6.9541294E-04
   4.9275362E-01   0.0000000E+00   0.0000000E+00   3.2319698E+05   0.0000000E+00   0.0000000E+00   1.2940161E-03
   5.0724638E-01   0.0000000E+00   0.0000000E+00   3.0971946E+05   0.0000000E+00   0.0000000E+00   2.4543762E-03
   5.2173913E-01   0.0000000E+00   0.0000000E+00   3.0568361E+05   0.0000000E+00   0.0000000E+00   2.1896804E-03
   5.3623188E-01   0.0000000E+00   0.0000000E+00   2.9627504E+05   0.0000000E+00   0.0000000E+00   3.4454826E-04
   5.5072464E-01   0.0000000E+00   0.0000000E+00   2.8305453E+05   0.0000000E+00   0.0000000E+00   1.0820710E-03
   5.6521739E-01   0.0000000E+00   0.0000000E+00   2.6932682E+05   0.0000000E+00   0.0000000E+00   2.4509530E-03
   5.7971014E-01   0.0000000E+00   0.0000000E+00   2.6325667E+05   0.0000000E+00   0.0000000E+00   1.9973683E-03
   5.9420290E-01   0.0000000E+00   0.0000000E+00   2.5811099E+05   0.0000000E+00   0.0000000E+00   2.2378175E-03
   6.0869565E-01   0.0000000E+00   0.0000000E+00   2.5189332E+05   0.0000000E+00   0.0000000E+00   2.5235616E-03
   6.2318841E-01   0.0000000E+00   0.0000000E+00   2.4563004E+05   0.0000000E+00   0.0000000E+00   1.1594463E-03
   6.3768116E-01   0.0000000E+00   0.0000000E+00   2.3470894E+05   0.0000000E+00   0.0000000E+00   1.7850217E-03
   6.5217391E-01   0.0000000E+00   0.0000000E+00   2.2760726E+05   0.0000000E+00   0.0000000E+00   3.3004512E-03
   6.6666667E-01   0.0000000E+00   0.0000000E+00   2.2372999E+05   0.0000000E+00   0.0000000E+00   2.9823141E-03
   6.8115942E-01   0.0000000E+00   0.0000000E+00   2.1659984E+05   0.0000000E+00   0.0000000E+00   1.6822475E-03
   6.9565217E-01   0.0000000E+00   0.0000000E+00   2.1058765E+05   0.0000000E+00   0.0000000E+00   2.5554514E-03
   7.1014493E-01   0.0000000E+00   0.0000000E+00   2.0250126E+05   0.0000000E+00   0.0000000E+00   3.0205451E-03
   7.2463768E-01   0.0000000E+00   0.0000000E+00   1.9495049E+05   0.0000000E+00   0.0000000E+00   2.5146384E-03
   7.3913043E-01   0.0000000E+00   0.0000000E+00   1.9081593E+05   0.0000000E+00   0.0000000E+00   2.7499556E-03
   7.5362319E-01   0.0000000E+00   0.0000000E+00   1.8373657E+05   0.0000000E+00   0.0000000E+00   2.8355251E-03
   7.6811594E-01   0.0000000E+00   0.0000000E+00   1.7345022E+05   0.0000000E+00   0.0000000E+00   2.4376323E-03
   7.8260870E-01   0.0000000E+00   0.0000000E+00   1.6489192E+05   0.0000000E+00   0.0000000E+00   3.4425729E-03
   7.9710145E-01   0.0000000E+00   0.0000000E+00   1.6163212E+05   0.0000000E+00   0.0000000E+00   2.5984221E-03
   8.1159420E-01   0.0000000E+00   0.0000000E+00   1.5313047E+05   0.0000000E+00   0.0000000E+00   2.5946030E-03
   8.2608696E-01   0.0000000E+00   0.0000000E+00   1.4201581E+05   0.0000000E+00   0.0000000E+00   2.8759544E-03
   8.4057971E-01   0.0000000E+00   0.0000000E+00   1.3643180E+05   0.0000000E+00   0.0000000E+00   3.7967612E-03
   8.5507246E-01   0.0000000E+00   0.0000000E+00   1.2767221E+05   0.0000000E+00   0.0000000E+00   5.6374588E-03
   8.6956522E-01   0.0000000E+00   0.0000000E+00   1.1779017E+05   0.0000000E+00   0.0000000E+00   6.7414113E-03
   8.8405797E-01   0.0000000E+00   0.0000000E+00   1.0876627E+05   0.0000000E+00   0.0000000E+00   6.5095915E-03
   8.9855072E-01   0.0000000E+00   0.0000000E+00   9.4949295E+04   0.0000000E+00   0.0000000E+00   3.8276399E-03
   9.1304348E-01   0.0000000E+00   0.0000000E+00   7.9622490E+04   0.0000000E+00   0.0000000E+00   3.7234653E-03
   9.2753623E-01   0.0000000E+00   0.0000000E+00   6.8018707E+04   0.0000000E+00   0.0000000E+00   7.5030362E-03
   9.4202899E-01   0.0000000E+00   0.0000000E+00   5.5990912E+04   0.0000000E+00   0.0000000E+00   7.5677227E-03
   9.5652174E-01   0.0000000E+00   0.0000000E+00   4.3500974E+04   0.0000000E+00   0.0000000E+00   1.0792227E-02
   9.7101449E-01   0.0000000E+00   0.0000000E+00   3.1621370E+04   0.0000000E+00   0.0000000E+00   2.0380989E-02
   9.8550725E-01   0.0000000E+00   0.0000000E+00   1.6759353E+04   0.0000000E+00   0.0000000E+00   2.4938077E-02
   1.0000000E+00   0.0000000E+00   0.0000000E+00   8.1846504E+03   0.0000000E+00   0.0000000E+00   2.8028259E-02
