   0.0000000E+00   0.0000000E+00   0.0000000E+00   5.2430578E+10   0.0000000E+00   0.0000000E+00   1.2714543E-06
   1.4492754E-02   0.0000000E+00   0.0000000E+00   4.1395155E+06   0.0000000E+00   0.0000000E+00   3.9469776E-03
   2.8985507E-02   0.0000000E+00   0.0000000E+00   3.4931661E+06   0.0000000E+00   0.0000000E+00   5.2013140E-03
   4.3478261E-02   0.0000000E+00   0.0000000E+00   3.3062577E+06   0.0000000E+00   0.0000000E+00   8.2526626E-03
   5.7971014E-02   0.0000000E+00   0.0000000E+00   3.2247379E+06   0.0000000E+00   0.0000000E+00   1.2152775E-02
   7.2463768E-02   0.0000000E+00   0.0000000E+00   3.2003767E+06   0.0000000E+00   0.0000000E+00   1.7509011E-02
   8.6956522E-02   0.0000000E+00   0.0000000E+00   3.2212649E+06   0.0000000E+00   0.0000000E+00   2.4772445E-02
   1.0144928E-01   0.0000000E+00   0.0000000E+00   3.2543708E+06   0.0000000E+00   0.0000000E+00   3.1704679E-02
   1.1594203E-01   0.0000000E+00   0.0000000E+00   3.2452915E+06   0.0000000E+00   0.0000000E+00   3.7536297E-02
   1.3043478E-01   0.0000000E+00   0.0000000E+00   3.2794002E+06   0.0000000E+00   0.0000000E+00   4.1535635E-02
   1.4492754E-01   0.0000000E+00   0.0000000E+00   3.2888045E+06   0.0000000E+00   0.0000000E+00   4.5212255E-02
   1.5942029E-01   0.0000000E+00   0.0000000E+00   3.2270628E+06   0.0000000E+00   0.0000000E+00   4.8031854E-02
   1.7391304E-01   0.0000000E+00   0.0000000E+00   3.2007429E+06   0.0000000E+00   0.0000000E+00   4.9140222E-02
   1.8840580E-01   0.0000000E+00   0.0000000E+00   3.2005049E+06   0.0000000E+00   0.0000000E+00   4.9111721E-02
   2.0289855E-01   0.0000000E+00   0.0000000E+00   3.1579218E+06   0.0000000E+00   0.0000000E+00   4.7193958E-02
   2.1739130E-01   0.0000000E+00   0.0000000E+00   3.0645397E+06   0.0000000E+00   0.0000000E+00   4.5029401E-02
   2.3188406E-01   0.0000000E+00   0.0000000E+00   2.9740691E+06   0.0000000E+00   0.0000000E+00   4.2335420E-02
   2.4637681E-01   0.0000000E+00   0.0000000E+00   2.8797114E+06   0.0000000E+00   0.0000000E+00   3.8118238E-02
   2.6086957E-01   0.0000000E+00   0.0000000E+00   2.7680121E+06   0.0000000E+00   0.0000000E+00   3.4764252E-02
   2.7536232E-01   0.0000000E+00   0.0000000E+00   2.6348897E+06   0.0000000E+00   0.0000000E+00   3.2597113E-02
   2.8985507E-01   0.0000000E+00   0.0000000E+00   2.5034483E+06   0.0000000E+00   0.0000000E+00   2.9807340E-02
   3.0434783E-01   0.0000000E+00   0.0000000E+00   2.3966490E+06   0.0000000E+00   0.0000000E+00   2.7572969E-02
   3.1884058E-01   0.0000000E+00   0.0000000E+00   2.2780665E+06   0.0000000E+00   0.0000000E+00   2.5577870E-02
   3.3333333E-01   0.0000000E+00   0.0000000E+00   2.1473599E+06   0.0000000E+00   0.0000000E+00   2.3544879E-02
   3.4782609E-01   0.0000000E+00   0.0000000E+00   2.0104333E+06   0.0000000E+00   0.0000000E+00   2.1765619E-02
   3.6231884E-01   0.0000000E+00   0.0000000E+00   1.8870068E+06   0.0000000E+00   0.0000000E+00   2.0178506E-02
   3.7681159E-01   0.0000000E+00   0.0000000E+00   1.7690820E+06   0.0000000E+00   0.0000000E+00   1.8885504E-02
   3.9130435E-01   0.0000000E+00   0.0000000E+00   1.6531569E+06   0.0000000E+00   0.0000000E+00   1.7954771E-02
   4.0579710E-01   0.0000000E+00   0.0000000E+00   1.5546592E+06   0.0000000E+00   0.0000000E+00   1.7333985E-02
   4.2028986E-01   0.0000000E+00   0.0000000E+00   1.4674224E+06   0.0000000E+00   0.0000000E+00   1.6123480E-02
   4.3478261E-01   0.0000000E+00   0.0000000E+00   1.3908762E+06   0.0000000E+00   0.0000000E+00   1.5472246E-02
   4.4927536E-01   0.0000000E+00   0.0000000E+00   1.3128888E+06   0.0000000E+00   0.0000000E+00   1.5318201E-02
   4.6376812E-01   0.0000000E+00   0.0000000E+00   1.2388048E+06   0.0000000E+00   0.0000000E+00   1.5126652E-02
   4.7826087E-01   0.0000000E+00   0.0000000E+00   1.1704736E+06   0.0000000E+00   0.0000000E+00   1.4877794E-02
   4.9275362E-01   0.0000000E+00   0.0000000E+00   1.1072093E+06   0.0000000E+00   0.0000000E+00   1.5208554E-02
   5.0724638E-01   0.0000000E+00   0.0000000E+00   1.0527993E+06   0.0000000E+00   0.0000000E+00   1.5425663E-02
   5.2173913E-01   0.0000000E+00   0.0000000E+00   9.9537133E+05   0.0000000E+00   0.0000000E+00   1.5022954E-02
   5.3623188E-01   0.0000000E+00   0.0000000E+00   9.4727325E+05   0.0000000E+00   0.0000000E+00   1.4921779E-02
   5.5072464E-01   0.0000000E+00   0.0000000E+00   9.0509653E+05   0.0000000E+00   0.0000000E+00   1.4698439E-02
   5.6521739E-01   0.0000000E+00   0.0000000E+00   8.5855452E+05   0.0000000E+00   0.0000000E+00   1.4477866E-02
   5.7971014E-01   0.0000000E+00   0.0000000E+00   8.2106453E+05   0.0000000E+00   0.0000000E+00   1.5245199E-02
   5.9420290E-01   0.0000000E+00   0.0000000E+00   7.8739930E+05   0.0000000E+00   0.0000000E+00   1.6135867E-02
   6.0869565E-01   0.0000000E+00   0.0000000E+00   7.4759745E+05   0.0000000E+00   0.0000000E+00   1.6192868E-02
   6.2318841E-01   0.0000000E+00   0.0000000E+00   7.0818423E+05   0.0000000E+00   0.0000000E+00   1.6438412E-02
   6.3768116E-01   0.0000000E+00   0.0000000E+00   6.7132026E+05   0.0000000E+00   0.0000000E+00   1.6614147E-02
   6.5217391E-01   0.0000000E+00   0.0000000E+00   6.3589263E+05   0.0000000E+00   0.0000000E+00   1.6672697E-02
   6.6666667E-01   0.0000000E+00   0.0000000E+00   6.0780366E+05   0.0000000E+00   0.0000000E+00   1.6958955E-02
   6.8115942E-01   0.0000000E+00   0.0000000E+00   5.8350561E+05   0.0000000E+00   0.0000000E+00   1.8130210E-02
   6.9565217E-01   0.0000000E+00   0.0000000E+00   5.5467904E+05   0.0000000E+00   0.0000000E+00   1.9361129E-02
   7.1014493E-01   0.0000000E+00   0.0000000E+00   5.2594658E+05   0.0000000E+00   0.0000000E+00   2.0543645E-02
   7.2463768E-01   0.0000000E+00   0.0000000E+00   5.0083364E+05   0.0000000E+00   0.0000000E+00   2.0910889E-02
   7.3913043E-01   0.0000000E+00   0.0000000E+00   4.7538319E+05   0.0000000E+00   0.0000000E+00   2.1127374E-02
   7.5362319E-01   0.0000000E+00   0.0000000E+00   4.4753094E+05   0.0000000E+00   0.0000000E+00   2.1956573E-02
   7.6811594E-01   0.0000000E+00   0.0000000E+00   4.2520466E+05   0.0000000E+00   0.0000000E+00   2.2520824E-02
   7.8260870E-01   0.0000000E+00   0.0000000E+00   4.0148819E+05   0.0000000E+00   0.0000000E+00   2.4464534E-02
   7.9710145E-01   0.0000000E+00   0.0000000E+00   3.7468012E+05   0.0000000E+00   0.0000000E+00   2.6392337E-02
   8.1159420E-01   0.0000000E+00   0.0000000E+00   3.4596092E+05   0.0000000E+00   0.0000000E+00   2.7493241E-02
   8.2608696E-01   0.0000000E+00   0.0000000E+00   3.1773096E+05   0.0000000E+00   0.0000000E+00   2.9564288E-02
   8.4057971E-01   0.0000000E+00   0.0000000E+00   2.9294361E+05   0.0000000E+00   0.0000000E+00   3.0655797E-02
   8.5507246E-01   0.0000000E+00   0.0000000E+00   2.6921485E+05   0.0000000E+00   0.0000000E+00   3.3370761E-02
   8.6956522E-01   0.0000000E+00   0.0000000E+00   2.4549406E+05   0.0000000E+00   0.0000000E+00   3.7706637E-02
   8.8405797E-01   0.0000000E+00   0.0000000E+00   2.2104794E+05   0.0000000E+00   0.0000000E+00   3.9558964E-02
   8.9855072E-01   0.0000000E+00   0.0000000E+00   1.9734152E+05   0.0000000E+00   0.0000000E+00   4.1879730E-02
   9.1304348E-01   0.0000000E+00   0.0000000E+00   1.7451999E+05   0.0000000E+00   0.0000000E+00   4.6328362E-02
   9.2753623E-01   0.0000000E+00   0.0000000E+00   1.5372583E+05   0.0000000E+00   0.0000000E+00   5.0950717E-02
   9.4202899E-01   0.0000000E+00   0.0000000E+00   1.3069209E+05   0.0000000E+00   0.0000000E+00   5.5634069E-02
   9.5652174E-01   0.0000000E+00   0.0000000E+00   1.1008996E+05   0.0000000E+00   0.0000000E+00   6.3405940E-02
   9.7101449E-01   0.0000000E+00   0.0000000E+00   8.6970076E+04   0.0000000E+00   0.0000000E+00   7.6000681E-02
   9.8550725E-01   0.0000000E+00   0.0000000E+00   4.5698208E+04   0.0000000E+00   0.0000000E+00   8.8529946E-02
   1.0000000E+00   0.0000000E+00   0.0000000E+00   1.8579594E+04   0.0000000E+00   0.0000000E+00   1.0150204E-01
