   0.0000000E+00   0.0000000E+00   0.0000000E+00   5.6958085E+10   0.0000000E+00   0.0000000E+00   1.7586732E-07
   1.4492754E-02   0.0000000E+00   0.0000000E+00   1.6806600E+06   0.0000000E+00   0.0000000E+00   5.4018413E-04
   2.8985507E-02   0.0000000E+00   0.0000000E+00   1.3790808E+06   0.0000000E+00   0.0000000E+00   1.7103311E-03
   4.3478261E-02   0.0000000E+00   0.0000000E+00   1.2932039E+06   0.0000000E+00   0.0000000E+00   3.1102970E-03
   5.7971014E-02   0.0000000E+00   0.0000000E+00   1.3074746E+06   0.0000000E+00   0.0000000E+00   1.6177862E-03
   7.2463768E-02   0.0000000E+00   0.0000000E+00   1.2908802E+06   0.0000000E+00   0.0000000E+00   1.5333628E-04
   8.6956522E-02   0.0000000E+00   0.0000000E+00   1.2938354E+06   0.0000000E+00   0.0000000E+00   1.2381678E-03
   1.0144928E-01   0.0000000E+00   0.0000000E+00   1.3000597E+06   0.0000000E+00   0.0000000E+00   7.1832341E-04
   1.1594203E-01   0.0000000E+00   0.0000000E+00   1.2930777E+06   0.0000000E+00   0.0000000E+00   9.9721199E-04
   1.3043478E-01   0.0000000E+00   0.0000000E+00   1.3166096E+06   0.0000000E+00   0.0000000E+00   7.1760998E-04
   1.4492754E-01   0.0000000E+00   0.0000000E+00   1.3124757E+06   0.0000000E+00   0.0000000E+00   2.8116760E-04
   1.5942029E-01   0.0000000E+00   0.0000000E+00   1.3057870E+06   0.0000000E+00   0.0000000E+00   3.3341616E-04
   1.7391304E-01   0.0000000E+00   0.0000000E+00   1.2968032E+06   0.0000000E+00   0.0000000E+00   2.1027456E-04
   1.8840580E-01   0.0000000E+00   0.0000000E+00   1.2839557E+06   0.0000000E+00   0.0000000E+00   4.3512451E-04
   2.0289855E-01   0.0000000E+00   0.0000000E+00   1.2601161E+06   0.0000000E+00   0.0000000E+00   1.8845159E-04
   2.1739130E-01   0.0000000E+00   0.0000000E+00   1.2093477E+06   0.0000000E+00   0.0000000E+00   8.6213429E-04
   2.3188406E-01   0.0000000E+00   0.0000000E+00   1.1785173E+06   0.0000000E+00   0.0000000E+00   4.6627019E-04
   2.4637681E-01   0.0000000E+00   0.0000000E+00   1.1481494E+06   0.0000000E+00   0.0000000E+00   2.7467735E-04
   2.6086957E-01   0.0000000E+00   0.0000000E+00   1.1014124E+06   0.0000000E+00   0.0000000E+00   5.1855974E-04
   2.7536232E-01   0.0000000E+00   0.0000000E+00   1.0471921E+06   0.0000000E+00   0.0000000E+00   3.9472639E-04
   2.8985507E-01   0.0000000E+00   0.0000000E+00   1.0016521E+06   0.0000000E+00   0.0000000E+00   5.9342381E-04
   3.0434783E-01   0.0000000E+00   0.0000000E+00   9.6319157E+05   0.0000000E+00   0.0000000E+00   7.7280832E-04
   3.1884058E-01   0.0000000E+00   0.0000000E+00   9.2478318E+05   0.0000000E+00   0.0000000E+00   4.3135851E-04
   3.3333333E-01   0.0000000E+00   0.0000000E+00   8.7403279E+05   0.0000000E+00   0.0000000E+00   4.1279497E-04
   3.4782609E-01   0.0000000E+00   0.0000000E+00   8.2972167E+05   0.0000000E+00   0.0000000E+00   3.4519846E-04
   3.6231884E-01   0.0000000E+00   0.0000000E+00   8.1144506E+05   0.0000000E+00   0.0000000E+00   3.0026781E-04
   3.7681159E-01   0.0000000E+00   0.0000000E+00   7.7895331E+05   0.0000000E+00   0.0000000E+00   4.9818732E-04
   3.9130435E-01   0.0000000E+00   0.0000000E+00   7.4238550E+05   0.0000000E+00   0.0000000E+00   2.8315836E-04
   4.0579710E-01   0.0000000E+00   0.0000000E+00   7.1606117E+05   0.0000000E+00   0.0000000E+00   9.0145995E-04
   4.2028986E-01   0.0000000E+00   0.0000000E+00   6.8763298E+05   0.0000000E+00   0.0000000E+00   5.0734033E-04
   4.3478261E-01   0.0000000E+00   0.0000000E+00   6.6180722E+05   0.0000000E+00   0.0000000E+00   6.0955488E-04
   4.4927536E-01   0.0000000E+00   0.0000000E+00   6.3517889E+05   0.0000000E+00   0.0000000E+00   2.1853066E-04
   4.6376812E-01   0.0000000E+00   0.0000000E+00   6.0737331E+05   0.0000000E+00   0.0000000E+00   5.0008729E-04
   4.7826087E-01   0.0000000E+00   0.0000000E+00   5.7824494E+05   0.0000000E+00   0.0000000E+00   3.2049030E-04
   4.9275362E-01   0.0000000E+00   0.0000000E+00   5.5435124E+05   0.0000000E+00   0.0000000E+00   2.2357286E-04
   5.0724638E-01   0.0000000E+00   0.0000000E+00   5.3439921E+05   0.0000000E+00   0.0000000E+00   7.2845645E-04
   5.2173913E-01   0.0000000E+00   0.0000000E+00   5.1157750E+05   0.0000000E+00   0.0000000E+00   5.1214153E-04
   5.3623188E-01   0.0000000E+00   0.0000000E+00   4.8851489E+05   0.0000000E+00   0.0000000E+00   3.9451401E-04
   5.5072464E-01   0.0000000E+00   0.0000000E+00   4.6692532E+05   0.0000000E+00   0.0000000E+00   4.1666729E-04
   5.6521739E-01   0.0000000E+00   0.0000000E+00   4.4786124E+05   0.0000000E+00   0.0000000E+00   5.4762785E-04
   5.7971014E-01   0.0000000E+00   0.0000000E+00   4.2357481E+05   0.0000000E+00   0.0000000E+00   1.5178236E-03
   5.9420290E-01   0.0000000E+00   0.0000000E+00   4.0034371E+05   0.0000000E+00   0.0000000E+00   8.4359241E-04
   6.0869565E-01   0.0000000E+00   0.0000000E+00   3.8404621E+05   0.0000000E+00   0.0000000E+00   4.7018384E-04
   6.2318841E-01   0.0000000E+00   0.0000000E+00   3.6510573E+05   0.0000000E+00   0.0000000E+00   8.6606420E-04
   6.3768116E-01   0.0000000E+00   0.0000000E+00   3.4308250E+05   0.0000000E+00   0.0000000E+00   1.2545567E-03
   6.5217391E-01   0.0000000E+00   0.0000000E+00   3.2469859E+05   0.0000000E+00   0.0000000E+00   9.9203557E-04
   6.6666667E-01   0.0000000E+00   0.0000000E+00   3.0558203E+05   0.0000000E+00   0.0000000E+00   1.2023859E-03
   6.8115942E-01   0.0000000E+00   0.0000000E+00   2.8677915E+05   0.0000000E+00   0.0000000E+00   2.1405778E-03
   6.9565217E-01   0.0000000E+00   0.0000000E+00   2.7022784E+05   0.0000000E+00   0.0000000E+00   2.1122825E-03
   7.1014493E-01   0.0000000E+00   0.0000000E+00   2.4994486E+05   0.0000000E+00   0.0000000E+00   2.9300398E-04
   7.2463768E-01   0.0000000E+00   0.0000000E+00   2.2894256E+05   0.0000000E+00   0.0000000E+00   1.6944017E-03
   7.3913043E-01   0.0000000E+00   0.0000000E+00   2.1207713E+05   0.0000000E+00   0.0000000E+00   6.5995486E-04
   7.5362319E-01   0.0000000E+00   0.0000000E+00   1.9696782E+05   0.0000000E+00   0.0000000E+00   1.4375825E-03
   7.6811594E-01   0.0000000E+00   0.0000000E+00   1.8101329E+05   0.0000000E+00   0.0000000E+00   2.5164611E-03
   7.8260870E-01   0.0000000E+00   0.0000000E+00   1.6910157E+05   0.0000000E+00   0.0000000E+00   3.8934777E-03
   7.9710145E-01   0.0000000E+00   0.0000000E+00   1.5716837E+05   0.0000000E+00   0.0000000E+00   4.4081762E-03
   8.1159420E-01   0.0000000E+00   0.0000000E+00   1.4349638E+05   0.0000000E+00   0.0000000E+00   5.6513452E-03
   8.2608696E-01   0.0000000E+00   0.0000000E+00   1.3199241E+05   0.0000000E+00   0.0000000E+00   3.6568809E-03
   8.4057971E-01   0.0000000E+00   0.0000000E+00   1.2028417E+05   0.0000000E+00   0.0000000E+00   3.3776366E-03
   8.5507246E-01   0.0000000E+00   0.0000000E+00   1.1002594E+05   0.0000000E+00   0.0000000E+00   2.6603825E-03
   8.6956522E-01   0.0000000E+00   0.0000000E+00   9.9958098E+04   0.0000000E+00   0.0000000E+00   4.5060558E-03
   8.8405797E-01   0.0000000E+00   0.0000000E+00   9.0816605E+04   0.0000000E+00   0.0000000E+00   4.1244761E-03
   8.9855072E-01   0.0000000E+00   0.0000000E+00   8.3717682E+04   0.0000000E+00   0.0000000E+00   5.1401561E-03
   9.1304348E-01   0.0000000E+00   0.0000000E+00   7.4606994E+04   0.0000000E+00   0.0000000E+00   6.2463730E-03
   9.2753623E-01   0.0000000E+00   0.0000000E+00   6.4573373E+04   0.0000000E+00   0.0000000E+00   5.4944600E-03
   9.4202899E-01   0.0000000E+00   0.0000000E+00   5.4125714E+04   0.0000000E+00   0.0000000E+00   9.0315300E-03
   9.5652174E-01   0.0000000E+00   0.0000000E+00   4.1813288E+04   0.0000000E+00   0.0000000E+00   1.2940646E-02
   9.7101449E-01   0.0000000E+00   0.0000000E+00   2.9495183E+04   0.0000000E+00   0.0000000E+00   2.0931200E-02
   9.8550725E-01   0.0000000E+00   0.0000000E+00   1.4564145E+04   0.0000000E+00   0.0000000E+00   2.4447824E-02
   1.0000000E+00   0.0000000E+00   0.0000000E+00   5.8649366E+03   0.0000000E+00   0.0000000E+00   3.2010473E-02
