   0.0000000E+00   0.0000000E+00   0.0000000E+00   5.7085021E+10   0.0000000E+00   0.0000000E+00   2.1171489E-07
   1.4492754E-02   0.0000000E+00   0.0000000E+00   1.5344168E+06   0.0000000E+00   0.0000000E+00   2.4529372E-03
   2.8985507E-02   0.0000000E+00   0.0000000E+00   1.2741342E+06   0.0000000E+00   0.0000000E+00   2.5517971E-03
   4.3478261E-02   0.0000000E+00   0.0000000E+00   1.1964662E+06   0.0000000E+00   0.0000000E+00   2.8859027E-03
   5.7971014E-02   0.0000000E+00   0.0000000E+00   1.1619892E+06   0.0000000E+00   0.0000000E+00   1.1928704E-03
   7.2463768E-02   0.0000000E+00   0.0000000E+00   1.1728248E+06   0.0000000E+00   0.0000000E+00   3.9808333E-04
   8.6956522E-02   0.0000000E+00   0.0000000E+00   1.1803012E+06   0.0000000E+00   0.0000000E+00   7.5358868E-04
   1.0144928E-01   0.0000000E+00   0.0000000E+00   1.1857497E+06   0.0000000E+00   0.0000000E+00   1.6707690E-03
   1.1594203E-01   0.0000000E+00   0.0000000E+00   1.1953296E+06   0.0000000E+00   0.0000000E+00   2.2947880E-04
   1.3043478E-01   0.0000000E+00   0.0000000E+00   1.2052223E+06   0.0000000E+00   0.0000000E+00   1.2010753E-03
   1.4492754E-01   0.0000000E+00   0.0000000E+00   1.2313979E+06   0.0000000E+00   0.0000000E+00   1.0183038E-03
   1.5942029E-01   0.0000000E+00   0.0000000E+00   1.2256735E+06   0.0000000E+00   0.0000000E+00   6.9646358E-04
   1.7391304E-01   0.0000000E+00   0.0000000E+00   1.2018967E+06   0.0000000E+00   0.0000000E+00   3.9528854E-04
   1.8840580E-01   0.0000000E+00   0.0000000E+00   1.1758908E+06   0.0000000E+00   0.0000000E+00   6.3523381E-05
   2.0289855E-01   0.0000000E+00   0.0000000E+00   1.1435329E+06   0.0000000E+00   0.0000000E+00   8.9424727E-05
   2.1739130E-01   0.0000000E+00   0.0000000E+00   1.1161461E+06   0.0000000E+00   0.0000000E+00   7.7522351E-04
   2.3188406E-01   0.0000000E+00   0.0000000E+00   1.0655672E+06   0.0000000E+00   0.0000000E+00   5.9344614E-04
   2.4637681E-01   0.0000000E+00   0.0000000E+00   1.0194678E+06   0.0000000E+00   0.0000000E+00   4.5139356E-04
   2.6086957E-01   0.0000000E+00   0.0000000E+00   9.7444938E+05   0.0000000E+00   0.0000000E+00   4.3533924E-04
   2.7536232E-01   0.0000000E+00   0.0000000E+00   9.1953341E+05   0.0000000E+00   0.0000000E+00   2.4018386E-04
   2.8985507E-01   0.0000000E+00   0.0000000E+00   8.8105833E+05   0.0000000E+00   0.0000000E+00   5.1020786E-04
   3.0434783E-01   0.0000000E+00   0.0000000E+00   8.4444341E+05   0.0000000E+00   0.0000000E+00   3.4721800E-04
   3.1884058E-01   0.0000000E+00   0.0000000E+00   8.0557742E+05   0.0000000E+00   0.0000000E+00   1.0019703E-03
   3.3333333E-01   0.0000000E+00   0.0000000E+00   7.5608943E+05   0.0000000E+00   0.0000000E+00   1.0630739E-03
   3.4782609E-01   0.0000000E+00   0.0000000E+00   7.1921840E+05   0.0000000E+00   0.0000000E+00   6.6727884E-04
   3.6231884E-01   0.0000000E+00   0.0000000E+00   7.0345243E+05   0.0000000E+00   0.0000000E+00   8.9539668E-04
   3.7681159E-01   0.0000000E+00   0.0000000E+00   6.7671715E+05   0.0000000E+00   0.0000000E+00   1.0997382E-03
   3.9130435E-01   0.0000000E+00   0.0000000E+00   6.4634939E+05   0.0000000E+00   0.0000000E+00   1.3206977E-03
   4.0579710E-01   0.0000000E+00   0.0000000E+00   6.1847551E+05   0.0000000E+00   0.0000000E+00   9.7610609E-04
   4.2028986E-01   0.0000000E+00   0.0000000E+00   5.9490168E+05   0.0000000E+00   0.0000000E+00   8.0295608E-04
   4.3478261E-01   0.0000000E+00   0.0000000E+00   5.7512214E+05   0.0000000E+00   0.0000000E+00   9.2286160E-04
   4.4927536E-01   0.0000000E+00   0.0000000E+00   5.5173008E+05   0.0000000E+00   0.0000000E+00   7.6932839E-04
   4.6376812E-01   0.0000000E+00   0.0000000E+00   5.3560144E+05   0.0000000E+00   0.0000000E+00   8.4871725E-04
   4.7826087E-01   0.0000000E+00   0.0000000E+00   5.2042733E+05   0.0000000E+00   0.0000000E+00   1.0357318E-03
   4.9275362E-01   0.0000000E+00   0.0000000E+00   4.9711984E+05   0.0000000E+00   0.0000000E+00   7.3404364E-04
   5.0724638E-01   0.0000000E+00   0.0000000E+00   4.8077310E+05   0.0000000E+00   0.0000000E+00   1.2678642E-03
   5.2173913E-01   0.0000000E+00   0.0000000E+00   4.6804974E+05   0.0000000E+00   0.0000000E+00   1.2859319E-03
   5.3623188E-01   0.0000000E+00   0.0000000E+00   4.4878491E+05   0.0000000E+00   0.0000000E+00   1.6036635E-03
   5.5072464E-01   0.0000000E+00   0.0000000E+00   4.3284711E+05   0.0000000E+00   0.0000000E+00   9.7823142E-04
   5.6521739E-01   0.0000000E+00   0.0000000E+00   4.1930039E+05   0.0000000E+00   0.0000000E+00   5.2146042E-04
   5.7971014E-01   0.0000000E+00   0.0000000E+00   4.0114580E+05   0.0000000E+00   0.0000000E+00   8.6385470E-04
   5.9420290E-01   0.0000000E+00   0.0000000E+00   3.8134485E+05   0.0000000E+00   0.0000000E+00   1.0140821E-03
   6.0869565E-01   0.0000000E+00   0.0000000E+00   3.6631156E+05   0.0000000E+00   0.0000000E+00   4.7827841E-04
   6.2318841E-01   0.0000000E+00   0.0000000E+00   3.4949283E+05   0.0000000E+00   0.0000000E+00   1.3565427E-03
   6.3768116E-01   0.0000000E+00   0.0000000E+00   3.3567735E+05   0.0000000E+00   0.0000000E+00   1.8385963E-03
   6.5217391E-01   0.0000000E+00   0.0000000E+00   3.2328415E+05   0.0000000E+00   0.0000000E+00   1.1129545E-03
   6.6666667E-01   0.0000000E+00   0.0000000E+00   3.0566439E+05   0.0000000E+00   0.0000000E+00   1.5222961E-03
   6.8115942E-01   0.0000000E+00   0.0000000E+00   2.8984234E+05   0.0000000E+00   0.0000000E+00   1.3342314E-03
   6.9565217E-01   0.0000000E+00   0.0000000E+00   2.7627395E+05   0.0000000E+00   0.0000000E+00   1.6369009E-03
   7.1014493E-01   0.0000000E+00   0.0000000E+00   2.6332123E+05   0.0000000E+00   0.0000000E+00   1.9186881E-03
   7.2463768E-01   0.0000000E+00   0.0000000E+00   2.4931052E+05   0.0000000E+00   0.0000000E+00   2.1700290E-03
   7.3913043E-01   0.0000000E+00   0.0000000E+00   2.3534410E+05   0.0000000E+00   0.0000000E+00   1.5740256E-03
   7.5362319E-01   0.0000000E+00   0.0000000E+00   2.1955420E+05   0.0000000E+00   0.0000000E+00   1.0858513E-03
   7.6811594E-01   0.0000000E+00   0.0000000E+00   2.0639032E+05   0.0000000E+00   0.0000000E+00   1.2113486E-03
   7.8260870E-01   0.0000000E+00   0.0000000E+00   1.9315269E+05   0.0000000E+00   0.0000000E+00   1.6381026E-03
   7.9710145E-01   0.0000000E+00   0.0000000E+00   1.7604290E+05   0.0000000E+00   0.0000000E+00   1.6298600E-03
   8.1159420E-01   0.0000000E+00   0.0000000E+00   1.6252099E+05   0.0000000E+00   0.0000000E+00   2.6536439E-03
   8.2608696E-01   0.0000000E+00   0.0000000E+00   1.5113523E+05   0.0000000E+00   0.0000000E+00   3.7806802E-03
   8.4057971E-01   0.0000000E+00   0.0000000E+00   1.4103047E+05   0.0000000E+00   0.0000000E+00   3.6840718E-03
   8.5507246E-01   0.0000000E+00   0.0000000E+00   1.3051051E+05   0.0000000E+00   0.0000000E+00   2.9272095E-03
   8.6956522E-01   0.0000000E+00   0.0000000E+00   1.1718398E+05   0.0000000E+00   0.0000000E+00   2.3213540E-03
   8.8405797E-01   0.0000000E+00   0.0000000E+00   1.0515149E+05   0.0000000E+00   0.0000000E+00   4.4896359E-03
   8.9855072E-01   0.0000000E+00   0.0000000E+00   9.3690475E+04   0.0000000E+00   0.0000000E+00   4.8084759E-03
   9.1304348E-01   0.0000000E+00   0.0000000E+00   8.1895700E+04   0.0000000E+00   0.0000000E+00   5.1672135E-03
   9.2753623E-01   0.0000000E+00   0.0000000E+00   6.8658047E+04   0.0000000E+00   0.0000000E+00   6.0801115E-03
   9.4202899E-01   0.0000000E+00   0.0000000E+00   5.4650301E+04   0.0000000E+00   0.0000000E+00   6.9844887E-03
   9.5652174E-01   0.0000000E+00   0.0000000E+00   4.2375850E+04   0.0000000E+00   0.0000000E+00   1.1684778E-02
   9.7101449E-01   0.0000000E+00   0.0000000E+00   2.9235065E+04   0.0000000E+00   0.0000000E+00   1.9228143E-02
   9.8550725E-01   0.0000000E+00   0.0000000E+00   1.3750692E+04   0.0000000E+00   0.0000000E+00   3.2460298E-02
   1.0000000E+00   0.0000000E+00   0.0000000E+00   5.8649366E+03   0.0000000E+00   0.0000000E+00   5.0943008E-02
