   0.0000000E+00   0.0000000E+00   0.0000000E+00   5.9329224E+10   0.0000000E+00   0.0000000E+00   7.4808517E-07
   1.4492754E-02   0.0000000E+00   0.0000000E+00   1.3033071E+06   0.0000000E+00   0.0000000E+00   5.1428597E-03
   2.8985507E-02   0.0000000E+00   0.0000000E+00   1.1047801E+06   0.0000000E+00   0.0000000E+00   6.5380057E-03
   4.3478261E-02   0.0000000E+00   0.0000000E+00   1.0426457E+06   0.0000000E+00   0.0000000E+00   7.4798595E-03
   5.7971014E-02   0.0000000E+00   0.0000000E+00   1.0013490E+06   0.0000000E+00   0.0000000E+00   7.0156474E-03
   7.2463768E-02   0.0000000E+00   0.0000000E+00   9.5444513E+05   0.0000000E+00   0.0000000E+00   7.8879567E-03
   8.6956522E-02   0.0000000E+00   0.0000000E+00   9.1231497E+05   0.0000000E+00   0.0000000E+00   1.2162608E-02
   1.0144928E-01   0.0000000E+00   0.0000000E+00   8.9380454E+05   0.0000000E+00   0.0000000E+00   1.5335104E-02
   1.1594203E-01   0.0000000E+00   0.0000000E+00   8.8067946E+05   0.0000000E+00   0.0000000E+00   1.6865522E-02
   1.3043478E-01   0.0000000E+00   0.0000000E+00   8.5733696E+05   0.0000000E+00   0.0000000E+00   1.8964868E-02
   1.4492754E-01   0.0000000E+00   0.0000000E+00   8.3828409E+05   0.0000000E+00   0.0000000E+00   1.9951344E-02
   1.5942029E-01   0.0000000E+00   0.0000000E+00   8.0134099E+05   0.0000000E+00   0.0000000E+00   2.2064921E-02
   1.7391304E-01   0.0000000E+00   0.0000000E+00   7.6360914E+05   0.0000000E+00   0.0000000E+00   2.4343686E-02
   1.8840580E-01   0.0000000E+00   0.0000000E+00   7.2713578E+05   0.0000000E+00   0.0000000E+00   2.3201822E-02
   2.0289855E-01   0.0000000E+00   0.0000000E+00   6.9424917E+05   0.0000000E+00   0.0000000E+00   2.2220466E-02
   2.1739130E-01   0.0000000E+00   0.0000000E+00   6.5185561E+05   0.0000000E+00   0.0000000E+00   2.2310095E-02
   2.3188406E-01   0.0000000E+00   0.0000000E+00   5.8989801E+05   0.0000000E+00   0.0000000E+00   2.4077942E-02
   2.4637681E-01   0.0000000E+00   0.0000000E+00   5.4641729E+05   0.0000000E+00   0.0000000E+00   2.5749241E-02
   2.6086957E-01   0.0000000E+00   0.0000000E+00   5.0322135E+05   0.0000000E+00   0.0000000E+00   2.3601326E-02
   2.7536232E-01   0.0000000E+00   0.0000000E+00   4.5671582E+05   0.0000000E+00   0.0000000E+00   2.5198428E-02
   2.8985507E-01   0.0000000E+00   0.0000000E+00   4.1410310E+05   0.0000000E+00   0.0000000E+00   2.7388189E-02
   3.0434783E-01   0.0000000E+00   0.0000000E+00   3.7287861E+05   0.0000000E+00   0.0000000E+00   2.5599110E-02
   3.1884058E-01   0.0000000E+00   0.0000000E+00   3.3274973E+05   0.0000000E+00   0.0000000E+00   2.4519351E-02
   3.3333333E-01   0.0000000E+00   0.0000000E+00   2.9904243E+05   0.0000000E+00   0.0000000E+00   2.4528354E-02
   3.4782609E-01   0.0000000E+00   0.0000000E+00   2.7417439E+05   0.0000000E+00   0.0000000E+00   2.5061979E-02
   3.6231884E-01   0.0000000E+00   0.0000000E+00   2.4335471E+05   0.0000000E+00   0.0000000E+00   2.4704182E-02
   3.7681159E-01   0.0000000E+00   0.0000000E+00   2.1633382E+05   0.0000000E+00   0.0000000E+00   2.4439210E-02
   3.9130435E-01   0.0000000E+00   0.0000000E+00   1.9406478E+05   0.0000000E+00   0.0000000E+00   2.5813326E-02
   4.0579710E-01   0.0000000E+00   0.0000000E+00   1.7446887E+05   0.0000000E+00   0.0000000E+00   2.3846898E-02
   4.2028986E-01   0.0000000E+00   0.0000000E+00   1.5938599E+05   0.0000000E+00   0.0000000E+00   2.3524434E-02
   4.3478261E-01   0.0000000E+00   0.0000000E+00   1.4434884E+05   0.0000000E+00   0.0000000E+00   2.3582738E-02
   4.4927536E-01   0.0000000E+00   0.0000000E+00   1.3030627E+05   0.0000000E+00   0.0000000E+00   2.0607651E-02
   4.6376812E-01   0.0000000E+00   0.0000000E+00   1.2104844E+05   0.0000000E+00   0.0000000E+00   1.9471944E-02
   4.7826087E-01   0.0000000E+00   0.0000000E+00   1.1255834E+05   0.0000000E+00   0.0000000E+00   1.6991408E-02
   4.9275362E-01   0.0000000E+00   0.0000000E+00   9.9976670E+04   0.0000000E+00   0.0000000E+00   1.2691478E-02
   5.0724638E-01   0.0000000E+00   0.0000000E+00   9.1707788E+04   0.0000000E+00   0.0000000E+00   1.2046900E-02
   5.2173913E-01   0.0000000E+00   0.0000000E+00   8.6802947E+04   0.0000000E+00   0.0000000E+00   1.3495367E-02
   5.3623188E-01   0.0000000E+00   0.0000000E+00   8.0934470E+04   0.0000000E+00   0.0000000E+00   1.4149569E-02
   5.5072464E-01   0.0000000E+00   0.0000000E+00   7.5454621E+04   0.0000000E+00   0.0000000E+00   1.1080149E-02
   5.6521739E-01   0.0000000E+00   0.0000000E+00   6.9964354E+04   0.0000000E+00   0.0000000E+00   9.9277106E-03
   5.7971014E-01   0.0000000E+00   0.0000000E+00   6.4748600E+04   0.0000000E+00   0.0000000E+00   9.1904450E-03
   5.9420290E-01   0.0000000E+00   0.0000000E+00   6.0230826E+04   0.0000000E+00   0.0000000E+00   5.7532688E-03
   6.0869565E-01   0.0000000E+00   0.0000000E+00   5.7281285E+04   0.0000000E+00   0.0000000E+00   8.4620119E-03
   6.2318841E-01   0.0000000E+00   0.0000000E+00   5.4098875E+04   0.0000000E+00   0.0000000E+00   1.2142889E-02
   6.3768116E-01   0.0000000E+00   0.0000000E+00   5.1147226E+04   0.0000000E+00   0.0000000E+00   1.3223847E-02
   6.5217391E-01   0.0000000E+00   0.0000000E+00   4.9320239E+04   0.0000000E+00   0.0000000E+00   1.3433460E-02
   6.6666667E-01   0.0000000E+00   0.0000000E+00   4.6979674E+04   0.0000000E+00   0.0000000E+00   9.8917408E-03
   6.8115942E-01   0.0000000E+00   0.0000000E+00   4.4045460E+04   0.0000000E+00   0.0000000E+00   1.1875558E-02
   6.9565217E-01   0.0000000E+00   0.0000000E+00   4.0933567E+04   0.0000000E+00   0.0000000E+00   1.0946926E-02
   7.1014493E-01   0.0000000E+00   0.0000000E+00   3.7639410E+04   0.0000000E+00   0.0000000E+00   7.3036880E-03
   7.2463768E-01   0.0000000E+00   0.0000000E+00   3.4886197E+04   0.0000000E+00   0.0000000E+00   1.2202025E-02
   7.3913043E-01   0.0000000E+00   0.0000000E+00   3.3756426E+04   0.0000000E+00   0.0000000E+00   1.0987179E-02
   7.5362319E-01   0.0000000E+00   0.0000000E+00   3.1183779E+04   0.0000000E+00   0.0000000E+00   8.1338667E-03
   7.6811594E-01   0.0000000E+00   0.0000000E+00   2.8936963E+04   0.0000000E+00   0.0000000E+00   4.9678231E-03
   7.8260870E-01   0.0000000E+00   0.0000000E+00   2.8457222E+04   0.0000000E+00   0.0000000E+00   7.9326777E-03
   7.9710145E-01   0.0000000E+00   0.0000000E+00   2.6741216E+04   0.0000000E+00   0.0000000E+00   8.2598947E-03
   8.1159420E-01   0.0000000E+00   0.0000000E+00   2.4247574E+04   0.0000000E+00   0.0000000E+00   9.0427442E-03
   8.2608696E-01   0.0000000E+00   0.0000000E+00   2.2040832E+04   0.0000000E+00   0.0000000E+00   1.1236428E-02
   8.4057971E-01   0.0000000E+00   0.0000000E+00   2.0093087E+04   0.0000000E+00   0.0000000E+00   1.2449955E-02
   8.5507246E-01   0.0000000E+00   0.0000000E+00   1.8147151E+04   0.0000000E+00   0.0000000E+00   1.5008579E-02
   8.6956522E-01   0.0000000E+00   0.0000000E+00   1.6708094E+04   0.0000000E+00   0.0000000E+00   1.4709544E-02
   8.8405797E-01   0.0000000E+00   0.0000000E+00   1.4819342E+04   0.0000000E+00   0.0000000E+00   1.8027130E-02
   8.9855072E-01   0.0000000E+00   0.0000000E+00   1.2954853E+04   0.0000000E+00   0.0000000E+00   1.9506598E-02
   9.1304348E-01   0.0000000E+00   0.0000000E+00   1.1630657E+04   0.0000000E+00   0.0000000E+00   2.5156094E-02
   9.2753623E-01   0.0000000E+00   0.0000000E+00   9.6966616E+03   0.0000000E+00   0.0000000E+00   3.1044639E-02
   9.4202899E-01   0.0000000E+00   0.0000000E+00   8.2068712E+03   0.0000000E+00   0.0000000E+00   3.2538294E-02
   9.5652174E-01   0.0000000E+00   0.0000000E+00   7.1640559E+03   0.0000000E+00   0.0000000E+00   4.8038958E-02
   9.7101449E-01   0.0000000E+00   0.0000000E+00   6.0505840E+03   0.0000000E+00   0.0000000E+00   6.1628470E-02
   9.8550725E-01   0.0000000E+00   0.0000000E+00   3.5101038E+03   0.0000000E+00   0.0000000E+00   7.0140840E-02
   1.0000000E+00   0.0000000E+00   0.0000000E+00   1.5975387E+03   0.0000000E+00   0.0000000E+00   7.2940948E-02
