   0.0000000E+00   0.0000000E+00   0.0000000E+00   5.7298878E+10   0.0000000E+00   0.0000000E+00   5.2187789E-07
   1.4492754E-02   0.0000000E+00   0.0000000E+00   1.5510870E+06   0.0000000E+00   0.0000000E+00   3.8653480E-03
   2.8985507E-02   0.0000000E+00   0.0000000E+00   1.3029282E+06   0.0000000E+00   0.0000000E+00   1.6126183E-03
   4.3478261E-02   0.0000000E+00   0.0000000E+00   1.1803012E+06   0.0000000E+00   0.0000000E+00   1.6351911E-03
   5.7971014E-02   0.0000000E+00   0.0000000E+00   1.1381205E+06   0.0000000E+00   0.0000000E+00   1.5317101E-03
   7.2463768E-02   0.0000000E+00   0.0000000E+00   1.1613072E+06   0.0000000E+00   0.0000000E+00   1.8527669E-03
   8.6956522E-02   0.0000000E+00   0.0000000E+00   1.1655253E+06   0.0000000E+00   0.0000000E+00   2.9169005E-03
   1.0144928E-01   0.0000000E+00   0.0000000E+00   1.1527340E+06   0.0000000E+00   0.0000000E+00   3.5098725E-03
   1.1594203E-01   0.0000000E+00   0.0000000E+00   1.1577269E+06   0.0000000E+00   0.0000000E+00   4.4793130E-03
   1.3043478E-01   0.0000000E+00   0.0000000E+00   1.1538646E+06   0.0000000E+00   0.0000000E+00   4.4527940E-03
   1.4492754E-01   0.0000000E+00   0.0000000E+00   1.1553969E+06   0.0000000E+00   0.0000000E+00   3.9923090E-03
   1.5942029E-01   0.0000000E+00   0.0000000E+00   1.1571328E+06   0.0000000E+00   0.0000000E+00   4.4745918E-03
   1.7391304E-01   0.0000000E+00   0.0000000E+00   1.1288382E+06   0.0000000E+00   0.0000000E+00   3.2236987E-03
   1.8840580E-01   0.0000000E+00   0.0000000E+00   1.0844961E+06   0.0000000E+00   0.0000000E+00   1.6741215E-03
   2.0289855E-01   0.0000000E+00   0.0000000E+00   1.0529834E+06   0.0000000E+00   0.0000000E+00   1.7471600E-03
   2.1739130E-01   0.0000000E+00   0.0000000E+00   1.0087496E+06   0.0000000E+00   0.0000000E+00   1.5179464E-03
   2.3188406E-01   0.0000000E+00   0.0000000E+00   9.6639842E+05   0.0000000E+00   0.0000000E+00   1.1723766E-03
   2.4637681E-01   0.0000000E+00   0.0000000E+00   9.2867317E+05   0.0000000E+00   0.0000000E+00   2.7558525E-04
   2.6086957E-01   0.0000000E+00   0.0000000E+00   8.7350201E+05   0.0000000E+00   0.0000000E+00   7.2032325E-04
   2.7536232E-01   0.0000000E+00   0.0000000E+00   8.2118716E+05   0.0000000E+00   0.0000000E+00   1.8160897E-03
   2.8985507E-01   0.0000000E+00   0.0000000E+00   7.8027935E+05   0.0000000E+00   0.0000000E+00   2.0175419E-03
   3.0434783E-01   0.0000000E+00   0.0000000E+00   7.3594273E+05   0.0000000E+00   0.0000000E+00   2.2543505E-03
   3.1884058E-01   0.0000000E+00   0.0000000E+00   6.9267466E+05   0.0000000E+00   0.0000000E+00   9.4511656E-04
   3.3333333E-01   0.0000000E+00   0.0000000E+00   6.6285487E+05   0.0000000E+00   0.0000000E+00   1.0771737E-03
   3.4782609E-01   0.0000000E+00   0.0000000E+00   6.2090207E+05   0.0000000E+00   0.0000000E+00   1.3668814E-03
   3.6231884E-01   0.0000000E+00   0.0000000E+00   5.8573046E+05   0.0000000E+00   0.0000000E+00   1.1486749E-03
   3.7681159E-01   0.0000000E+00   0.0000000E+00   5.6390181E+05   0.0000000E+00   0.0000000E+00   8.1975998E-04
   3.9130435E-01   0.0000000E+00   0.0000000E+00   5.4147302E+05   0.0000000E+00   0.0000000E+00   1.4701238E-03
   4.0579710E-01   0.0000000E+00   0.0000000E+00   5.1856251E+05   0.0000000E+00   0.0000000E+00   8.9569493E-04
   4.2028986E-01   0.0000000E+00   0.0000000E+00   4.9783300E+05   0.0000000E+00   0.0000000E+00   8.2396308E-04
   4.3478261E-01   0.0000000E+00   0.0000000E+00   4.7974835E+05   0.0000000E+00   0.0000000E+00   9.7739400E-04
   4.4927536E-01   0.0000000E+00   0.0000000E+00   4.6261047E+05   0.0000000E+00   0.0000000E+00   9.2886426E-04
   4.6376812E-01   0.0000000E+00   0.0000000E+00   4.4673313E+05   0.0000000E+00   0.0000000E+00   1.3534777E-03
   4.7826087E-01   0.0000000E+00   0.0000000E+00   4.3337946E+05   0.0000000E+00   0.0000000E+00   1.0381073E-03
   4.9275362E-01   0.0000000E+00   0.0000000E+00   4.1985298E+05   0.0000000E+00   0.0000000E+00   8.4664007E-04
   5.0724638E-01   0.0000000E+00   0.0000000E+00   4.0603861E+05   0.0000000E+00   0.0000000E+00   4.9195644E-04
   5.2173913E-01   0.0000000E+00   0.0000000E+00   3.9377050E+05   0.0000000E+00   0.0000000E+00   1.3159078E-03
   5.3623188E-01   0.0000000E+00   0.0000000E+00   3.8212456E+05   0.0000000E+00   0.0000000E+00   1.2818281E-03
   5.5072464E-01   0.0000000E+00   0.0000000E+00   3.7268681E+05   0.0000000E+00   0.0000000E+00   1.3169183E-03
   5.6521739E-01   0.0000000E+00   0.0000000E+00   3.6015807E+05   0.0000000E+00   0.0000000E+00   4.1178468E-04
   5.7971014E-01   0.0000000E+00   0.0000000E+00   3.5026378E+05   0.0000000E+00   0.0000000E+00   3.4506218E-04
   5.9420290E-01   0.0000000E+00   0.0000000E+00   3.4421575E+05   0.0000000E+00   0.0000000E+00   1.3120070E-03
   6.0869565E-01   0.0000000E+00   0.0000000E+00   3.3472116E+05   0.0000000E+00   0.0000000E+00   1.6743568E-03
   6.2318841E-01   0.0000000E+00   0.0000000E+00   3.1888379E+05   0.0000000E+00   0.0000000E+00   1.3428784E-03
   6.3768116E-01   0.0000000E+00   0.0000000E+00   3.0526456E+05   0.0000000E+00   0.0000000E+00   8.2461541E-04
   6.5217391E-01   0.0000000E+00   0.0000000E+00   2.9459118E+05   0.0000000E+00   0.0000000E+00   1.8113907E-03
   6.6666667E-01   0.0000000E+00   0.0000000E+00   2.8930716E+05   0.0000000E+00   0.0000000E+00   1.7577718E-03
   6.8115942E-01   0.0000000E+00   0.0000000E+00   2.8083011E+05   0.0000000E+00   0.0000000E+00   1.2380284E-03
   6.9565217E-01   0.0000000E+00   0.0000000E+00   2.6602872E+05   0.0000000E+00   0.0000000E+00   2.8747363E-04
   7.1014493E-01   0.0000000E+00   0.0000000E+00   2.5722841E+05   0.0000000E+00   0.0000000E+00   1.0699148E-03
   7.2463768E-01   0.0000000E+00   0.0000000E+00   2.4652205E+05   0.0000000E+00   0.0000000E+00   1.9721530E-03
   7.3913043E-01   0.0000000E+00   0.0000000E+00   2.3452693E+05   0.0000000E+00   0.0000000E+00   2.1071573E-03
   7.5362319E-01   0.0000000E+00   0.0000000E+00   2.2542666E+05   0.0000000E+00   0.0000000E+00   1.9607922E-03
   7.6811594E-01   0.0000000E+00   0.0000000E+00   2.1512573E+05   0.0000000E+00   0.0000000E+00   2.7866244E-03
   7.8260870E-01   0.0000000E+00   0.0000000E+00   2.0223150E+05   0.0000000E+00   0.0000000E+00   3.5296332E-03
   7.9710145E-01   0.0000000E+00   0.0000000E+00   1.9052256E+05   0.0000000E+00   0.0000000E+00   2.7907378E-03
   8.1159420E-01   0.0000000E+00   0.0000000E+00   1.8146440E+05   0.0000000E+00   0.0000000E+00   1.6492116E-03
   8.2608696E-01   0.0000000E+00   0.0000000E+00   1.7248480E+05   0.0000000E+00   0.0000000E+00   3.6614756E-03
   8.4057971E-01   0.0000000E+00   0.0000000E+00   1.6045728E+05   0.0000000E+00   0.0000000E+00   4.9090049E-03
   8.5507246E-01   0.0000000E+00   0.0000000E+00   1.4517721E+05   0.0000000E+00   0.0000000E+00   4.0763011E-03
   8.6956522E-01   0.0000000E+00   0.0000000E+00   1.3273021E+05   0.0000000E+00   0.0000000E+00   4.0053376E-03
   8.8405797E-01   0.0000000E+00   0.0000000E+00   1.2332475E+05   0.0000000E+00   0.0000000E+00   3.2629762E-03
   8.9855072E-01   0.0000000E+00   0.0000000E+00   1.1021402E+05   0.0000000E+00   0.0000000E+00   4.6477977E-03
   9.1304348E-01   0.0000000E+00   0.0000000E+00   9.5258326E+04   0.0000000E+00   0.0000000E+00   4.9127097E-03
   9.2753623E-01   0.0000000E+00   0.0000000E+00   8.0201692E+04   0.0000000E+00   0.0000000E+00   5.6181484E-03
   9.4202899E-01   0.0000000E+00   0.0000000E+00   6.5013807E+04   0.0000000E+00   0.0000000E+00   7.5767985E-03
   9.5652174E-01   0.0000000E+00   0.0000000E+00   4.9608791E+04   0.0000000E+00   0.0000000E+00   1.0158127E-02
   9.7101449E-01   0.0000000E+00   0.0000000E+00   3.4245174E+04   0.0000000E+00   0.0000000E+00   1.6078858E-02
   9.8550725E-01   0.0000000E+00   0.0000000E+00   1.7283082E+04   0.0000000E+00   0.0000000E+00   2.4466719E-02
   1.0000000E+00   0.0000000E+00   0.0000000E+00   7.4624754E+03   0.0000000E+00   0.0000000E+00   2.2323494E-02
