   0.0000000E+00   0.0000000E+00   0.0000000E+00   5.8454760E+10   0.0000000E+00   0.0000000E+00   1.4308647E-07
   1.4492754E-02   0.0000000E+00   0.0000000E+00   1.6980879E+06   0.0000000E+00   0.0000000E+00   1.8552316E-03
   2.8985507E-02   0.0000000E+00   0.0000000E+00   1.3984031E+06   0.0000000E+00   0.0000000E+00   5.0324745E-03
   4.3478261E-02   0.0000000E+00   0.0000000E+00   1.3169464E+06   0.0000000E+00   0.0000000E+00   1.1395919E-02
   5.7971014E-02   0.0000000E+00   0.0000000E+00   1.3249026E+06   0.0000000E+00   0.0000000E+00   2.2231961E-02
   7.2463768E-02   0.0000000E+00   0.0000000E+00   1.3712003E+06   0.0000000E+00   0.0000000E+00   2.9404677E-02
   8.6956522E-02   0.0000000E+00   0.0000000E+00   1.3462455E+06   0.0000000E+00   0.0000000E+00   3.6252395E-02
   1.0144928E-01   0.0000000E+00   0.0000000E+00   1.3287454E+06   0.0000000E+00   0.0000000E+00   4.3657266E-02
   1.1594203E-01   0.0000000E+00   0.0000000E+00   1.3552121E+06   0.0000000E+00   0.0000000E+00   4.5920935E-02
   1.3043478E-01   0.0000000E+00   0.0000000E+00   1.3413623E+06   0.0000000E+00   0.0000000E+00   4.5024742E-02
   1.4492754E-01   0.0000000E+00   0.0000000E+00   1.3064896E+06   0.0000000E+00   0.0000000E+00   4.3094868E-02
   1.5942029E-01   0.0000000E+00   0.0000000E+00   1.2484056E+06   0.0000000E+00   0.0000000E+00   4.0119149E-02
   1.7391304E-01   0.0000000E+00   0.0000000E+00   1.1663462E+06   0.0000000E+00   0.0000000E+00   3.5169004E-02
   1.8840580E-01   0.0000000E+00   0.0000000E+00   1.0822811E+06   0.0000000E+00   0.0000000E+00   2.8670283E-02
   2.0289855E-01   0.0000000E+00   0.0000000E+00   9.9988768E+05   0.0000000E+00   0.0000000E+00   2.2952435E-02
   2.1739130E-01   0.0000000E+00   0.0000000E+00   9.3332953E+05   0.0000000E+00   0.0000000E+00   1.9301252E-02
   2.3188406E-01   0.0000000E+00   0.0000000E+00   8.5240641E+05   0.0000000E+00   0.0000000E+00   1.6151012E-02
   2.4637681E-01   0.0000000E+00   0.0000000E+00   7.6103507E+05   0.0000000E+00   0.0000000E+00   1.3326285E-02
   2.6086957E-01   0.0000000E+00   0.0000000E+00   6.8861426E+05   0.0000000E+00   0.0000000E+00   1.1947593E-02
   2.7536232E-01   0.0000000E+00   0.0000000E+00   6.2078575E+05   0.0000000E+00   0.0000000E+00   9.6428544E-03
   2.8985507E-01   0.0000000E+00   0.0000000E+00   5.5902024E+05   0.0000000E+00   0.0000000E+00   5.9413071E-03
   3.0434783E-01   0.0000000E+00   0.0000000E+00   5.0905472E+05   0.0000000E+00   0.0000000E+00   5.1734077E-03
   3.1884058E-01   0.0000000E+00   0.0000000E+00   4.6421705E+05   0.0000000E+00   0.0000000E+00   4.8340739E-03
   3.3333333E-01   0.0000000E+00   0.0000000E+00   4.2466199E+05   0.0000000E+00   0.0000000E+00   3.6126570E-03
   3.4782609E-01   0.0000000E+00   0.0000000E+00   3.9923252E+05   0.0000000E+00   0.0000000E+00   2.7688395E-03
   3.6231884E-01   0.0000000E+00   0.0000000E+00   3.7468564E+05   0.0000000E+00   0.0000000E+00   2.9581564E-03
   3.7681159E-01   0.0000000E+00   0.0000000E+00   3.4465362E+05   0.0000000E+00   0.0000000E+00   4.1472839E-03
   3.9130435E-01   0.0000000E+00   0.0000000E+00   3.1791264E+05   0.0000000E+00   0.0000000E+00   1.4696792E-03
   4.0579710E-01   0.0000000E+00   0.0000000E+00   3.0055084E+05   0.0000000E+00   0.0000000E+00   1.2937591E-03
   4.2028986E-01   0.0000000E+00   0.0000000E+00   2.8117257E+05   0.0000000E+00   0.0000000E+00   1.7780377E-03
   4.3478261E-01   0.0000000E+00   0.0000000E+00   2.6758208E+05   0.0000000E+00   0.0000000E+00   1.6765299E-03
   4.4927536E-01   0.0000000E+00   0.0000000E+00   2.6119917E+05   0.0000000E+00   0.0000000E+00   2.1647612E-03
   4.6376812E-01   0.0000000E+00   0.0000000E+00   2.4650122E+05   0.0000000E+00   0.0000000E+00   4.7879148E-04
   4.7826087E-01   0.0000000E+00   0.0000000E+00   2.3276293E+05   0.0000000E+00   0.0000000E+00   1.0463887E-03
   4.9275362E-01   0.0000000E+00   0.0000000E+00   2.2076881E+05   0.0000000E+00   0.0000000E+00   1.5186939E-03
   5.0724638E-01   0.0000000E+00   0.0000000E+00   2.0969821E+05   0.0000000E+00   0.0000000E+00   8.6581431E-04
   5.2173913E-01   0.0000000E+00   0.0000000E+00   2.0023192E+05   0.0000000E+00   0.0000000E+00   1.9606915E-03
   5.3623188E-01   0.0000000E+00   0.0000000E+00   1.8992568E+05   0.0000000E+00   0.0000000E+00   1.7445337E-03
   5.5072464E-01   0.0000000E+00   0.0000000E+00   1.8327258E+05   0.0000000E+00   0.0000000E+00   1.3023649E-03
   5.6521739E-01   0.0000000E+00   0.0000000E+00   1.7569776E+05   0.0000000E+00   0.0000000E+00   2.6732332E-03
   5.7971014E-01   0.0000000E+00   0.0000000E+00   1.6819860E+05   0.0000000E+00   0.0000000E+00   2.5821518E-03
   5.9420290E-01   0.0000000E+00   0.0000000E+00   1.6112069E+05   0.0000000E+00   0.0000000E+00   2.5135665E-03
   6.0869565E-01   0.0000000E+00   0.0000000E+00   1.5510148E+05   0.0000000E+00   0.0000000E+00   8.0962408E-04
   6.2318841E-01   0.0000000E+00   0.0000000E+00   1.4897456E+05   0.0000000E+00   0.0000000E+00   4.4240351E-03
   6.3768116E-01   0.0000000E+00   0.0000000E+00   1.4157621E+05   0.0000000E+00   0.0000000E+00   6.9797457E-03
   6.5217391E-01   0.0000000E+00   0.0000000E+00   1.3681357E+05   0.0000000E+00   0.0000000E+00   3.3122495E-03
   6.6666667E-01   0.0000000E+00   0.0000000E+00   1.3125317E+05   0.0000000E+00   0.0000000E+00   2.3611052E-03
   6.8115942E-01   0.0000000E+00   0.0000000E+00   1.2633244E+05   0.0000000E+00   0.0000000E+00   1.0388689E-03
   6.9565217E-01   0.0000000E+00   0.0000000E+00   1.1877523E+05   0.0000000E+00   0.0000000E+00   1.9610792E-03
   7.1014493E-01   0.0000000E+00   0.0000000E+00   1.1265534E+05   0.0000000E+00   0.0000000E+00   2.4075248E-03
   7.2463768E-01   0.0000000E+00   0.0000000E+00   1.1023553E+05   0.0000000E+00   0.0000000E+00   4.2375801E-03
   7.3913043E-01   0.0000000E+00   0.0000000E+00   1.0544426E+05   0.0000000E+00   0.0000000E+00   3.3095901E-03
   7.5362319E-01   0.0000000E+00   0.0000000E+00   1.0022525E+05   0.0000000E+00   0.0000000E+00   7.7959940E-04
   7.6811594E-01   0.0000000E+00   0.0000000E+00   9.6146777E+04   0.0000000E+00   0.0000000E+00   3.5558881E-03
   7.8260870E-01   0.0000000E+00   0.0000000E+00   9.1054692E+04   0.0000000E+00   0.0000000E+00   4.2984858E-03
   7.9710145E-01   0.0000000E+00   0.0000000E+00   8.6065110E+04   0.0000000E+00   0.0000000E+00   3.2291619E-03
   8.1159420E-01   0.0000000E+00   0.0000000E+00   8.0847798E+04   0.0000000E+00   0.0000000E+00   2.7809702E-03
   8.2608696E-01   0.0000000E+00   0.0000000E+00   7.5188749E+04   0.0000000E+00   0.0000000E+00   3.4380023E-03
   8.4057971E-01   0.0000000E+00   0.0000000E+00   6.8967103E+04   0.0000000E+00   0.0000000E+00   2.7434338E-03
   8.5507246E-01   0.0000000E+00   0.0000000E+00   6.4703007E+04   0.0000000E+00   0.0000000E+00   4.1357194E-03
   8.6956522E-01   0.0000000E+00   0.0000000E+00   6.1629250E+04   0.0000000E+00   0.0000000E+00   5.2185956E-03
   8.8405797E-01   0.0000000E+00   0.0000000E+00   5.5749545E+04   0.0000000E+00   0.0000000E+00   5.1287583E-03
   8.9855072E-01   0.0000000E+00   0.0000000E+00   4.8189609E+04   0.0000000E+00   0.0000000E+00   7.4297778E-03
   9.1304348E-01   0.0000000E+00   0.0000000E+00   4.1735655E+04   0.0000000E+00   0.0000000E+00   8.1365912E-03
   9.2753623E-01   0.0000000E+00   0.0000000E+00   3.6028011E+04   0.0000000E+00   0.0000000E+00   3.3497879E-03
   9.4202899E-01   0.0000000E+00   0.0000000E+00   2.8793994E+04   0.0000000E+00   0.0000000E+00   5.3226550E-03
   9.5652174E-01   0.0000000E+00   0.0000000E+00   2.1411802E+04   0.0000000E+00   0.0000000E+00   1.2240588E-02
   9.7101449E-01   0.0000000E+00   0.0000000E+00   1.4939853E+04   0.0000000E+00   0.0000000E+00   1.9508587E-02
   9.8550725E-01   0.0000000E+00   0.0000000E+00   7.6887987E+03   0.0000000E+00   0.0000000E+00   3.2474737E-02
   1.0000000E+00   0.0000000E+00   0.0000000E+00   3.2826138E+03   0.0000000E+00   0.0000000E+00   4.5152796E-02
