   0.0000000E+00   0.0000000E+00   0.0000000E+00   5.8181435E+10   0.0000000E+00   0.0000000E+00   7.6470459E-07
   1.4492754E-02   0.0000000E+00   0.0000000E+00   1.9413214E+06   0.0000000E+00   0.0000000E+00   4.4208717E-03
   2.8985507E-02   0.0000000E+00   0.0000000E+00   1.6658841E+06   0.0000000E+00   0.0000000E+00   3.0609982E-03
   4.3478261E-02   0.0000000E+00   0.0000000E+00   1.5813965E+06   0.0000000E+00   0.0000000E+00   8.7881556E-03
   5.7971014E-02   0.0000000E+00   0.0000000E+00   1.5099798E+06   0.0000000E+00   0.0000000E+00   1.5647799E-02
   7.2463768E-02   0.0000000E+00   0.0000000E+00   1.4930444E+06   0.0000000E+00   0.0000000E+00   2.0546360E-02
   8.6956522E-02   0.0000000E+00   0.0000000E+00   1.5126950E+06   0.0000000E+00   0.0000000E+00   2.4994757E-02
   1.0144928E-01   0.0000000E+00   0.0000000E+00   1.5127672E+06   0.0000000E+00   0.0000000E+00   3.1517229E-02
   1.1594203E-01   0.0000000E+00   0.0000000E+00   1.4894262E+06   0.0000000E+00   0.0000000E+00   3.4711459E-02
   1.3043478E-01   0.0000000E+00   0.0000000E+00   1.4505606E+06   0.0000000E+00   0.0000000E+00   3.6628202E-02
   1.4492754E-01   0.0000000E+00   0.0000000E+00   1.4288641E+06   0.0000000E+00   0.0000000E+00   3.8101051E-02
   1.5942029E-01   0.0000000E+00   0.0000000E+00   1.3974042E+06   0.0000000E+00   0.0000000E+00   3.7061599E-02
   1.7391304E-01   0.0000000E+00   0.0000000E+00   1.3259129E+06   0.0000000E+00   0.0000000E+00   3.5012469E-02
   1.8840580E-01   0.0000000E+00   0.0000000E+00   1.2476426E+06   0.0000000E+00   0.0000000E+00   2.9329456E-02
   2.0289855E-01   0.0000000E+00   0.0000000E+00   1.1800125E+06   0.0000000E+00   0.0000000E+00   2.6997698E-02
   2.1739130E-01   0.0000000E+00   0.0000000E+00   1.1047801E+06   0.0000000E+00   0.0000000E+00   2.5952923E-02
   2.3188406E-01   0.0000000E+00   0.0000000E+00   1.0269226E+06   0.0000000E+00   0.0000000E+00   2.3898417E-02
   2.4637681E-01   0.0000000E+00   0.0000000E+00   9.4859718E+05   0.0000000E+00   0.0000000E+00   2.2812656E-02
   2.6086957E-01   0.0000000E+00   0.0000000E+00   8.7771166E+05   0.0000000E+00   0.0000000E+00   2.0240857E-02
   2.7536232E-01   0.0000000E+00   0.0000000E+00   8.0790683E+05   0.0000000E+00   0.0000000E+00   1.7724027E-02
   2.8985507E-01   0.0000000E+00   0.0000000E+00   7.2621484E+05   0.0000000E+00   0.0000000E+00   1.6215223E-02
   3.0434783E-01   0.0000000E+00   0.0000000E+00   6.5410717E+05   0.0000000E+00   0.0000000E+00   1.5511256E-02
   3.1884058E-01   0.0000000E+00   0.0000000E+00   5.9637321E+05   0.0000000E+00   0.0000000E+00   1.3170576E-02
   3.3333333E-01   0.0000000E+00   0.0000000E+00   5.4184762E+05   0.0000000E+00   0.0000000E+00   1.1773894E-02
   3.4782609E-01   0.0000000E+00   0.0000000E+00   4.8993991E+05   0.0000000E+00   0.0000000E+00   1.1325360E-02
   3.6231884E-01   0.0000000E+00   0.0000000E+00   4.4718588E+05   0.0000000E+00   0.0000000E+00   1.1173190E-02
   3.7681159E-01   0.0000000E+00   0.0000000E+00   4.1191732E+05   0.0000000E+00   0.0000000E+00   1.0068527E-02
   3.9130435E-01   0.0000000E+00   0.0000000E+00   3.7855963E+05   0.0000000E+00   0.0000000E+00   8.5641758E-03
   4.0579710E-01   0.0000000E+00   0.0000000E+00   3.5153570E+05   0.0000000E+00   0.0000000E+00   8.4001536E-03
   4.2028986E-01   0.0000000E+00   0.0000000E+00   3.2645387E+05   0.0000000E+00   0.0000000E+00   7.3135046E-03
   4.3478261E-01   0.0000000E+00   0.0000000E+00   3.0183178E+05   0.0000000E+00   0.0000000E+00   5.7322355E-03
   4.4927536E-01   0.0000000E+00   0.0000000E+00   2.8630225E+05   0.0000000E+00   0.0000000E+00   7.1141906E-03
   4.6376812E-01   0.0000000E+00   0.0000000E+00   2.6833350E+05   0.0000000E+00   0.0000000E+00   4.1480566E-03
   4.7826087E-01   0.0000000E+00   0.0000000E+00   2.4975460E+05   0.0000000E+00   0.0000000E+00   1.5374415E-03
   4.9275362E-01   0.0000000E+00   0.0000000E+00   2.3743902E+05   0.0000000E+00   0.0000000E+00   3.4724518E-03
   5.0724638E-01   0.0000000E+00   0.0000000E+00   2.2526429E+05   0.0000000E+00   0.0000000E+00   4.0938364E-03
   5.2173913E-01   0.0000000E+00   0.0000000E+00   2.1486045E+05   0.0000000E+00   0.0000000E+00   2.1506498E-03
   5.3623188E-01   0.0000000E+00   0.0000000E+00   2.0768129E+05   0.0000000E+00   0.0000000E+00   4.0139758E-03
   5.5072464E-01   0.0000000E+00   0.0000000E+00   1.9864665E+05   0.0000000E+00   0.0000000E+00   4.2308827E-03
   5.6521739E-01   0.0000000E+00   0.0000000E+00   1.9083307E+05   0.0000000E+00   0.0000000E+00   3.7884125E-03
   5.7971014E-01   0.0000000E+00   0.0000000E+00   1.8350488E+05   0.0000000E+00   0.0000000E+00   4.3389560E-03
   5.9420290E-01   0.0000000E+00   0.0000000E+00   1.7309663E+05   0.0000000E+00   0.0000000E+00   1.6298592E-03
   6.0869565E-01   0.0000000E+00   0.0000000E+00   1.6435670E+05   0.0000000E+00   0.0000000E+00   2.3069560E-03
   6.2318841E-01   0.0000000E+00   0.0000000E+00   1.5877227E+05   0.0000000E+00   0.0000000E+00   2.9179577E-03
   6.3768116E-01   0.0000000E+00   0.0000000E+00   1.5321780E+05   0.0000000E+00   0.0000000E+00   2.3385657E-03
   6.5217391E-01   0.0000000E+00   0.0000000E+00   1.4737137E+05   0.0000000E+00   0.0000000E+00   1.6682616E-03
   6.6666667E-01   0.0000000E+00   0.0000000E+00   1.4354168E+05   0.0000000E+00   0.0000000E+00   3.3023381E-03
   6.8115942E-01   0.0000000E+00   0.0000000E+00   1.3835949E+05   0.0000000E+00   0.0000000E+00   4.3385447E-03
   6.9565217E-01   0.0000000E+00   0.0000000E+00   1.3268285E+05   0.0000000E+00   0.0000000E+00   2.8446705E-03
   7.1014493E-01   0.0000000E+00   0.0000000E+00   1.2753172E+05   0.0000000E+00   0.0000000E+00   6.3011183E-03
   7.2463768E-01   0.0000000E+00   0.0000000E+00   1.2346562E+05   0.0000000E+00   0.0000000E+00   3.1672829E-03
   7.3913043E-01   0.0000000E+00   0.0000000E+00   1.1909838E+05   0.0000000E+00   0.0000000E+00   4.2213141E-04
   7.5362319E-01   0.0000000E+00   0.0000000E+00   1.1207217E+05   0.0000000E+00   0.0000000E+00   2.7399660E-03
   7.6811594E-01   0.0000000E+00   0.0000000E+00   1.0568282E+05   0.0000000E+00   0.0000000E+00   3.2617844E-03
   7.8260870E-01   0.0000000E+00   0.0000000E+00   1.0058253E+05   0.0000000E+00   0.0000000E+00   2.2406173E-03
   7.9710145E-01   0.0000000E+00   0.0000000E+00   9.6494322E+04   0.0000000E+00   0.0000000E+00   3.4464415E-03
   8.1159420E-01   0.0000000E+00   0.0000000E+00   8.9318212E+04   0.0000000E+00   0.0000000E+00   3.9569588E-03
   8.2608696E-01   0.0000000E+00   0.0000000E+00   8.2553418E+04   0.0000000E+00   0.0000000E+00   5.8948021E-03
   8.4057971E-01   0.0000000E+00   0.0000000E+00   7.6858016E+04   0.0000000E+00   0.0000000E+00   7.8997995E-03
   8.5507246E-01   0.0000000E+00   0.0000000E+00   7.1085975E+04   0.0000000E+00   0.0000000E+00   6.6185732E-03
   8.6956522E-01   0.0000000E+00   0.0000000E+00   6.5468450E+04   0.0000000E+00   0.0000000E+00   3.7304941E-03
   8.8405797E-01   0.0000000E+00   0.0000000E+00   5.8333303E+04   0.0000000E+00   0.0000000E+00   6.4341793E-03
   8.9855072E-01   0.0000000E+00   0.0000000E+00   5.1684975E+04   0.0000000E+00   0.0000000E+00   9.9925246E-03
   9.1304348E-01   0.0000000E+00   0.0000000E+00   4.5632587E+04   0.0000000E+00   0.0000000E+00   1.0934366E-02
   9.2753623E-01   0.0000000E+00   0.0000000E+00   3.9094477E+04   0.0000000E+00   0.0000000E+00   1.2461235E-02
   9.4202899E-01   0.0000000E+00   0.0000000E+00   3.1918201E+04   0.0000000E+00   0.0000000E+00   1.7410794E-02
   9.5652174E-01   0.0000000E+00   0.0000000E+00   2.5900818E+04   0.0000000E+00   0.0000000E+00   2.6551332E-02
   9.7101449E-01   0.0000000E+00   0.0000000E+00   2.0549366E+04   0.0000000E+00   0.0000000E+00   3.2420329E-02
   9.8550725E-01   0.0000000E+00   0.0000000E+00   1.1978926E+04   0.0000000E+00   0.0000000E+00   3.0461652E-02
   1.0000000E+00   0.0000000E+00   0.0000000E+00   5.8211685E+03   0.0000000E+00   0.0000000E+00   3.2028075E-02
