   0.0000000E+00   3.0074957E+10   1.5400647E+10   4.5475603E+10   5.1048006E-07   3.7091067E-07   2.9780189E-07
   1.4492754E-02   2.2315345E+06   1.1373628E+06   3.3688973E+06   3.2222533E-03   2.4679827E-03   2.9303451E-03
   2.8985507E-02   2.2315345E+06   1.0604525E+06   3.2919870E+06   9.7709888E-04   2.6059106E-04   7.2830344E-04
   4.3478261E-02   2.2343129E+06   1.0734603E+06   3.3077732E+06   3.8846477E-03   4.3648380E-03   3.9993304E-03
   5.7971014E-02   2.2595708E+06   1.0913303E+06   3.3509011E+06   5.1623892E-03   6.2045832E-03   5.3845030E-03
   7.2463768E-02   2.2953360E+06   1.0964450E+06   3.3917809E+06   9.5372415E-03   9.0846612E-03   9.3843123E-03
   8.6956522E-02   2.2887437E+06   1.1282699E+06   3.4170136E+06   1.3436923E-02   1.5160377E-02   1.4003407E-02
   1.0144928E-01   2.3440043E+06   1.1213420E+06   3.4653464E+06   1.7444878E-02   1.8620014E-02   1.7821847E-02
   1.1594203E-01   2.3698215E+06   1.1451296E+06   3.5149510E+06   2.2633807E-02   2.0408027E-02   2.1907467E-02
   1.3043478E-01   2.4128862E+06   1.1584952E+06   3.5713814E+06   2.4549199E-02   2.3707234E-02   2.4274176E-02
   1.4492754E-01   2.3943721E+06   1.1618377E+06   3.5562098E+06   2.4653621E-02   2.3699772E-02   2.4341890E-02
   1.5942029E-01   2.4255840E+06   1.1436313E+06   3.5692153E+06   2.4738322E-02   2.3941303E-02   2.4481141E-02
   1.7391304E-01   2.3880072E+06   1.1574428E+06   3.5454499E+06   2.2787426E-02   2.3114499E-02   2.2893675E-02
   1.8840580E-01   2.3751548E+06   1.1177199E+06   3.4928747E+06   1.9726833E-02   1.9274560E-02   1.9576565E-02
   2.0289855E-01   2.3193779E+06   1.1118703E+06   3.4312482E+06   1.7188476E-02   1.7052162E-02   1.7131259E-02
   2.1739130E-01   2.2540646E+06   1.0890697E+06   3.3431343E+06   1.5237595E-02   1.3850940E-02   1.4782439E-02
   2.3188406E-01   2.1895275E+06   1.0406093E+06   3.2301368E+06   1.0816188E-02   1.0415790E-02   1.0687018E-02
   2.4637681E-01   2.0897932E+06   9.9785007E+05   3.0876433E+06   8.0613953E-03   8.9108265E-03   8.3305330E-03
   2.6086957E-01   2.0054764E+06   9.6421993E+05   2.9696964E+06   6.0333035E-03   5.5164870E-03   5.8632587E-03
   2.7536232E-01   1.9168345E+06   9.1227509E+05   2.8291096E+06   4.8117353E-03   4.2907102E-03   4.6386963E-03
   2.8985507E-01   1.8159160E+06   8.7529953E+05   2.6912155E+06   3.2390556E-03   2.6881244E-03   3.0537674E-03
   3.0434783E-01   1.7316087E+06   8.1911336E+05   2.5507221E+06   2.1169281E-03   2.1337586E-03   2.1042187E-03
   3.1884058E-01   1.6265507E+06   7.6827611E+05   2.3948268E+06   1.6776732E-03   1.7961026E-03   1.7152331E-03
   3.3333333E-01   1.5155722E+06   7.2729544E+05   2.2428676E+06   1.3077441E-03   1.2077141E-03   1.2691407E-03
   3.4782609E-01   1.4282705E+06   6.6756602E+05   2.0958365E+06   9.7818381E-04   6.5244040E-04   8.6747441E-04
   3.6231884E-01   1.3299188E+06   6.2473874E+05   1.9546576E+06   4.8829034E-04   1.0954661E-03   6.7927608E-04
   3.7681159E-01   1.2226664E+06   5.7095459E+05   1.7936210E+06   5.2092451E-04   5.2535605E-04   3.9564902E-04
   3.9130435E-01   1.1115997E+06   5.2205251E+05   1.6336522E+06   8.3132697E-05   9.1846777E-04   2.4096447E-04
   4.0579710E-01   1.0323892E+06   4.8887547E+05   1.5212646E+06   3.4053676E-04   1.1076643E-04   2.2641644E-04
   4.2028986E-01   9.3525610E+05   4.3791955E+05   1.3731756E+06   1.9582324E-04   4.9602637E-04   1.6294836E-04
   4.3478261E-01   8.7122038E+05   3.9995868E+05   1.2711791E+06   9.7302657E-04   9.4110759E-04   9.6199525E-04
   4.4927536E-01   7.9728565E+05   3.6857779E+05   1.1658634E+06   2.0915430E-04   1.4996540E-04   1.9025679E-04
   4.6376812E-01   7.2901373E+05   3.4448604E+05   1.0734998E+06   2.2134964E-04   1.3432878E-03   3.1062316E-04
   4.7826087E-01   6.9061958E+05   3.1627470E+05   1.0068943E+06   7.5209580E-04   7.3202559E-04   4.9155219E-04
   4.9275362E-01   6.3747942E+05   2.9377897E+05   9.3125838E+05   8.4678781E-04   6.0940110E-04   6.7771522E-04
   5.0724638E-01   5.9276658E+05   2.7486357E+05   8.6763015E+05   4.7387098E-04   1.2411331E-03   5.6314160E-04
   5.2173913E-01   5.6407182E+05   2.6255576E+05   8.2662758E+05   7.8331018E-04   5.3692946E-04   6.4008580E-04
   5.3623188E-01   5.3156252E+05   2.4669449E+05   7.7825701E+05   2.5300804E-04   1.2624200E-04   1.9088143E-04
   5.5072464E-01   4.9611812E+05   2.2787934E+05   7.2399746E+05   7.3671714E-04   7.0250176E-04   2.9207760E-04
   5.6521739E-01   4.7834557E+05   2.1525551E+05   6.9360107E+05   3.7456794E-04   2.5768271E-04   1.9664312E-04
   5.7971014E-01   4.5166789E+05   2.0583917E+05   6.5750706E+05   6.8938910E-04   6.6041874E-04   6.7491924E-04
   5.9420290E-01   4.2616220E+05   1.9987615E+05   6.2603835E+05   6.0141990E-04   5.2964285E-04   5.3988401E-04
   6.0869565E-01   4.0715718E+05   1.8660168E+05   5.9375886E+05   7.4970904E-04   9.9228056E-04   8.1601649E-04
   6.2318841E-01   3.8679814E+05   1.7375078E+05   5.6054893E+05   6.0878668E-04   9.1168941E-04   6.2866248E-04
   6.3768116E-01   3.6910387E+05   1.6820032E+05   5.3730419E+05   9.8896634E-04   1.7262996E-03   1.2170108E-03
   6.5217391E-01   3.5182556E+05   1.5742401E+05   5.0924957E+05   1.2734211E-03   2.3439338E-04   9.5184305E-04
   6.6666667E-01   3.3172394E+05   1.5373818E+05   4.8546213E+05   1.1836537E-03   9.4176283E-04   9.5546356E-04
   6.8115942E-01   3.1784636E+05   1.4395385E+05   4.6180020E+05   1.5297199E-03   1.4166457E-03   1.4933293E-03
   6.9565217E-01   2.9913234E+05   1.3449826E+05   4.3363060E+05   1.6356333E-03   2.9494336E-03   1.7793340E-03
   7.1014493E-01   2.8756880E+05   1.2901627E+05   4.1658507E+05   1.9163872E-03   1.2212068E-03   1.7008469E-03
   7.2463768E-01   2.6634444E+05   1.2163189E+05   3.8797634E+05   1.1355456E-03   2.8583262E-03   1.6654386E-03
   7.3913043E-01   2.5087027E+05   1.1513140E+05   3.6600168E+05   1.5173055E-03   1.5230715E-03   1.5190331E-03
   7.5362319E-01   2.3819161E+05   1.0598113E+05   3.4417275E+05   5.8123250E-04   2.8763914E-03   1.2592681E-03
   7.6811594E-01   2.2364670E+05   9.8162643E+04   3.2180934E+05   2.8342609E-03   2.5086673E-03   2.7105014E-03
   7.8260870E-01   2.0684808E+05   9.4703053E+04   3.0155114E+05   1.8620920E-03   2.5311996E-03   2.0720108E-03
   7.9710145E-01   1.9657067E+05   8.8985841E+04   2.8555651E+05   1.8920018E-03   2.1924954E-03   1.9856232E-03
   8.1159420E-01   1.8465772E+05   8.1822031E+04   2.6647975E+05   3.1923805E-03   1.6073125E-03   2.4145717E-03
   8.2608696E-01   1.6813778E+05   7.5853430E+04   2.4399121E+05   3.5377079E-03   4.5681725E-03   3.3545134E-03
   8.4057971E-01   1.5811874E+05   7.0404189E+04   2.2852293E+05   2.6326795E-03   3.8541564E-03   2.9984938E-03
   8.5507246E-01   1.4444516E+05   6.4664478E+04   2.0910964E+05   1.5643217E-03   5.5599084E-03   2.7969734E-03
   8.6956522E-01   1.3338691E+05   5.9646506E+04   1.9303342E+05   2.8910636E-03   3.4814671E-03   2.8684342E-03
   8.8405797E-01   1.2031865E+05   5.4308603E+04   1.7462725E+05   5.2919080E-03   2.8436622E-03   4.1604612E-03
   8.9855072E-01   1.1009181E+05   4.8116279E+04   1.5820809E+05   5.0869863E-03   4.9350522E-03   5.0233634E-03
   9.1304348E-01   9.8698210E+04   4.4514023E+04   1.4321223E+05   5.4463084E-03   3.9001798E-03   4.9282130E-03
   9.2753623E-01   8.6701652E+04   3.8845845E+04   1.2554750E+05   7.2780258E-03   7.2019686E-03   7.2154309E-03
   9.4202899E-01   7.5750353E+04   3.4249698E+04   1.1000005E+05   6.9066125E-03   9.2596355E-03   7.6392500E-03
   9.5652174E-01   6.4832410E+04   2.8690666E+04   9.3523076E+04   9.7900561E-03   8.7057047E-03   9.3712770E-03
   9.7101449E-01   5.2476093E+04   2.4010074E+04   7.6486167E+04   9.2286270E-03   9.3838588E-03   9.2378731E-03
   9.8550725E-01   3.5635911E+04   1.5656177E+04   5.1292088E+04   1.4099344E-02   1.6837146E-02   1.4809768E-02
   1.0000000E+00   1.7419737E+04   7.5500117E+03   2.4969749E+04   3.3458972E-02   4.2159357E-02   3.6058015E-02
