   0.0000000E+00   3.5642764E+10   1.7897740E+10   5.3540504E+10   3.2267271E-07   4.3404804E-07   2.7153837E-07
   1.4492754E-02   9.8126901E+05   4.3569859E+05   1.4169676E+06   4.3318648E-03   1.5575430E-03   2.5739819E-03
   2.8985507E-02   9.2898517E+05   4.6070390E+05   1.3896891E+06   2.5546044E-03   5.6827092E-03   1.8944184E-03
   4.3478261E-02   9.6055754E+05   4.8318343E+05   1.4437410E+06   2.7297472E-03   3.6138970E-03   2.9887216E-03
   5.7971014E-02   9.8089014E+05   4.9233941E+05   1.4732295E+06   6.3862635E-03   6.1357793E-03   6.2535555E-03
   7.2463768E-02   9.9930314E+05   4.7570709E+05   1.4750102E+06   1.2403052E-02   1.2505326E-02   1.2425102E-02
   8.6956522E-02   1.0094316E+06   5.0124282E+05   1.5106744E+06   1.7350505E-02   1.8835939E-02   1.7819503E-02
   1.0144928E-01   1.0470838E+06   5.3853429E+05   1.5856181E+06   2.3096992E-02   2.2570866E-02   2.2917866E-02
   1.1594203E-01   1.0622521E+06   5.3714059E+05   1.5993927E+06   2.5313293E-02   2.4780316E-02   2.5061201E-02
   1.3043478E-01   1.0868470E+06   5.4514945E+05   1.6319964E+06   2.9796606E-02   2.8316861E-02   2.9300688E-02
   1.4492754E-01   1.1126605E+06   5.4450958E+05   1.6571701E+06   2.8970284E-02   2.8541542E-02   2.8821577E-02
   1.5942029E-01   1.0836323E+06   5.4191950E+05   1.6255518E+06   2.3869598E-02   2.3551529E-02   2.3758822E-02
   1.7391304E-01   1.0678404E+06   5.3047882E+05   1.5983192E+06   2.3094245E-02   2.3312609E-02   2.3164997E-02
   1.8840580E-01   1.0292979E+06   5.0302058E+05   1.5323184E+06   1.8549139E-02   1.8696658E-02   1.8578291E-02
   2.0289855E-01   9.6508592E+05   4.7899783E+05   1.4440837E+06   1.5696529E-02   1.4441266E-02   1.5280162E-02
   2.1739130E-01   9.3368314E+05   4.5166158E+05   1.3853447E+06   1.2807154E-02   1.3359539E-02   1.2987236E-02
   2.3188406E-01   8.6547737E+05   4.2471141E+05   1.2901888E+06   1.1426797E-02   1.0010736E-02   1.0929497E-02
   2.4637681E-01   7.9682698E+05   3.9469167E+05   1.1915186E+06   8.7560015E-03   7.9566296E-03   8.4137251E-03
   2.6086957E-01   7.3108961E+05   3.6426086E+05   1.0953505E+06   7.1388181E-03   5.3288135E-03   6.5254288E-03
   2.7536232E-01   6.8794515E+05   3.4038329E+05   1.0283284E+06   4.8517589E-03   5.6396255E-03   5.0126080E-03
   2.8985507E-01   6.2016959E+05   3.1033106E+05   9.3050065E+05   4.6105230E-03   4.0351011E-03   4.4028620E-03
   3.0434783E-01   5.7649329E+05   2.8714612E+05   8.6363941E+05   3.6492378E-03   3.0100521E-03   3.4360037E-03
   3.1884058E-01   5.2824580E+05   2.6300351E+05   7.9124931E+05   3.9353640E-03   3.4988832E-03   3.7884891E-03
   3.3333333E-01   5.0270887E+05   2.4264046E+05   7.4534934E+05   2.1310838E-03   3.6286858E-03   2.5898122E-03
   3.4782609E-01   4.6654479E+05   2.2533195E+05   6.9187674E+05   2.0098300E-03   2.5331198E-03   1.9429604E-03
   3.6231884E-01   4.2369604E+05   2.1359082E+05   6.3728686E+05   1.6489870E-03   3.5976778E-03   2.1996960E-03
   3.7681159E-01   4.0174616E+05   2.0015906E+05   6.0190522E+05   2.9200283E-03   2.0686630E-03   2.5362246E-03
   3.9130435E-01   3.8476185E+05   1.8977094E+05   5.7453279E+05   1.2749635E-03   1.4141970E-03   4.1536961E-04
   4.0579710E-01   3.5970843E+05   1.8180268E+05   5.4151111E+05   1.1253662E-03   7.9975138E-04   4.9277892E-04
   4.2028986E-01   3.4659921E+05   1.7046463E+05   5.1706384E+05   2.9069920E-03   2.5615311E-03   2.3911697E-03
   4.3478261E-01   3.3264640E+05   1.6177678E+05   4.9442319E+05   2.5705233E-03   2.3310826E-03   2.4640875E-03
   4.4927536E-01   3.1294525E+05   1.5680261E+05   4.6974786E+05   2.4806939E-03   1.6088793E-03   1.9866426E-03
   4.6376812E-01   3.0901449E+05   1.5017394E+05   4.5918843E+05   7.4057133E-04   1.3064026E-03   9.0623534E-04
   4.7826087E-01   2.9374925E+05   1.4371739E+05   4.3746665E+05   1.8792561E-03   3.1493410E-03   2.1909289E-03
   4.9275362E-01   2.8497585E+05   1.4116189E+05   4.2613774E+05   8.5157213E-04   7.2033117E-04   7.8033406E-04
   5.0724638E-01   2.7473367E+05   1.3518022E+05   4.0991390E+05   2.1788187E-03   1.9511232E-03   1.4856357E-03
   5.2173913E-01   2.6543937E+05   1.3052014E+05   3.9595951E+05   8.2439883E-04   3.3865087E-03   1.6338501E-03
   5.3623188E-01   2.5615596E+05   1.2674682E+05   3.8290278E+05   2.3247374E-03   8.5279306E-04   1.6812584E-03
   5.5072464E-01   2.4939507E+05   1.2036049E+05   3.6975556E+05   6.6826979E-04   2.3074946E-03   6.7478281E-04
   5.6521739E-01   2.3866763E+05   1.1915895E+05   3.5782658E+05   2.1134822E-03   3.1557208E-03   1.7236219E-03
   5.7971014E-01   2.3578871E+05   1.1286488E+05   3.4865359E+05   7.6173391E-04   3.7231131E-03   1.7172499E-03
   5.9420290E-01   2.2940940E+05   1.1186781E+05   3.4127721E+05   2.2143993E-03   2.5051863E-03   2.0963025E-03
   6.0869565E-01   2.2398336E+05   1.0777902E+05   3.3176238E+05   1.9349679E-03   1.5516774E-03   1.7300179E-03
   6.2318841E-01   2.1653647E+05   1.0493772E+05   3.2147419E+05   1.1983132E-03   1.7667189E-03   1.3758083E-03
   6.3768116E-01   2.0686211E+05   1.0117507E+05   3.0803718E+05   7.7879137E-04   2.7857459E-04   6.1001246E-04
   6.5217391E-01   2.0474045E+05   9.7478615E+04   3.0221907E+05   1.3676945E-03   3.9009427E-03   2.1039935E-03
   6.6666667E-01   2.0126145E+05   9.5870163E+04   2.9713162E+05   1.8412792E-03   1.4162234E-03   1.7027802E-03
   6.8115942E-01   1.9015966E+05   9.2992025E+04   2.8315169E+05   1.5154220E-03   4.1509563E-04   1.1460944E-03
   6.9565217E-01   1.8643480E+05   9.0991547E+04   2.7742634E+05   2.0451666E-03   2.5207458E-03   2.1000112E-03
   7.1014493E-01   1.8230526E+05   8.7912919E+04   2.7021818E+05   2.2589887E-03   3.8857333E-03   2.6737119E-03
   7.2463768E-01   1.7353686E+05   8.6548684E+04   2.6008554E+05   2.3599870E-03   2.1225250E-03   9.0954213E-04
   7.3913043E-01   1.6808383E+05   8.2355577E+04   2.5043940E+05   2.2634825E-03   1.9843007E-03   2.1674326E-03
   7.5362319E-01   1.6340883E+05   8.1208972E+04   2.4461780E+05   1.7954401E-03   9.6021446E-04   1.3050661E-03
   7.6811594E-01   1.5529313E+05   7.7046094E+04   2.3233922E+05   1.7458285E-03   2.5251081E-03   1.9199560E-03
   7.8260870E-01   1.5064928E+05   7.4889642E+04   2.2553892E+05   2.6673523E-03   4.4020330E-03   3.2389136E-03
   7.9710145E-01   1.4458994E+05   7.3348911E+04   2.1793885E+05   3.3392056E-03   5.1641798E-03   3.7522338E-03
   8.1159420E-01   1.3663616E+05   6.8345143E+04   2.0498130E+05   4.6679942E-03   4.9767414E-04   3.0805247E-03
   8.2608696E-01   1.3320213E+05   6.5152061E+04   1.9835419E+05   4.0815145E-03   4.3148916E-03   4.0863414E-03
   8.4057971E-01   1.2404672E+05   6.1716346E+04   1.8576307E+05   3.8844161E-03   1.8351980E-03   3.1990912E-03
   8.5507246E-01   1.1896466E+05   5.7459558E+04   1.7642422E+05   4.1767588E-03   2.2382033E-03   3.5453311E-03
   8.6956522E-01   1.0737129E+05   5.3698273E+04   1.6106956E+05   2.2940315E-03   4.8080306E-03   3.1273672E-03
   8.8405797E-01   9.8543035E+04   4.7141159E+04   1.4568419E+05   4.3600928E-03   3.1523487E-03   3.5249454E-03
   8.9855072E-01   8.9058503E+04   4.3643189E+04   1.3270169E+05   3.0687357E-03   4.7176363E-03   2.0906984E-03
   9.1304348E-01   7.6747901E+04   3.8187523E+04   1.1493542E+05   2.6184244E-03   6.8290601E-03   3.8152895E-03
   9.2753623E-01   6.7047857E+04   3.2630036E+04   9.9677893E+04   5.4007502E-03   4.9487959E-03   5.2250413E-03
   9.4202899E-01   5.5477983E+04   2.6171059E+04   8.1649042E+04   6.9731204E-03   6.1340348E-03   6.6284609E-03
   9.5652174E-01   4.4603137E+04   2.0309639E+04   6.4912776E+04   1.2313371E-02   1.7271241E-02   1.3527116E-02
   9.7101449E-01   3.2955891E+04   1.5935089E+04   4.8890980E+04   1.5375613E-02   1.7557669E-02   1.5874614E-02
   9.8550725E-01   2.1874075E+04   1.0808891E+04   3.2682966E+04   2.6343416E-02   2.0011435E-02   2.4012029E-02
   1.0000000E+00   1.3239876E+04   6.9591412E+03   2.0199017E+04   3.4318314E-02   3.4936163E-02   3.4107491E-02
