   0.0000000E+00   3.4612181E+10   1.7429690E+10   5.2041871E+10   9.9777680E-08   5.7449623E-07   2.0748862E-07
   1.4492754E-02   1.1487288E+06   5.9785424E+05   1.7465831E+06   1.3711384E-03   6.0837358E-03   2.4830145E-03
   2.8985507E-02   1.1828270E+06   5.9255009E+05   1.7753771E+06   4.2194510E-03   8.0519386E-03   4.7224570E-03
   4.3478261E-02   1.2328376E+06   5.9532845E+05   1.8281660E+06   7.5567881E-03   1.1037930E-02   8.5753505E-03
   5.7971014E-02   1.2205244E+06   6.3574108E+05   1.8562654E+06   1.9997829E-02   1.4294549E-02   1.8013929E-02
   7.2463768E-02   1.2736038E+06   6.3801429E+05   1.9116181E+06   2.8708885E-02   2.6318440E-02   2.7882698E-02
   8.6956522E-02   1.3860267E+06   6.5935720E+05   2.0453839E+06   4.0306515E-02   4.1278688E-02   4.0619884E-02
   1.0144928E-01   1.4232460E+06   6.9246308E+05   2.1157091E+06   4.9807366E-02   5.1246595E-02   5.0276845E-02
   1.1594203E-01   1.4597797E+06   7.2505929E+05   2.1848390E+06   5.6374792E-02   5.8185738E-02   5.6972641E-02
   1.3043478E-01   1.4739662E+06   7.1412473E+05   2.1880910E+06   5.8531482E-02   5.5659213E-02   5.7592499E-02
   1.4492754E-01   1.4906954E+06   7.3864172E+05   2.2293371E+06   5.2194767E-02   5.2652582E-02   5.2333925E-02
   1.5942029E-01   1.4490681E+06   7.1743887E+05   2.1665070E+06   4.1516696E-02   4.2851279E-02   4.1952809E-02
   1.7391304E-01   1.3805331E+06   6.7943723E+05   2.0599703E+06   3.1884770E-02   2.8860707E-02   3.0872735E-02
   1.8840580E-01   1.2927571E+06   6.3527478E+05   1.9280318E+06   2.0793014E-02   2.2106782E-02   2.1225067E-02
   2.0289855E-01   1.1885641E+06   5.8497272E+05   1.7735368E+06   1.2057064E-02   1.2615987E-02   1.2241414E-02
   2.1739130E-01   1.0792696E+06   5.4516629E+05   1.6244359E+06   7.0747706E-03   7.3003569E-03   7.1271219E-03
   2.3188406E-01   9.9296657E+05   4.9281300E+05   1.4857796E+06   4.2121375E-03   2.9386659E-03   3.7778494E-03
   2.4637681E-01   9.1280527E+05   4.5112076E+05   1.3639260E+06   2.3564127E-03   1.3953737E-03   1.6056481E-03
   2.6086957E-01   8.3553098E+05   4.2243820E+05   1.2579692E+06   3.0671611E-03   1.1686469E-03   1.8732433E-03
   2.7536232E-01   7.8565330E+05   3.7986536E+05   1.1655187E+06   1.3139486E-03   7.6887952E-04   9.4689450E-04
   2.8985507E-01   7.2435838E+05   3.5761383E+05   1.0819722E+06   1.3951072E-03   2.1182882E-03   1.2721699E-03
   3.0434783E-01   6.7803000E+05   3.3376497E+05   1.0117950E+06   1.9646247E-03   1.4052407E-03   1.1994680E-03
   3.1884058E-01   6.3935755E+05   3.1036206E+05   9.4971961E+05   1.7985399E-03   2.5329070E-03   1.8836909E-03
   3.3333333E-01   5.8988154E+05   2.9077322E+05   8.8065475E+05   1.0403706E-03   1.5093320E-03   1.0561765E-03
   3.4782609E-01   5.6552415E+05   2.7471112E+05   8.4023527E+05   2.5588977E-04   2.8207478E-03   9.3206255E-04
   3.6231884E-01   5.3775057E+05   2.6748105E+05   8.0523162E+05   1.8833033E-03   1.6217515E-03   1.3917189E-03
   3.7681159E-01   5.1202599E+05   2.4466152E+05   7.5668751E+05   1.4489877E-03   9.2312997E-04   7.4214141E-04
   3.9130435E-01   4.8576534E+05   2.3529127E+05   7.2105662E+05   1.3942412E-03   3.7733907E-03   1.8256377E-03
   4.0579710E-01   4.6138045E+05   2.2418181E+05   6.8556226E+05   1.4831069E-03   7.8305579E-04   7.4211679E-04
   4.2028986E-01   4.4115952E+05   2.1240143E+05   6.5356095E+05   1.0200103E-03   3.7508513E-03   1.7475085E-03
   4.3478261E-01   4.1983664E+05   2.0602860E+05   6.2586524E+05   1.9013299E-03   2.3051826E-03   1.9269421E-03
   4.4927536E-01   4.0521802E+05   1.9701154E+05   6.0222956E+05   9.5828053E-04   2.2755005E-03   8.9857786E-04
   4.6376812E-01   3.8843477E+05   1.8962361E+05   5.7805837E+05   1.5965547E-03   3.6662350E-03   8.2878975E-04
   4.7826087E-01   3.6550462E+05   1.8031837E+05   5.4582299E+05   1.5887488E-03   2.3206397E-03   6.4190812E-04
   4.9275362E-01   3.5647054E+05   1.7684237E+05   5.3331291E+05   1.2239392E-03   1.3718099E-03   1.2591489E-03
   5.0724638E-01   3.4340627E+05   1.6672372E+05   5.1012999E+05   1.2815096E-03   3.6182550E-03   1.5699982E-03
   5.2173913E-01   3.3411978E+05   1.5552545E+05   4.8964524E+05   9.1276167E-04   1.4176552E-03   4.0609661E-04
   5.3623188E-01   3.1687729E+05   1.5191597E+05   4.6879325E+05   4.2903264E-04   2.5748385E-03   7.3678670E-04
   5.5072464E-01   2.9982444E+05   1.4773871E+05   4.4756315E+05   6.5892146E-04   1.3040222E-03   2.5598226E-04
   5.6521739E-01   2.9470128E+05   1.4080302E+05   4.3550430E+05   1.1167460E-03   1.4624392E-03   8.8977059E-04
   5.7971014E-01   2.8837564E+05   1.3631683E+05   4.2469247E+05   6.7823667E-04   1.5454077E-03   2.2196262E-04
   5.9420290E-01   2.7552045E+05   1.3007197E+05   4.0559242E+05   2.0193148E-03   1.6340150E-03   1.8426863E-03
   6.0869565E-01   2.6629032E+05   1.2823791E+05   3.9452823E+05   7.1665367E-04   7.9800761E-04   2.3574335E-04
   6.2318841E-01   2.5701371E+05   1.1958142E+05   3.7659513E+05   1.5395552E-03   1.7400672E-03   1.2921464E-03
   6.3768116E-01   2.4476617E+05   1.1665701E+05   3.6142318E+05   2.8152640E-03   2.5354746E-03   2.6320957E-03
   6.5217391E-01   2.3636333E+05   1.1453611E+05   3.5089944E+05   1.8748775E-03   1.6330861E-03   1.1419121E-03
   6.6666667E-01   2.3017075E+05   1.0924586E+05   3.3941662E+05   1.4923144E-03   2.2876866E-03   1.6144856E-03
   6.8115942E-01   2.2522514E+05   1.0613150E+05   3.3135664E+05   2.4943102E-04   5.3141984E-04   1.7348951E-04
   6.9565217E-01   2.1578131E+05   1.0216816E+05   3.1794947E+05   2.2486200E-03   1.1809836E-03   1.8152856E-03
   7.1014493E-01   2.0519200E+05   9.8134633E+04   3.0332663E+05   1.9979853E-03   2.1863260E-03   1.5766304E-03
   7.2463768E-01   1.9890588E+05   9.6384106E+04   2.9528999E+05   1.3016000E-03   3.1329924E-03   1.3998218E-03
   7.3913043E-01   1.9233140E+05   9.2087293E+04   2.8441869E+05   1.5613362E-03   3.2266081E-03   1.5480546E-03
   7.5362319E-01   1.8509176E+05   8.6513129E+04   2.7160489E+05   3.1869028E-03   3.0434538E-03   1.8576038E-03
   7.6811594E-01   1.7489420E+05   8.3093691E+04   2.5798790E+05   1.2097037E-03   1.8986981E-03   2.1587365E-04
   7.8260870E-01   1.7202026E+05   8.3505389E+04   2.5552565E+05   1.6055835E-03   4.2839470E-04   9.7209465E-04
   7.9710145E-01   1.6369868E+05   8.0251203E+04   2.4394988E+05   2.7764740E-03   3.0639448E-03   1.9810110E-03
   8.1159420E-01   1.5677031E+05   7.5124180E+04   2.3189449E+05   3.6904400E-03   2.5694394E-03   2.7396117E-03
   8.2608696E-01   1.5064337E+05   7.2716134E+04   2.2335950E+05   8.2792684E-04   4.1166876E-03   1.3827050E-03
   8.4057971E-01   1.4112193E+05   6.7974206E+04   2.0909613E+05   4.2488869E-03   3.0616050E-03   3.8034363E-03
   8.5507246E-01   1.3174344E+05   6.2956360E+04   1.9469980E+05   1.2856507E-03   2.1758662E-03   1.1327661E-03
   8.6956522E-01   1.2322061E+05   5.9595990E+04   1.8281660E+05   2.1574305E-03   6.2409105E-03   3.4814086E-03
   8.8405797E-01   1.1614489E+05   5.4395556E+04   1.7054044E+05   3.2022461E-03   1.7079084E-03   2.7206113E-03
   8.9855072E-01   1.0549650E+05   5.2626035E+04   1.5812254E+05   1.3655891E-03   1.3035516E-03   6.9202551E-04
   9.1304348E-01   9.6942185E+04   4.5043236E+04   1.4198542E+05   2.1952505E-03   1.7093367E-03   9.8636089E-04
   9.2753623E-01   8.7980333E+04   4.2693726E+04   1.3067406E+05   1.1221586E-03   2.3439444E-03   8.6057078E-04
   9.4202899E-01   7.5971846E+04   3.5998321E+04   1.1197017E+05   2.0289481E-03   2.0897838E-03   2.0300961E-03
   9.5652174E-01   6.2318102E+04   3.0826106E+04   9.3144208E+04   1.5633362E-03   1.0834150E-03   8.6587813E-04
   9.7101449E-01   4.7081460E+04   2.1714245E+04   6.8795705E+04   1.3569781E-04   3.0347978E-03   9.9132457E-04
   9.8550725E-01   2.5997054E+04   1.2536085E+04   3.8533139E+04   8.8562445E-03   5.4731432E-03   6.7184300E-03
   1.0000000E+00   9.2569709E+03   4.5300070E+03   1.3786978E+04   1.6150720E-02   7.8282194E-03   1.0279533E-02
