   0.0000000E+00   3.7397318E+10   1.8736349E+10   5.6133667E+10   2.2337926E-07   2.5873098E-07   1.0948165E-07
   1.4492754E-02   7.7971105E+05   3.7053324E+05   1.1502443E+06   3.9215475E-03   4.3469831E-03   3.9240379E-03
   2.8985507E-02   7.9751786E+05   4.0766234E+05   1.2051802E+06   7.9260805E-03   9.3583602E-03   6.7578704E-03
   4.3478261E-02   8.0926278E+05   3.7710029E+05   1.1863631E+06   1.2785679E-02   9.7273013E-03   1.1788725E-02
   5.7971014E-02   8.0376919E+05   4.0501026E+05   1.2087794E+06   1.8331412E-02   1.9003518E-02   1.8476285E-02
   7.2463768E-02   8.2472061E+05   3.9872104E+05   1.2234417E+06   2.5172730E-02   2.6604175E-02   2.5619131E-02
   8.6956522E-02   8.9450816E+05   4.4769609E+05   1.3422042E+06   3.9841220E-02   4.1999663E-02   4.0561150E-02
   1.0144928E-01   9.0008293E+05   4.6070390E+05   1.3607868E+06   4.5567936E-02   5.1434103E-02   4.7503184E-02
   1.1594203E-01   9.2936404E+05   4.5198993E+05   1.3813540E+06   4.8825376E-02   5.2157949E-02   4.9913693E-02
   1.3043478E-01   9.2561746E+05   4.6348227E+05   1.3890997E+06   5.2426874E-02   5.1856302E-02   5.2236477E-02
   1.4492754E-01   9.1466395E+05   4.6153741E+05   1.3762014E+06   4.2348107E-02   4.2502185E-02   4.2399775E-02
   1.5942029E-01   8.7656357E+05   4.4251822E+05   1.3190818E+06   3.0490321E-02   3.3428383E-02   3.1473638E-02
   1.7391304E-01   8.2157600E+05   4.1246134E+05   1.2340373E+06   2.4466033E-02   2.4163267E-02   2.4360709E-02
   1.8840580E-01   7.4899357E+05   3.6837660E+05   1.1173702E+06   1.5116132E-02   1.5374181E-02   1.5188553E-02
   2.0289855E-01   6.7909444E+05   3.4352534E+05   1.0226198E+06   7.4249522E-03   8.9010484E-03   7.9204076E-03
   2.1739130E-01   6.2255646E+05   3.0920708E+05   9.3176354E+05   3.9311040E-03   7.4915502E-03   5.0840989E-03
   2.3188406E-01   5.5480533E+05   2.7373238E+05   8.2853771E+05   4.9217454E-03   2.5450959E-03   3.6177937E-03
   2.4637681E-01   5.0220113E+05   2.5054341E+05   7.5274454E+05   5.0447168E-03   1.8594087E-03   3.9842438E-03
   2.6086957E-01   4.5674683E+05   2.2820503E+05   6.8495187E+05   3.1776954E-04   1.3084054E-03   4.6039962E-04
   2.7536232E-01   4.1854982E+05   2.1188711E+05   6.3043692E+05   4.9069970E-04   4.0701202E-03   1.6902563E-03
   2.8985507E-01   3.9000707E+05   1.9413214E+05   5.8413921E+05   2.1955569E-03   3.1473008E-03   2.5001461E-03
   3.0434783E-01   3.6872910E+05   1.7749080E+05   5.4621990E+05   2.4807446E-03   3.6334141E-03   2.8385551E-03
   3.1884058E-01   3.4676786E+05   1.6801089E+05   5.1477875E+05   1.2922740E-03   1.9823577E-03   4.1889432E-04
   3.3333333E-01   3.1535024E+05   1.5968477E+05   4.7503501E+05   2.5946084E-03   1.7891142E-03   2.3010369E-03
   3.4782609E-01   3.0467329E+05   1.4971614E+05   4.5438943E+05   1.3288333E-03   2.6985041E-03   1.7613155E-03
   3.6231884E-01   2.8639416E+05   1.4230295E+05   4.2869711E+05   3.7620339E-03   2.0954436E-03   2.0205657E-03
   3.7681159E-01   2.7246463E+05   1.3432340E+05   4.0678802E+05   2.2936378E-03   1.9972134E-03   1.0006483E-03
   3.9130435E-01   2.5667629E+05   1.2738396E+05   3.8406024E+05   2.7264490E-03   3.7513503E-03   2.9668656E-03
   4.0579710E-01   2.3809169E+05   1.2145437E+05   3.5954606E+05   2.2502890E-03   2.8894210E-03   1.9395746E-03
   4.2028986E-01   2.2849680E+05   1.1316405E+05   3.4166086E+05   3.7350049E-03   3.8514754E-03   2.1656661E-03
   4.3478261E-01   2.2396171E+05   1.0792696E+05   3.3188867E+05   3.2337595E-03   5.4924373E-03   3.6055151E-03
   4.4927536E-01   2.1104189E+05   1.0256333E+05   3.1360521E+05   1.0531452E-03   3.2185354E-03   4.2698307E-04
   4.6376812E-01   1.9514088E+05   9.9808129E+04   2.9494900E+05   1.7594632E-03   3.9507415E-03   1.7602057E-03
   4.7826087E-01   1.9078891E+05   9.1777986E+04   2.8256690E+05   3.2957472E-03   5.5305643E-03   4.0147351E-03
   4.9275362E-01   1.8136650E+05   9.1708425E+04   2.7307493E+05   3.9784918E-04   2.0620693E-03   9.5490951E-04
   5.0724638E-01   1.7514542E+05   8.6338683E+04   2.6148410E+05   2.7466359E-03   2.7517009E-03   9.3169621E-04
   5.2173913E-01   1.6411314E+05   8.2130237E+04   2.4624337E+05   2.3780102E-03   1.8857177E-03   2.1951623E-03
   5.3623188E-01   1.5857176E+05   7.9009409E+04   2.3758117E+05   1.4035047E-03   8.1765465E-03   1.8008136E-03
   5.5072464E-01   1.5190626E+05   7.4976051E+04   2.2688232E+05   7.7298893E-04   2.7650894E-03   8.3996829E-04
   5.6521739E-01   1.4764208E+05   7.2567859E+04   2.2020994E+05   2.8684465E-03   9.4399001E-04   1.9470965E-03
   5.7971014E-01   1.4349638E+05   6.9010869E+04   2.1250725E+05   1.7641015E-03   1.7047564E-03   6.6854854E-04
   5.9420290E-01   1.3602298E+05   6.4980541E+04   2.0100352E+05   7.9232982E-04   1.9986990E-03   1.0997587E-04
   6.0869565E-01   1.2834616E+05   6.3379261E+04   1.9172542E+05   3.5315527E-03   4.1641013E-03   3.4247230E-03
   6.2318841E-01   1.2379303E+05   6.1834838E+04   1.8562787E+05   2.5739782E-04   4.5750843E-03   1.6623989E-03
   6.3768116E-01   1.2165118E+05   6.0773926E+04   1.8242511E+05   1.6610232E-03   2.5614786E-03   1.5740053E-03
   6.5217391E-01   1.1421618E+05   5.6190385E+04   1.7040656E+05   2.0433823E-03   5.1287636E-03   1.9229736E-03
   6.6666667E-01   1.1026716E+05   5.3865195E+04   1.6413235E+05   4.0833424E-03   4.4455555E-03   1.3129545E-03
   6.8115942E-01   1.0335851E+05   5.0848968E+04   1.5420748E+05   3.4671335E-03   6.0804787E-03   4.2228949E-03
   6.9565217E-01   1.0044747E+05   5.0673641E+04   1.5112111E+05   4.2928290E-03   3.2416665E-03   3.4181752E-03
   7.1014493E-01   9.6371735E+04   4.7443595E+04   1.4381533E+05   4.2346401E-03   3.1369819E-03   3.5950768E-03
   7.2463768E-01   9.2155936E+04   4.5903688E+04   1.3805962E+05   3.4955305E-03   1.9491189E-03   2.6385247E-03
   7.3913043E-01   8.8372898E+04   4.2878982E+04   1.3125188E+05   4.2906173E-03   3.0740992E-03   2.0553226E-03
   7.5362319E-01   8.3919338E+04   4.0189188E+04   1.2410853E+05   3.3611205E-03   2.0734004E-03   1.8890803E-03
   7.6811594E-01   7.8461489E+04   3.9373714E+04   1.1783520E+05   2.4825317E-03   3.0534346E-03   2.0187087E-03
   7.8260870E-01   7.5464961E+04   3.7550062E+04   1.1301502E+05   1.4121969E-03   2.3564838E-03   1.6924225E-03
   7.9710145E-01   7.1475235E+04   3.4139482E+04   1.0561472E+05   6.9110671E-04   1.5238045E-03   9.5444786E-04
   8.1159420E-01   6.7235600E+04   3.3705751E+04   1.0094135E+05   2.4596756E-03   8.2054740E-03   1.4188469E-03
   8.2608696E-01   6.4181627E+04   2.9977127E+04   9.4158753E+04   3.9143802E-03   4.6707532E-03   3.5661861E-03
   8.4057971E-01   5.9338621E+04   2.8872381E+04   8.8211002E+04   4.9549829E-03   3.8592081E-03   3.7368449E-03
   8.5507246E-01   5.7279756E+04   2.8370175E+04   8.5649931E+04   1.4398443E-04   2.2526940E-03   7.6675846E-04
   8.6956522E-01   5.2687957E+04   2.5194745E+04   7.7882702E+04   2.6555412E-03   2.9440058E-03   9.1203069E-04
   8.8405797E-01   4.7787099E+04   2.3912182E+04   7.1699281E+04   2.7738411E-03   3.6823209E-03   2.1443004E-03
   8.9855072E-01   4.5109776E+04   2.1412172E+04   6.6521948E+04   8.2616550E-03   1.7563917E-03   5.2086217E-03
   9.1304348E-01   3.9606776E+04   1.9460602E+04   5.9067379E+04   5.0122696E-03   1.2270622E-02   7.1498955E-03
   9.2753623E-01   3.4903246E+04   1.7842331E+04   5.2745577E+04   3.2988002E-03   4.8341641E-03   2.2803861E-03
   9.4202899E-01   2.9971400E+04   1.4490257E+04   4.4461657E+04   4.3661723E-03   2.2114104E-03   2.8029695E-03
   9.5652174E-01   2.4695327E+04   1.2502655E+04   3.7197983E+04   6.2805409E-03   1.2125840E-03   4.4886097E-03
   9.7101449E-01   1.7461872E+04   8.6856981E+03   2.6147570E+04   8.2088440E-03   5.8833536E-03   6.9441165E-03
   9.8550725E-01   9.7168587E+03   4.3346996E+03   1.4051558E+04   8.6595014E-03   1.4641306E-02   9.7496964E-03
   1.0000000E+00   3.1731933E+03   1.5537705E+03   4.7269639E+03   1.9420457E-02   3.8325424E-02   2.5373913E-02
