   0.0000000E+00   3.5678492E+10   1.7922552E+10   5.3601044E+10   4.7248307E-07   1.0227879E-06   6.4798292E-07
   1.4492754E-02   1.5442674E+06   7.3197364E+05   2.2762410E+06   1.5715412E-03   9.0286769E-03   3.9690315E-03
   2.8985507E-02   1.5147156E+06   7.4599177E+05   2.2607074E+06   4.3562981E-03   4.3940366E-03   4.0110122E-03
   4.3478261E-02   1.4912258E+06   7.2414369E+05   2.2153695E+06   2.6657279E-03   1.8865486E-03   2.2587581E-03
   5.7971014E-02   1.5092220E+06   7.2155476E+05   2.2307768E+06   4.7421280E-03   5.6186520E-03   3.4829560E-03
   7.2463768E-02   1.5030465E+06   7.3242828E+05   2.2354748E+06   4.1313428E-03   6.9726863E-03   5.0617360E-03
   8.6956522E-02   1.4563699E+06   7.2831124E+05   2.1846811E+06   6.0226701E-03   2.7829879E-03   4.5078481E-03
   1.0144928E-01   1.4271429E+06   7.2114883E+05   2.1482917E+06   7.1305342E-03   6.3673894E-03   6.6512725E-03
   1.1594203E-01   1.4329748E+06   7.0185360E+05   2.1348284E+06   9.2778229E-03   8.7277603E-03   8.9696620E-03
   1.3043478E-01   1.4035809E+06   7.0233771E+05   2.1059186E+06   7.9085919E-03   1.0545047E-02   8.7851574E-03
   1.4492754E-01   1.3771864E+06   6.7627999E+05   2.0534664E+06   1.2123246E-02   1.3662386E-02   1.2537638E-02
   1.5942029E-01   1.3785986E+06   6.6508615E+05   2.0436847E+06   1.4378023E-02   1.2297330E-02   1.3621661E-02
   1.7391304E-01   1.3405625E+06   6.6213557E+05   2.0026981E+06   1.5360011E-02   1.0971431E-02   1.3832442E-02
   1.8840580E-01   1.2929319E+06   6.3713998E+05   1.9300719E+06   1.5158602E-02   1.7383256E-02   1.5863092E-02
   2.0289855E-01   1.2657991E+06   6.1376671E+05   1.8795658E+06   1.8073476E-02   1.7207759E-02   1.7785975E-02
   2.1739130E-01   1.2134395E+06   5.9098410E+05   1.8044236E+06   2.0430028E-02   1.7205699E-02   1.9342506E-02
   2.3188406E-01   1.1605211E+06   5.7616403E+05   1.7366851E+06   2.1288781E-02   1.9906706E-02   2.0827562E-02
   2.4637681E-01   1.1003228E+06   5.4601614E+05   1.6463390E+06   1.8925561E-02   1.7874920E-02   1.8576136E-02
   2.6086957E-01   1.0558640E+06   5.1382966E+05   1.5696936E+06   2.3029870E-02   2.0541903E-02   2.2214622E-02
   2.7536232E-01   1.0042005E+06   4.8878004E+05   1.4929806E+06   2.4633402E-02   1.9036515E-02   2.2800703E-02
   2.8985507E-01   9.3887364E+05   4.6301500E+05   1.4018886E+06   2.3397732E-02   2.5295918E-02   2.3999728E-02
   3.0434783E-01   8.7623227E+05   4.4291513E+05   1.3191474E+06   2.7035476E-02   2.4705334E-02   2.6253038E-02
   3.1884058E-01   8.2569189E+05   4.0270261E+05   1.2283945E+06   2.8398513E-02   2.3839555E-02   2.6893644E-02
   3.3333333E-01   7.8030406E+05   3.7876951E+05   1.1590736E+06   2.8995557E-02   2.4944224E-02   2.7643660E-02
   3.4782609E-01   7.1555601E+05   3.4473862E+05   1.0602946E+06   3.0963858E-02   2.8248005E-02   3.0080453E-02
   3.6231884E-01   6.5247190E+05   3.2285645E+05   9.7532835E+05   3.1972179E-02   3.0239620E-02   3.1368852E-02
   3.7681159E-01   6.0752996E+05   2.9746994E+05   9.0499989E+05   3.3497219E-02   3.1426903E-02   3.2799876E-02
   3.9130435E-01   5.5979902E+05   2.7800517E+05   8.3780419E+05   3.5449633E-02   3.0348645E-02   3.3756696E-02
   4.0579710E-01   5.1691173E+05   2.5227219E+05   7.6918392E+05   3.3597703E-02   3.2824642E-02   3.3327506E-02
   4.2028986E-01   4.6924804E+05   2.3097904E+05   7.0022708E+05   3.8768159E-02   3.2502674E-02   3.6695664E-02
   4.3478261E-01   4.1920519E+05   2.1067606E+05   6.2988125E+05   4.0491822E-02   3.4961356E-02   3.8590406E-02
   4.4927536E-01   3.9277648E+05   1.9659600E+05   5.8937248E+05   4.1858497E-02   3.7031642E-02   4.0245918E-02
   4.6376812E-01   3.5322369E+05   1.7432680E+05   5.2755049E+05   4.2968987E-02   3.3009110E-02   3.9671018E-02
   4.7826087E-01   3.2376022E+05   1.6002021E+05   4.8378043E+05   4.0803405E-02   3.8478093E-02   4.0034045E-02
   4.9275362E-01   2.9337781E+05   1.4615403E+05   4.3953185E+05   4.2409174E-02   4.1870014E-02   4.2229801E-02
   5.0724638E-01   2.6364907E+05   1.3106680E+05   3.9471586E+05   3.9901102E-02   4.2214512E-02   4.0626235E-02
   5.2173913E-01   2.4161276E+05   1.1942772E+05   3.6104048E+05   4.1756030E-02   4.0373197E-02   4.1297752E-02
   5.3623188E-01   2.1450092E+05   1.0759861E+05   3.2209953E+05   4.3782415E-02   3.7107907E-02   4.1550392E-02
   5.5072464E-01   2.0068058E+05   9.7309343E+04   2.9798992E+05   4.2761669E-02   4.1469061E-02   4.2338216E-02
   5.6521739E-01   1.8236196E+05   8.7975172E+04   2.7033713E+05   4.4212793E-02   3.8533758E-02   4.2336087E-02
   5.7971014E-01   1.6702411E+05   7.9410804E+04   2.4643491E+05   3.7911055E-02   4.0508545E-02   3.8712163E-02
   5.9420290E-01   1.4881209E+05   7.1412062E+04   2.2022415E+05   4.2698439E-02   3.7698271E-02   4.1071159E-02
   6.0869565E-01   1.3558074E+05   6.7853516E+04   2.0343426E+05   4.2502657E-02   3.7679645E-02   4.0891094E-02
   6.2318841E-01   1.2407498E+05   6.1570511E+04   1.8564549E+05   4.0030295E-02   4.1766272E-02   4.0599270E-02
   6.3768116E-01   1.1257556E+05   5.6124178E+04   1.6869974E+05   3.9831037E-02   3.5362050E-02   3.8283814E-02
   6.5217391E-01   1.0620101E+05   5.0987260E+04   1.5718827E+05   4.0812619E-02   3.9082808E-02   4.0226348E-02
   6.6666667E-01   9.4799448E+04   4.7078510E+04   1.4187796E+05   3.9851948E-02   4.1090421E-02   4.0129923E-02
   6.8115942E-01   8.8719680E+04   4.2030203E+04   1.3074988E+05   3.9944394E-02   3.4798292E-02   3.8268353E-02
   6.9565217E-01   7.8473105E+04   4.0049541E+04   1.1852265E+05   3.7446815E-02   3.8326805E-02   3.7717164E-02
   7.1014493E-01   7.5325212E+04   3.5876512E+04   1.1120172E+05   3.9726384E-02   3.6979032E-02   3.8828025E-02
   7.2463768E-01   6.7499184E+04   3.4583102E+04   1.0208229E+05   3.6349722E-02   3.1292739E-02   3.4635326E-02
   7.3913043E-01   6.2981290E+04   2.9700306E+04   9.2681597E+04   3.5085436E-02   3.3878292E-02   3.4684945E-02
   7.5362319E-01   5.8243722E+04   2.8152832E+04   8.6396554E+04   3.6315412E-02   3.0196880E-02   3.4321291E-02
   7.6811594E-01   5.4342587E+04   2.5991798E+04   8.0334385E+04   3.6356689E-02   3.1497786E-02   3.4778265E-02
   7.8260870E-01   4.8481116E+04   2.3868706E+04   7.2349821E+04   3.3405056E-02   3.1843995E-02   3.2871188E-02
   7.9710145E-01   4.4775350E+04   2.1299289E+04   6.6074639E+04   3.5789095E-02   4.2553158E-02   3.7927721E-02
   8.1159420E-01   4.0633630E+04   1.9430534E+04   6.0064163E+04   3.7269807E-02   2.7493453E-02   3.4017168E-02
   8.2608696E-01   3.8724333E+04   1.7959689E+04   5.6684021E+04   3.7405950E-02   3.5447375E-02   3.6755888E-02
   8.4057971E-01   3.3510252E+04   1.7088269E+04   5.0598520E+04   3.7684343E-02   3.5468855E-02   3.6936106E-02
   8.5507246E-01   3.1735040E+04   1.5373065E+04   4.7108104E+04   3.3249730E-02   4.0878180E-02   3.5739073E-02
   8.6956522E-01   2.9741165E+04   1.3677147E+04   4.3418312E+04   3.3638097E-02   3.2950562E-02   3.3386517E-02
   8.8405797E-01   2.5887266E+04   1.2397069E+04   3.8284335E+04   4.4783799E-02   3.8426716E-02   4.2672534E-02
   8.9855072E-01   2.3648717E+04   1.1280499E+04   3.4929217E+04   4.9443579E-02   3.0429200E-02   4.3274952E-02
   9.1304348E-01   2.1481234E+04   1.0403845E+04   3.1885079E+04   5.2502923E-02   5.9626361E-02   5.4790999E-02
   9.2753623E-01   1.8280398E+04   8.9389249E+03   2.7219322E+04   5.5715717E-02   4.1956274E-02   5.1154985E-02
   9.4202899E-01   1.7497889E+04   7.8105166E+03   2.5308405E+04   5.5462807E-02   4.8736193E-02   5.3371716E-02
   9.5652174E-01   1.4948078E+04   7.2673837E+03   2.2215462E+04   5.9310431E-02   5.5709792E-02   5.8106762E-02
   9.7101449E-01   1.2847595E+04   5.9035604E+03   1.8751156E+04   6.4200852E-02   7.2519068E-02   6.6691076E-02
   9.8550725E-01   9.7391450E+03   4.7469975E+03   1.4486142E+04   8.4815321E-02   5.5993878E-02   7.5311770E-02
   1.0000000E+00   7.3749390E+03   2.8011638E+03   1.0176103E+04   6.4161601E-02   7.0096167E-02   6.5578159E-02
