   0.0000000E+00   3.4589989E+10   1.7390621E+10   5.1980609E+10   8.7557491E-08   1.6473156E-07   1.1069437E-07
   1.4492754E-02   9.3125838E+05   4.6221938E+05   1.3934778E+06   1.1635126E-03   4.5259418E-03   1.0507903E-03
   2.8985507E-02   9.3163725E+05   4.5918843E+05   1.3908257E+06   3.2059011E-04   2.9838950E-03   8.8874553E-04
   4.3478261E-02   9.5500080E+05   4.5868327E+05   1.4136841E+06   3.7659299E-03   5.4959047E-04   2.6925179E-03
   5.7971014E-02   9.5512709E+05   4.7301713E+05   1.4281442E+06   1.4312614E-03   2.8681467E-03   1.9070595E-03
   7.2463768E-02   9.5747607E+05   4.7555554E+05   1.4330316E+06   4.8114444E-04   1.7411703E-03   4.3474581E-04
   8.6956522E-02   9.5866319E+05   4.8444632E+05   1.4431095E+06   1.1286457E-03   1.2918420E-03   5.0878370E-04
   1.0144928E-01   1.0076815E+06   5.0670935E+05   1.5143909E+06   1.5164138E-03   1.2672592E-03   1.1214517E-03
   1.1594203E-01   1.0183034E+06   5.0938849E+05   1.5276919E+06   3.6693559E-04   5.8374140E-04   6.7171102E-05
   1.3043478E-01   1.0465186E+06   5.2780570E+05   1.5743243E+06   6.8412712E-04   7.7259952E-04   7.1377950E-04
   1.4492754E-01   1.0467375E+06   5.3640180E+05   1.5831393E+06   6.8465568E-04   8.2912884E-04   7.2725439E-04
   1.5942029E-01   1.0564916E+06   5.2208058E+05   1.5785722E+06   4.6910724E-04   5.3500912E-04   2.5736021E-04
   1.7391304E-01   1.0690402E+06   5.2883706E+05   1.5978772E+06   4.9116226E-04   8.1215647E-04   2.1999795E-04
   1.8840580E-01   1.0468424E+06   5.1928278E+05   1.5661252E+06   2.4958651E-04   8.5267962E-04   3.7300269E-04
   2.0289855E-01   1.0228363E+06   5.0135106E+05   1.5241873E+06   8.7275824E-04   3.1019393E-04   5.6731177E-04
   2.1739130E-01   9.9349382E+05   4.9268039E+05   1.4861742E+06   8.6232400E-04   5.9449699E-04   4.8087055E-04
   2.3188406E-01   9.5029652E+05   4.7107542E+05   1.4213719E+06   6.9132490E-04   2.5462650E-04   5.2416537E-04
   2.4637681E-01   9.1053206E+05   4.4581661E+05   1.3563487E+06   7.2218752E-04   5.0545130E-04   3.9467529E-04
   2.6086957E-01   8.6238854E+05   4.2361690E+05   1.2860054E+06   1.7990265E-04   9.2329420E-04   2.4490439E-04
   2.7536232E-01   8.1157587E+05   3.9378379E+05   1.2053597E+06   2.3511139E-04   6.6617592E-04   7.1292071E-05
   2.8985507E-01   7.6254831E+05   3.8083846E+05   1.1433868E+06   4.7118219E-04   1.0324701E-03   5.3403122E-04
   3.0434783E-01   7.2854578E+05   3.6425485E+05   1.0928006E+06   5.5960088E-04   4.4101633E-04   2.7038103E-04
   3.1884058E-01   6.9994204E+05   3.3753725E+05   1.0374793E+06   6.2962458E-04   7.3462823E-04   2.0963701E-04
   3.3333333E-01   6.7003690E+05   3.1871064E+05   9.8874754E+05   3.3233033E-04   5.6873729E-04   3.2487484E-04
   3.4782609E-01   6.2585893E+05   3.0981959E+05   9.3567852E+05   7.4965979E-04   3.0773486E-04   5.1151981E-04
   3.6231884E-01   6.0240066E+05   2.9463833E+05   8.9703900E+05   5.1895099E-04   4.2530904E-04   4.8185273E-04
   3.7681159E-01   5.7969771E+05   2.8633704E+05   8.6603474E+05   1.1021481E-03   1.5734694E-03   7.8960007E-04
   3.9130435E-01   5.4980813E+05   2.7037167E+05   8.2017980E+05   1.0140465E-03   7.0053733E-04   8.1728367E-04
   4.0579710E-01   5.3120048E+05   2.6480191E+05   7.9600239E+05   1.3379528E-03   1.6985559E-04   9.4804126E-04
   4.2028986E-01   5.1374547E+05   2.5162084E+05   7.6536631E+05   2.3709270E-04   7.7652906E-04   3.1441847E-04
   4.3478261E-01   4.9530721E+05   2.4596133E+05   7.4126854E+05   1.2980091E-03   1.4067271E-03   7.0273510E-04
   4.4927536E-01   4.7341433E+05   2.3260072E+05   7.0601504E+05   1.1663488E-03   1.1157412E-03   8.3914595E-04
   4.6376812E-01   4.7128854E+05   2.2935742E+05   7.0064596E+05   3.4364120E-04   4.8147065E-04   2.2463563E-04
   4.7826087E-01   4.4729426E+05   2.1646011E+05   6.6375437E+05   6.0105345E-04   3.0802964E-04   3.5709486E-04
   4.9275362E-01   4.3601060E+05   2.1370403E+05   6.4971463E+05   9.2193688E-04   1.6025521E-03   8.6871221E-04
   5.0724638E-01   4.1794591E+05   2.0279199E+05   6.2073789E+05   8.8361403E-04   1.7968336E-03   1.0168963E-03
   5.2173913E-01   4.0543122E+05   1.9970571E+05   6.0513694E+05   9.0544394E-04   8.5109274E-04   4.1423943E-04
   5.3623188E-01   3.8890323E+05   1.9322285E+05   5.8212609E+05   1.4024819E-03   1.0867029E-03   1.2949725E-03
   5.5072464E-01   3.7523918E+05   1.8744013E+05   5.6267931E+05   3.3790015E-04   1.3068110E-03   4.8953960E-04
   5.6521739E-01   3.6346103E+05   1.7426001E+05   5.3772104E+05   4.8570220E-04   3.6000267E-04   2.1494100E-04
   5.7971014E-01   3.5119201E+05   1.7005506E+05   5.2124706E+05   7.9422907E-04   1.1044139E-03   2.7234207E-04
   5.9420290E-01   3.3397706E+05   1.6198932E+05   4.9596638E+05   1.1068335E-03   1.2698145E-03   3.7833880E-04
   6.0869565E-01   3.1902519E+05   1.5540819E+05   4.7443337E+05   2.1358391E-03   8.7813416E-04   1.3906293E-03
   6.2318841E-01   3.0919181E+05   1.4937986E+05   4.5857167E+05   4.9367525E-04   5.5090218E-04   5.0440594E-04
   6.3768116E-01   2.9007538E+05   1.4545100E+05   4.3552638E+05   7.7140844E-04   6.0681165E-04   6.9027708E-04
   6.5217391E-01   2.7426700E+05   1.3649363E+05   4.1076064E+05   2.9234335E-04   1.4006258E-03   4.4537114E-04
   6.6666667E-01   2.6683862E+05   1.2944119E+05   3.9627981E+05   1.5659818E-03   1.1294340E-03   1.3919057E-03
   6.8115942E-01   2.5279386E+05   1.2117338E+05   3.7396724E+05   5.2511076E-04   2.6981663E-03   5.2646883E-04
   6.9565217E-01   2.3537196E+05   1.1617051E+05   3.5154246E+05   1.4561878E-03   1.2913704E-03   5.7753660E-04
   7.1014493E-01   2.2124365E+05   1.0827903E+05   3.2952267E+05   1.1250517E-03   1.7991250E-03   1.3410036E-03
   7.2463768E-01   2.1013554E+05   1.0540117E+05   3.1553671E+05   1.1326203E-03   2.5378418E-03   1.6020081E-03
   7.3913043E-01   2.0270199E+05   9.7822320E+04   3.0052431E+05   9.8962983E-04   1.0521916E-03   1.0052635E-03
   7.5362319E-01   1.8821013E+05   9.1554992E+04   2.7976513E+05   2.0458342E-03   1.4288892E-03   1.7415229E-03
   7.6811594E-01   1.7342162E+05   8.4266038E+04   2.5768766E+05   1.0282401E-03   4.1291895E-03   7.7074914E-04
   7.8260870E-01   1.5937728E+05   7.9478159E+04   2.3885544E+05   3.1046704E-03   2.0984976E-03   2.6219475E-03
   7.9710145E-01   1.4633962E+05   7.0469512E+04   2.1680913E+05   2.7357583E-03   3.1599834E-03   2.8621552E-03
   8.1159420E-01   1.3812457E+05   6.5016514E+04   2.0314109E+05   1.7721145E-03   2.5764838E-03   1.7771888E-03
   8.2608696E-01   1.2942674E+05   6.0406237E+04   1.8983298E+05   2.9740008E-03   1.0008740E-03   2.3413923E-03
   8.4057971E-01   1.1582920E+05   5.4648492E+04   1.7047769E+05   4.2534976E-03   2.7700713E-03   3.6513564E-03
   8.5507246E-01   1.0563363E+05   5.0383068E+04   1.5601670E+05   3.1245951E-03   4.5478542E-03   3.5672584E-03
   8.6956522E-01   9.6598798E+04   4.6752353E+04   1.4335115E+05   2.5141273E-03   5.2420519E-03   3.0801253E-03
   8.8405797E-01   8.6295029E+04   4.2035753E+04   1.2833078E+05   4.6076533E-03   5.2448097E-03   4.8064980E-03
   8.9855072E-01   7.6763615E+04   3.7214648E+04   1.1397826E+05   3.9164694E-03   9.0363154E-03   5.4645363E-03
   9.1304348E-01   6.7029628E+04   3.1608445E+04   9.8638072E+04   5.3265727E-03   6.6813500E-03   4.7193901E-03
   9.2753623E-01   5.9695443E+04   2.8048097E+04   8.7743540E+04   7.2158786E-03   7.3069631E-03   7.2259624E-03
   9.4202899E-01   4.9474377E+04   2.2487293E+04   7.1961670E+04   1.0430450E-02   5.5594458E-03   8.7266553E-03
   9.5652174E-01   3.7450562E+04   1.9173034E+04   5.6623596E+04   1.0375820E-02   1.1121669E-02   1.0544430E-02
   9.7101449E-01   2.6328522E+04   1.2429144E+04   3.8757666E+04   1.8326921E-02   1.9479403E-02   1.8619736E-02
   9.8550725E-01   1.6603348E+04   7.8002306E+03   2.4403579E+04   2.5458905E-02   3.4725346E-02   2.8414419E-02
   1.0000000E+00   8.6223322E+03   4.0704411E+03   1.2692773E+04   5.3293177E-02   7.8341174E-02   6.1259646E-02
