   0.0000000E+00   3.9095582E+10   1.9594131E+10   5.8689713E+10   2.4210632E-07   4.9450810E-07   2.3057765E-07
   1.4492754E-02   5.8951914E+05   2.9097089E+05   8.8049003E+05   3.1897894E-03   1.2148148E-02   6.1463131E-03
   2.8985507E-02   5.8421498E+05   2.7581615E+05   8.6003114E+05   9.2941929E-04   1.1010148E-02   3.9166270E-03
   4.3478261E-02   5.8648819E+05   3.1067204E+05   8.9716023E+05   8.4546310E-03   8.7881413E-03   7.4611596E-03
   5.7971014E-02   6.1414558E+05   2.9305466E+05   9.0720024E+05   1.8105818E-02   1.9192442E-02   1.8443236E-02
   7.2463768E-02   6.2649669E+05   3.1446072E+05   9.4095741E+05   2.1225453E-02   1.6309503E-02   1.9536900E-02
   8.6956522E-02   6.1313527E+05   3.0334725E+05   9.1648252E+05   2.2511421E-02   2.6019947E-02   2.3544258E-02
   1.0144928E-01   6.1950386E+05   3.1229576E+05   9.3179963E+05   2.3524173E-02   3.2649029E-02   2.6487695E-02
   1.1594203E-01   6.1300898E+05   3.0451543E+05   9.1752441E+05   3.1088169E-02   2.4971451E-02   2.8999173E-02
   1.3043478E-01   5.8564626E+05   2.8928703E+05   8.7493329E+05   2.7750613E-02   2.4055508E-02   2.6489354E-02
   1.4492754E-01   5.4844981E+05   2.8134763E+05   8.2979744E+05   2.4625371E-02   2.9451285E-02   2.6245968E-02
   1.5942029E-01   5.1395213E+05   2.5397956E+05   7.6793169E+05   2.4272461E-02   2.2550706E-02   2.3696707E-02
   1.7391304E-01   4.7674266E+05   2.3698215E+05   7.1372481E+05   2.2073976E-02   2.3163950E-02   2.2411207E-02
   1.8840580E-01   4.1360765E+05   2.0907704E+05   6.2268469E+05   1.7822818E-02   1.5479162E-02   1.6957850E-02
   2.0289855E-01   3.7296882E+05   1.7698564E+05   5.4995446E+05   1.8948812E-02   1.9562297E-02   1.9021314E-02
   2.1739130E-01   3.1355144E+05   1.5962986E+05   4.7318130E+05   1.3931734E-02   1.3908045E-02   1.3654627E-02
   2.3188406E-01   2.8017314E+05   1.4122317E+05   4.2139631E+05   1.2003327E-02   9.0151658E-03   1.0969491E-02
   2.4637681E-01   2.4180715E+05   1.1825150E+05   3.6005864E+05   1.2364039E-02   1.5409179E-02   1.3360822E-02
   2.6086957E-01   2.1464996E+05   1.0439928E+05   3.1904924E+05   1.0776246E-02   1.7576424E-02   1.2799855E-02
   2.7536232E-01   1.9182702E+05   9.0130785E+04   2.8195781E+05   8.3490337E-03   8.4890180E-03   7.0674957E-03
   2.8985507E-01   1.6946781E+05   8.5586358E+04   2.5505417E+05   7.7288663E-03   1.0000164E-02   8.4800194E-03
   3.0434783E-01   1.5569685E+05   7.6928315E+04   2.3262516E+05   5.1092618E-03   6.6235636E-03   5.4434794E-03
   3.1884058E-01   1.4149010E+05   6.6543058E+04   2.0803316E+05   2.0724602E-03   3.9436001E-03   2.5781615E-03
   3.3333333E-01   1.2657497E+05   6.4901794E+04   1.9147677E+05   6.5135393E-03   6.9333001E-03   6.6363073E-03
   3.4782609E-01   1.1918567E+05   5.7493271E+04   1.7667894E+05   3.9514379E-03   6.6301863E-03   2.7699045E-03
   3.6231884E-01   1.0850789E+05   5.5466325E+04   1.6397422E+05   2.9919509E-03   2.2790170E-03   2.7382528E-03
   3.7681159E-01   1.0532540E+05   5.1380376E+04   1.5670578E+05   3.5753926E-03   5.5198475E-03   4.2129304E-03
   3.9130435E-01   9.4941600E+04   4.8523212E+04   1.4346481E+05   4.3922590E-03   4.7105649E-03   3.9418503E-03
   4.0579710E-01   9.0630720E+04   4.4381720E+04   1.3501244E+05   5.2809282E-03   2.1155080E-03   3.5292644E-03
   4.2028986E-01   8.1443629E+04   4.2537770E+04   1.2398140E+05   5.9468322E-03   3.8664803E-03   4.2983092E-03
   4.3478261E-01   7.8223684E+04   3.8695087E+04   1.1691877E+05   6.3616030E-03   1.3064390E-03   4.6803263E-03
   4.4927536E-01   7.4771501E+04   3.7813505E+04   1.1258501E+05   5.5621693E-03   3.1585104E-03   2.6333342E-03
   4.6376812E-01   7.1487720E+04   3.6252964E+04   1.0774068E+05   1.7629840E-03   4.8501001E-03   1.8183055E-03
   4.7826087E-01   6.8219263E+04   3.4488500E+04   1.0270776E+05   8.6039510E-04   8.2189151E-03   2.3461109E-03
   4.9275362E-01   6.4697341E+04   3.1713509E+04   9.6410850E+04   5.1629686E-03   4.4697809E-03   4.1347674E-03
   5.0724638E-01   6.1290073E+04   2.8512549E+04   8.9802622E+04   1.2220414E-03   5.8193864E-03   2.5576542E-03
   5.2173913E-01   5.7924760E+04   2.8057306E+04   8.5982065E+04   6.2516307E-03   4.8170420E-03   2.6799590E-03
   5.3623188E-01   5.6133953E+04   2.7790505E+04   8.3924458E+04   3.2648103E-03   7.0504212E-03   7.9831976E-04
   5.5072464E-01   5.2742461E+04   2.6879712E+04   7.9622173E+04   4.2114438E-03   7.0320494E-03   4.4090630E-04
   5.6521739E-01   4.8980876E+04   2.5491039E+04   7.4471916E+04   8.1379227E-04   8.2074855E-04   7.1377942E-04
   5.7971014E-01   4.6922844E+04   2.4020253E+04   7.0943097E+04   2.4371129E-03   6.8923232E-03   2.7934627E-03
   5.9420290E-01   4.6240419E+04   2.3175654E+04   6.9416073E+04   5.3524820E-03   4.2651058E-03   4.1216538E-03
   6.0869565E-01   4.2505420E+04   2.2353232E+04   6.4858652E+04   1.3453389E-03   5.0603240E-03   1.0203935E-03
   6.2318841E-01   4.3014773E+04   2.0811326E+04   6.3826099E+04   2.6385289E-03   3.4943218E-03   2.2616776E-03
   6.3768116E-01   4.0401142E+04   2.0286678E+04   6.0687820E+04   2.5133571E-03   4.4019622E-03   1.7790027E-03
   6.5217391E-01   3.8307799E+04   1.8758193E+04   5.7065992E+04   3.5311513E-03   8.6020258E-03   4.2617770E-03
   6.6666667E-01   3.5432426E+04   1.8498659E+04   5.3931085E+04   3.8266121E-03   1.0378726E-02   3.0118300E-03
   6.8115942E-01   3.6226262E+04   1.6186545E+04   5.2412808E+04   7.2132280E-03   6.0324960E-03   6.1611704E-03
   6.9565217E-01   3.2503747E+04   1.7033289E+04   4.9537036E+04   3.5437693E-03   1.3483889E-02   5.6025063E-03
   7.1014493E-01   3.0201219E+04   1.5402158E+04   4.5603377E+04   4.4262762E-03   1.0042228E-02   2.5681358E-03
   7.2463768E-01   3.0688336E+04   1.5200198E+04   4.5888534E+04   2.6006148E-04   1.9298956E-03   6.9044615E-04
   7.3913043E-01   2.7887681E+04   1.3505542E+04   4.1393224E+04   3.0474501E-03   9.1412571E-03   5.0335011E-03
   7.5362319E-01   2.7220233E+04   1.3041814E+04   4.0262047E+04   4.8246800E-03   3.5495620E-03   4.2301439E-03
   7.6811594E-01   2.5205467E+04   1.3153165E+04   3.8358633E+04   5.9290824E-03   5.6092443E-03   5.4436288E-03
   7.8260870E-01   2.3882738E+04   1.1604597E+04   3.5487335E+04   5.9830692E-03   2.2878819E-03   4.7457041E-03
   7.9710145E-01   2.2070803E+04   1.1889577E+04   3.3960380E+04   1.0909506E-03   8.2549526E-03   2.9539935E-03
   8.1159420E-01   2.1378999E+04   1.0324162E+04   3.1703162E+04   4.1844008E-04   2.8296672E-03   8.8052016E-04
   8.2608696E-01   1.9408694E+04   1.0475377E+04   2.9884071E+04   2.9423755E-03   2.4408914E-03   2.7210070E-03
   8.4057971E-01   1.8891159E+04   9.3541287E+03   2.8245288E+04   1.0418461E-02   1.0846524E-02   8.3961633E-03
   8.5507246E-01   1.7158241E+04   8.5020625E+03   2.5660303E+04   1.1767828E-03   9.5590362E-03   3.9086207E-03
   8.6956522E-01   1.5962986E+04   7.4637063E+03   2.3426692E+04   3.8495712E-03   1.3493576E-02   6.8805975E-03
   8.8405797E-01   1.5291375E+04   7.0183808E+03   2.2309755E+04   4.0969959E-03   1.7219093E-03   2.4360525E-03
   8.9855072E-01   1.2905967E+04   6.6240852E+03   1.9530052E+04   6.9798430E-03   1.1414806E-02   7.5784121E-03
   9.1304348E-01   1.0957113E+04   5.7972870E+03   1.6754400E+04   4.9156294E-03   1.4689294E-02   8.1201810E-03
   9.2753623E-01   1.0004492E+04   4.5227408E+03   1.4527233E+04   5.8145530E-03   7.9841583E-03   4.4954235E-03
   9.4202899E-01   8.3117885E+03   4.1384080E+03   1.2450197E+04   1.6915471E-02   9.3930017E-03   1.4149426E-02
   9.5652174E-01   5.9815275E+03   3.1687170E+03   9.1502445E+03   5.2742744E-03   2.4562415E-02   1.1914622E-02
   9.7101449E-01   4.7726102E+03   2.1940435E+03   6.9666537E+03   2.0507319E-02   3.8401720E-02   2.6142337E-02
   9.8550725E-01   2.6297920E+03   1.3483256E+03   3.9781176E+03   3.4239116E-02   3.9845042E-02   3.4111397E-02
   1.0000000E+00   1.4224660E+03   8.0971140E+02   2.2321774E+03   7.0114550E-02   4.9404238E-02   6.2517592E-02
