   0.0000000E+00   3.4400627E+10   1.7309931E+10   5.1710558E+10   3.2444905E-07   4.6518913E-07   3.1992932E-07
   1.4492754E-02   8.9034060E+05   4.5085333E+05   1.3411939E+06   2.7176126E-03   7.1639836E-03   2.9556636E-03
   2.8985507E-02   9.3732028E+05   4.3721407E+05   1.3745343E+06   2.3661777E-03   4.2916332E-03   1.4054175E-03
   4.3478261E-02   9.1736655E+05   4.5843069E+05   1.3757972E+06   1.5107266E-03   1.7929012E-03   1.6042537E-03
   5.7971014E-02   9.3485763E+05   4.6581863E+05   1.4006763E+06   2.0458584E-03   2.8414567E-03   4.3634072E-04
   7.2463768E-02   9.4110896E+05   4.6449259E+05   1.4056015E+06   1.5186893E-03   6.3218547E-04   1.2096816E-03
   8.6956522E-02   9.7002925E+05   4.8608808E+05   1.4561173E+06   1.6607691E-03   8.0535500E-04   8.4462390E-04
   1.0144928E-01   9.8733090E+05   4.9177111E+05   1.4791020E+06   1.6874973E-03   1.2577773E-03   1.1618029E-03
   1.1594203E-01   1.0295747E+06   5.0616810E+05   1.5357428E+06   2.0591172E-03   1.1902014E-03   1.7630003E-03
   1.3043478E-01   1.0134307E+06   5.1298774E+05   1.5264185E+06   8.4823132E-04   7.0238208E-04   6.8333246E-04
   1.4492754E-01   1.0628015E+06   5.1730683E+05   1.5801083E+06   4.2385561E-04   1.8809151E-03   3.9445293E-04
   1.5942029E-01   1.0609002E+06   5.3000237E+05   1.5909026E+06   4.5577261E-04   2.9094703E-04   2.9248294E-04
   1.7391304E-01   1.0657566E+06   5.2372234E+05   1.5894790E+06   5.2811122E-04   3.5606250E-04   3.2329119E-04
   1.8840580E-01   1.0343689E+06   5.0995679E+05   1.5443256E+06   7.5617648E-04   1.6234481E-03   5.7556617E-04
   2.0289855E-01   1.0034599E+06   5.0297479E+05   1.5064347E+06   7.8326837E-04   9.6538532E-04   5.5233190E-04
   2.1739130E-01   9.8192571E+05   4.8363807E+05   1.4655638E+06   5.6692808E-04   4.1446241E-04   2.7539341E-04
   2.3188406E-01   9.5777917E+05   4.7401165E+05   1.4317908E+06   8.1131737E-04   4.4377125E-04   6.3785198E-04
   2.4637681E-01   8.9836370E+05   4.4470229E+05   1.3430660E+06   4.8290351E-04   1.5459695E-03   2.2681033E-04
   2.6086957E-01   8.6777689E+05   4.3182572E+05   1.2996026E+06   9.7702295E-04   4.8681000E-04   7.8656879E-04
   2.7536232E-01   8.2306156E+05   4.0654567E+05   1.2296072E+06   4.8934961E-04   3.7864617E-04   3.9080507E-04
   2.8985507E-01   7.9342608E+05   3.7845159E+05   1.1718777E+06   8.3694370E-05   1.7421064E-03   5.1198398E-04
   3.0434783E-01   7.5214387E+05   3.7096623E+05   1.1231101E+06   2.4578489E-04   1.0223619E-03   2.1315538E-04
   3.1884058E-01   7.1626782E+05   3.5403524E+05   1.0703031E+06   3.4415770E-04   7.8469305E-04   3.8922223E-04
   3.3333333E-01   6.8509280E+05   3.4121212E+05   1.0263049E+06   6.6750115E-04   9.6257964E-04   7.5865709E-04
   3.4782609E-01   6.5964136E+05   3.2222752E+05   9.8186888E+05   2.8086572E-04   7.4831388E-04   7.9265241E-05
   3.6231884E-01   6.2767876E+05   3.1382423E+05   9.4150298E+05   3.8756917E-04   4.6590600E-04   3.8976258E-04
   3.7681159E-01   6.1810913E+05   2.9665391E+05   9.1476304E+05   6.8964719E-04   1.1777864E-03   3.5209017E-04
   3.9130435E-01   5.8965946E+05   2.9231797E+05   8.8197744E+05   1.1446007E-03   9.7964119E-04   9.2473310E-04
   4.0579710E-01   5.6478445E+05   2.7611384E+05   8.4089829E+05   6.7559586E-04   4.5781948E-04   3.1142138E-04
   4.2028986E-01   5.4996006E+05   2.6614848E+05   8.1610854E+05   3.8665763E-04   4.2700550E-04   3.0843182E-04
   4.3478261E-01   5.3463375E+05   2.6096451E+05   7.9559826E+05   5.3234908E-04   1.2297965E-03   3.9510594E-04
   4.4927536E-01   5.1699641E+05   2.4931981E+05   7.6631622E+05   2.5285412E-04   1.6116118E-03   6.9265533E-04
   4.6376812E-01   4.9449422E+05   2.4188376E+05   7.3637798E+05   7.5764441E-04   1.3694469E-03   9.0779011E-04
   4.7826087E-01   4.8313750E+05   2.3590869E+05   7.1904619E+05   8.5791236E-04   5.5257065E-04   7.3398508E-04
   4.9275362E-01   4.6788012E+05   2.2426777E+05   6.9214789E+05   4.0337941E-04   1.8326781E-03   8.5638579E-04
   5.0724638E-01   4.4067801E+05   2.1777352E+05   6.5845153E+05   1.2574819E-03   6.4316043E-04   7.1189161E-04
   5.2173913E-01   4.3283603E+05   2.0654639E+05   6.3938242E+05   4.0920770E-04   4.3544255E-04   4.1766688E-04
   5.3623188E-01   4.1345800E+05   2.0209042E+05   6.1554842E+05   1.4804406E-03   4.1731543E-04   9.0286554E-04
   5.5072464E-01   3.9775194E+05   1.9507732E+05   5.9282925E+05   6.0068301E-04   9.7534373E-04   7.2363473E-04
   5.6521739E-01   3.8374506E+05   1.8449917E+05   5.6824423E+05   4.3944427E-04   1.3412300E-03   2.2227587E-04
   5.7971014E-01   3.6492599E+05   1.7749982E+05   5.4242581E+05   2.1100156E-04   7.4547317E-04   1.1325109E-04
   5.9420290E-01   3.4979713E+05   1.6795880E+05   5.1775593E+05   2.1612484E-04   2.3186172E-03   8.9563458E-04
   6.0869565E-01   3.3809489E+05   1.6569175E+05   5.0378665E+05   6.1779163E-04   1.3483991E-03   8.4222814E-04
   6.2318841E-01   3.1927147E+05   1.5445493E+05   4.7372640E+05   1.6011237E-03   2.0382780E-03   1.6505024E-03
   6.3768116E-01   2.9956431E+05   1.4698370E+05   4.4654800E+05   6.0820691E-04   1.3725194E-04   4.0140697E-04
   6.5217391E-01   2.9098773E+05   1.4223559E+05   4.3322332E+05   7.9706265E-04   1.4368969E-03   2.5428775E-04
   6.6666667E-01   2.7523961E+05   1.3416881E+05   4.0940842E+05   1.5608251E-03   2.3767125E-03   1.7232406E-03
   6.8115942E-01   2.5983919E+05   1.2634856E+05   3.8618776E+05   1.7214777E-03   1.5710343E-03   1.2756747E-03
   6.9565217E-01   2.4710109E+05   1.2226397E+05   3.6936506E+05   1.9824027E-03   3.2198876E-03   2.3651811E-03
   7.1014493E-01   2.3732622E+05   1.1352133E+05   3.5084755E+05   1.3489193E-03   7.4211247E-04   1.1239321E-03
   7.2463768E-01   2.1931931E+05   1.0559818E+05   3.2491749E+05   4.8487080E-04   2.8507189E-03   7.4196841E-04
   7.3913043E-01   2.0504949E+05   9.7376593E+04   3.0242608E+05   4.4845700E-04   1.1710025E-03   5.3531807E-04
   7.5362319E-01   1.9045420E+05   9.3507621E+04   2.8396182E+05   1.3717725E-03   5.0801573E-04   1.0401955E-03
   7.6811594E-01   1.7459397E+05   8.3508301E+04   2.5810227E+05   3.9200087E-04   2.2492624E-03   4.9453346E-04
   7.8260870E-01   1.5970002E+05   7.5029964E+04   2.3472999E+05   1.9678353E-03   3.9177079E-03   2.2387315E-03
   7.9710145E-01   1.4693203E+05   7.1020593E+04   2.1795262E+05   4.1796762E-03   1.6576742E-03   2.9250842E-03
   8.1159420E-01   1.3173793E+05   6.3879909E+04   1.9561784E+05   8.3076584E-04   2.2447285E-03   1.7581145E-04
   8.2608696E-01   1.1989521E+05   5.9262985E+04   1.7915820E+05   1.6770897E-03   2.6718299E-03   2.0037971E-03
   8.4057971E-01   1.1164858E+05   5.5262520E+04   1.6691110E+05   1.3082484E-03   1.9221847E-03   1.3065549E-03
   8.5507246E-01   1.0157524E+05   4.9111612E+04   1.5068686E+05   1.9928017E-03   5.8846718E-03   3.1315509E-03
   8.6956522E-01   9.1458818E+04   4.4112904E+04   1.3557172E+05   3.1164664E-03   3.9883907E-03   3.2602889E-03
   8.8405797E-01   8.4506273E+04   4.0309107E+04   1.2481538E+05   2.9803194E-03   4.8554569E-03   3.2879498E-03
   8.9855072E-01   7.9611238E+04   3.6970217E+04   1.1658146E+05   2.9476488E-03   3.1708569E-03   2.7866723E-03
   9.1304348E-01   7.2802860E+04   3.3761379E+04   1.0656424E+05   2.6429768E-03   2.8468818E-03   1.1605682E-03
   9.2753623E-01   6.5970450E+04   3.0865930E+04   9.6836380E+04   8.1691805E-03   4.5475794E-03   6.9607227E-03
   9.4202899E-01   5.6363952E+04   2.7873052E+04   8.4237004E+04   2.9395041E-03   6.0690150E-03   3.9500839E-04
   9.5652174E-01   4.6554883E+04   2.2410636E+04   6.8965519E+04   5.6509542E-03   6.5115843E-03   5.0276575E-03
   9.7101449E-01   3.2322559E+04   1.6217827E+04   4.8540386E+04   5.0415341E-03   7.3940271E-03   5.7567877E-03
   9.8550725E-01   1.8118821E+04   8.9702652E+03   2.7089086E+04   1.1540192E-02   1.6724564E-02   1.3254891E-02
   1.0000000E+00   7.2217503E+03   3.3044979E+03   1.0526248E+04   4.3333288E-02   2.4691635E-02   3.7198665E-02
