   0.0000000E+00   3.8729813E+10   1.9422961E+10   5.8152775E+10   1.4966020E-07   3.2414458E-07   8.6635707E-09
   1.4492754E-02   5.7663762E+05   2.4020253E+05   8.1684015E+05   3.5955582E-03   9.9722941E-03   4.1287036E-03
   2.8985507E-02   5.1980737E+05   2.6558671E+05   7.8539407E+05   7.4010487E-03   1.1020290E-02   7.0207479E-03
   4.3478261E-02   5.3849820E+05   2.6495526E+05   8.0345346E+05   7.4440518E-03   3.3281500E-03   4.7730291E-03
   5.7971014E-02   5.1014622E+05   2.5687274E+05   7.6701896E+05   4.6780938E-03   1.0069943E-02   5.2749008E-03
   7.2463768E-02   5.2693009E+05   2.6535939E+05   7.9228948E+05   2.6326509E-03   1.0942534E-02   4.6470390E-03
   8.6956522E-02   5.1589239E+05   2.5687274E+05   7.7276513E+05   5.4745892E-03   6.3790983E-03   5.7136178E-03
   1.0144928E-01   5.1450321E+05   2.5373354E+05   7.6823675E+05   6.7025647E-03   6.9908351E-03   6.6605980E-03
   1.1594203E-01   4.9735942E+05   2.5355764E+05   7.5091705E+05   9.0782687E-03   6.7890828E-03   8.2787473E-03
   1.3043478E-01   4.8848758E+05   2.4584346E+05   7.3433104E+05   8.7101683E-03   6.0905010E-03   7.6974073E-03
   1.4492754E-01   4.8525457E+05   2.4482472E+05   7.3007930E+05   8.2040989E-03   7.7323096E-03   8.0424728E-03
   1.5942029E-01   4.7158776E+05   2.4116692E+05   7.1275468E+05   1.3478040E-02   1.5760231E-02   1.4193570E-02
   1.7391304E-01   4.6152479E+05   2.3047824E+05   6.9200303E+05   1.2839123E-02   1.5495889E-02   1.3487335E-02
   1.8840580E-01   4.5493345E+05   2.2341575E+05   6.7834919E+05   1.3817510E-02   1.5999802E-02   1.4536035E-02
   2.0289855E-01   4.3748469E+05   2.1487247E+05   6.5235716E+05   1.7736437E-02   1.8174913E-02   1.7814400E-02
   2.1739130E-01   4.2084695E+05   2.0494252E+05   6.2578947E+05   1.8165680E-02   1.8760751E-02   1.8186029E-02
   2.3188406E-01   4.0804120E+05   2.0681476E+05   6.1485596E+05   1.9615758E-02   1.8646542E-02   1.9247063E-02
   2.4637681E-01   3.8301361E+05   1.9219768E+05   5.7521129E+05   2.0712889E-02   1.8640886E-02   2.0014161E-02
   2.6086957E-01   3.6245071E+05   1.8333018E+05   5.4578089E+05   2.4674218E-02   1.9144241E-02   2.2794371E-02
   2.7536232E-01   3.4512912E+05   1.7220563E+05   5.1733475E+05   2.1976428E-02   1.9687687E-02   2.1212523E-02
   2.8985507E-01   3.2969123E+05   1.6571701E+05   4.9540824E+05   2.5121918E-02   2.5193199E-02   2.5145691E-02
   3.0434783E-01   3.0464623E+05   1.5439787E+05   4.5904410E+05   2.3682503E-02   2.5418168E-02   2.4245772E-02
   3.1884058E-01   2.8973095E+05   1.4259227E+05   4.3232322E+05   2.7110548E-02   2.6714441E-02   2.6894718E-02
   3.3333333E-01   2.7548670E+05   1.3230741E+05   4.0779412E+05   2.8100898E-02   3.1611671E-02   2.9239065E-02
   3.4782609E-01   2.5169487E+05   1.2452140E+05   3.7621626E+05   2.8436292E-02   2.7728369E-02   2.8201426E-02
   3.6231884E-01   2.2950329E+05   1.1675207E+05   3.4625536E+05   3.2879839E-02   2.8255248E-02   3.1291972E-02
   3.7681159E-01   2.1767443E+05   1.0625800E+05   3.2393243E+05   3.3135277E-02   3.4151308E-02   3.3433559E-02
   3.9130435E-01   1.9428930E+05   1.0021769E+05   2.9450699E+05   3.4176024E-02   3.4277016E-02   3.4181329E-02
   4.0579710E-01   1.7893411E+05   9.0143603E+04   2.6907771E+05   3.5060752E-02   3.3484963E-02   3.4518769E-02
   4.2028986E-01   1.6299177E+05   8.5023282E+04   2.4801506E+05   3.6321038E-02   3.8407363E-02   3.6995264E-02
   4.3478261E-01   1.5081486E+05   7.4207679E+04   2.2502254E+05   3.6964309E-02   3.9273688E-02   3.7687026E-02
   4.4927536E-01   1.3847027E+05   6.6167523E+04   2.0463779E+05   3.5894421E-02   3.9478366E-02   3.7048540E-02
   4.6376812E-01   1.2580797E+05   6.2323842E+04   1.8813181E+05   3.8157327E-02   3.9767118E-02   3.8640485E-02
   4.7826087E-01   1.1446416E+05   5.5429587E+04   1.6989375E+05   4.0198257E-02   4.0549330E-02   4.0243747E-02
   4.9275362E-01   1.0102413E+05   5.2328404E+04   1.5335253E+05   3.7111674E-02   3.9618333E-02   3.7945433E-02
   5.0724638E-01   9.4413991E+04   4.6438434E+04   1.4085242E+05   4.0821984E-02   4.0739275E-02   4.0773509E-02
   5.2173913E-01   8.4361351E+04   4.1001974E+04   1.2536332E+05   4.0071422E-02   3.9887122E-02   4.0001179E-02
   5.3623188E-01   7.8313110E+04   3.9361349E+04   1.1767446E+05   4.6558765E-02   3.7022238E-02   4.3350757E-02
   5.5072464E-01   6.8395706E+04   3.4078210E+04   1.0247392E+05   4.8196426E-02   4.0400437E-02   4.5407375E-02
   5.6521739E-01   6.2620137E+04   3.1086633E+04   9.3706770E+04   3.1570854E-02   4.0561977E-02   3.4553601E-02
   5.7971014E-01   5.6224062E+04   2.9002372E+04   8.5226434E+04   4.5114598E-02   4.2753805E-02   4.4289124E-02
   5.9420290E-01   5.3355751E+04   2.6132675E+04   7.9488426E+04   4.1623678E-02   4.1791492E-02   4.1670026E-02
   6.0869565E-01   4.8964223E+04   2.3489837E+04   7.2454060E+04   3.8928753E-02   4.3735211E-02   4.0436280E-02
   6.2318841E-01   4.1710761E+04   2.2520639E+04   6.4231400E+04   4.0891577E-02   4.2698916E-02   4.1473660E-02
   6.3768116E-01   4.0625019E+04   1.9270622E+04   5.9895641E+04   4.1733295E-02   4.4012482E-02   4.2392453E-02
   6.5217391E-01   3.6758648E+04   1.8606645E+04   5.5365294E+04   3.9749274E-02   3.7477269E-02   3.8857529E-02
   6.6666667E-01   3.3274524E+04   1.6966713E+04   5.0241237E+04   3.7395042E-02   3.3864472E-02   3.6113703E-02
   6.8115942E-01   3.0325589E+04   1.5654517E+04   4.5980107E+04   3.6251379E-02   3.2036921E-02   3.4781254E-02
   6.9565217E-01   2.7610030E+04   1.3481399E+04   4.1091429E+04   3.5316524E-02   4.2124192E-02   3.7527398E-02
   7.1014493E-01   2.5716655E+04   1.3469156E+04   3.9185811E+04   4.2899897E-02   3.7683111E-02   4.0712049E-02
   7.2463768E-01   2.4565823E+04   1.1441824E+04   3.6007647E+04   3.4726382E-02   3.8626560E-02   3.5895263E-02
   7.3913043E-01   2.2821246E+04   9.9545800E+03   3.2775826E+04   3.6082409E-02   3.0449311E-02   3.3954653E-02
   7.5362319E-01   2.1041765E+04   9.4279930E+03   3.0469758E+04   4.2892601E-02   4.1213060E-02   4.2353337E-02
   7.6811594E-01   1.7985524E+04   9.8362800E+03   2.7821804E+04   3.1889094E-02   2.4398127E-02   2.9229304E-02
   7.8260870E-01   1.6417628E+04   7.9281709E+03   2.4345799E+04   2.6487441E-02   2.9348341E-02   2.7412997E-02
   7.9710145E-01   1.5485382E+04   7.6462520E+03   2.3131634E+04   3.4024343E-02   4.6628301E-02   3.8029258E-02
   8.1159420E-01   1.3869288E+04   6.9684713E+03   2.0837759E+04   3.1119981E-02   4.7234529E-02   3.5361937E-02
   8.2608696E-01   1.2775175E+04   7.1519708E+03   1.9927145E+04   3.2830368E-02   3.8367629E-02   3.4387324E-02
   8.4057971E-01   1.1692661E+04   6.3885041E+03   1.8081165E+04   2.8993090E-02   4.4246053E-02   3.4351567E-02
   8.5507246E-01   1.0646843E+04   5.0087679E+03   1.5655610E+04   4.4683783E-02   3.5594711E-02   4.1572285E-02
   8.6956522E-01   1.0065269E+04   4.7105964E+03   1.4775865E+04   3.9961349E-02   3.7335293E-02   3.9108361E-02
   8.8405797E-01   8.8940896E+03   4.3476695E+03   1.3241759E+04   3.7664816E-02   1.9328574E-02   3.1101227E-02
   8.9855072E-01   8.2739957E+03   4.2531027E+03   1.2527098E+04   5.0698948E-02   6.5803588E-02   5.5826489E-02
   9.1304348E-01   7.1804571E+03   3.5000218E+03   1.0680479E+04   5.1356245E-02   4.7667623E-02   5.0087981E-02
   9.2753623E-01   6.4881204E+03   3.3624565E+03   9.8505769E+03   5.5061862E-02   4.7123994E-02   5.2055820E-02
   9.4202899E-01   6.0502360E+03   3.1125491E+03   9.1627851E+03   5.7358986E-02   6.5066649E-02   5.9966115E-02
   9.5652174E-01   5.3271185E+03   2.4798655E+03   7.8069840E+03   4.9321927E-02   5.6924257E-02   5.1586157E-02
   9.7101449E-01   4.9874907E+03   2.4880906E+03   7.4755813E+03   7.5445949E-02   6.0130828E-02   6.9736761E-02
   9.8550725E-01   3.4543878E+03   1.8497690E+03   5.3041568E+03   5.5664520E-02   7.6455926E-02   6.2788587E-02
   1.0000000E+00   2.0571046E+03   1.4005819E+03   3.4576865E+03   5.6058881E-02   8.1482866E-02   6.6282217E-02
