   0.0000000E+00   3.4156787E+10   1.7198586E+10   5.1355373E+10   7.3371870E-08   3.2814399E-07   1.1069356E-07
   1.4492754E-02   9.4186670E+05   4.7964732E+05   1.4215140E+06   2.2370339E-03   9.1272206E-03   4.1091407E-03
   2.8985507E-02   9.2974291E+05   4.5880956E+05   1.3885525E+06   5.6835363E-04   2.0047674E-03   3.1502940E-04
   4.3478261E-02   9.7823806E+05   4.6322969E+05   1.4414678E+06   6.9686605E-04   9.5855551E-04   7.4184185E-04
   5.7971014E-02   9.5815804E+05   4.9366545E+05   1.4518235E+06   2.4740444E-03   1.7288447E-04   1.6046658E-03
   7.2463768E-02   9.5717298E+05   4.7979887E+05   1.4369718E+06   1.5284700E-03   2.0833642E-03   4.0513961E-04
   8.6956522E-02   9.7722774E+05   4.8886645E+05   1.4660942E+06   7.8153781E-04   2.3622113E-03   1.1948927E-03
   1.0144928E-01   1.0221868E+06   5.0649285E+05   1.5286796E+06   1.5507825E-03   9.2106797E-04   8.3919747E-04
   1.1594203E-01   1.0408461E+06   5.1251415E+05   1.5533602E+06   2.8716235E-04   8.0120092E-04   3.8176032E-04
   1.3043478E-01   1.0594843E+06   5.2410121E+05   1.5835855E+06   1.1195878E-03   1.2665702E-03   3.7729278E-04
   1.4492754E-01   1.0812145E+06   5.2859711E+05   1.6098116E+06   1.0656932E-03   9.0003837E-04   9.5041903E-04
   1.5942029E-01   1.0701997E+06   5.3186227E+05   1.6020620E+06   7.7929108E-04   9.0597105E-04   6.2073314E-04
   1.7391304E-01   1.0654409E+06   5.2005994E+05   1.5855009E+06   4.3797569E-04   1.0386852E-03   1.1835203E-04
   1.8840580E-01   1.0445109E+06   5.2581097E+05   1.5703218E+06   5.5285654E-04   8.1043688E-04   2.3329975E-04
   2.0289855E-01   1.0277616E+06   5.1060628E+05   1.5383678E+06   5.1355446E-04   9.4352332E-04   6.1458550E-04
   2.1739130E-01   1.0135991E+06   4.9308452E+05   1.5066836E+06   6.2307082E-04   6.3074287E-04   4.9855522E-04
   2.3188406E-01   9.7260239E+05   4.7959996E+05   1.4522024E+06   2.5990018E-04   2.2270896E-04   2.2122246E-04
   2.4637681E-01   9.3255099E+05   4.6346741E+05   1.3960184E+06   4.2590818E-04   3.5991411E-04   1.6756323E-04
   2.6086957E-01   8.9551847E+05   4.4087646E+05   1.3363949E+06   4.7608559E-04   5.2562953E-04   2.7374440E-04
   2.7536232E-01   8.6326149E+05   4.2309624E+05   1.2863577E+06   1.1055800E-03   1.9811184E-03   1.0927002E-03
   2.8985507E-01   8.2400076E+05   4.0538913E+05   1.2293899E+06   5.0628277E-04   1.1233116E-03   6.8613345E-04
   3.0434783E-01   7.9237608E+05   3.8965707E+05   1.1820331E+06   1.0427319E-03   7.6034361E-04   8.7328000E-04
   3.1884058E-01   7.6930939E+05   3.7235870E+05   1.1416681E+06   3.6546853E-04   1.2007212E-03   6.3524202E-04
   3.3333333E-01   7.3701423E+05   3.6480080E+05   1.1018150E+06   1.8155983E-04   5.0537579E-04   2.8826840E-04
   3.4782609E-01   7.0763135E+05   3.4565422E+05   1.0532856E+06   3.8850951E-04   1.0690494E-03   2.8235684E-04
   3.6231884E-01   6.9154081E+05   3.3595014E+05   1.0274909E+06   4.4206789E-04   1.3714652E-03   1.7540517E-04
   3.7681159E-01   6.6188299E+05   3.2224210E+05   9.8412509E+05   8.6239134E-04   7.4184044E-04   6.5608189E-04
   3.9130435E-01   6.2995983E+05   3.1229977E+05   9.4225960E+05   1.0047816E-03   1.1306483E-03   8.8638764E-04
   4.0579710E-01   6.1336078E+05   3.0474546E+05   9.1810624E+05   3.2108194E-04   8.9723723E-04   4.5003503E-04
   4.2028986E-01   6.0083293E+05   2.8817510E+05   8.8900803E+05   9.2399541E-04   3.3737919E-04   5.1991373E-04
   4.3478261E-01   5.7075253E+05   2.7879658E+05   8.4954911E+05   5.9093880E-04   1.2236511E-03   3.8556077E-04
   4.4927536E-01   5.4295500E+05   2.7161194E+05   8.1456694E+05   2.2876582E-04   4.3129287E-04   8.8750755E-06
   4.6376812E-01   5.2629549E+05   2.5912227E+05   7.8541775E+05   2.6614095E-04   7.1950817E-04   7.3030738E-05
   4.7826087E-01   5.1080637E+05   2.5140785E+05   7.6221422E+05   4.8605101E-04   8.5334393E-04   2.5527894E-04
   4.9275362E-01   4.9183797E+05   2.3879849E+05   7.3063645E+05   5.5885444E-04   1.3267555E-03   2.6670135E-04
   5.0724638E-01   4.7269779E+05   2.3440043E+05   7.0709822E+05   1.0583146E-03   1.4883874E-03   1.1991279E-03
   5.2173913E-01   4.5672579E+05   2.1654431E+05   6.7327009E+05   6.0011604E-04   2.0702025E-03   2.8752989E-04
   5.3623188E-01   4.3264717E+05   2.0802944E+05   6.4067661E+05   3.5113973E-04   1.0685254E-03   2.9713820E-04
   5.5072464E-01   4.1555875E+05   2.0309337E+05   6.1865212E+05   9.6712656E-04   5.3807262E-04   5.6502475E-04
   5.6521739E-01   3.9584942E+05   1.9444689E+05   5.9029631E+05   1.1653368E-03   1.2604219E-03   1.1373805E-03
   5.7971014E-01   3.8197506E+05   1.8320179E+05   5.6517685E+05   1.0231353E-03   6.3118152E-04   7.9881981E-04
   5.9420290E-01   3.6465616E+05   1.7585035E+05   5.4050651E+05   7.2017558E-04   8.6584020E-04   4.7009784E-04
   6.0869565E-01   3.4480627E+05   1.6875878E+05   5.1356506E+05   5.0033531E-04   8.8217660E-04   5.9339467E-04
   6.2318841E-01   3.3077850E+05   1.5762685E+05   4.8840535E+05   4.9011380E-04   7.8440446E-04   5.8346987E-04
   6.3768116E-01   3.1702670E+05   1.5363111E+05   4.7065781E+05   4.9492835E-04   4.8933579E-04   3.7275988E-04
   6.5217391E-01   2.9901973E+05   1.4494661E+05   4.4396634E+05   1.4616255E-03   2.7028477E-04   9.0951374E-04
   6.6666667E-01   2.8268520E+05   1.3853403E+05   4.2121923E+05   3.1330185E-04   1.2174501E-03   3.5016795E-04
   6.8115942E-01   2.6799696E+05   1.2752547E+05   3.9552243E+05   8.2696635E-04   9.5488308E-04   3.8465115E-04
   6.9565217E-01   2.4503310E+05   1.2205875E+05   3.6709185E+05   1.5162594E-03   2.6739330E-03   1.7407140E-03
   7.1014493E-01   2.3412517E+05   1.1223781E+05   3.4636298E+05   1.7937392E-03   2.4538792E-03   5.7755614E-04
   7.2463768E-01   2.1636413E+05   1.0280971E+05   3.1917385E+05   1.7879635E-03   3.2321128E-03   2.2456520E-03
   7.3913043E-01   1.9649152E+05   9.3914776E+04   2.9040630E+05   5.7421573E-04   2.9635858E-03   1.3469000E-03
   7.5362319E-01   1.8241053E+05   8.5595102E+04   2.6800564E+05   6.3753682E-04   5.6010275E-04   4.0819034E-04
   7.6811594E-01   1.6351386E+05   7.8061175E+04   2.4157503E+05   1.9460317E-03   3.6510031E-04   1.2089075E-03
   7.8260870E-01   1.4853042E+05   7.3542555E+04   2.2207298E+05   1.4192012E-04   6.5788030E-04   2.5743112E-04
   7.9710145E-01   1.3642016E+05   6.5881760E+04   2.0230192E+05   1.0539387E-03   1.4559203E-03   5.7083335E-04
   8.1159420E-01   1.2786807E+05   6.0483625E+04   1.8835169E+05   3.8994907E-03   2.1490366E-03   3.3373771E-03
   8.2608696E-01   1.1892478E+05   5.8717946E+04   1.7764272E+05   2.4299703E-03   1.6158365E-03   1.8517830E-03
   8.4057971E-01   1.1215809E+05   5.2923988E+04   1.6508208E+05   4.1800957E-03   1.4791684E-03   3.3043157E-03
   8.5507246E-01   1.0332189E+05   4.9715232E+04   1.5303712E+05   1.7977750E-03   2.8320936E-03   1.6237371E-03
   8.6956522E-01   9.7710145E+04   4.5565233E+04   1.4327538E+05   1.5874495E-03   1.7894185E-03   6.1259961E-04
   8.8405797E-01   9.0530901E+04   4.3774821E+04   1.3430572E+05   3.1176907E-03   7.4193559E-03   4.4965253E-03
   8.9855072E-01   8.5673132E+04   4.1431086E+04   1.2710422E+05   1.7753001E-03   2.6236677E-03   1.7295800E-03
   9.1304348E-01   7.8708395E+04   3.7080987E+04   1.1578938E+05   3.3118461E-03   4.8864679E-03   3.0836662E-03
   9.2753623E-01   7.2932156E+04   3.4678293E+04   1.0761045E+05   6.5122355E-03   4.1700284E-03   5.1628690E-03
   9.4202899E-01   6.7112155E+04   3.1102177E+04   9.8214332E+04   2.7310055E-03   6.4742729E-03   3.2740598E-03
   9.5652174E-01   5.8437572E+04   2.7508138E+04   8.5945709E+04   3.2361165E-03   3.0495169E-03   2.8231291E-03
   9.7101449E-01   4.4842178E+04   2.1951745E+04   6.6793923E+04   1.0002353E-03   3.2413499E-03   7.9260697E-04
   9.8550725E-01   2.6609929E+04   1.2391223E+04   3.9001153E+04   4.6093176E-03   1.9455351E-03   3.0770339E-03
   1.0000000E+00   8.4472595E+03   4.1798616E+03   1.2627121E+04   2.0476281E-02   2.7841082E-02   2.2016561E-02
