   0.0000000E+00   3.1330999E+10   1.5914489E+10   4.7209281E+10   7.7830843E-07   2.1454508E-07   4.4609816E-07
   1.4492754E-02   2.4712066E+07   1.2279881E+07   3.6991189E+07   6.1570145E-04   7.2015841E-04   6.3521698E-04
   2.8985507E-02   2.6637097E+07   1.3378220E+07   4.0015317E+07   1.1494541E-04   3.4666171E-04   4.4857749E-05
   4.3478261E-02   2.0861501E+07   1.0460050E+07   3.1322056E+07   2.9992118E-04   6.7491693E-04   2.5618096E-04
   5.7971014E-02   1.5441916E+07   7.5758514E+06   2.3017767E+07   3.9791445E-04   4.4345406E-04   1.2834522E-04
   7.2463768E-02   1.2636168E+07   6.2355667E+06   1.8871735E+07   3.6866853E-04   3.6946079E-04   2.9548626E-04
   8.6956522E-02   1.0800779E+07   5.2336873E+06   1.6034213E+07   4.3722806E-04   3.8907155E-04   3.9054697E-04
   1.0144928E-01   9.4175845E+06   4.5733739E+06   1.3991175E+07   1.2339309E-03   1.1696199E-03   1.2119585E-03
   1.1594203E-01   8.3764949E+06   4.0406309E+06   1.2416747E+07   8.4913359E-04   7.2980441E-04   8.0212515E-04
   1.3043478E-01   7.5367858E+06   3.6305690E+06   1.1167102E+07   7.4751188E-04   1.4044743E-03   9.0126363E-04
   1.4492754E-01   6.7657551E+06   3.2081056E+06   9.9739364E+06   7.1165554E-04   8.6327007E-04   7.2884784E-04
   1.5942029E-01   6.1243723E+06   2.9026826E+06   9.0268482E+06   1.9573650E-03   1.6600544E-03   1.8622856E-03
   1.7391304E-01   5.4571565E+06   2.5868499E+06   8.0438169E+06   1.6425003E-03   7.8917706E-04   1.3571450E-03
   1.8840580E-01   4.9204506E+06   2.3464774E+06   7.2668697E+06   1.9833496E-03   3.2064710E-03   2.3668782E-03
   2.0289855E-01   4.4249657E+06   2.0913532E+06   6.5162107E+06   1.4270098E-03   6.9538293E-04   1.1919845E-03
   2.1739130E-01   3.8421291E+06   1.7813884E+06   5.6234670E+06   1.4694970E-03   1.6712983E-03   1.4753038E-03
   2.3188406E-01   3.1656818E+06   1.4850218E+06   4.6507036E+06   1.8504037E-03   2.8259420E-03   2.0139807E-03
   2.4637681E-01   2.5126548E+06   1.1805983E+06   3.6931195E+06   2.2851091E-03   2.1605845E-03   2.1994624E-03
   2.6086957E-01   1.8168000E+06   8.4723381E+05   2.6640338E+06   3.1369738E-03   4.2714386E-03   3.4851987E-03
   2.7536232E-01   1.3608153E+06   6.2409586E+05   1.9849112E+06   4.6486290E-03   2.0419908E-03   3.8268048E-03
   2.8985507E-01   1.0825026E+06   5.0093972E+05   1.5834045E+06   4.4805646E-03   4.9101018E-03   4.6096997E-03
   3.0434783E-01   8.4058256E+05   3.8576014E+05   1.2263427E+06   3.0218542E-03   7.3921169E-03   4.3835507E-03
   3.1884058E-01   5.2545595E+05   2.4037474E+05   7.6583069E+05   1.1535053E-02   9.7432663E-03   1.0943403E-02
   3.3333333E-01   1.2769510E+05   5.9795308E+04   1.8749041E+05   5.8240488E-02   5.4988101E-02   5.7200934E-02
   3.4782609E-01   3.2772112E+04   1.4081273E+04   4.6853385E+04   2.4744380E-01   2.2858008E-01   2.4177407E-01
   3.6231884E-01   2.5065930E+04   1.1275122E+04   3.6341051E+04   2.5581238E-01   2.5180676E-01   2.5456949E-01
   3.7681159E-01   1.9176567E+04   8.8888342E+03   2.8065401E+04   2.4994026E-01   2.5763852E-01   2.5237844E-01
   3.9130435E-01   1.4733769E+04   7.1002734E+03   2.1834042E+04   2.6614066E-01   2.5076515E-01   2.6113988E-01
   4.0579710E-01   1.1717857E+04   5.4394669E+03   1.7157323E+04   2.6085033E-01   2.3450103E-01   2.5249665E-01
   4.2028986E-01   1.0477669E+04   4.5202913E+03   1.4997961E+04   2.6878396E-01   2.8958105E-01   2.7505207E-01
   4.3478261E-01   7.5268511E+03   3.1572362E+03   1.0684087E+04   2.7302225E-01   2.8018672E-01   2.7513789E-01
   4.4927536E-01   6.2818815E+03   3.1287192E+03   9.4106008E+03   2.8523181E-01   2.8803890E-01   2.8616470E-01
   4.6376812E-01   4.7832128E+03   2.0127381E+03   6.7959509E+03   2.9567546E-01   2.7835600E-01   2.9054470E-01
   4.7826087E-01   4.5004967E+03   1.7680523E+03   6.2685489E+03   2.8062445E-01   2.5408641E-01   2.7313936E-01
   4.9275362E-01   3.8109698E+03   1.7160507E+03   5.5270205E+03   2.7934174E-01   2.8721165E-01   2.8178522E-01
   5.0724638E-01   2.7711513E+03   1.0391817E+03   3.8103330E+03   2.9391120E-01   2.9746367E-01   2.9488006E-01
   5.2173913E-01   2.8415126E+03   1.0945085E+03   3.9360211E+03   2.8580251E-01   2.8170327E-01   2.8466261E-01
   5.3623188E-01   2.2322513E+03   1.0854066E+03   3.3176579E+03   2.5791026E-01   3.3016157E-01   2.8154803E-01
   5.5072464E-01   1.8544608E+03   8.7737932E+02   2.7318402E+03   2.9801678E-01   2.8143974E-01   2.9269277E-01
   5.6521739E-01   1.8651980E+03   8.1602412E+02   2.6812221E+03   2.5374925E-01   2.3659351E-01   2.4852794E-01
   5.7971014E-01   1.6859641E+03   7.0090643E+02   2.3868706E+03   2.3114643E-01   2.2349225E-01   2.2889878E-01
   5.9420290E-01   1.5154734E+03   8.5014360E+02   2.3656170E+03   2.2145450E-01   2.2388939E-01   2.2232954E-01
   6.0869565E-01   1.5876388E+03   5.4124049E+02   2.1288793E+03   2.4098843E-01   1.3125740E-01   2.1309071E-01
   6.2318841E-01   1.5154734E+03   5.6389707E+02   2.0793704E+03   2.1768925E-01   1.8039001E-01   2.0757420E-01
   6.3768116E-01   9.6439214E+02   5.3385994E+02   1.4982521E+03   1.9242961E-01   2.1989039E-01   2.0221449E-01
   6.5217391E-01   8.9244543E+02   6.0618935E+02   1.4986348E+03   2.6219947E-01   1.9743516E-01   2.3600267E-01
   6.6666667E-01   7.5773668E+02   1.9767044E+02   9.5540712E+02   1.4765722E-01   1.4042345E-01   1.4616058E-01
   6.8115942E-01   7.2549257E+02   3.2244114E+02   1.0479337E+03   3.0101042E-01   1.7133894E-01   2.6111150E-01
   6.9565217E-01   7.5773668E+02   3.9465452E+02   1.1523912E+03   2.0748967E-01   2.9628945E-01   2.3790055E-01
   7.1014493E-01   6.1856056E+02   1.7010415E+02   7.8866471E+02   2.5908256E-01   1.1425371E-01   2.2784496E-01
   7.2463768E-01   5.7587988E+02   1.2123787E+02   6.9711775E+02   1.8476762E-01   2.4480746E-01   1.9520933E-01
   7.3913043E-01   5.2001537E+02   1.7829098E+02   6.9830636E+02   2.0450998E-01   1.7484675E-01   1.9693639E-01
   7.5362319E-01   4.2258392E+02   2.0400603E+02   6.2658995E+02   2.2176349E-01   2.0516580E-01   2.1635959E-01
   7.6811594E-01   2.8593837E+02   1.8585994E+02   4.7179831E+02   2.4873358E-01   1.4511340E-01   2.0791351E-01
   7.8260870E-01   2.3854673E+02   2.1048241E+02   4.4902915E+02   2.1799201E-01   1.9016284E-01   2.0494709E-01
   7.9710145E-01   2.7554061E+02   6.8885153E+01   3.4442577E+02   1.5991698E-01   1.5368403E-01   1.5867039E-01
   8.1159420E-01   2.8415126E+02   1.0824810E+02   3.9239935E+02   3.0420199E-01   1.9215613E-01   2.7329279E-01
   8.2608696E-01   1.8611076E+02   1.1964263E+02   3.0575340E+02   2.1616488E-01   1.7876774E-01   2.0153121E-01
   8.4057971E-01   2.6128851E+02   7.8386554E+01   3.3967507E+02   2.3068593E-01   1.8738402E-01   2.2069318E-01
   8.5507246E-01   1.4127294E+02   7.7057968E+01   2.1833091E+02   2.4924145E-01   3.0325017E-01   2.6830335E-01
   8.6956522E-01   1.2628945E+02   7.5773668E+01   2.0206312E+02   1.5531540E-01   3.5295858E-01   2.2943159E-01
   8.8405797E-01   2.3601634E+02   4.9687651E+01   2.8570400E+02   2.3213615E-01   1.4164834E-05   1.9176219E-01
   8.9855072E-01   1.8332339E+02   3.6664678E+01   2.1998807E+02   2.1129740E-01   2.4156851E-01   2.1634259E-01
   9.1304348E-01   1.4433080E+02   3.6082699E+01   1.8041350E+02   2.2417190E-01   1.3544247E-01   2.0642601E-01
   9.2753623E-01   7.1037814E+01   3.5518907E+01   1.0655672E+02   3.4633294E-01   1.3131339E-05   2.3088425E-01
   9.4202899E-01   1.0491739E+02   5.8287437E+01   1.6320482E+02   2.5710494E-01   2.5117866E-01   2.5498841E-01
   9.5652174E-01   8.0366012E+01   0.0000000E+00   8.0366012E+01   1.8079501E-01   0.0000000E+00   1.8079501E-01
   9.7101449E-01   2.2619005E+01   5.6547514E+01   7.9166519E+01   4.2344027E-01   8.5582795E-02   1.8211350E-01
   9.8550725E-01   7.8002306E+01   1.1143187E+01   8.9145492E+01   3.0338544E-01   4.1862283E-01   3.1779011E-01
   1.0000000E+00   2.1884092E+01   0.0000000E+00   2.1884092E+01   4.1786789E-01   0.0000000E+00   4.1786789E-01
