   0.0000000E+00   3.3647146E+10   1.6958038E+10   5.0595285E+10   4.0337550E-06   6.1059574E-06   4.0750947E-06
   1.4492754E-02   4.5489964E+07   2.2563883E+07   6.8053089E+07   7.0813147E-03   7.3707077E-03   7.1740873E-03
   2.8985507E-02   4.2140389E+07   2.0913911E+07   6.3053543E+07   1.6907069E-02   1.6870810E-02   1.6890016E-02
   4.3478261E-02   3.4044351E+07   1.6846760E+07   5.0888080E+07   2.1017274E-02   1.9661839E-02   2.0562461E-02
   5.7971014E-02   2.3035763E+07   1.1443718E+07   3.4475125E+07   2.3190752E-02   2.2687308E-02   2.3014530E-02
   7.2463768E-02   1.4117695E+07   7.0060334E+06   2.1122516E+07   2.3461228E-02   2.3412585E-02   2.3429963E-02
   8.6956522E-02   8.8713285E+06   4.3607746E+06   1.3232356E+07   1.9082252E-02   1.8791707E-02   1.8981268E-02
   1.0144928E-01   6.0917699E+06   2.9797454E+06   9.0719483E+06   1.3152373E-02   1.2755930E-02   1.3011310E-02
   1.1594203E-01   4.6565761E+06   2.2628859E+06   6.9193672E+06   7.5151942E-03   9.4963185E-03   8.1593501E-03
   1.3043478E-01   3.7797590E+06   1.8281660E+06   5.6080092E+06   5.6468537E-03   5.3292487E-03   5.5322102E-03
   1.4492754E-01   3.2062870E+06   1.5544210E+06   4.7607080E+06   4.5429761E-03   4.6138184E-03   4.5177159E-03
   1.5942029E-01   2.7041556E+06   1.2988984E+06   4.0031229E+06   4.4014422E-03   2.9831396E-03   3.9290353E-03
   1.7391304E-01   2.2722629E+06   1.1077479E+06   3.3798845E+06   6.1289464E-03   4.8203868E-03   5.7084000E-03
   1.8840580E-01   1.9332777E+06   9.3959349E+05   2.8728712E+06   5.6400842E-03   4.6003127E-03   5.2873777E-03
   2.0289855E-01   1.7020931E+06   8.2127832E+05   2.5233714E+06   4.7716750E-03   7.1945741E-03   5.5615029E-03
   2.1739130E-01   1.5228487E+06   7.3813656E+05   2.2609852E+06   4.8016834E-03   3.2306618E-03   4.2629840E-03
   2.3188406E-01   1.3843376E+06   6.5923092E+05   2.0435211E+06   4.7946001E-03   5.4723487E-03   4.9384622E-03
   2.4637681E-01   1.2210704E+06   5.8902884E+05   1.8100101E+06   6.0209669E-03   4.6227324E-03   5.5553403E-03
   2.6086957E-01   1.0596948E+06   5.1063033E+05   1.5702830E+06   4.9919956E-03   3.1715075E-03   4.3958673E-03
   2.7536232E-01   8.7239421E+05   4.1767244E+05   1.2900666E+06   4.2595036E-03   5.3669573E-03   4.6135873E-03
   2.8985507E-01   6.5805642E+05   3.1779477E+05   9.7585119E+05   6.2822621E-03   5.9723452E-03   6.1812618E-03
   3.0434783E-01   4.1000771E+05   1.9683112E+05   6.0683884E+05   8.1931046E-03   7.0106819E-03   7.7470427E-03
   3.1884058E-01   1.9601270E+05   9.4717086E+04   2.9072979E+05   1.7478118E-02   1.7973810E-02   1.7635049E-02
   3.3333333E-01   5.3074513E+04   2.5730102E+04   7.8804615E+04   3.1263073E-02   3.1922301E-02   3.1469476E-02
   3.4782609E-01   1.1808063E+04   4.6095648E+03   1.6417628E+04   6.4225279E-02   6.5642432E-02   6.4538816E-02
   3.6231884E-01   1.1820692E+04   5.2132284E+03   1.7033921E+04   7.8094309E-02   7.2600072E-02   7.6411747E-02
   3.7681159E-01   1.2182074E+04   6.0036060E+03   1.8185680E+04   6.7080642E-02   8.2349392E-02   7.2121120E-02
   3.9130435E-01   1.1983465E+04   6.0618935E+03   1.8045359E+04   9.0948968E-02   8.1962067E-02   8.7836245E-02
   4.0579710E-01   1.1717857E+04   4.9523505E+03   1.6670207E+04   8.8214815E-02   9.5212987E-02   9.0225702E-02
   4.2028986E-01   1.1548952E+04   5.6177030E+03   1.7166655E+04   8.1022049E-02   9.2797442E-02   8.4833606E-02
   4.3478261E-01   1.1163987E+04   5.0010621E+03   1.6165049E+04   9.4956714E-02   1.1032530E-01   9.9711265E-02
   4.4927536E-01   1.0486098E+04   4.8152944E+03   1.5301392E+04   1.1663861E-01   1.1092756E-01   1.1483749E-01
   4.6376812E-01   9.9216147E+03   5.1147226E+03   1.5036337E+04   1.1831612E-01   1.1951858E-01   1.1872448E-01
   4.7826087E-01   8.2662184E+03   4.2249561E+03   1.2491174E+04   1.2695289E-01   1.3290448E-01   1.2896590E-01
   4.9275362E-01   6.8419165E+03   3.9001153E+03   1.0742032E+04   1.2076175E-01   1.1660745E-01   1.1925269E-01
   5.0724638E-01   7.1010752E+03   3.0525964E+03   1.0153672E+04   1.2979860E-01   1.4155157E-01   1.3333172E-01
   5.2173913E-01   4.9042402E+03   2.3574030E+03   7.2616432E+03   1.3479921E-01   1.1617456E-01   1.2875259E-01
   5.3623188E-01   4.3211470E+03   1.9864989E+03   6.3076459E+03   1.4713065E-01   1.3829417E-01   1.4434713E-01
   5.5072464E-01   3.8684452E+03   1.7946395E+03   5.6630847E+03   1.5478881E-01   1.6318890E-01   1.5745081E-01
   5.6521739E-01   2.8755136E+03   1.4377568E+03   4.3132704E+03   1.9197219E-01   1.8561303E-01   1.8985247E-01
   5.7971014E-01   2.5573613E+03   1.1366050E+03   3.6939663E+03   2.1584303E-01   1.8928873E-01   2.0767246E-01
   5.9420290E-01   1.5893989E+03   5.9140424E+02   2.1808031E+03   2.5239968E-01   3.1508570E-01   2.6939887E-01
   6.0869565E-01   1.2268118E+03   5.0515779E+02   1.7319696E+03   2.3913408E-01   2.9182145E-01   2.5450123E-01
   6.2318841E-01   1.2511466E+03   7.0487133E+02   1.9560180E+03   2.6338749E-01   3.0297249E-01   2.7765236E-01
   6.3768116E-01   7.7495797E+02   4.4775350E+02   1.2227115E+03   2.7570465E-01   3.1869683E-01   2.9144827E-01
   6.5217391E-01   1.0439928E+03   5.0515779E+02   1.5491506E+03   2.5301808E-01   3.3242685E-01   2.7891220E-01
   6.6666667E-01   9.2246205E+02   3.4592327E+02   1.2683853E+03   3.1223088E-01   3.4387640E-01   3.2086148E-01
   6.8115942E-01   8.3834697E+02   2.9019703E+02   1.1285440E+03   2.8236518E-01   3.4034685E-01   2.9727475E-01
   6.9565217E-01   5.9987487E+02   4.4201307E+02   1.0418879E+03   3.3624561E-01   3.2987085E-01   3.3354117E-01
   7.1014493E-01   6.4948859E+02   1.5464014E+02   8.0412873E+02   3.1428985E-01   3.9935824E-01   3.3064916E-01
   7.2463768E-01   6.2134408E+02   2.2732101E+02   8.4866509E+02   3.2268702E-01   3.2155559E-01   3.2238390E-01
   7.3913043E-01   2.3772131E+02   2.2286373E+02   4.6058504E+02   3.5243270E-01   3.0551119E-01   3.2972874E-01
   7.5362319E-01   3.2058090E+02   2.0400603E+02   5.2458694E+02   2.9586048E-01   3.6067959E-01   3.2106761E-01
   7.6811594E-01   3.2882913E+02   1.2867227E+02   4.5750139E+02   3.5256771E-01   3.1611401E-01   3.4231510E-01
   7.8260870E-01   2.8064322E+02   1.8241809E+02   4.6306131E+02   3.5538079E-01   3.6528578E-01   3.5928276E-01
   7.9710145E-01   3.0309467E+02   1.9287843E+02   4.9597310E+02   3.4147944E-01   3.5454176E-01   3.4655923E-01
   8.1159420E-01   2.0296518E+02   1.4884113E+02   3.5180632E+02   3.7393921E-01   3.6497008E-01   3.7014458E-01
   8.2608696E-01   1.7281714E+02   1.4622989E+02   3.1904702E+02   3.6500240E-01   3.5265234E-01   3.5934195E-01
   8.4057971E-01   2.3515966E+02   7.8386554E+01   3.1354621E+02   3.8812472E-01   3.3804306E-01   3.7560431E-01
   8.5507246E-01   1.4127294E+02   1.0274396E+02   2.4401690E+02   3.9237187E-01   3.5549328E-01   3.7684404E-01
   8.6956522E-01   1.5154734E+02   2.5257889E+01   1.7680523E+02   4.0386956E-01   4.1398728E-01   4.0531495E-01
   8.8405797E-01   1.4906295E+02   1.2421913E+01   1.6148487E+02   3.8470991E-01   4.0790197E-01   3.8649391E-01
   8.9855072E-01   1.5888027E+02   3.6664678E+01   1.9554495E+02   3.8474448E-01   4.2626273E-01   3.9252915E-01
   9.1304348E-01   8.4192965E+01   4.8110266E+01   1.3230323E+02   4.1157739E-01   3.1512007E-01   3.7608389E-01
   9.2753623E-01   1.1839636E+02   1.0655672E+02   2.2495308E+02   4.0472229E-01   4.0116161E-01   4.0303565E-01
   9.4202899E-01   4.6629950E+01   1.1657487E+01   5.8287437E+01   3.9207998E-01   4.2511804E-01   3.9868759E-01
   9.5652174E-01   6.8885153E+01   9.1846871E+01   1.6073202E+02   3.9761685E-01   4.0123552E-01   3.9968466E-01
   9.7101449E-01   3.3928508E+01   4.5238011E+01   7.9166519E+01   4.2267571E-01   3.1088714E-01   3.5879653E-01
   9.8550725E-01   2.2286373E+01   3.3429560E+01   5.5715933E+01   4.1995799E-01   2.8133242E-01   3.3678265E-01
   1.0000000E+00   2.1884092E+01   4.3768184E+01   6.5652276E+01   4.2844793E-01   4.2653739E-01   4.2717424E-01
