   0.0000000E+00   3.7481906E+10   1.8818112E+10   5.6206228E+10   7.4446662E-07   2.0332574E-06   1.2107561E-06
   1.4492754E-02   2.3386785E+07   1.1499412E+07   3.4884681E+07   7.4944231E-03   4.4823824E-03   6.4384343E-03
   2.8985507E-02   2.0989685E+07   1.0501473E+07   3.1490779E+07   1.7987809E-02   1.6189775E-02   1.7382761E-02
   4.3478261E-02   1.6118827E+07   8.1130867E+06   2.4231156E+07   2.2734693E-02   2.1538730E-02   2.2331682E-02
   5.7971014E-02   1.0305787E+07   5.1876548E+06   1.5492116E+07   2.4242012E-02   2.6767529E-02   2.5095097E-02
   7.2463768E-02   6.0850802E+06   3.0582253E+06   9.1434570E+06   2.6950924E-02   2.5316490E-02   2.6401746E-02
   8.6956522E-02   3.8086372E+06   1.9250300E+06   5.7334146E+06   2.0284598E-02   2.1180626E-02   2.0582041E-02
   1.0144928E-01   2.6356247E+06   1.3151061E+06   3.9507308E+06   1.3166807E-02   1.5128293E-02   1.3817459E-02
   1.1594203E-01   1.9993830E+06   1.0193453E+06   3.0187282E+06   9.3476406E-03   8.8642015E-03   9.1195380E-03
   1.3043478E-01   1.6273658E+06   8.0884181E+05   2.4359551E+06   7.4903200E-03   8.9524832E-03   7.9166938E-03
   1.4492754E-01   1.3519538E+06   6.7036964E+05   2.0223234E+06   9.7361958E-03   6.9673334E-03   8.8007512E-03
   1.5942029E-01   1.1144929E+06   5.5728089E+05   1.6717738E+06   7.5591594E-03   8.2503812E-03   7.7562605E-03
   1.7391304E-01   8.8472072E+05   4.3910841E+05   1.3238291E+06   9.7408043E-03   1.3659722E-02   1.1027734E-02
   1.8840580E-01   7.3418856E+05   3.6534566E+05   1.0994759E+06   9.7726054E-03   1.2167209E-02   1.0503528E-02
   2.0289855E-01   6.2534926E+05   3.0055084E+05   9.2584598E+05   1.0718933E-02   1.3408459E-02   1.1597655E-02
   2.1739130E-01   5.2935485E+05   2.5677170E+05   7.8612655E+05   1.2977652E-02   1.0536867E-02   1.2123193E-02
   2.3188406E-01   4.6160372E+05   2.2604232E+05   6.8764604E+05   1.0561207E-02   8.9907866E-03   9.9578771E-03
   2.4637681E-01   3.8149813E+05   1.9045934E+05   5.7200205E+05   5.5112954E-03   7.4192833E-03   5.6946756E-03
   2.6086957E-01   3.0991430E+05   1.5516763E+05   4.6508194E+05   9.9736038E-03   8.9477237E-03   9.5928120E-03
   2.7536232E-01   2.4566621E+05   1.2036049E+05   3.6602670E+05   9.0139960E-03   8.4999489E-03   8.7064412E-03
   2.8985507E-01   1.7844699E+05   8.9261381E+04   2.6770837E+05   1.0643148E-02   1.3442988E-02   1.1574341E-02
   3.0434783E-01   1.0976357E+05   5.2572493E+04   1.6233606E+05   1.7393524E-02   2.2067932E-02   1.8157146E-02
   3.1884058E-01   4.7771854E+04   2.5728605E+04   7.3500458E+04   3.6876280E-02   2.4337272E-02   3.2426266E-02
   3.3333333E-01   1.3606315E+04   6.4572344E+03   2.0063550E+04   6.5129752E-02   6.3812405E-02   6.3820864E-02
   3.4782609E-01   4.0096900E+03   2.0522035E+03   6.0618935E+03   8.8234408E-02   8.5011646E-02   8.6986351E-02
   3.6231884E-01   4.1523970E+03   2.2429006E+03   6.3952976E+03   1.1201641E-01   1.1672968E-01   1.1360664E-01
   3.7681159E-01   4.0801206E+03   2.0692040E+03   6.1493246E+03   1.1984182E-01   1.1014735E-01   1.1653108E-01
   3.9130435E-01   4.5464201E+03   2.0767598E+03   6.6231799E+03   1.4209829E-01   1.4481099E-01   1.4294586E-01
   4.0579710E-01   4.1404897E+03   1.8672797E+03   6.0077694E+03   1.7160239E-01   1.3057530E-01   1.5884429E-01
   4.2028986E-01   4.1283585E+03   1.9335350E+03   6.0618935E+03   1.8820573E-01   1.6856498E-01   1.8189424E-01
   4.3478261E-01   4.0412623E+03   1.9195996E+03   5.9608619E+03   1.7390108E-01   1.4821189E-01   1.6561830E-01
   4.4927536E-01   3.8375697E+03   2.0287789E+03   5.8663485E+03   2.0926998E-01   1.6167564E-01   1.9280957E-01
   4.6376812E-01   4.0254761E+03   1.6101905E+03   5.6356666E+03   2.0345576E-01   1.8407415E-01   1.9791634E-01
   4.7826087E-01   4.2019943E+03   1.4236265E+03   5.6256208E+03   1.9533645E-01   2.0544080E-01   1.9788241E-01
   4.9275362E-01   3.5658197E+03   1.7829098E+03   5.3487295E+03   1.9391035E-01   1.9895272E-01   1.9558665E-01
   5.0724638E-01   3.1608445E+03   1.4505245E+03   4.6113690E+03   2.0580492E-01   2.1912661E-01   2.0999253E-01
   5.2173913E-01   2.6941749E+03   9.8926734E+02   3.6834422E+03   1.7543324E-01   1.6137737E-01   1.7165520E-01
   5.3623188E-01   2.1503338E+03   1.3311590E+03   3.4814929E+03   1.9962068E-01   2.2546600E-01   2.0949549E-01
   5.5072464E-01   2.0738057E+03   9.9702195E+02   3.0708276E+03   2.1382213E-01   2.0596003E-01   2.1126288E-01
   5.6521739E-01   2.1954935E+03   1.1657487E+03   3.3612422E+03   1.9699928E-01   2.3378774E-01   2.0975829E-01
   5.7971014E-01   1.6101905E+03   7.3879327E+02   2.3489837E+03   2.2901540E-01   2.1894445E-01   2.2583260E-01
   5.9420290E-01   1.4045851E+03   4.4355318E+02   1.8481383E+03   1.7178057E-01   2.1817836E-01   1.8290872E-01
   6.0869565E-01   1.1005223E+03   7.7577803E+02   1.8763004E+03   2.0446917E-01   2.2539730E-01   2.1312215E-01
   6.2318841E-01   9.3395452E+02   5.6389707E+02   1.4978516E+03   1.7117643E-01   2.1005725E-01   1.8581392E-01
   6.3768116E-01   8.9550699E+02   4.8219607E+02   1.3777031E+03   1.7026691E-01   2.0108918E-01   1.8105470E-01
   6.5217391E-01   1.0103156E+03   5.3883498E+02   1.5491506E+03   1.8375699E-01   7.5239012E-02   1.4601161E-01
   6.6666667E-01   9.2246205E+02   3.6239581E+02   1.2848579E+03   1.6780973E-01   2.1034354E-01   1.7980645E-01
   6.8115942E-01   7.8998080E+02   3.8692937E+02   1.1769102E+03   2.0181977E-01   1.6179505E-01   1.8855104E-01
   6.9565217E-01   7.1037814E+02   2.6836508E+02   9.7874322E+02   1.2950644E-01   2.0086402E-01   1.4907223E-01
   7.1014493E-01   7.1134464E+02   2.6288824E+02   9.7423288E+02   1.4900216E-01   8.6214408E-02   1.3205900E-01
   7.2463768E-01   6.8196302E+02   2.2732101E+02   9.0928402E+02   1.6123614E-01   5.1686799E-02   1.3384881E-01
   7.3913043E-01   8.6173976E+02   2.8229406E+02   1.1440338E+03   1.5150073E-01   1.9035949E-01   1.6108926E-01
   7.5362319E-01   4.6629950E+02   2.7686533E+02   7.4316482E+02   2.1925167E-01   1.5767945E-01   1.9631300E-01
   7.6811594E-01   5.1468907E+02   3.0023529E+02   8.1492436E+02   1.4373107E-01   1.4239848E-01   1.4324012E-01
   7.8260870E-01   4.2096482E+02   2.5257889E+02   6.7354372E+02   1.5097322E-01   1.2742894E-01   1.4214412E-01
   7.9710145E-01   3.7197983E+02   2.8931764E+02   6.6129747E+02   9.6338164E-02   1.3792461E-01   1.1453223E-01
   8.1159420E-01   3.5180632E+02   2.5708923E+02   6.0889555E+02   1.4152462E-01   1.7726897E-01   1.5661668E-01
   8.2608696E-01   4.2539603E+02   1.5952351E+02   5.8491955E+02   1.3773654E-01   1.5325798E-01   1.4196966E-01
   8.4057971E-01   3.3967507E+02   1.1757983E+02   4.5725490E+02   1.3106874E-01   2.5772634E-01   1.6363784E-01
   8.5507246E-01   2.5685989E+02   1.4127294E+02   3.9813283E+02   9.7411702E-02   5.4197410E-02   8.2077599E-02
   8.6956522E-01   2.6520784E+02   1.5154734E+02   4.1675518E+02   2.0229786E-01   7.0299523E-02   1.5429847E-01
   8.8405797E-01   3.3539165E+02   1.1179722E+02   4.4718886E+02   1.7704204E-01   2.4239263E-01   1.9337525E-01
   8.9855072E-01   2.0776651E+02   1.2221559E+02   3.2998210E+02   1.6474126E-01   1.5771767E-01   1.6213993E-01
   9.1304348E-01   1.2027566E+02   8.4192965E+01   2.0446863E+02   7.5938832E-02   1.6991863E-01   1.1463640E-01
   9.2753623E-01   1.8943417E+02   3.5518907E+01   2.2495308E+02   3.0432343E-01   1.3602787E-01   2.7775044E-01
   9.4202899E-01   1.2823236E+02   3.4972462E+01   1.6320482E+02   2.9558839E-01   4.0247395E-06   2.3224889E-01
   9.5652174E-01   6.8885153E+01   4.5923435E+01   1.1480859E+02   2.6491667E-01   1.0278549E-01   2.0006420E-01
   9.7101449E-01   0.0000000E+00   0.0000000E+00   0.0000000E+00   0.0000000E+00   0.0000000E+00   0.0000000E+00
   9.8550725E-01   3.3429560E+01   1.1143187E+01   4.4572746E+01   4.1625475E-01   2.2102631E-06   3.1219161E-01
   1.0000000E+00   0.0000000E+00   0.0000000E+00   0.0000000E+00   0.0000000E+00   0.0000000E+00   0.0000000E+00
