   0.0000000E+00   3.5697199E+10   1.7906403E+10   5.3543414E+10   1.4568632E-06   6.7951280E-07   7.2757273E-07
   1.4492754E-02   8.6889666E+06   4.3509240E+06   1.3039891E+07   1.5945183E-03   8.6320790E-04   1.0423561E-03
   2.8985507E-02   8.6173604E+06   4.2490085E+06   1.2866369E+07   2.3782239E-03   5.0932226E-03   3.2582970E-03
   4.3478261E-02   8.4265371E+06   4.2067015E+06   1.2633239E+07   3.8303665E-03   5.2661301E-03   4.2867122E-03
   5.7971014E-02   8.1233161E+06   4.0279388E+06   1.2151065E+07   5.5825647E-03   7.3538924E-03   6.1399831E-03
   7.2463768E-02   7.7399771E+06   3.8600622E+06   1.1599888E+07   9.0916153E-03   9.1792905E-03   9.1160103E-03
   8.6956522E-02   7.1834701E+06   3.5978601E+06   1.0781330E+07   1.0021572E-02   9.6561082E-03   9.8985591E-03
   1.0144928E-01   6.6371239E+06   3.3595880E+06   9.9964953E+06   1.3134655E-02   1.3847299E-02   1.3345140E-02
   1.1594203E-01   6.1025271E+06   3.0968698E+06   9.1992075E+06   1.6258576E-02   1.5930676E-02   1.6132746E-02
   1.3043478E-01   5.4850875E+06   2.7456168E+06   8.2305359E+06   1.9870062E-02   1.9053927E-02   1.9600868E-02
   1.4492754E-01   4.8328446E+06   2.4148310E+06   7.2476756E+06   2.3907502E-02   2.3016503E-02   2.3601194E-02
   1.5942029E-01   4.1748536E+06   2.0807449E+06   6.2554608E+06   2.9392553E-02   2.9848853E-02   2.9544073E-02
   1.7391304E-01   3.3768535E+06   1.6860904E+06   5.0630071E+06   3.6706771E-02   3.4303124E-02   3.5903601E-02
   1.8840580E-01   2.5911097E+06   1.2946806E+06   3.8857903E+06   4.4116343E-02   4.0870601E-02   4.3019813E-02
   2.0289855E-01   1.9201048E+06   9.6865810E+05   2.8887629E+06   5.2196212E-02   5.0686087E-02   5.1688850E-02
   2.1739130E-01   1.4073696E+06   7.0055282E+05   2.1079224E+06   5.9754729E-02   5.5748359E-02   5.8416022E-02
   2.3188406E-01   9.9959676E+05   5.0754150E+05   1.5071383E+06   6.7514978E-02   6.5985844E-02   6.6998625E-02
   2.4637681E-01   7.2065216E+05   3.6219813E+05   1.0828503E+06   7.5353123E-02   7.2902601E-02   7.4532912E-02
   2.6086957E-01   5.0528408E+05   2.4710635E+05   7.5239043E+05   8.2158474E-02   7.8207784E-02   8.0860914E-02
   2.7536232E-01   3.5127077E+05   1.7523658E+05   5.2650735E+05   8.7183810E-02   8.4183487E-02   8.6182990E-02
   2.8985507E-01   2.2815452E+05   1.1832058E+05   3.4647510E+05   9.0458843E-02   9.5512367E-02   9.2182115E-02
   3.0434783E-01   1.3556270E+05   6.3866378E+04   1.9942908E+05   9.5907109E-02   8.7281185E-02   9.3101291E-02
   3.1884058E-01   6.1204459E+04   2.9276190E+04   9.0480649E+04   9.9615649E-02   7.8979767E-02   9.2934142E-02
   3.3333333E-01   9.8176318E+03   4.3816947E+03   1.4199327E+04   7.7780433E-02   5.0902115E-02   6.9484329E-02
   3.4782609E-01   1.8943417E+02   1.2628945E+02   3.1572362E+02   2.6218459E-01   9.4511821E-02   1.1953960E-01
   3.6231884E-01   1.2123787E+02   3.0309467E+01   1.5154734E+02   5.0927529E-02   3.7344390E-01   4.1262718E-02
   3.7681159E-01   1.1657487E+02   1.7486231E+02   2.9143719E+02   4.9590505E-02   1.5732544E-01   1.0267132E-01
   3.9130435E-01   2.2451457E+02   8.4192965E+01   3.0870754E+02   2.2889864E-02   7.3334599E-02   1.6865362E-02
   4.0579710E-01   1.3531012E+02   0.0000000E+00   1.3531012E+02   1.8524679E-02   0.0000000E+00   1.8524679E-02
   4.2028986E-01   7.8386554E+01   7.8386554E+01   1.5677311E+02   9.3340013E-02   1.0972466E-01   9.7527039E-02
   4.3478261E-01   0.0000000E+00   2.5257889E+01   2.5257889E+01   0.0000000E+00   3.7853096E-01   3.7853096E-01
   4.4927536E-01   4.8886238E+01   0.0000000E+00   4.8886238E+01   1.4766952E-02   0.0000000E+00   1.4766952E-02
   4.6376812E-01   4.7358543E+01   4.7358543E+01   9.4717086E+01   1.8286160E-01   6.5003150E-02   8.6283719E-02
   4.7826087E-01   6.8885153E+01   4.5923435E+01   1.1480859E+02   1.6865419E-01   1.5954130E-01   1.4470531E-01
   4.9275362E-01   2.2286373E+01   2.2286373E+01   4.4572746E+01   3.6594496E-01   1.1753237E-05   1.8297638E-01
   5.0724638E-01   4.3299239E+01   0.0000000E+00   4.3299239E+01   2.1712522E-06   0.0000000E+00   2.1712522E-06
   5.2173913E-01   1.2628945E+02   0.0000000E+00   1.2628945E+02   4.3148840E-02   0.0000000E+00   4.3148840E-02
   5.3623188E-01   0.0000000E+00   2.0479370E+01   2.0479370E+01   0.0000000E+00   2.9827551E-01   2.9827551E-01
   5.5072464E-01   0.0000000E+00   1.9940439E+01   1.9940439E+01   0.0000000E+00   1.3017212E-05   1.3017212E-05
   5.6521739E-01   1.9429146E+01   0.0000000E+00   1.9429146E+01   4.2490728E-01   0.0000000E+00   4.2490728E-01
   5.7971014E-01   1.8943417E+01   3.7886834E+01   5.6830251E+01   1.2394375E-01   4.1068276E-01   3.1388133E-01
   5.9420290E-01   7.3925530E+01   0.0000000E+00   7.3925530E+01   1.8004088E-01   0.0000000E+00   1.8004088E-01
   6.0869565E-01   5.4124049E+01   5.4124049E+01   1.0824810E+02   3.0285938E-02   1.7642379E-01   1.0299797E-01
   6.2318841E-01   3.5243567E+01   3.5243567E+01   7.0487133E+01   1.0609006E-01   1.7944465E-01   1.3608006E-01
   6.3768116E-01   1.7221288E+01   0.0000000E+00   1.7221288E+01   1.4752650E-01   0.0000000E+00   1.4752650E-01
   6.5217391E-01   1.6838593E+01   1.6838593E+01   3.3677186E+01   7.2676028E-06   4.0995861E-01   2.0497593E-01
   6.6666667E-01   3.2945073E+01   1.6472537E+01   4.9417610E+01   8.0574048E-02   1.5267750E-05   5.3721121E-02
   6.8115942E-01   1.6122057E+01   0.0000000E+00   1.6122057E+01   6.9588368E-06   0.0000000E+00   6.9588368E-06
   6.9565217E-01   1.5786181E+01   0.0000000E+00   1.5786181E+01   5.6561593E-05   0.0000000E+00   5.6561593E-05
   7.1014493E-01   7.7320070E+01   0.0000000E+00   7.7320070E+01   1.7780847E-01   0.0000000E+00   1.7780847E-01
   7.2463768E-01   0.0000000E+00   0.0000000E+00   0.0000000E+00   0.0000000E+00   0.0000000E+00   0.0000000E+00
   7.3913043E-01   1.4857582E+01   4.4572746E+01   5.9430328E+01   3.2920985E-01   2.4674583E-06   8.2304041E-02
   7.5362319E-01   2.9143719E+01   1.4571859E+01   4.3715578E+01   9.7983114E-02   1.9689197E-05   6.5321057E-02
   7.6811594E-01   1.4296919E+01   0.0000000E+00   1.4296919E+01   2.7585684E-05   0.0000000E+00   2.7585684E-05
   7.8260870E-01   1.4032161E+01   2.8064322E+01   4.2096482E+01   2.3086974E-01   3.6578531E-06   7.6958301E-02
   7.9710145E-01   0.0000000E+00   2.7554061E+01   2.7554061E+01   0.0000000E+00   2.4216798E-02   2.4216798E-02
   8.1159420E-01   1.3531012E+01   1.3531012E+01   2.7062024E+01   3.7410147E-06   9.8695391E-07   2.3562606E-06
   8.2608696E-01   2.6587252E+01   0.0000000E+00   2.6587252E+01   1.6208529E-01   0.0000000E+00   1.6208529E-01
   8.4057971E-01   2.6128851E+01   0.0000000E+00   2.6128851E+01   2.0332379E-01   0.0000000E+00   2.0332379E-01
   8.5507246E-01   3.8528984E+01   0.0000000E+00   3.8528984E+01   8.4378457E-02   0.0000000E+00   8.4378457E-02
   8.6956522E-01   1.2628945E+01   0.0000000E+00   1.2628945E+01   4.5572335E-01   0.0000000E+00   4.5572335E-01
   8.8405797E-01   2.4843826E+01   0.0000000E+00   2.4843826E+01   3.5917010E-01   0.0000000E+00   3.5917010E-01
   8.9855072E-01   0.0000000E+00   0.0000000E+00   0.0000000E+00   0.0000000E+00   0.0000000E+00   0.0000000E+00
   9.1304348E-01   0.0000000E+00   2.4055133E+01   2.4055133E+01   0.0000000E+00   2.5567122E-01   2.5567122E-01
   9.2753623E-01   0.0000000E+00   0.0000000E+00   0.0000000E+00   0.0000000E+00   0.0000000E+00   0.0000000E+00
   9.4202899E-01   0.0000000E+00   0.0000000E+00   0.0000000E+00   0.0000000E+00   0.0000000E+00   0.0000000E+00
   9.5652174E-01   0.0000000E+00   0.0000000E+00   0.0000000E+00   0.0000000E+00   0.0000000E+00   0.0000000E+00
   9.7101449E-01   3.3928508E+01   0.0000000E+00   3.3928508E+01   2.2657221E-05   0.0000000E+00   2.2657221E-05
   9.8550725E-01   0.0000000E+00   0.0000000E+00   0.0000000E+00   0.0000000E+00   0.0000000E+00   0.0000000E+00
   1.0000000E+00   0.0000000E+00   0.0000000E+00   0.0000000E+00   0.0000000E+00   0.0000000E+00   0.0000000E+00
