   0.0000000E+00   3.4264083E+10   1.7252555E+10   5.1452394E+10   1.2121417E-07   4.9941617E-07   2.4797248E-07
   1.4492754E-02   9.0776855E+05   4.6600806E+05   1.3737766E+06   2.0556820E-03   4.7196633E-03   2.9370500E-03
   2.8985507E-02   9.1193610E+05   4.5653635E+05   1.3684725E+06   9.4622339E-04   2.4410988E-03   1.3626019E-03
   4.3478261E-02   9.6535654E+05   4.6120906E+05   1.4265656E+06   2.4076022E-03   2.9727321E-03   9.3979265E-04
   5.7971014E-02   9.5417992E+05   4.7737411E+05   1.4313646E+06   9.2595500E-04   3.6772566E-04   5.2689911E-04
   7.2463768E-02   9.5292965E+05   4.7479781E+05   1.4277275E+06   4.8428049E-04   2.5991186E-03   7.4595976E-04
   8.6956522E-02   9.5992609E+05   4.9657011E+05   1.4564962E+06   1.9768359E-03   3.5121795E-03   2.4957944E-03
   1.0144928E-01   9.9620724E+05   5.1493620E+05   1.5111434E+06   9.0779233E-04   7.3234604E-04   8.3708775E-04
   1.1594203E-01   1.0231340E+06   5.0010621E+05   1.5232402E+06   1.3843007E-03   9.3320264E-04   9.0626649E-04
   1.3043478E-01   1.0293432E+06   5.1248258E+05   1.5418258E+06   3.2441352E-05   5.3869868E-04   1.6228716E-04
   1.4492754E-01   1.0327193E+06   5.2208058E+05   1.5547999E+06   6.0398270E-04   4.1885383E-04   3.9419282E-04
   1.5942029E-01   1.0451255E+06   5.0437709E+05   1.5495026E+06   2.9676492E-04   2.4775355E-04   1.7132656E-04
   1.7391304E-01   1.0425825E+06   5.1311402E+05   1.5556966E+06   8.1296035E-05   6.9871936E-04   2.0161256E-04
   1.8840580E-01   1.0409553E+06   5.2149770E+05   1.5623948E+06   2.1051417E-04   3.8097195E-04   1.1330585E-04
   2.0289855E-01   1.0317667E+06   5.1650580E+05   1.5482184E+06   5.7268640E-04   1.3606564E-04   3.7555702E-04
   2.1739130E-01   1.0117300E+06   4.9944951E+05   1.5111290E+06   3.8896424E-04   7.0636896E-04   4.3179612E-04
   2.3188406E-01   9.8875166E+05   4.8485676E+05   1.4736084E+06   5.7978061E-04   1.2188269E-04   4.1455390E-04
   2.4637681E-01   9.6219187E+05   4.6502746E+05   1.4272193E+06   4.9735732E-04   1.0583074E-03   6.7360774E-04
   2.6086957E-01   9.1707187E+05   4.5653635E+05   1.3735661E+06   9.5938241E-04   1.0849113E-03   4.2481656E-04
   2.7536232E-01   8.8380014E+05   4.3362479E+05   1.3173850E+06   8.6451251E-04   5.6416474E-04   5.5584686E-04
   2.8985507E-01   8.4877875E+05   4.1993767E+05   1.2686785E+06   6.4825129E-04   7.9207570E-04   6.9437484E-04
   3.0434783E-01   8.1705664E+05   4.0080662E+05   1.2178633E+06   7.6362370E-04   5.1038793E-05   5.0088434E-04
   3.1884058E-01   7.7702453E+05   3.8014272E+05   1.1571672E+06   6.6039061E-04   1.4883917E-04   4.4715123E-04
   3.3333333E-01   7.4614002E+05   3.5527967E+05   1.1014197E+06   5.1327784E-04   6.4360769E-04   3.5255846E-04
   3.4782609E-01   7.1584016E+05   3.5417876E+05   1.0700189E+06   5.4648713E-04   6.2261541E-04   1.6726522E-04
   3.6231884E-01   6.8860079E+05   3.3743530E+05   1.0260361E+06   6.2416478E-04   1.1498178E-03   7.8174488E-04
   3.7681159E-01   6.6077553E+05   3.1935687E+05   9.8010326E+05   1.3152049E-03   7.5188857E-04   1.0300721E-03
   3.9130435E-01   6.2698501E+05   3.1224364E+05   9.3922865E+05   3.2567556E-04   5.7088720E-04   2.3133719E-04
   4.0579710E-01   6.0675765E+05   2.9622092E+05   9.0297857E+05   9.2535306E-04   5.0479209E-04   4.6506377E-04
   4.2028986E-01   5.8413660E+05   2.8287094E+05   8.6700754E+05   3.7171840E-04   3.5848933E-04   3.6695084E-04
   4.3478261E-01   5.6393290E+05   2.7533625E+05   8.3924389E+05   1.0500211E-03   4.0806982E-04   7.8991099E-04
   4.4927536E-01   5.4117065E+05   2.6110140E+05   8.0227205E+05   1.2024870E-03   8.9034436E-04   5.3928232E-04
   4.6376812E-01   5.1904963E+05   2.5628075E+05   7.7533038E+05   9.0106387E-04   1.0875470E-03   9.6177974E-04
   4.7826087E-01   4.9679972E+05   2.4261351E+05   7.3941323E+05   5.2923155E-04   2.8716240E-04   3.0638599E-04
   4.9275362E-01   4.8038277E+05   2.2957193E+05   7.0991013E+05   6.2013184E-04   1.9243022E-03   9.8697583E-04
   5.0724638E-01   4.5801935E+05   2.2277459E+05   6.8079394E+05   4.5585180E-04   8.4380106E-04   5.3907902E-04
   5.2173913E-01   4.4011872E+05   2.1467101E+05   6.5478974E+05   4.4050889E-04   5.9603319E-04   4.7854648E-04
   5.3623188E-01   4.1599744E+05   2.0374925E+05   6.1974669E+05   2.9162115E-04   8.5359149E-04   1.5296818E-04
   5.5072464E-01   4.0375401E+05   1.9378119E+05   5.9753520E+05   2.3707400E-04   8.5707370E-04   3.7633253E-04
   5.6521739E-01   3.8675658E+05   1.8622836E+05   5.7296551E+05   4.7379819E-04   1.4113607E-03   3.0710673E-04
   5.7971014E-01   3.6945346E+05   1.7687469E+05   5.4632815E+05   9.7956099E-04   7.0776641E-04   7.0298508E-04
   5.9420290E-01   3.4944598E+05   1.6952972E+05   5.1897570E+05   6.7610188E-04   1.1353819E-03   7.5757550E-04
   6.0869565E-01   3.3071598E+05   1.6314792E+05   4.9386390E+05   1.6614155E-03   4.6200516E-04   1.0934672E-03
   6.2318841E-01   3.1634625E+05   1.5348573E+05   4.6983199E+05   1.8496051E-03   2.7404563E-03   1.4431036E-03
   6.3768116E-01   2.9741165E+05   1.4391831E+05   4.4132995E+05   1.4449799E-03   1.3840867E-03   7.4179956E-04
   6.5217391E-01   2.8049728E+05   1.3420359E+05   4.1466719E+05   8.7624087E-04   1.8653932E-03   5.7439842E-04
   6.6666667E-01   2.6454894E+05   1.2843637E+05   3.9298531E+05   9.3693885E-04   7.3869051E-04   4.9016140E-04
   6.8115942E-01   2.4484568E+05   1.1804570E+05   3.6289138E+05   5.7142277E-04   2.2487856E-03   1.0385090E-03
   6.9565217E-01   2.3442479E+05   1.1392887E+05   3.4835365E+05   8.3667164E-04   2.7778700E-03   1.4679822E-03
   7.1014493E-01   2.1836734E+05   1.0436663E+05   3.2273397E+05   2.5749784E-03   2.7397877E-03   2.6280909E-03
   7.2463768E-01   2.0633170E+05   9.7005450E+04   3.0333715E+05   2.9444413E-03   3.4135270E-03   3.0900012E-03
   7.3913043E-01   1.8925588E+05   9.1478133E+04   2.8073401E+05   2.3416561E-03   5.4893832E-04   1.6437367E-03
   7.5362319E-01   1.7620292E+05   8.5099658E+04   2.6130258E+05   1.2002837E-03   4.3769896E-03   1.8281935E-03
   7.6811594E-01   1.6202698E+05   7.6316951E+04   2.3834393E+05   3.1863350E-03   3.4124464E-03   3.2229628E-03
   7.8260870E-01   1.4956880E+05   7.1185152E+04   2.2075395E+05   8.8484037E-04   3.7063601E-03   1.5611755E-03
   7.9710145E-01   1.3378874E+05   6.4931145E+04   1.9871989E+05   2.2952728E-03   5.0454025E-03   2.4507265E-03
   8.1159420E-01   1.2770569E+05   5.9942384E+04   1.8764808E+05   5.3612827E-03   3.7433303E-03   4.7359282E-03
   8.2608696E-01   1.1677121E+05   5.5806642E+04   1.7257785E+05   3.0641004E-03   4.0410431E-03   3.3522661E-03
   8.4057971E-01   1.0337880E+05   5.0258845E+04   1.5363764E+05   4.6307846E-03   4.6108279E-03   4.2797597E-03
   8.5507246E-01   9.6990296E+04   4.6607228E+04   1.4359752E+05   5.1739259E-03   8.5000892E-03   5.8742720E-03
   8.6956522E-01   8.8326839E+04   4.3140475E+04   1.3145469E+05   8.4670881E-04   4.0736950E-03   1.4087795E-03
   8.8405797E-01   8.0369776E+04   3.8967541E+04   1.1933732E+05   8.1067813E-03   4.6144654E-03   6.8569265E-03
   8.9855072E-01   7.4233752E+04   3.5613624E+04   1.0984738E+05   4.9819391E-03   5.0406274E-03   4.9525721E-03
   9.1304348E-01   6.7282207E+04   3.1945216E+04   9.9227423E+04   7.8359018E-03   3.0850772E-03   5.5348316E-03
   9.2753623E-01   5.9292896E+04   2.7692908E+04   8.6985803E+04   8.8912383E-03   2.5961404E-03   6.8771758E-03
   9.4202899E-01   5.1654327E+04   2.4748846E+04   7.6403173E+04   4.7575044E-03   7.6931151E-03   5.6982686E-03
   9.5652174E-01   4.2054386E+04   2.0390005E+04   6.2444391E+04   1.2003508E-02   1.2770504E-02   1.2057077E-02
   9.7101449E-01   3.0105896E+04   1.4340449E+04   4.4446346E+04   2.1264795E-02   1.9796518E-02   2.0787989E-02
   9.8550725E-01   1.8486546E+04   8.5579673E+03   2.7044514E+04   3.6845277E-02   2.9832687E-02   3.4545847E-02
   1.0000000E+00   9.3882755E+03   4.9895730E+03   1.4377848E+04   5.4819079E-02   5.4686958E-02   5.4346146E-02
