   0.0000000E+00   3.8483106E+10   1.9287872E+10   5.7679401E+10   5.4814045E-07   1.0446418E-06   6.6928615E-07
   1.4492754E-02   7.7516463E+05   3.6068266E+05   1.1358473E+06   5.6695935E-03   3.1894833E-03   3.0053977E-03
   2.8985507E-02   7.3424685E+05   3.4401245E+05   1.0782593E+06   8.5271420E-03   1.2257617E-02   7.5531049E-03
   4.3478261E-02   7.5470574E+05   3.7987866E+05   1.1345844E+06   7.7413746E-03   4.2468333E-03   4.7984944E-03
   5.7971014E-02   7.3784610E+05   3.5670454E+05   1.0945506E+06   4.3778821E-03   9.8237855E-03   6.1438913E-03
   7.2463768E-02   7.3773244E+05   3.4886197E+05   1.0865944E+06   6.6107310E-03   1.1723326E-02   7.6487164E-03
   8.6956522E-02   7.3146848E+05   3.5765171E+05   1.0891202E+06   1.3064328E-02   1.4665461E-02   1.3497404E-02
   1.0144928E-01   7.1487044E+05   3.5873420E+05   1.0736046E+06   1.1344490E-02   1.1931768E-02   1.1496365E-02
   1.1594203E-01   7.1984985E+05   3.6219813E+05   1.0820480E+06   1.5860500E-02   2.1728943E-02   1.7821490E-02
   1.3043478E-01   7.0115901E+05   3.4165505E+05   1.0428141E+06   2.0097581E-02   2.0927212E-02   2.0339547E-02
   1.4492754E-01   6.7499184E+05   3.4120883E+05   1.0162007E+06   2.2940250E-02   1.9991937E-02   2.1946247E-02
   1.5942029E-01   6.5888649E+05   3.3250863E+05   9.9132624E+05   2.4436758E-02   2.3729994E-02   2.4180618E-02
   1.7391304E-01   6.4483392E+05   3.1749167E+05   9.6232559E+05   2.5678675E-02   2.2083841E-02   2.4449930E-02
   1.8840580E-01   6.1003632E+05   2.9878140E+05   9.0881772E+05   2.1756436E-02   2.2292896E-02   2.1910435E-02
   2.0289855E-01   5.7485152E+05   2.9162038E+05   8.6647190E+05   2.6960991E-02   2.2073873E-02   2.5307512E-02
   2.1739130E-01   5.3238579E+05   2.6546042E+05   7.9784621E+05   2.5732640E-02   2.7735674E-02   2.6340651E-02
   2.3188406E-01   5.0910433E+05   2.5218424E+05   7.6128857E+05   2.3636903E-02   2.4280825E-02   2.3839729E-02
   2.4637681E-01   4.6199651E+05   2.3436350E+05   6.9636001E+05   2.4204988E-02   2.8312564E-02   2.5584075E-02
   2.6086957E-01   4.2125950E+05   2.1107176E+05   6.3233126E+05   2.4935611E-02   2.4628909E-02   2.4820050E-02
   2.7536232E-01   3.9258736E+05   2.0004248E+05   5.9262985E+05   2.5239361E-02   2.6240531E-02   2.5489923E-02
   2.8985507E-01   3.5875043E+05   1.7734827E+05   5.3609870E+05   2.5461393E-02   2.6960953E-02   2.5957262E-02
   3.0434783E-01   3.2156902E+05   1.6359896E+05   4.8516797E+05   2.6964998E-02   2.8948833E-02   2.7633671E-02
   3.1884058E-01   2.9231415E+05   1.4882637E+05   4.4114052E+05   2.6426453E-02   2.9322440E-02   2.7348943E-02
   3.3333333E-01   2.6108971E+05   1.3115434E+05   3.9224404E+05   2.6845758E-02   2.9409770E-02   2.7697141E-02
   3.4782609E-01   2.4209687E+05   1.1804906E+05   3.6014593E+05   2.5832216E-02   2.6001682E-02   2.5850111E-02
   3.6231884E-01   2.0668026E+05   1.0538602E+05   3.1206628E+05   2.6408424E-02   2.9468402E-02   2.7423634E-02
   3.7681159E-01   1.9094964E+05   9.8010326E+04   2.8895997E+05   2.6593454E-02   2.5246970E-02   2.6122954E-02
   3.9130435E-01   1.7644039E+05   8.7897455E+04   2.6433785E+05   2.3412499E-02   2.6584521E-02   2.4467098E-02
   4.0579710E-01   1.5306281E+05   7.8398685E+04   2.3146149E+05   2.5121270E-02   2.5755905E-02   2.5329488E-02
   4.2028986E-01   1.4323836E+05   7.2089500E+04   2.1532786E+05   2.4756333E-02   2.4197352E-02   2.4475499E-02
   4.3478261E-01   1.3020442E+05   6.2412245E+04   1.9261667E+05   2.2374432E-02   1.6092304E-02   2.0293377E-02
   4.4927536E-01   1.1434491E+05   5.7123569E+04   1.7146848E+05   1.8602872E-02   1.8565805E-02   1.8590069E-02
   4.6376812E-01   1.0906672E+05   5.2639020E+04   1.6170574E+05   2.0935399E-02   1.6265602E-02   1.9265373E-02
   4.7826087E-01   9.6025903E+04   4.8173684E+04   1.4419959E+05   2.0065013E-02   1.4510962E-02   1.8064205E-02
   4.9275362E-01   9.0883829E+04   4.4082446E+04   1.3496628E+05   1.4673701E-02   1.1908943E-02   1.3712233E-02
   5.0724638E-01   8.1380920E+04   4.1848715E+04   1.2322963E+05   1.5088232E-02   1.6711676E-02   1.5627486E-02
   5.2173913E-01   7.7015515E+04   3.7129098E+04   1.1414461E+05   1.5610595E-02   1.0235389E-02   1.3441060E-02
   5.3623188E-01   6.9506981E+04   3.3770481E+04   1.0327746E+05   1.6098027E-02   1.2449474E-02   1.4806682E-02
   5.5072464E-01   6.4926070E+04   3.2642499E+04   9.7568568E+04   8.6331377E-03   1.1025656E-02   9.0443723E-03
   5.6521739E-01   6.0735510E+04   3.0853483E+04   9.1588993E+04   1.1196068E-02   1.0677283E-02   1.0472206E-02
   5.7971014E-01   5.8042630E+04   2.9040258E+04   8.7082888E+04   1.3390384E-02   9.5603305E-03   1.1811888E-02
   5.9420290E-01   5.4667930E+04   2.6853449E+04   8.1521378E+04   8.4189621E-03   7.5452498E-03   7.9651317E-03
   6.0869565E-01   5.0840523E+04   2.5745006E+04   7.6585529E+04   9.4645335E-03   5.7951292E-03   6.6732896E-03
   6.2318841E-01   4.8512770E+04   2.3613190E+04   7.2125959E+04   5.0502611E-03   7.1855012E-03   4.4905808E-03
   6.3768116E-01   4.4052055E+04   2.2921535E+04   6.6973590E+04   7.6125071E-03   1.1631174E-02   8.9703933E-03
   6.5217391E-01   4.2062805E+04   2.0677792E+04   6.2740597E+04   1.1009122E-02   9.6571510E-03   1.0272907E-02
   6.6666667E-01   3.9698813E+04   1.9190505E+04   5.8889318E+04   9.5992147E-03   4.6240234E-03   7.9087602E-03
   6.8115942E-01   3.7274196E+04   1.8088948E+04   5.5363144E+04   7.7385073E-03   1.2201466E-02   8.7710865E-03
   6.9565217E-01   3.5124253E+04   1.7380585E+04   5.2504838E+04   9.3598489E-03   1.1004559E-02   9.8572874E-03
   7.1014493E-01   3.3850727E+04   1.6299071E+04   5.0149797E+04   9.5634366E-03   3.6083961E-03   6.5749038E-03
   7.2463768E-01   3.1703703E+04   1.5745768E+04   4.7449471E+04   1.2494505E-02   1.3895877E-02   1.2922007E-02
   7.3913043E-01   2.9774594E+04   1.4768437E+04   4.4543031E+04   5.7068760E-03   1.9154185E-02   1.0145575E-02
   7.5362319E-01   2.7161946E+04   1.3114673E+04   4.0276619E+04   6.6996287E-03   1.1414257E-02   7.9758510E-03
   7.6811594E-01   2.6048986E+04   1.2738554E+04   3.8787540E+04   3.5376916E-03   4.4615013E-03   3.5481298E-03
   7.8260870E-01   2.4415960E+04   1.1899272E+04   3.6315232E+04   7.1111407E-03   3.4816844E-03   5.8731172E-03
   7.9710145E-01   2.2842317E+04   1.1448712E+04   3.4291029E+04   1.1700720E-02   9.2155933E-03   1.0852148E-02
   8.1159420E-01   2.1230158E+04   1.0432410E+04   3.1662569E+04   8.5253246E-03   1.3211426E-02   9.7143566E-03
   8.2608696E-01   1.9302345E+04   8.8668486E+03   2.8169194E+04   1.4348784E-02   9.2411383E-03   1.2660770E-02
   8.4057971E-01   1.7963585E+04   8.8838094E+03   2.6847395E+04   1.3751279E-02   6.3730174E-03   1.1159185E-02
   8.5507246E-01   1.6413347E+04   8.1938306E+03   2.4607178E+04   1.7010940E-02   9.9624437E-03   1.4629748E-02
   8.6956522E-01   1.4333852E+04   7.9814931E+03   2.2315345E+04   2.1508323E-02   6.0271119E-03   1.4867544E-02
   8.8405797E-01   1.3018165E+04   6.5463481E+03   1.9564513E+04   1.5077953E-02   1.6980336E-02   1.5603960E-02
   8.9855072E-01   1.2013793E+04   5.4997017E+03   1.7513495E+04   1.9353381E-02   9.0351845E-03   1.5919646E-02
   9.1304348E-01   1.0740617E+04   5.0636055E+03   1.5804222E+04   2.2327428E-02   1.8670286E-02   2.0824748E-02
   9.2753623E-01   9.0218024E+03   4.0846743E+03   1.3106477E+04   2.1539545E-02   2.4074285E-02   2.2273716E-02
   9.4202899E-01   8.4866509E+03   4.5580776E+03   1.3044728E+04   2.9210772E-02   4.9782097E-02   3.6192573E-02
   9.5652174E-01   7.0033239E+03   3.3294491E+03   1.0332773E+04   3.0051423E-02   3.4336597E-02   2.9847380E-02
   9.7101449E-01   5.6547514E+03   2.4654716E+03   8.1202230E+03   3.5930625E-02   4.6597848E-02   3.8669663E-02
   9.8550725E-01   4.9252884E+03   1.9166281E+03   6.8419165E+03   5.7667007E-02   5.3193848E-02   5.6036832E-02
   1.0000000E+00   3.1950774E+03   1.3786978E+03   4.5737752E+03   9.5602154E-02   7.6850848E-02   8.8068746E-02
