   0.0000000E+00   3.0600256E+10   1.5650324E+10   4.6200066E+10   3.5792480E-07   4.8964116E-07   3.4095080E-07
   1.4492754E-02   1.8610013E+06   9.5550596E+05   2.8165073E+06   3.8244958E-03   8.2224814E-04   2.4309322E-03
   2.8985507E-02   1.9348806E+06   8.9981231E+05   2.8346929E+06   1.0986014E-03   4.2669841E-03   6.0503411E-04
   4.3478261E-02   1.9213677E+06   9.4388733E+05   2.8652550E+06   4.5055162E-03   5.6092801E-03   4.7855176E-03
   5.7971014E-02   1.9841335E+06   9.3485763E+05   2.9189911E+06   7.6381464E-03   7.9283265E-03   7.6001512E-03
   7.2463768E-02   1.9535967E+06   9.6929677E+05   2.9228935E+06   1.3198052E-02   1.2885769E-02   1.3088730E-02
   8.6956522E-02   2.0081285E+06   9.6523025E+05   2.9733587E+06   1.7581210E-02   1.9284959E-02   1.8134138E-02
   1.0144928E-01   2.0143889E+06   9.7823806E+05   2.9926269E+06   2.1237715E-02   2.3157576E-02   2.1858329E-02
   1.1594203E-01   2.0788506E+06   1.0004966E+06   3.0793472E+06   2.5772244E-02   2.5138730E-02   2.5566194E-02
   1.3043478E-01   2.0896694E+06   1.0061901E+06   3.0957753E+06   3.0760996E-02   2.8780074E-02   3.0108199E-02
   1.4492754E-01   2.0833212E+06   9.8520924E+05   3.0685305E+06   3.1483519E-02   3.1728000E-02   3.1561939E-02
   1.5942029E-01   2.0881156E+06   1.0068254E+06   3.0949410E+06   3.2783219E-02   3.2802614E-02   3.2782424E-02
   1.7391304E-01   2.0767668E+06   9.8581543E+05   3.0624560E+06   3.1298127E-02   3.1749681E-02   3.1443495E-02
   1.8840580E-01   2.0380785E+06   9.8086099E+05   3.0188812E+06   3.0373005E-02   3.0206725E-02   3.0319561E-02
   2.0289855E-01   1.9885717E+06   9.6210909E+05   2.9506808E+06   2.8412260E-02   2.8281288E-02   2.8367431E-02
   2.1739130E-01   1.9547586E+06   9.4353372E+05   2.8982923E+06   2.6347024E-02   2.4113030E-02   2.5616469E-02
   2.3188406E-01   1.8909319E+06   9.1084685E+05   2.8016840E+06   2.2745936E-02   2.1412023E-02   2.2307953E-02
   2.4637681E-01   1.8511507E+06   8.6907940E+05   2.7202301E+06   1.9703966E-02   2.0589723E-02   1.9984466E-02
   2.6086957E-01   1.7870378E+06   8.5308522E+05   2.6400809E+06   1.5687298E-02   1.5941458E-02   1.5764426E-02
   2.7536232E-01   1.7073802E+06   8.2178537E+05   2.5291256E+06   1.4413744E-02   1.4476082E-02   1.4419243E-02
   2.8985507E-01   1.6303841E+06   7.8141596E+05   2.4118001E+06   1.3062661E-02   1.1446869E-02   1.2536725E-02
   3.0434783E-01   1.5593138E+06   7.4398918E+05   2.3033391E+06   9.8547541E-03   1.0525278E-02   1.0069285E-02
   3.1884058E-01   1.4911225E+06   7.0503954E+05   2.1960931E+06   8.8401312E-03   8.2353788E-03   8.6396858E-03
   3.3333333E-01   1.4132448E+06   6.6964156E+05   2.0829193E+06   8.2460669E-03   6.8858924E-03   7.7901871E-03
   3.4782609E-01   1.3338060E+06   6.2270169E+05   1.9564761E+06   6.6275535E-03   6.9254080E-03   6.7154044E-03
   3.6231884E-01   1.2551454E+06   5.8954945E+05   1.8446645E+06   5.5632466E-03   6.2085002E-03   5.7692017E-03
   3.7681159E-01   1.1777560E+06   5.4714417E+05   1.7249001E+06   5.5526480E-03   4.5915366E-03   5.2166722E-03
   3.9130435E-01   1.0962485E+06   5.1773061E+05   1.6139230E+06   4.1246360E-03   5.2384341E-03   4.4820747E-03
   4.0579710E-01   1.0174239E+06   4.7328775E+05   1.4907116E+06   4.0023265E-03   4.1701489E-03   4.0488326E-03
   4.2028986E-01   9.4800698E+05   4.4669884E+05   1.3947058E+06   4.0502896E-03   3.6372943E-03   3.9046337E-03
   4.3478261E-01   8.7735805E+05   4.1016287E+05   1.2874704E+06   3.8399192E-03   3.6450927E-03   3.7780019E-03
   4.4927536E-01   8.1278259E+05   3.8067713E+05   1.1934597E+06   3.9136072E-03   4.4510047E-03   4.0807815E-03
   4.6376812E-01   7.5072762E+05   3.5185029E+05   1.1025542E+06   2.6419275E-03   3.1030630E-03   2.6992367E-03
   4.7826087E-01   7.0109013E+05   3.2665340E+05   1.0277435E+06   3.4807623E-03   4.3552197E-03   3.7387161E-03
   4.9275362E-01   6.5653426E+05   3.0434271E+05   9.6087697E+05   3.0417230E-03   3.0856185E-03   3.0097928E-03
   5.0724638E-01   6.1051927E+05   2.8631622E+05   8.9683549E+05   3.9182514E-03   4.0807507E-03   3.9699399E-03
   5.2173913E-01   5.7720592E+05   2.6790201E+05   8.4510793E+05   3.9149859E-03   2.8053685E-03   3.5628686E-03
   5.3623188E-01   5.3612942E+05   2.5177337E+05   7.8790280E+05   3.0865930E-03   3.7655285E-03   3.2586330E-03
   5.5072464E-01   5.1209042E+05   2.3324332E+05   7.4533373E+05   3.9320799E-03   3.2766194E-03   3.6996765E-03
   5.6521739E-01   4.7525633E+05   2.2087053E+05   6.9612686E+05   4.2373324E-03   4.6718281E-03   4.3483295E-03
   5.7971014E-01   4.5738881E+05   2.0714627E+05   6.6453507E+05   3.8363319E-03   4.5591435E-03   4.0330127E-03
   5.9420290E-01   4.3444186E+05   1.9690065E+05   6.3134251E+05   4.1928432E-03   4.9886874E-03   4.4405220E-03
   6.0869565E-01   4.0706697E+05   1.9111202E+05   5.9817899E+05   3.6594404E-03   4.6727030E-03   3.9613977E-03
   6.2318841E-01   3.8538840E+05   1.7750422E+05   5.6289263E+05   4.4420516E-03   4.2505701E-03   4.3806283E-03
   6.3768116E-01   3.6572850E+05   1.7121405E+05   5.3692533E+05   4.4013516E-03   4.7026110E-03   4.4422529E-03
   6.5217391E-01   3.4722863E+05   1.5912470E+05   5.0633649E+05   6.6270409E-03   3.6640139E-03   5.6899067E-03
   6.6666667E-01   3.3216870E+05   1.5296397E+05   4.8513268E+05   3.9765192E-03   5.0366934E-03   4.3103341E-03
   6.8115942E-01   3.1605681E+05   1.4193859E+05   4.5799540E+05   5.3973024E-03   4.0493158E-03   4.9774047E-03
   6.9565217E-01   2.9752215E+05   1.3642418E+05   4.3394633E+05   6.1746874E-03   6.4334352E-03   6.2543230E-03
   7.1014493E-01   2.8116670E+05   1.2567604E+05   4.0684274E+05   6.8944923E-03   6.0664393E-03   6.6382959E-03
   7.2463768E-01   2.6552609E+05   1.2075292E+05   3.8627901E+05   7.0333763E-03   6.7362893E-03   6.8419127E-03
   7.3913043E-01   2.5350006E+05   1.1376451E+05   3.6724971E+05   8.2380800E-03   6.1527950E-03   7.5572937E-03
   7.5362319E-01   2.3658871E+05   1.0663687E+05   3.4322557E+05   8.9233558E-03   8.1494475E-03   8.5680607E-03
   7.6811594E-01   2.1842832E+05   1.0036437E+05   3.1879269E+05   8.4829280E-03   7.5383734E-03   8.0135435E-03
   7.8260870E-01   2.0548696E+05   9.2219361E+04   2.9770632E+05   1.0297452E-02   8.5392530E-03   9.7501254E-03
   7.9710145E-01   1.9363617E+05   8.6051333E+04   2.7968750E+05   1.0452544E-02   1.0371336E-02   1.0427557E-02
   8.1159420E-01   1.7959713E+05   8.1659659E+04   2.6125678E+05   1.1896027E-02   1.2903364E-02   1.2205908E-02
   8.2608696E-01   1.6662231E+05   7.5560970E+04   2.4218328E+05   1.4573902E-02   1.0430058E-02   1.3280719E-02
   8.4057971E-01   1.5498328E+05   6.9267584E+04   2.2425087E+05   1.4000178E-02   1.4868845E-02   1.4241914E-02
   8.5507246E-01   1.4133716E+05   6.4086543E+04   2.0542370E+05   1.6805859E-02   1.4444096E-02   1.6040391E-02
   8.6956522E-01   1.3097479E+05   5.8812996E+04   1.8978778E+05   1.8433575E-02   1.9538151E-02   1.8717399E-02
   8.8405797E-01   1.2127514E+05   5.3923524E+04   1.7519866E+05   2.2179557E-02   2.0361269E-02   2.1614169E-02
   8.9855072E-01   1.0944406E+05   4.7541866E+04   1.5698593E+05   2.1925668E-02   2.0623597E-02   2.1516369E-02
   9.1304348E-01   9.9143230E+04   4.4838768E+04   1.4398200E+05   2.4754799E-02   1.6720212E-02   2.2214761E-02
   9.2753623E-01   9.0277222E+04   3.9650940E+04   1.2992816E+05   2.9159810E-02   2.5525617E-02   2.8050306E-02
   9.4202899E-01   8.0459978E+04   3.5753514E+04   1.1621349E+05   3.0062299E-02   3.1118033E-02   3.0384007E-02
   9.5652174E-01   6.8816268E+04   3.0906472E+04   9.9722740E+04   3.1313820E-02   3.2660481E-02   3.1728455E-02
   9.7101449E-01   5.7474893E+04   2.5876142E+04   8.3351035E+04   3.9921666E-02   4.2919761E-02   4.0847567E-02
   9.8550725E-01   4.4851326E+04   1.9221997E+04   6.4073323E+04   4.9447291E-02   4.7254210E-02   4.8777816E-02
   1.0000000E+00   1.9433074E+04   9.8259573E+03   2.9259031E+04   6.4452401E-02   6.1358747E-02   6.3393231E-02
