   0.0000000E+00   3.3246218E+10   1.6782449E+10   4.9972831E+10   5.3319801E-07   4.1272033E-07   2.7158458E-07
   1.4492754E-02   1.2684512E+06   6.0315840E+05   1.8716096E+06   2.4490333E-03   2.9797127E-03   2.1893226E-03
   2.8985507E-02   1.2824693E+06   6.3271013E+05   1.9151795E+06   2.3435680E-03   1.7653484E-03   1.0461556E-03
   4.3478261E-02   1.2813327E+06   6.1705024E+05   1.8983830E+06   1.5735314E-03   2.6520623E-03   1.3188518E-03
   5.7971014E-02   1.3201667E+06   6.2835315E+05   1.9485199E+06   2.4989502E-03   1.3533563E-03   1.6460974E-03
   7.2463768E-02   1.3092174E+06   6.4134833E+05   1.9505658E+06   2.4577342E-03   6.8509177E-04   1.7290944E-03
   8.6956522E-02   1.3151783E+06   6.5960978E+05   1.9747881E+06   7.6710279E-04   2.6212283E-03   1.1727508E-03
   1.0144928E-01   1.3324258E+06   6.4873085E+05   1.9811567E+06   2.3862826E-03   1.8735997E-03   2.2146625E-03
   1.1594203E-01   1.3385419E+06   6.5354789E+05   1.9920897E+06   2.4293802E-03   2.7262490E-03   2.4975287E-03
   1.3043478E-01   1.3665360E+06   6.6133574E+05   2.0278718E+06   1.3765472E-03   1.9780815E-03   1.5727190E-03
   1.4492754E-01   1.3617286E+06   6.6559590E+05   2.0273245E+06   2.4412605E-03   8.6104615E-04   1.7683461E-03
   1.5942029E-01   1.3793563E+06   6.5998865E+05   2.0392072E+06   3.8782766E-04   1.5669910E-03   6.7681940E-04
   1.7391304E-01   1.3703036E+06   6.6990237E+05   2.0402060E+06   1.7372208E-03   2.3193046E-03   1.9003105E-03
   1.8840580E-01   1.3617111E+06   6.6791574E+05   2.0295686E+06   8.1636107E-04   2.1125157E-04   6.0159251E-04
   2.0289855E-01   1.3459568E+06   6.5230304E+05   1.9982058E+06   1.0578290E-03   8.1791336E-04   9.1742052E-04
   2.1739130E-01   1.3256856E+06   6.4897621E+05   1.9746618E+06   9.7491639E-04   9.5855305E-04   9.1838704E-04
   2.3188406E-01   1.2920358E+06   6.3261541E+05   1.9246512E+06   5.5596716E-04   1.5345316E-03   3.8441559E-04
   2.4637681E-01   1.2619436E+06   6.1800112E+05   1.8798556E+06   4.0224246E-04   9.1295498E-04   3.6823290E-04
   2.6086957E-01   1.2311116E+06   5.9772795E+05   1.8288396E+06   4.9680747E-04   3.4128707E-04   4.3434436E-04
   2.7536232E-01   1.1818698E+06   5.7268941E+05   1.7545194E+06   4.0243294E-04   6.6008189E-04   3.5899084E-04
   2.8985507E-01   1.1286867E+06   5.5526944E+05   1.6839561E+06   4.7589405E-04   5.0064538E-04   3.7640404E-04
   3.0434783E-01   1.0883985E+06   5.3478169E+05   1.6231802E+06   1.7227222E-04   2.9008676E-04   1.9605207E-04
   3.1884058E-01   1.0428868E+06   5.0909572E+05   1.5519136E+06   5.1472683E-04   9.4985765E-04   3.9702331E-04
   3.3333333E-01   9.8983472E+05   4.7757178E+05   1.4674065E+06   6.5929924E-04   1.0388445E-03   6.7562017E-04
   3.4782609E-01   9.6191515E+05   4.5877799E+05   1.4206931E+06   2.8654169E-04   4.9824263E-04   2.9409868E-04
   3.6231884E-01   9.0637431E+05   4.3763840E+05   1.3440127E+06   6.1100849E-04   2.8604502E-04   3.3233715E-04
   3.7681159E-01   8.6180890E+05   4.1308307E+05   1.2748628E+06   7.3563491E-04   5.7068513E-04   5.1090411E-04
   3.9130435E-01   8.2158302E+05   4.0569783E+05   1.2272528E+06   3.8222544E-04   3.0570962E-04   1.5920244E-04
   4.0579710E-01   7.7876388E+05   3.7161572E+05   1.1503796E+06   3.9623372E-04   9.0178255E-04   3.0233860E-04
   4.2028986E-01   7.3897617E+05   3.5535238E+05   1.0943285E+06   3.1727093E-04   1.3840690E-04   2.0499960E-04
   4.3478261E-01   7.0363428E+05   3.3863252E+05   1.0422668E+06   5.2131224E-04   8.3045575E-04   3.0742695E-04
   4.4927536E-01   6.6886150E+05   3.2267361E+05   9.9153512E+05   3.5928954E-04   6.0790831E-04   8.7417939E-05
   4.6376812E-01   6.3401249E+05   3.0832779E+05   9.4234028E+05   7.4987660E-04   5.7841206E-04   4.8526746E-04
   4.7826087E-01   5.9790017E+05   2.8867471E+05   8.8657488E+05   3.8766638E-04   6.8529532E-04   4.5508337E-04
   4.9275362E-01   5.6812422E+05   2.7209433E+05   8.4021855E+05   7.1519759E-04   3.1036079E-04   4.8785859E-04
   5.0724638E-01   5.3396622E+05   2.5607170E+05   7.9003792E+05   3.9259734E-04   6.4514126E-04   4.6072220E-04
   5.2173913E-01   5.0027460E+05   2.4154962E+05   7.4182421E+05   4.9376164E-04   3.7244305E-04   4.3512210E-04
   5.3623188E-01   4.7346255E+05   2.2394191E+05   6.9740446E+05   4.1069122E-04   8.8245002E-04   2.6132731E-04
   5.5072464E-01   4.3793192E+05   2.1096985E+05   6.4888183E+05   4.1208953E-04   1.3529425E-03   7.1717721E-04
   5.6521739E-01   4.0634115E+05   1.9796357E+05   6.0430472E+05   8.0254675E-04   1.0990958E-03   8.4662263E-04
   5.7971014E-01   3.8222133E+05   1.7994352E+05   5.6214590E+05   4.9978026E-04   4.9282937E-04   3.3826064E-04
   5.9420290E-01   3.4774569E+05   1.6792184E+05   5.1566754E+05   3.0188712E-04   1.6735062E-03   3.7358947E-04
   6.0869565E-01   3.2418501E+05   1.5436179E+05   4.7854680E+05   5.0588750E-04   6.3305723E-04   3.6738464E-04
   6.2318841E-01   2.9606358E+05   1.4123859E+05   4.3728455E+05   1.5003168E-03   2.2132952E-03   1.7262753E-03
   6.3768116E-01   2.7688387E+05   1.3119177E+05   4.0804120E+05   1.2921919E-03   2.5708402E-03   1.6229362E-03
   6.5217391E-01   2.5305038E+05   1.2152413E+05   3.7455766E+05   5.6689622E-04   2.8150266E-03   1.2901389E-03
   6.6666667E-01   2.3679271E+05   1.0899877E+05   3.4579149E+05   6.7337858E-04   1.3825075E-03   3.1281538E-04
   6.8115942E-01   2.1787348E+05   1.0227833E+05   3.2013569E+05   1.9230352E-03   2.7063460E-03   2.1535411E-03
   6.9565217E-01   2.0032664E+05   9.4843375E+04   2.9517001E+05   1.3269342E-03   2.5052825E-03   1.3677342E-03
   7.1014493E-01   1.8368156E+05   8.8500552E+04   2.7218211E+05   1.2285808E-03   2.1891635E-03   1.5398434E-03
   7.2463768E-01   1.7609801E+05   8.5290841E+04   2.6138885E+05   1.2014085E-03   2.0158679E-03   9.8034736E-04
   7.3913043E-01   1.6457744E+05   7.7497148E+04   2.4207458E+05   2.0850503E-03   1.8605834E-03   9.1464118E-04
   7.5362319E-01   1.5403912E+05   7.1839266E+04   2.2587839E+05   1.0912778E-03   4.9570355E-03   2.3131008E-03
   7.6811594E-01   1.4605732E+05   6.7538643E+04   2.1359596E+05   2.9030206E-03   1.0567340E-03   2.1718652E-03
   7.8260870E-01   1.3553664E+05   6.4730358E+04   2.0026700E+05   2.3075739E-03   1.6906802E-03   2.1005168E-03
   7.9710145E-01   1.2680379E+05   5.9847421E+04   1.8665121E+05   1.3507720E-03   1.7249985E-03   1.0541342E-03
   8.1159420E-01   1.1915409E+05   5.6911437E+04   1.7606553E+05   3.1462212E-03   3.0611733E-03   3.0647064E-03
   8.2608696E-01   1.1253054E+05   5.2456648E+04   1.6498719E+05   5.5829802E-03   4.0418026E-03   5.0926831E-03
   8.4057971E-01   1.0719361E+05   5.0102072E+04   1.5729568E+05   3.5084046E-03   2.0188429E-03   3.0034800E-03
   8.5507246E-01   9.9610266E+04   4.6671443E+04   1.4628171E+05   4.4642043E-03   7.0814212E-03   5.2902965E-03
   8.6956522E-01   9.3529965E+04   4.4479143E+04   1.3800911E+05   4.3619875E-03   7.2935966E-03   4.9892717E-03
   8.8405797E-01   8.4841665E+04   4.0793562E+04   1.2563523E+05   5.8172900E-03   6.6496508E-03   5.9662431E-03
   8.9855072E-01   7.9672346E+04   3.7275756E+04   1.1694810E+05   4.2529356E-03   7.3351142E-03   5.1877133E-03
   9.1304348E-01   7.3452348E+04   3.4699529E+04   1.0815188E+05   6.1708312E-03   3.9195682E-03   4.8326537E-03
   9.2753623E-01   6.6586111E+04   3.0333147E+04   9.6919258E+04   7.2057276E-03   8.1180304E-03   7.4341310E-03
   9.4202899E-01   5.8846997E+04   2.7488355E+04   8.6335352E+04   1.3436418E-02   8.7211032E-03   1.1903867E-02
   9.5652174E-01   4.9861370E+04   2.2720620E+04   7.2581990E+04   7.8823645E-03   1.3239415E-02   8.6280164E-03
   9.7101449E-01   3.9865997E+04   1.9022584E+04   5.8888581E+04   1.2493071E-02   7.3222278E-03   1.0526165E-02
   9.8550725E-01   2.4269860E+04   1.2123787E+04   3.6393647E+04   1.3456409E-02   2.6227369E-02   1.7620199E-02
   1.0000000E+00   1.1883062E+04   5.3834866E+03   1.7266549E+04   3.9921750E-02   4.8347007E-02   4.2542250E-02
