   0.0000000E+00   3.1043599E+10   1.5862660E+10   4.6841148E+10   3.4262145E-07   3.9625781E-07   1.0135205E-07
   1.4492754E-02   1.4230295E+06   7.0545285E+05   2.1284823E+06   4.6953319E-03   2.7323633E-03   3.8692295E-03
   2.8985507E-02   1.4052227E+06   7.0696833E+05   2.1121910E+06   2.2973638E-03   2.0282795E-03   2.1571286E-03
   4.3478261E-02   1.4737979E+06   6.8979296E+05   2.1635908E+06   2.1407418E-03   1.4590279E-03   1.4455857E-03
   5.7971014E-02   1.4616741E+06   7.0052756E+05   2.1622016E+06   2.2142709E-03   1.4955261E-03   1.5549070E-03
   7.2463768E-02   1.4868309E+06   7.1590962E+05   2.2027405E+06   1.5394130E-04   1.3686750E-03   3.4852773E-04
   8.6956522E-02   1.4831433E+06   7.3652006E+05   2.2196633E+06   6.8392031E-04   3.2027093E-04   4.4393142E-04
   1.0144928E-01   1.5316023E+06   7.3370561E+05   2.2653079E+06   1.4552623E-03   6.9349234E-04   1.2082497E-03
   1.1594203E-01   1.5422783E+06   7.3784610E+05   2.2801244E+06   3.2547873E-04   2.0052599E-03   7.6359646E-04
   1.3043478E-01   1.5509186E+06   7.5807346E+05   2.3089921E+06   5.3930727E-04   1.1627698E-03   5.9044581E-04
   1.4492754E-01   1.5676814E+06   7.8099920E+05   2.3486806E+06   4.6363386E-04   6.8235476E-04   4.7167387E-04
   1.5942029E-01   1.5952424E+06   7.6242087E+05   2.3576632E+06   4.6922855E-04   1.4114007E-03   7.7141801E-04
   1.7391304E-01   1.5844906E+06   7.7535406E+05   2.3597815E+06   4.5971421E-04   6.5788874E-04   3.3308075E-04
   1.8840580E-01   1.5717207E+06   7.6286598E+05   2.3345284E+06   5.9796145E-04   4.3179970E-04   2.6265585E-04
   2.0289855E-01   1.5525483E+06   7.5492223E+05   2.3074706E+06   3.1841932E-04   1.0473949E-03   1.7794099E-04
   2.1739130E-01   1.5326992E+06   7.3444891E+05   2.2671482E+06   3.8604535E-04   9.0242191E-04   1.0954026E-04
   2.3188406E-01   1.4814226E+06   7.1075701E+05   2.1921796E+06   2.1312500E-04   4.5148438E-04   2.6563147E-04
   2.4637681E-01   1.4410369E+06   6.8432537E+05   2.1254068E+06   5.0513564E-04   3.2349406E-04   4.1766043E-04
   2.6086957E-01   1.3942776E+06   6.6575587E+05   2.0599072E+06   4.9903050E-04   1.5668301E-05   3.3825908E-04
   2.7536232E-01   1.3418320E+06   6.4938034E+05   1.9912124E+06   1.3596442E-04   4.3332358E-04   5.0477677E-05
   2.8985507E-01   1.3018295E+06   6.2323842E+05   1.9250679E+06   1.5651304E-04   8.5543616E-04   2.8704520E-04
   3.0434783E-01   1.2495078E+06   5.9983879E+05   1.8493466E+06   2.4962639E-04   1.2317842E-03   4.8615877E-04
   3.1884058E-01   1.2043880E+06   5.6809586E+05   1.7724494E+06   6.6979851E-05   3.7252764E-04   1.0832051E-04
   3.3333333E-01   1.1486629E+06   5.5380668E+05   1.7024696E+06   5.4361050E-05   3.6588443E-04   1.0073012E-04
   3.4782609E-01   1.0990971E+06   5.2466951E+05   1.6237666E+06   3.0352531E-04   7.8412538E-04   2.4666878E-04
   3.6231884E-01   1.0687724E+06   5.0634996E+05   1.5751224E+06   2.1508818E-04   8.3692772E-04   1.9139769E-04
   3.7681159E-01   1.0319791E+06   4.9279114E+05   1.5247411E+06   2.5281070E-04   2.3417869E-04   2.4212133E-04
   3.9130435E-01   9.9894953E+05   4.6696225E+05   1.4658837E+06   6.8791897E-04   8.1581523E-04   4.9590513E-04
   4.0579710E-01   9.5455879E+05   4.5128632E+05   1.4058451E+06   3.9174814E-04   8.6817717E-04   5.4468523E-04
   4.2028986E-01   9.1746235E+05   4.3224958E+05   1.3496858E+06   3.6408962E-04   8.0956401E-04   7.5172858E-05
   4.3478261E-01   8.8753698E+05   4.1584589E+05   1.3033576E+06   9.7097975E-04   4.6522584E-04   5.4592081E-04
   4.4927536E-01   8.3776346E+05   4.0392254E+05   1.2416860E+06   4.4331168E-04   5.2890839E-04   1.8278118E-04
   4.6376812E-01   8.1437750E+05   3.8104683E+05   1.1954243E+06   3.8084325E-04   1.1251659E-03   4.0484796E-04
   4.7826087E-01   7.7504982E+05   3.6646901E+05   1.1415188E+06   7.1825662E-04   7.6981260E-04   3.0484121E-04
   4.9275362E-01   7.4322826E+05   3.4546107E+05   1.0886670E+06   9.1314303E-04   7.0671051E-04   4.8267753E-04
   5.0724638E-01   7.1482714E+05   3.3459487E+05   1.0494220E+06   9.5505596E-04   3.8222136E-04   5.6422409E-04
   5.2173913E-01   6.7585903E+05   3.2088044E+05   9.9673946E+05   6.7335908E-04   1.8558929E-04   4.7924285E-04
   5.3623188E-01   6.4757815E+05   3.0461015E+05   9.5216782E+05   5.2754425E-04   1.0026853E-03   5.3828019E-04
   5.5072464E-01   6.2355747E+05   2.9398189E+05   9.1753936E+05   1.2197911E-03   6.2810469E-04   9.1709480E-04
   5.6521739E-01   5.8951914E+05   2.7913854E+05   8.6863825E+05   2.1828678E-04   5.6290682E-04   5.2797246E-05
   5.7971014E-01   5.6430545E+05   2.6293463E+05   8.2724008E+05   3.3042606E-04   1.0150136E-03   2.3714608E-04
   5.9420290E-01   5.3921282E+05   2.5075540E+05   7.8994973E+05   7.6692922E-04   3.4415442E-04   5.9953196E-04
   6.0869565E-01   5.1616301E+05   2.4063552E+05   7.5679853E+05   1.2363559E-03   1.0062558E-03   1.1317582E-03
   6.2318841E-01   4.8232583E+05   2.2497731E+05   7.0730314E+05   2.9099896E-04   2.0741094E-03   7.8396764E-04
   6.3768116E-01   4.5553752E+05   2.1266569E+05   6.6818599E+05   6.8816807E-04   5.4867562E-04   6.4355803E-04
   6.5217391E-01   4.3563124E+05   1.9896481E+05   6.3457922E+05   1.1299157E-03   7.6785334E-04   9.1670396E-04
   6.6666667E-01   4.0018380E+05   1.8765514E+05   5.8783894E+05   1.7519656E-03   1.4635806E-03   1.6139337E-03
   6.8115942E-01   3.7474110E+05   1.7552084E+05   5.5024581E+05   5.9185191E-04   1.2832127E-03   4.2666544E-05
   6.9565217E-01   3.4838523E+05   1.6270817E+05   5.1109339E+05   9.3596835E-04   2.3513683E-04   6.7601987E-04
   7.1014493E-01   3.2290408E+05   1.5052671E+05   4.7343079E+05   1.5970060E-03   5.8986633E-04   1.2104954E-03
   7.2463768E-01   2.9432008E+05   1.3663508E+05   4.3095516E+05   9.6763565E-04   8.1461857E-04   9.0987527E-04
   7.3913043E-01   2.7535557E+05   1.2404595E+05   3.9940152E+05   4.4479117E-04   3.0999384E-03   1.2684681E-03
   7.5362319E-01   2.5283633E+05   1.1503026E+05   3.6786659E+05   1.8349576E-03   3.9341566E-03   2.4652536E-03
   7.6811594E-01   2.3136703E+05   1.0666931E+05   3.3803634E+05   1.1597674E-03   2.0228060E-03   1.4175924E-03
   7.8260870E-01   2.1264337E+05   9.5278372E+04   3.0792174E+05   1.0108899E-03   3.9160067E-03   1.7305163E-03
   7.9710145E-01   1.9702531E+05   9.0280882E+04   2.8730620E+05   2.8699480E-03   1.4887076E-03   2.2349086E-03
   8.1159420E-01   1.8540193E+05   8.2850388E+04   2.6825232E+05   1.6838999E-03   3.6895001E-04   1.1179026E-03
   8.2608696E-01   1.6836377E+05   7.5268511E+04   2.4361899E+05   2.6438790E-03   1.7218079E-03   2.3370122E-03
   8.4057971E-01   1.5515312E+05   7.0887573E+04   2.2604069E+05   1.8724968E-03   2.5446909E-03   2.0758101E-03
   8.5507246E-01   1.4822100E+05   6.7181705E+04   2.1540271E+05   2.9160498E-03   1.6118667E-03   2.3604528E-03
   8.6956522E-01   1.3369001E+05   6.0505274E+04   1.9419528E+05   3.0254187E-03   3.4177947E-03   3.1269229E-03
   8.8405797E-01   1.2715070E+05   5.5960717E+04   1.8311142E+05   4.2219145E-03   5.3438901E-03   4.5609548E-03
   8.9855072E-01   1.1526153E+05   5.2430490E+04   1.6769202E+05   2.1907082E-03   5.5395616E-03   1.2825343E-03
   9.1304348E-01   1.0746631E+05   4.8098238E+04   1.5557657E+05   1.5638494E-03   1.8387765E-03   1.6340000E-03
   9.2753623E-01   1.0012780E+05   4.2776604E+04   1.4290440E+05   5.5307433E-03   7.0693140E-03   5.8935928E-03
   9.4202899E-01   8.8188893E+04   4.0101757E+04   1.2829065E+05   5.8899698E-03   4.0984216E-03   4.3073691E-03
   9.5652174E-01   7.4924085E+04   3.3294491E+04   1.0820709E+05   2.5099125E-03   3.6476699E-03   2.6472918E-03
   9.7101449E-01   5.4262994E+04   2.3964836E+04   7.8227831E+04   4.2200030E-03   2.8413221E-03   3.7030356E-03
   9.8550725E-01   3.0833197E+04   1.4006985E+04   4.4840183E+04   1.1210056E-02   1.2722561E-02   1.1522753E-02
   1.0000000E+00   1.3349296E+04   6.0400094E+03   1.9389305E+04   3.3849224E-02   2.6595210E-02   3.1589482E-02
