   0.0000000E+00   3.7189183E+10   1.8669456E+10   5.5749519E+10   2.2815990E-07   6.8573001E-07   1.9590412E-07
   1.4492754E-02   9.7217617E+05   4.4479143E+05   1.4169676E+06   4.2931285E-03   6.3810401E-03   3.0847599E-03
   2.8985507E-02   9.6952409E+05   4.7282769E+05   1.4423518E+06   6.5035023E-03   1.4129770E-02   8.2048892E-03
   4.3478261E-02   9.9288764E+05   4.7863701E+05   1.4715246E+06   1.1948630E-02   1.6253141E-02   1.3347445E-02
   5.7971014E-02   9.9718148E+05   4.9764357E+05   1.4948250E+06   1.9844832E-02   1.8448447E-02   1.9376596E-02
   7.2463768E-02   1.0352199E+06   5.0586501E+05   1.5410849E+06   2.9210982E-02   2.6753893E-02   2.8399492E-02
   8.6956522E-02   1.0655041E+06   5.0541037E+05   1.5709144E+06   3.7914480E-02   3.5020602E-02   3.6971231E-02
   1.0144928E-01   1.0883264E+06   5.3366312E+05   1.6219895E+06   4.7989884E-02   4.7462874E-02   4.7811932E-02
   1.1594203E-01   1.1002337E+06   5.2643756E+05   1.6265765E+06   4.9134411E-02   4.9377555E-02   4.9190840E-02
   1.3043478E-01   1.0714397E+06   5.3715112E+05   1.6085066E+06   4.6983413E-02   4.5720836E-02   4.6563053E-02
   1.4492754E-01   1.0508292E+06   5.2367182E+05   1.5745011E+06   4.1162523E-02   3.9340071E-02   4.0549254E-02
   1.5942029E-01   1.0050344E+06   4.9266661E+05   1.4977010E+06   3.2873991E-02   3.1414333E-02   3.2356835E-02
   1.7391304E-01   9.2052378E+05   4.6139850E+05   1.3819223E+06   2.6093506E-02   2.4706964E-02   2.5582477E-02
   1.8840580E-01   8.4819879E+05   4.1809579E+05   1.2662946E+06   1.8133639E-02   1.6349624E-02   1.7521008E-02
   2.0289855E-01   7.6033464E+05   3.7816473E+05   1.1384994E+06   1.1838335E-02   1.5044991E-02   1.2861412E-02
   2.1739130E-01   6.8337746E+05   3.3113093E+05   1.0144579E+06   1.1798354E-02   6.3341763E-03   9.9913468E-03
   2.3188406E-01   6.1386143E+05   3.0958279E+05   9.2344423E+05   5.7909573E-03   5.5544758E-03   5.7103464E-03
   2.4637681E-01   5.5332607E+05   2.7701962E+05   8.3030111E+05   1.1693225E-03   4.9974136E-03   2.2790615E-03
   2.6086957E-01   4.9513883E+05   2.4937956E+05   7.4451839E+05   2.1067856E-03   2.8407144E-03   2.3488123E-03
   2.7536232E-01   4.5663605E+05   2.2692220E+05   6.8355825E+05   2.1303977E-03   5.0785784E-04   1.2559612E-03
   2.8985507E-01   4.1989978E+05   2.0455102E+05   6.2445080E+05   1.7853855E-03   6.0390827E-04   1.3203672E-03
   3.0434783E-01   3.8918799E+05   1.9369193E+05   5.8287992E+05   1.9452658E-03   4.1187734E-03   1.0954368E-03
   3.1884058E-01   3.6598682E+05   1.8333783E+05   5.4932465E+05   2.0465993E-03   5.1508285E-03   3.0347492E-03
   3.3333333E-01   3.3557852E+05   1.6752570E+05   5.0310421E+05   2.9586682E-03   2.5267224E-03   1.4356690E-03
   3.4782609E-01   3.1736538E+05   1.5593590E+05   4.7330128E+05   2.1833739E-03   1.1090242E-03   1.6241072E-03
   3.6231884E-01   2.9682061E+05   1.4651597E+05   4.4333658E+05   2.1310179E-03   2.7391036E-03   2.2944700E-03
   3.7681159E-01   2.8272321E+05   1.3782065E+05   4.2054386E+05   2.9386014E-03   3.0280920E-03   2.5569919E-03
   3.9130435E-01   2.6683557E+05   1.3358617E+05   4.0042174E+05   9.7512099E-04   2.1163721E-03   1.2710032E-03
   4.0579710E-01   2.5124383E+05   1.2462062E+05   3.7586446E+05   2.2545023E-03   2.2505247E-03   2.2074394E-03
   4.2028986E-01   2.4391283E+05   1.1927821E+05   3.6319103E+05   3.6438853E-03   3.7269407E-03   3.2774344E-03
   4.3478261E-01   2.2638646E+05   1.0921511E+05   3.3560158E+05   1.7003551E-03   4.0947162E-03   2.4188636E-03
   4.4927536E-01   2.2033027E+05   1.0652311E+05   3.2685339E+05   3.8073354E-03   1.3966888E-03   2.6437838E-03
   4.6376812E-01   2.0600966E+05   9.9689732E+04   3.0569939E+05   3.9444629E-03   2.7884943E-03   3.1710830E-03
   4.7826087E-01   1.9345247E+05   9.2007603E+04   2.8546007E+05   6.9052568E-04   1.9584408E-03   1.0971548E-03
   4.9275362E-01   1.8519976E+05   9.3580480E+04   2.7878024E+05   2.4299233E-03   2.1410159E-03   8.9644281E-04
   5.0724638E-01   1.7557841E+05   8.7745908E+04   2.6332432E+05   5.1469880E-03   8.7202784E-04   3.7224583E-03
   5.2173913E-01   1.6514450E+05   8.3961434E+04   2.4910593E+05   2.8707053E-03   2.9455697E-03   2.6441712E-03
   5.3623188E-01   1.5965717E+05   7.6306132E+04   2.3596330E+05   1.3340453E-03   1.1869857E-03   7.4099750E-04
   5.5072464E-01   1.5074972E+05   7.3759684E+04   2.2450940E+05   2.6927475E-03   2.2765428E-03   2.5467556E-03
   5.6521739E-01   1.4637918E+05   7.4316482E+04   2.2067624E+05   3.9183519E-03   4.0264059E-03   3.8383478E-03
   5.7971014E-01   1.4262499E+05   7.0488455E+04   2.1311344E+05   2.0083533E-03   4.8530417E-03   1.6623334E-03
   5.9420290E-01   1.3227125E+05   6.4296730E+04   1.9656798E+05   2.7866146E-03   2.3444153E-03   1.4656568E-03
   6.0869565E-01   1.2600079E+05   5.9861198E+04   1.8584394E+05   2.9938236E-03   4.0982055E-03   3.3022888E-03
   6.2318841E-01   1.2307053E+05   5.9297301E+04   1.8236784E+05   2.4389741E-03   1.9899122E-03   2.2893756E-03
   6.3768116E-01   1.1610593E+05   5.7691316E+04   1.7379724E+05   5.8536073E-04   1.0139810E-03   3.1352404E-04
   6.5217391E-01   1.1217871E+05   5.4792782E+04   1.6697149E+05   1.4549100E-03   3.8326189E-03   2.2329756E-03
   6.6666667E-01   1.0670909E+05   5.1476677E+04   1.5818577E+05   1.7674122E-03   2.6446237E-03   1.9482412E-03
   6.8115942E-01   1.0123040E+05   5.0607137E+04   1.5183753E+05   2.7145652E-03   2.4379711E-03   1.8106456E-03
   6.9565217E-01   9.7511240E+04   4.8068921E+04   1.4558016E+05   3.3967030E-03   2.7261623E-03   2.3362952E-03
   7.1014493E-01   9.3479964E+04   4.4443576E+04   1.3792354E+05   2.1645109E-03   4.9181261E-03   2.1316755E-03
   7.2463768E-01   8.8109622E+04   4.3206146E+04   1.3131577E+05   5.3329705E-04   2.4463690E-03   7.3566203E-04
   7.3913043E-01   8.3692760E+04   4.0977211E+04   1.2466997E+05   4.6546994E-03   5.0487923E-03   4.6581040E-03
   7.5362319E-01   8.0116082E+04   3.8673715E+04   1.1878980E+05   5.0510031E-03   1.5694477E-03   3.1222023E-03
   7.6811594E-01   7.6417030E+04   3.7157691E+04   1.1357472E+05   2.7846099E-03   1.3357149E-03   1.6075583E-03
   7.8260870E-01   6.9866129E+04   3.4505083E+04   1.0437121E+05   4.5044498E-03   2.4482204E-03   2.3572370E-03
   7.9710145E-01   6.5192909E+04   3.3202644E+04   9.8395553E+04   3.3884415E-03   5.6710018E-03   3.4445493E-04
   8.1159420E-01   6.3419854E+04   3.1026611E+04   9.4446465E+04   3.0332422E-03   2.9160548E-03   2.5427339E-03
   8.2608696E-01   5.8744533E+04   2.9272565E+04   8.8017098E+04   1.1659800E-03   4.4925116E-03   2.2665381E-03
   8.4057971E-01   5.6007192E+04   2.7448358E+04   8.3455551E+04   1.1317635E-03   3.9318815E-03   1.5721486E-03
   8.5507246E-01   5.2206773E+04   2.5878634E+04   7.8085407E+04   4.1563303E-03   5.3575432E-03   2.2179788E-03
   8.6956522E-01   4.7320656E+04   2.4601184E+04   7.1921840E+04   1.8457422E-03   4.5832247E-03   2.6083715E-03
   8.8405797E-01   4.3663024E+04   2.1092408E+04   6.4755432E+04   1.6959713E-03   3.8189859E-03   1.9760509E-03
   8.9855072E-01   4.0502248E+04   1.9970028E+04   6.0472276E+04   3.1341932E-03   8.6924773E-03   2.9331653E-03
   9.1304348E-01   3.6299195E+04   1.6958869E+04   5.3258064E+04   6.0047720E-03   5.2984215E-03   5.4004798E-03
   9.2753623E-01   3.1161921E+04   1.5379687E+04   4.6541608E+04   6.2594453E-03   1.1632171E-03   3.8690969E-03
   9.4202899E-01   2.6567414E+04   1.2426882E+04   3.8994296E+04   7.5037007E-03   4.6220901E-04   5.2491289E-03
   9.5652174E-01   2.0791835E+04   1.0137598E+04   3.0929434E+04   5.2748619E-03   8.5089415E-03   2.4129685E-03
   9.7101449E-01   1.4951163E+04   7.1702247E+03   2.2121387E+04   4.7729287E-03   1.0772351E-02   6.6048881E-03
   9.8550725E-01   7.5885100E+03   3.8889721E+03   1.1477482E+04   1.4020120E-02   1.1486192E-02   1.3007501E-02
   1.0000000E+00   3.4139183E+03   1.7069592E+03   5.1208775E+03   2.1764058E-02   4.1495988E-02   2.7696924E-02
