   0.0000000E+00   2.8574165E+10   1.4888241E+10   4.3432042E+10   2.8385823E-07   2.6363580E-07   2.4002244E-07
   1.4492754E-02   2.1807662E+06   1.0153672E+06   3.1961333E+06   2.8446161E-04   3.5103644E-03   9.9555474E-04
   2.8985507E-02   2.2607074E+06   1.0263543E+06   3.2870617E+06   2.7499144E-03   3.6849289E-03   2.9864686E-03
   4.3478261E-02   2.2327974E+06   1.0631046E+06   3.2959020E+06   5.4927166E-03   7.5812550E-03   6.1663371E-03
   5.7971014E-02   2.2466893E+06   1.0801536E+06   3.3268429E+06   1.1137745E-02   1.0800161E-02   1.1024408E-02
   7.2463768E-02   2.2923050E+06   1.0787139E+06   3.3710190E+06   1.7370763E-02   1.5800285E-02   1.6863407E-02
   8.6956522E-02   2.3357233E+06   1.0855841E+06   3.4213074E+06   2.2570460E-02   2.4069754E-02   2.3033657E-02
   1.0144928E-01   2.3896850E+06   1.1206926E+06   3.5103776E+06   3.0308527E-02   2.9734776E-02   3.0121198E-02
   1.1594203E-01   2.3955845E+06   1.1319639E+06   3.5274537E+06   3.5939395E-02   3.8017770E-02   3.6607107E-02
   1.3043478E-01   2.4622233E+06   1.1808063E+06   3.6430296E+06   4.2740850E-02   4.3511839E-02   4.2990254E-02
   1.4492754E-01   2.4930295E+06   1.1696423E+06   3.6625960E+06   4.6779192E-02   4.9012635E-02   4.7488464E-02
   1.5942029E-01   2.5033553E+06   1.1759384E+06   3.6792938E+06   5.1558098E-02   5.0688689E-02   5.1276740E-02
   1.7391304E-01   2.4921328E+06   1.1746813E+06   3.6666878E+06   5.3401213E-02   5.2821515E-02   5.3216822E-02
   1.8840580E-01   2.4886987E+06   1.1739090E+06   3.6625494E+06   5.2194145E-02   5.2235844E-02   5.2204015E-02
   2.0289855E-01   2.4623195E+06   1.1526257E+06   3.6147829E+06   5.2904570E-02   5.2167120E-02   5.2673859E-02
   2.1739130E-01   2.3946500E+06   1.1272091E+06   3.5216570E+06   4.9351650E-02   4.8803241E-02   4.9178871E-02
   2.3188406E-01   2.3298509E+06   1.1028857E+06   3.4327366E+06   4.5837216E-02   4.5246736E-02   4.5646879E-02
   2.4637681E-01   2.2731209E+06   1.0566415E+06   3.3296733E+06   4.2176594E-02   4.3680377E-02   4.2656307E-02
   2.6086957E-01   2.1995412E+06   1.0119994E+06   3.2114144E+06   3.8199541E-02   3.9263838E-02   3.8536320E-02
   2.7536232E-01   2.1096985E+06   9.7652318E+05   3.0860621E+06   3.4378538E-02   3.4780745E-02   3.4508029E-02
   2.8985507E-01   2.0004627E+06   9.2871997E+05   2.9291827E+06   3.1475321E-02   3.1355330E-02   3.1437110E-02
   3.0434783E-01   1.8828313E+06   8.7482504E+05   2.7575842E+06   2.8454387E-02   2.6584369E-02   2.7859242E-02
   3.1884058E-01   1.7854687E+06   8.1914780E+05   2.6045476E+06   2.4717821E-02   2.4743831E-02   2.4720286E-02
   3.3333333E-01   1.6818130E+06   7.7341854E+05   2.4552316E+06   2.1599712E-02   2.1510453E-02   2.1569986E-02
   3.4782609E-01   1.5669363E+06   7.3014244E+05   2.2970788E+06   1.9046063E-02   1.9586855E-02   1.9211203E-02
   3.6231884E-01   1.4747374E+06   6.6917242E+05   2.1438796E+06   1.8051929E-02   1.8597360E-02   1.8214716E-02
   3.7681159E-01   1.3780899E+06   6.2524934E+05   2.0033101E+06   1.5670073E-02   1.5846258E-02   1.5719884E-02
   3.9130435E-01   1.2809960E+06   5.8890173E+05   1.8698416E+06   1.4629037E-02   1.5502938E-02   1.4904561E-02
   4.0579710E-01   1.2004443E+06   5.5073926E+05   1.7511295E+06   1.3381766E-02   1.2579810E-02   1.3122922E-02
   4.2028986E-01   1.1219990E+06   5.0977389E+05   1.6317729E+06   1.1680342E-02   1.1032996E-02   1.1477623E-02
   4.3478261E-01   1.0438075E+06   4.7159005E+05   1.5153723E+06   1.1006946E-02   1.1899610E-02   1.1280078E-02
   4.4927536E-01   9.7315389E+05   4.4149161E+05   1.4145477E+06   1.0341720E-02   1.0920374E-02   1.0516801E-02
   4.6376812E-01   9.1818743E+05   4.0550752E+05   1.3236713E+06   9.8803489E-03   1.0030171E-02   9.9213470E-03
   4.7826087E-01   8.6590934E+05   3.8249629E+05   1.2483597E+06   9.1733381E-03   8.9157249E-03   9.0942640E-03
   4.9275362E-01   8.0658841E+05   3.6362446E+05   1.1701460E+06   9.1711836E-03   8.3570323E-03   8.9176211E-03
   5.0724638E-01   7.5661090E+05   3.3433507E+05   1.0909460E+06   8.5281962E-03   9.5144570E-03   8.8153979E-03
   5.2173913E-01   7.1921840E+05   3.1397661E+05   1.0331950E+06   8.9919076E-03   9.5859871E-03   9.1721278E-03
   5.3623188E-01   6.7198956E+05   3.0174304E+05   9.7373260E+05   9.3190757E-03   8.7943851E-03   9.1419362E-03
   5.5072464E-01   6.4212202E+05   2.8203757E+05   9.2415959E+05   8.2540887E-03   9.0910310E-03   8.5054889E-03
   5.6521739E-01   5.9680507E+05   2.6606272E+05   8.6282893E+05   7.7991929E-03   8.0933600E-03   7.8167194E-03
   5.7971014E-01   5.6949595E+05   2.5245892E+05   8.2195487E+05   8.1037896E-03   7.6030835E-03   7.9363693E-03
   5.9420290E-01   5.3723531E+05   2.3552674E+05   7.7274357E+05   8.5908239E-03   9.5245723E-03   8.8756186E-03
   6.0869565E-01   5.0465263E+05   2.2041117E+05   7.2502772E+05   9.4105343E-03   8.9471500E-03   9.2143635E-03
   6.2318841E-01   4.7712741E+05   2.1049220E+05   6.8761961E+05   8.5614170E-03   8.4970358E-03   8.5363354E-03
   6.3768116E-01   4.5304043E+05   1.9885422E+05   6.5189465E+05   8.8561282E-03   8.2108206E-03   8.6546021E-03
   6.5217391E-01   4.2999031E+05   1.9268402E+05   6.2264065E+05   1.0318703E-02   9.6566498E-03   1.0102346E-02
   6.6666667E-01   4.0138630E+05   1.8159324E+05   5.8296307E+05   9.8125237E-03   1.0942600E-02   1.0160642E-02
   6.8115942E-01   3.8464004E+05   1.6549292E+05   5.5014908E+05   1.0430986E-02   1.1342835E-02   1.0698319E-02
   6.9565217E-01   3.6611311E+05   1.5645684E+05   5.2256995E+05   1.2494820E-02   1.1958833E-02   1.2333264E-02
   7.1014493E-01   3.4170832E+05   1.4628957E+05   4.8799789E+05   1.2496441E-02   1.1985638E-02   1.2341877E-02
   7.2463768E-01   3.2688761E+05   1.4121181E+05   4.6809941E+05   1.2021563E-02   1.3055422E-02   1.2332788E-02
   7.3913043E-01   3.0495187E+05   1.3062786E+05   4.3557973E+05   1.2971081E-02   1.3138123E-02   1.2978441E-02
   7.5362319E-01   2.8971771E+05   1.2324879E+05   4.1296649E+05   1.4136891E-02   1.3487683E-02   1.3935280E-02
   7.6811594E-01   2.6933965E+05   1.1699168E+05   3.8633133E+05   1.6307347E-02   1.4181463E-02   1.5631863E-02
   7.8260870E-01   2.5013730E+05   1.0714958E+05   3.5728688E+05   1.5833978E-02   1.6525805E-02   1.6020356E-02
   7.9710145E-01   2.3369977E+05   1.0228068E+05   3.3598045E+05   1.6173838E-02   1.6086650E-02   1.6146397E-02
   8.1159420E-01   2.2096143E+05   9.3769915E+04   3.1473134E+05   1.7194674E-02   2.1145125E-02   1.8346157E-02
   8.2608696E-01   2.0155796E+05   8.6262339E+04   2.8782030E+05   1.9898542E-02   1.8325445E-02   1.9424925E-02
   8.4057971E-01   1.8717403E+05   8.0411539E+04   2.6758556E+05   2.0140305E-02   1.8574975E-02   1.9669911E-02
   8.5507246E-01   1.7061918E+05   7.2498705E+04   2.4311789E+05   2.3778012E-02   2.3950048E-02   2.3825222E-02
   8.6956522E-01   1.5627056E+05   6.5935720E+04   2.2220628E+05   2.3910954E-02   2.6804017E-02   2.4749809E-02
   8.8405797E-01   1.4041730E+05   6.0606513E+04   2.0102382E+05   2.8586061E-02   2.3294473E-02   2.6960725E-02
   8.9855072E-01   1.2362107E+05   5.4031514E+04   1.7765259E+05   2.9893215E-02   2.8246946E-02   2.9392413E-02
   9.1304348E-01   1.1190448E+05   4.6113690E+04   1.5801817E+05   3.2440393E-02   3.5485354E-02   3.3328984E-02
   9.2753623E-01   9.7748032E+04   4.2350377E+04   1.4009841E+05   3.6734897E-02   3.9918697E-02   3.7694519E-02
   9.4202899E-01   8.6918226E+04   3.6266443E+04   1.2318467E+05   3.9438868E-02   3.8341096E-02   3.9097546E-02
   9.5652174E-01   7.0515435E+04   2.9827271E+04   1.0034271E+05   4.8953541E-02   4.3465771E-02   4.7321418E-02
   9.7101449E-01   5.4885017E+04   2.3354123E+04   7.8239140E+04   5.1550599E-02   5.0088453E-02   5.1113772E-02
   9.8550725E-01   3.9112585E+04   1.6235623E+04   5.5348207E+04   6.4016510E-02   6.3165227E-02   6.3766702E-02
   1.0000000E+00   1.9608146E+04   8.6223322E+03   2.8230479E+04   9.3649551E-02   7.3828229E-02   8.7563297E-02
