   0.0000000E+00   3.9076657E+10   1.9594392E+10   5.8568105E+10   1.7983056E-07   1.8986094E-07   1.5917446E-07
   1.4492754E-02   5.5390552E+05   2.5156858E+05   8.0547410E+05   5.1846478E-03   1.3265100E-02   1.2303665E-03
   2.8985507E-02   5.7436441E+05   2.8225691E+05   8.5662132E+05   5.0456601E-03   6.3787877E-03   2.8396929E-03
   4.3478261E-02   5.6830251E+05   2.7505842E+05   8.4336093E+05   5.9201849E-03   1.4586092E-02   8.6111647E-03
   5.7971014E-02   5.6906025E+05   2.8074144E+05   8.4980169E+05   1.7700457E-02   1.9752209E-02   1.8358178E-02
   7.2463768E-02   5.8057785E+05   2.8172650E+05   8.6230435E+05   1.9120401E-02   2.0253336E-02   1.9351404E-02
   8.6956522E-02   5.8547788E+05   2.8490899E+05   8.7038687E+05   2.9116562E-02   3.5214592E-02   3.0912687E-02
   1.0144928E-01   5.9135936E+05   2.8361002E+05   8.7496937E+05   2.9773550E-02   3.3994746E-02   3.1128785E-02
   1.1594203E-01   5.7663762E+05   2.7969955E+05   8.5633717E+05   3.5161194E-02   3.1506449E-02   3.3887427E-02
   1.3043478E-01   5.5525260E+05   2.7152231E+05   8.2677492E+05   2.8108842E-02   2.9729610E-02   2.8477047E-02
   1.4492754E-01   5.1798880E+05   2.5982791E+05   7.7781671E+05   2.8932732E-02   3.0279969E-02   2.9304821E-02
   1.5942029E-01   4.8743134E+05   2.4082250E+05   7.2825384E+05   2.2617910E-02   2.4662759E-02   2.3293689E-02
   1.7391304E-01   4.4201307E+05   2.2327974E+05   6.6529281E+05   2.2050314E-02   2.0154197E-02   2.1270481E-02
   1.8840580E-01   4.0282448E+05   1.9631209E+05   5.9913657E+05   2.2257007E-02   2.0751530E-02   2.1763542E-02
   2.0289855E-01   3.5380891E+05   1.7357582E+05   5.2738473E+05   1.9380874E-02   1.6653848E-02   1.8201807E-02
   2.1739130E-01   3.1860302E+05   1.5584118E+05   4.7444420E+05   1.5391028E-02   1.9366194E-02   1.6696656E-02
   2.3188406E-01   2.7501106E+05   1.4032336E+05   4.1533442E+05   1.3062147E-02   9.7668023E-03   1.1781515E-02
   2.4637681E-01   2.4546211E+05   1.2190646E+05   3.6736857E+05   1.0920309E-02   1.0670117E-02   1.0833432E-02
   2.6086957E-01   2.1380803E+05   1.1050327E+05   3.2431130E+05   1.5412929E-02   6.8269545E-03   1.2479097E-02
   2.7536232E-01   1.9122881E+05   9.8146841E+04   2.8937565E+05   7.0322498E-03   1.2814320E-02   8.8439376E-03
   2.8985507E-01   1.7583280E+05   8.3085827E+04   2.5891862E+05   6.1870469E-03   8.5367058E-03   6.8855953E-03
   3.0434783E-01   1.5753706E+05   7.5881917E+04   2.3341898E+05   5.1315177E-03   4.5152163E-03   4.9164166E-03
   3.1884058E-01   1.3625483E+05   6.8471842E+04   2.0472668E+05   4.6715611E-03   3.1161031E-03   3.5287730E-03
   3.3333333E-01   1.2703620E+05   6.4308783E+04   1.9134499E+05   1.6779470E-03   1.5121914E-03   7.4853902E-04
   3.4782609E-01   1.1444981E+05   5.9450757E+04   1.7390057E+05   6.2169184E-03   3.8392016E-03   5.3972488E-03
   3.6231884E-01   1.0423426E+05   5.3374972E+04   1.5760923E+05   4.2805346E-03   3.8079286E-03   3.2122613E-03
   3.7681159E-01   1.0348934E+05   5.2400406E+04   1.5588975E+05   7.1959864E-03   3.0613997E-03   5.4088597E-03
   3.9130435E-01   9.3987413E+04   4.5772909E+04   1.3976032E+05   8.6017737E-04   5.4573038E-03   1.3126352E-03
   4.0579710E-01   9.2741558E+04   4.2487378E+04   1.3522894E+05   2.0465789E-03   5.0118445E-03   1.4650686E-03
   4.2028986E-01   8.4448447E+04   4.2015193E+04   1.2646364E+05   4.0998042E-03   7.4933771E-03   5.0939741E-03
   4.3478261E-01   8.2290204E+04   4.0059013E+04   1.2234922E+05   5.0333385E-03   8.6290240E-04   3.1945922E-03
   4.4927536E-01   7.8657956E+04   3.6518020E+04   1.1517598E+05   4.4759958E-03   9.7846605E-03   1.3137680E-03
   4.6376812E-01   7.1582437E+04   3.5282114E+04   1.0686455E+05   4.2740708E-03   1.1756510E-02   6.7396515E-03
   4.7826087E-01   6.7071177E+04   3.4947734E+04   1.0201891E+05   2.8967128E-03   3.1472076E-03   2.8830682E-03
   4.9275362E-01   6.4831059E+04   3.1824941E+04   9.6633714E+04   2.9947464E-03   5.5544897E-03   4.4897849E-04
   5.0724638E-01   6.0662234E+04   3.1132153E+04   9.1794387E+04   6.3161317E-03   5.8722218E-03   4.8873952E-03
   5.2173913E-01   5.6809203E+04   2.8857139E+04   8.5666342E+04   9.1467615E-04   4.5141903E-03   1.7444396E-03
   5.3623188E-01   5.5048546E+04   2.6807495E+04   8.1856041E+04   1.5614758E-03   5.6185743E-03   2.6610638E-03
   5.5072464E-01   5.3639781E+04   2.6620486E+04   8.0260267E+04   2.4518937E-03   6.8229284E-03   3.5926078E-03
   5.6521739E-01   4.9039164E+04   2.4558440E+04   7.3597604E+04   4.8421454E-04   7.3646569E-03   2.1348606E-03
   5.7971014E-01   4.9764357E+04   2.4266517E+04   7.4030874E+04   1.1173847E-03   1.7665213E-03   2.8473130E-04
   5.9420290E-01   4.5741422E+04   2.2362473E+04   6.8103895E+04   2.8239341E-03   8.8091601E-03   3.7331975E-03
   6.0869565E-01   4.3389446E+04   2.1252710E+04   6.4642156E+04   5.0614794E-03   2.0188080E-03   4.0609662E-03
   6.2318841E-01   4.2133684E+04   2.1604306E+04   6.3737990E+04   6.2791452E-03   1.1900034E-02   8.1622228E-03
   6.3768116E-01   3.9970610E+04   1.8702319E+04   5.8672929E+04   6.2806498E-03   1.0005223E-02   5.3806082E-03
   6.5217391E-01   3.7667932E+04   1.8539291E+04   5.6207223E+04   1.1375312E-02   1.7237125E-03   8.1714222E-03
   6.6666667E-01   3.7491493E+04   1.8712802E+04   5.6204295E+04   6.3224686E-03   9.2234528E-03   7.2465424E-03
   6.8115942E-01   3.3469391E+04   1.6928160E+04   5.0397551E+04   4.2114375E-03   8.3770850E-03   5.7489144E-04
   6.9565217E-01   3.3119408E+04   1.5865112E+04   4.8984519E+04   3.3777191E-03   7.3765642E-03   3.0066781E-03
   7.1014493E-01   3.2350717E+04   1.5974326E+04   4.8325044E+04   4.6993294E-03   8.1797523E-03   9.5409119E-04
   7.2463768E-01   2.9354719E+04   1.3684725E+04   4.3039444E+04   6.1204354E-03   4.1568933E-03   3.8514367E-03
   7.3913043E-01   2.7070514E+04   1.3223248E+04   4.0293762E+04   9.2516509E-04   1.9826547E-03   2.1014450E-04
   7.5362319E-01   2.4961595E+04   1.3551829E+04   3.8513424E+04   3.2093413E-03   3.0327510E-03   3.0884866E-03
   7.6811594E-01   2.5505703E+04   1.1980818E+04   3.7486520E+04   3.3340820E-03   1.8763614E-03   1.8622064E-03
   7.8260870E-01   2.3461773E+04   1.2123787E+04   3.5585560E+04   2.6191770E-03   9.7558148E-03   2.2850212E-03
   7.9710145E-01   2.2277459E+04   1.1007847E+04   3.3285306E+04   6.2827898E-03   2.5862907E-03   5.0545229E-03
   8.1159420E-01   2.0364173E+04   1.1271333E+04   3.1635507E+04   4.8901787E-03   1.0499691E-02   6.7261669E-03
   8.2608696E-01   1.9448575E+04   1.0156330E+04   2.9604905E+04   5.9905462E-03   9.5151277E-03   2.8321160E-03
   8.4057971E-01   1.7872134E+04   9.3018710E+03   2.7174005E+04   8.1452884E-03   3.5658281E-03   5.7290168E-03
   8.5507246E-01   1.7004125E+04   8.7203934E+03   2.5724518E+04   6.2077069E-03   3.3399150E-03   3.4420529E-03
   8.6956522E-01   1.5798810E+04   7.6278826E+03   2.3426692E+04   6.7412713E-03   8.5085028E-03   6.0825993E-03
   8.8405797E-01   1.4359731E+04   7.1922875E+03   2.1552019E+04   7.8893635E-03   1.8322538E-02   1.0969283E-02
   8.9855072E-01   1.2844859E+04   6.1718875E+03   1.9016746E+04   5.5423477E-03   4.2679545E-03   5.0339713E-03
   9.1304348E-01   1.0921030E+04   5.8333697E+03   1.6754400E+04   5.5651922E-03   9.9697885E-03   6.9170879E-03
   9.2753623E-01   9.3533122E+03   5.1384019E+03   1.4491714E+04   3.5933220E-03   9.2259302E-03   9.6245689E-04
   9.4202899E-01   8.0902963E+03   4.0917781E+03   1.2182074E+04   2.0583978E-02   1.9618303E-02   2.0130024E-02
   9.5652174E-01   6.3948384E+03   3.3409299E+03   9.7357683E+03   2.0017897E-02   1.8164246E-02   1.9267319E-02
   9.7101449E-01   4.5577296E+03   2.0357105E+03   6.5934401E+03   1.3958880E-02   3.1299482E-03   1.0599297E-02
   9.8550725E-01   2.8749421E+03   1.3483256E+03   4.2232677E+03   2.7711066E-02   1.6843432E-02   2.3936810E-02
   1.0000000E+00   1.9258001E+03   7.4405913E+02   2.6698592E+03   4.9674840E-02   6.2827808E-02   5.2872521E-02
