   0.0000000E+00   3.2790067E+10   1.6562087E+10   4.9269567E+10   1.4715575E-06   7.5897920E-07   1.1202778E-06
   1.4492754E-02   2.3107938E+07   1.1300127E+07   3.4408065E+07   7.1298315E-04   7.9631336E-04   4.8589303E-04
   2.8985507E-02   2.4834820E+07   1.2375356E+07   3.7209039E+07   1.2207494E-04   2.9423603E-04   1.7849966E-04
   4.3478261E-02   2.1429046E+07   1.0586592E+07   3.2015133E+07   7.1527392E-05   2.8497332E-04   5.2999912E-05
   5.7971014E-02   1.6441181E+07   8.0369341E+06   2.4477168E+07   2.7012184E-04   4.9285626E-04   1.2053453E-04
   7.2463768E-02   1.3399664E+07   6.5780637E+06   1.9978182E+07   3.7153247E-04   3.8671333E-05   2.6008087E-04
   8.6956522E-02   1.1393581E+07   5.5913390E+06   1.6983657E+07   4.6658728E-04   3.1092581E-04   3.4380506E-04
   1.0144928E-01   9.9351187E+06   4.8258084E+06   1.4760061E+07   3.2795376E-05   2.1048003E-04   7.9152777E-05
   1.1594203E-01   8.7519534E+06   4.2437990E+06   1.2995374E+07   2.5266468E-04   1.2628969E-04   2.0039906E-04
   1.3043478E-01   7.4328917E+06   3.6374729E+06   1.1069775E+07   5.4705261E-04   6.8639112E-04   5.8599932E-04
   1.4492754E-01   6.2176084E+06   3.0273096E+06   9.2446149E+06   1.0846319E-03   1.0405881E-03   1.0441858E-03
   1.5942029E-01   5.0600278E+06   2.4238619E+06   7.4835453E+06   1.4716240E-03   4.4852803E-04   1.1284062E-03
   1.7391304E-01   3.9291804E+06   1.8783661E+06   5.8073571E+06   1.6082899E-03   1.4868159E-03   1.5070091E-03
   1.8840580E-01   2.9037635E+06   1.3769241E+06   4.2806877E+06   1.5464906E-03   1.8357508E-03   1.6338555E-03
   2.0289855E-01   2.3258728E+06   1.1183111E+06   3.4441297E+06   2.7225492E-03   2.3345940E-03   2.5955385E-03
   2.1739130E-01   1.9747628E+06   9.3247076E+05   2.9071831E+06   3.5790258E-03   2.7444990E-03   3.2993451E-03
   2.3188406E-01   1.6829805E+06   7.9974371E+05   2.4827242E+06   2.6496865E-03   2.9089646E-03   2.7298768E-03
   2.4637681E-01   1.3994059E+06   6.6894777E+05   2.0683091E+06   3.3999410E-03   4.5432208E-03   3.7284476E-03
   2.6086957E-01   1.1692719E+06   5.5529470E+05   1.7245666E+06   4.6026266E-03   4.5916223E-03   4.5916187E-03
   2.7536232E-01   9.7225593E+05   4.6469199E+05   1.4369080E+06   4.4653084E-03   4.5729780E-03   4.4993957E-03
   2.8985507E-01   7.9005415E+05   3.7417037E+05   1.1642245E+06   6.8446297E-03   8.8254261E-03   7.4625616E-03
   3.0434783E-01   6.3076167E+05   2.9898125E+05   9.2977899E+05   8.3639090E-03   8.8558443E-03   8.4359768E-03
   3.1884058E-01   4.3108329E+05   2.0328009E+05   6.3436337E+05   1.4557457E-02   1.2261553E-02   1.3810368E-02
   3.3333333E-01   1.2196266E+05   5.8016274E+04   1.7997894E+05   6.9723884E-02   6.4143204E-02   6.7923659E-02
   3.4782609E-01   2.0111594E+04   1.0166301E+04   3.0277895E+04   2.5780281E-01   2.4878485E-01   2.5477391E-01
   3.6231884E-01   1.5882161E+04   8.0016994E+03   2.3883860E+04   2.5898110E-01   2.4766141E-01   2.5518860E-01
   3.7681159E-01   1.1774062E+04   5.6538814E+03   1.7427944E+04   2.7025026E-01   2.7221856E-01   2.7088849E-01
   3.9130435E-01   1.0411863E+04   3.9851337E+03   1.4396997E+04   2.7477029E-01   2.5546519E-01   2.6942574E-01
   4.0579710E-01   8.4974757E+03   3.3827531E+03   1.1880229E+04   2.7020296E-01   2.7186953E-01   2.7067749E-01
   4.2028986E-01   6.5322128E+03   2.6651428E+03   9.1973556E+03   2.8166483E-01   3.1246875E-01   2.9058967E-01
   4.3478261E-01   5.4557041E+03   2.3994995E+03   7.8552036E+03   2.7721591E-01   2.9465777E-01   2.8253946E-01
   4.4927536E-01   3.7886834E+03   1.7110183E+03   5.4997017E+03   2.7702901E-01   2.7774747E-01   2.7725253E-01
   4.6376812E-01   3.2440602E+03   1.7522661E+03   4.9963263E+03   2.7662784E-01   2.6377614E-01   2.7211862E-01
   4.7826087E-01   3.0309467E+03   1.1251242E+03   4.1560709E+03   2.8129109E-01   2.4657792E-01   2.7189360E-01
   4.9275362E-01   2.1840646E+03   1.5154734E+03   3.6995379E+03   2.7419515E-01   1.8885932E-01   2.3923788E-01
   5.0724638E-01   2.5546551E+03   1.1690795E+03   3.7237346E+03   2.2164973E-01   2.4010251E-01   2.2744304E-01
   5.2173913E-01   2.5047407E+03   9.0507437E+02   3.4098151E+03   2.1541928E-01   2.2675130E-01   2.1842716E-01
   5.3623188E-01   1.9045814E+03   1.1878035E+03   3.0923848E+03   1.8613494E-01   2.1094263E-01   1.9565802E-01
   5.5072464E-01   1.4955329E+03   5.1845142E+02   2.0139843E+03   2.0436471E-01   2.3962754E-01   2.1344227E-01
   5.6521739E-01   1.6126191E+03   4.2744121E+02   2.0400603E+03   2.2171152E-01   2.0047575E-01   2.1726212E-01
   5.7971014E-01   1.1744919E+03   7.3879327E+02   1.9132851E+03   2.1759426E-01   2.7406018E-01   2.3939793E-01
   5.9420290E-01   9.7951327E+02   5.5444148E+02   1.5339548E+03   2.3458610E-01   2.4139338E-01   2.3704656E-01
   6.0869565E-01   8.4794343E+02   3.4278564E+02   1.1907291E+03   2.6599730E-01   1.8359044E-01   2.4227411E-01
   6.2318841E-01   1.0220634E+03   3.8767923E+02   1.4097427E+03   1.6914401E-01   2.5526245E-01   1.9282658E-01
   6.3768116E-01   7.2329411E+02   2.7554061E+02   9.9883472E+02   2.1437820E-01   1.3167286E-01   1.9156293E-01
   6.5217391E-01   6.7354372E+02   2.0206312E+02   8.7560683E+02   2.1050187E-01   2.8782830E-01   2.2834643E-01
   6.6666667E-01   4.6123103E+02   3.7886834E+02   8.4009937E+02   1.9671350E-01   2.2821711E-01   2.1092101E-01
   6.8115942E-01   4.1917348E+02   3.5468526E+02   7.7385874E+02   1.5279740E-01   2.3794934E-01   1.9182537E-01
   6.9565217E-01   5.3673015E+02   1.8943417E+02   7.2616432E+02   1.5144853E-01   2.2481307E-01   1.7058710E-01
   7.1014493E-01   3.2474429E+02   1.8556817E+02   5.1031246E+02   1.4463590E-01   2.4076925E-01   1.7959348E-01
   7.2463768E-01   3.0309467E+02   1.0608314E+02   4.0917781E+02   2.6370399E-01   2.8811378E-01   2.7003246E-01
   7.3913043E-01   4.7544263E+02   1.0400307E+02   5.7944570E+02   1.8146136E-01   1.6369930E-01   1.7827330E-01
   7.5362319E-01   2.7686533E+02   1.4571859E+02   4.2258392E+02   2.2451095E-01   1.7401015E-01   2.0709688E-01
   7.6811594E-01   2.8593837E+02   5.7187674E+01   3.4312605E+02   2.9194929E-01   1.5143278E-01   2.6852987E-01
   7.8260870E-01   2.2451457E+02   1.1225729E+02   3.3677186E+02   2.0910634E-01   1.6373224E-01   1.9398164E-01
   7.9710145E-01   1.9287843E+02   1.1021624E+02   3.0309467E+02   2.8157649E-01   2.9389972E-01   2.8605766E-01
   8.1159420E-01   1.3531012E+02   5.4124049E+01   1.8943417E+02   2.4930530E-01   1.7405929E-01   2.2780644E-01
   8.2608696E-01   1.7281714E+02   6.6468130E+01   2.3928527E+02   2.9394083E-01   3.1404068E-01   2.9952412E-01
   8.4057971E-01   1.4370868E+02   9.1450979E+01   2.3515966E+02   2.4687868E-01   2.2204441E-01   2.3722091E-01
   8.5507246E-01   1.0274396E+02   6.4214973E+01   1.6695893E+02   2.4891483E-01   3.2814100E-01   2.7938644E-01
   8.6956522E-01   1.1366050E+02   0.0000000E+00   1.1366050E+02   3.2616730E-01   0.0000000E+00   3.2616730E-01
   8.8405797E-01   6.2109564E+01   3.7265739E+01   9.9375303E+01   6.3758358E-02   1.3222379E-01   8.9432897E-02
   8.9855072E-01   8.5550916E+01   2.4443119E+01   1.0999403E+02   2.8465011E-01   2.0741470E-01   2.6748669E-01
   9.1304348E-01   4.8110266E+01   4.8110266E+01   9.6220531E+01   2.8338520E-01   1.0711714E-01   1.9525117E-01
   9.2753623E-01   2.3679271E+01   2.3679271E+01   4.7358543E+01   1.9654973E-01   3.8645505E-01   2.9150239E-01
   9.4202899E-01   6.9944925E+01   1.1657487E+01   8.1602412E+01   4.1714023E-01   3.7174573E-05   3.5755408E-01
   9.5652174E-01   1.1480859E+01   2.2961718E+01   3.4442577E+01   7.7925718E-07   4.2069945E-01   2.8046656E-01
   9.7101449E-01   3.3928508E+01   1.1309503E+01   4.5238011E+01   4.2460504E-01   4.2335627E-01   4.2429285E-01
   9.8550725E-01   4.4572746E+01   1.1143187E+01   5.5715933E+01   3.1490409E-01   4.2476951E-01   3.3687717E-01
   1.0000000E+00   2.1884092E+01   2.1884092E+01   4.3768184E+01   4.2611401E-01   1.2550636E-07   2.1305707E-01
