   0.0000000E+00   3.5603301E+10   1.7862660E+10   5.3355901E+10   2.8570396E-06   1.8376389E-06   1.3360735E-06
   1.4492754E-02   2.9271368E+07   1.4528085E+07   4.3798696E+07   8.9831736E-03   8.2160446E-03   8.7097733E-03
   2.8985507E-02   2.7350506E+07   1.3571443E+07   4.0918918E+07   1.7203469E-02   1.7820910E-02   1.7369848E-02
   4.3478261E-02   2.1639444E+07   1.0844222E+07   3.2482909E+07   1.8607375E-02   1.9465455E-02   1.8892050E-02
   5.7971014E-02   1.4428064E+07   7.1619377E+06   2.1588676E+07   1.8460865E-02   1.7964815E-02   1.8296317E-02
   7.2463768E-02   8.7398865E+06   4.3566828E+06   1.3096418E+07   1.5976958E-02   1.6442805E-02   1.6123970E-02
   8.6956522E-02   5.5966431E+06   2.8326723E+06   8.4290629E+06   1.0614564E-02   1.0945987E-02   1.0726250E-02
   1.0144928E-01   4.1131030E+06   2.0319250E+06   6.1450280E+06   4.9081728E-03   5.5733920E-03   5.1259708E-03
   1.1594203E-01   3.2696338E+06   1.6056440E+06   4.8750884E+06   4.5051445E-03   5.4459169E-03   4.8197422E-03
   1.3043478E-01   2.7382078E+06   1.3797543E+06   4.1179621E+06   3.1013188E-03   4.2342247E-03   3.1751835E-03
   1.4492754E-01   2.3873252E+06   1.1938899E+06   3.5811393E+06   4.5499789E-03   3.4116023E-03   4.0484236E-03
   1.5942029E-01   2.0986551E+06   1.0374104E+06   3.1360655E+06   3.9190331E-03   4.3215088E-03   4.0474855E-03
   1.7391304E-01   1.8033502E+06   8.7524901E+05   2.6785992E+06   5.2798308E-03   4.4506703E-03   4.9821563E-03
   1.8840580E-01   1.5825622E+06   7.7469833E+05   2.3572022E+06   4.0093481E-03   4.1104103E-03   3.8579803E-03
   2.0289855E-01   1.4367770E+06   7.0713070E+05   2.1438536E+06   4.0096395E-03   3.5168319E-03   3.8467560E-03
   2.1739130E-01   1.3044184E+06   6.3180085E+05   1.9362193E+06   3.9251014E-03   3.4384797E-03   3.7663011E-03
   2.3188406E-01   1.2047540E+06   5.8023687E+05   1.7849908E+06   3.6006134E-03   1.3347989E-03   2.8521329E-03
   2.4637681E-01   1.0851235E+06   5.3759189E+05   1.6226708E+06   3.3336871E-03   3.5438261E-03   3.3744032E-03
   2.6086957E-01   9.5672676E+05   4.6638693E+05   1.4231137E+06   3.3602313E-03   5.2910360E-03   3.9740929E-03
   2.7536232E-01   8.0348005E+05   3.9007487E+05   1.1935549E+06   2.3426549E-03   5.1384072E-03   3.2558571E-03
   2.8985507E-01   6.1869200E+05   3.0203384E+05   9.2068796E+05   4.5731275E-03   4.4821373E-03   4.5179350E-03
   3.0434783E-01   3.9438390E+05   1.9412492E+05   5.8850882E+05   5.5513781E-03   5.8493827E-03   5.6130527E-03
   3.1884058E-01   1.8123684E+05   8.9654027E+04   2.7089086E+05   1.5267044E-02   1.3148695E-02   1.4564396E-02
   3.3333333E-01   4.8066862E+04   2.4412299E+04   7.2479161E+04   2.5181268E-02   3.3201275E-02   2.7866985E-02
   3.4782609E-01   8.2719588E+03   4.3885583E+03   1.2660517E+04   6.7713151E-02   6.6603776E-02   6.7328524E-02
   3.6231884E-01   9.7596485E+03   4.9404432E+03   1.4700092E+04   6.9422603E-02   5.2313080E-02   6.3665491E-02
   3.7681159E-01   9.9671518E+03   4.5755638E+03   1.4542716E+04   8.1626746E-02   7.5272551E-02   7.9627440E-02
   3.9130435E-01   1.0243477E+04   4.0412623E+03   1.4284740E+04   8.0828996E-02   8.9776299E-02   8.3310644E-02
   4.0579710E-01   9.2552124E+03   4.7358543E+03   1.3991067E+04   9.7998036E-02   9.4575621E-02   9.6837175E-02
   4.2028986E-01   8.1260727E+03   3.7625546E+03   1.1888627E+04   1.1399007E-01   1.0099936E-01   1.0987464E-01
   4.3478261E-01   8.1077825E+03   4.3948728E+03   1.2502655E+04   1.2037039E-01   1.2002850E-01   1.2024528E-01
   4.4927536E-01   6.2574384E+03   3.6909109E+03   9.9483494E+03   1.2230823E-01   1.3129220E-01   1.2563610E-01
   4.6376812E-01   5.9434971E+03   2.8178333E+03   8.7613304E+03   1.6260089E-01   1.5267802E-01   1.5940762E-01
   4.7826087E-01   5.3271185E+03   2.5487507E+03   7.8758692E+03   1.4762460E-01   1.5653169E-01   1.5050664E-01
   4.9275362E-01   4.2344109E+03   1.9166281E+03   6.1510390E+03   1.7122463E-01   1.5539962E-01   1.6629334E-01
   5.0724638E-01   3.1391948E+03   1.6670207E+03   4.8062155E+03   1.8742530E-01   1.7191869E-01   1.8204688E-01
   5.2173913E-01   2.5257889E+03   1.4944251E+03   4.0202141E+03   1.8251348E-01   1.8668046E-01   1.8406006E-01
   5.3623188E-01   2.1708132E+03   9.6253038E+02   3.1333436E+03   2.1883633E-01   2.3515659E-01   2.2384974E-01
   5.5072464E-01   1.7946395E+03   9.5714107E+02   2.7517806E+03   2.8408675E-01   2.5686658E-01   2.7461887E-01
   5.6521739E-01   1.2628945E+03   5.8287437E+02   1.8457688E+03   2.3954972E-01   2.5366791E-01   2.4398914E-01
   5.7971014E-01   1.2123787E+03   4.5464201E+02   1.6670207E+03   2.8521375E-01   2.7438725E-01   2.8226106E-01
   5.9420290E-01   1.0349574E+03   5.3596009E+02   1.5709175E+03   2.6762348E-01   2.6340919E-01   2.6616778E-01
   6.0869565E-01   9.7423288E+02   4.5103374E+02   1.4252666E+03   2.8195748E-01   3.0083157E-01   2.8793029E-01
   6.2318841E-01   6.5200598E+02   2.9957032E+02   9.5157630E+02   3.3842022E-01   2.9800236E-01   3.2569608E-01
   6.3768116E-01   6.3718767E+02   3.0998319E+02   9.4717086E+02   2.9498313E-01   3.0889577E-01   2.9953636E-01
   6.5217391E-01   6.2302794E+02   2.5257889E+02   8.7560683E+02   2.7373350E-01   2.9683180E-01   2.8039647E-01
   6.6666667E-01   3.4592327E+02   3.2945073E+02   6.7537400E+02   3.3978609E-01   3.3671388E-01   3.3828745E-01
   6.8115942E-01   3.3856320E+02   2.9019703E+02   6.2876023E+02   3.5830940E-01   3.2453778E-01   3.4272250E-01
   6.9565217E-01   4.1044070E+02   1.2628945E+02   5.3673015E+02   3.2804375E-01   3.5089223E-01   3.3341986E-01
   7.1014493E-01   3.0928028E+02   1.2371211E+02   4.3299239E+02   3.3833726E-01   3.0119779E-01   3.2772598E-01
   7.2463768E-01   2.5763047E+02   1.5154734E+02   4.0917781E+02   3.6587764E-01   3.7455703E-01   3.6909223E-01
   7.3913043E-01   2.8229406E+02   1.6343340E+02   4.4572746E+02   3.3180900E-01   3.6131981E-01   3.4262963E-01
   7.5362319E-01   2.1857789E+02   1.7486231E+02   3.9344020E+02   3.6050008E-01   3.2169698E-01   3.4325426E-01
   7.6811594E-01   1.7156302E+02   7.1484593E+01   2.4304762E+02   3.5271716E-01   2.2349584E-01   3.1471089E-01
   7.8260870E-01   2.5257889E+02   9.8225126E+01   3.5080402E+02   3.6716188E-01   3.7079954E-01   3.6816448E-01
   7.9710145E-01   1.5154734E+02   8.2662184E+01   2.3420952E+02   3.7800496E-01   3.8297455E-01   3.7975894E-01
   8.1159420E-01   1.8943417E+02   8.1186073E+01   2.7062024E+02   3.4135999E-01   3.6205511E-01   3.4756853E-01
   8.2608696E-01   1.0634901E+02   5.3174504E+01   1.5952351E+02   3.6082472E-01   3.7227939E-01   3.6464294E-01
   8.4057971E-01   1.1757983E+02   1.1757983E+02   2.3515966E+02   3.6282476E-01   3.4814433E-01   3.5548454E-01
   8.5507246E-01   2.0548791E+02   6.4214973E+01   2.6970289E+02   3.5788890E-01   3.6433927E-01   3.5942471E-01
   8.6956522E-01   1.0103156E+02   3.7886834E+01   1.3891839E+02   3.9797602E-01   3.9204748E-01   3.9635915E-01
   8.8405797E-01   1.1179722E+02   7.4531477E+01   1.8632869E+02   3.6960894E-01   3.8507680E-01   3.7579608E-01
   8.9855072E-01   8.5550916E+01   1.2221559E+01   9.7772475E+01   3.8428986E-01   3.7802967E-01   3.8350734E-01
   9.1304348E-01   1.0824810E+02   1.2027566E+01   1.2027566E+02   4.0774138E-01   3.3351818E-01   4.0031906E-01
   9.2753623E-01   7.1037814E+01   2.3679271E+01   9.4717086E+01   3.2091656E-01   4.1698932E-01   3.4493475E-01
   9.4202899E-01   4.6629950E+01   3.4972462E+01   8.1602412E+01   4.0333507E-01   3.9100146E-01   3.9804924E-01
   9.5652174E-01   8.0366012E+01   2.2961718E+01   1.0332773E+02   3.3984612E-01   4.1437302E-01   3.5640766E-01
   9.7101449E-01   7.9166519E+01   1.1309503E+01   9.0476022E+01   3.4496420E-01   4.2354942E-01   3.5478735E-01
   9.8550725E-01   1.1143187E+01   4.4572746E+01   5.5715933E+01   4.2136594E-01   3.1858832E-01   3.3914385E-01
   1.0000000E+00   2.1884092E+01   0.0000000E+00   2.1884092E+01   4.2849126E-01   0.0000000E+00   4.2849126E-01
