   0.0000000E+00   3.1026159E+10   1.5778339E+10   4.6766405E+10   7.1620883E-07   2.2494778E-06   1.2236936E-06
   1.4492754E-02   2.8703823E+07   1.4212109E+07   4.2915933E+07   1.7828332E-04   2.3750087E-04   1.6840368E-04
   2.8985507E-02   3.1211174E+07   1.5591190E+07   4.6801606E+07   5.8453266E-05   2.9333842E-04   5.9392120E-05
   4.3478261E-02   2.4990914E+07   1.2407433E+07   3.7395316E+07   2.6762494E-04   2.6301409E-04   2.2313930E-04
   5.7971014E-02   1.7139814E+07   8.5084358E+06   2.5647492E+07   2.2181180E-04   3.6733916E-04   2.6810359E-04
   7.2463768E-02   1.3508172E+07   6.5565440E+06   2.0064867E+07   2.6893095E-04   6.3923851E-04   3.2001424E-04
   8.6956522E-02   1.1378805E+07   5.5393077E+06   1.6917608E+07   2.8996393E-04   8.5227477E-04   4.6068356E-04
   1.0144928E-01   1.0023233E+07   4.8293806E+06   1.4852288E+07   2.8842788E-04   3.0824451E-04   9.4829045E-05
   1.1594203E-01   9.0293798E+06   4.3593539E+06   1.3388449E+07   5.8870911E-04   4.6948996E-04   5.1372627E-04
   1.3043478E-01   8.1988793E+06   3.9108474E+06   1.2108885E+07   9.9227602E-04   7.2966811E-04   8.9107543E-04
   1.4492754E-01   7.6039634E+06   3.6290283E+06   1.1232386E+07   7.8878285E-04   1.0101334E-03   8.0623755E-04
   1.5942029E-01   6.9525785E+06   3.2541346E+06   1.0206782E+07   8.4061941E-04   1.3882128E-03   9.7172415E-04
   1.7391304E-01   6.1468231E+06   2.8932281E+06   9.0400512E+06   1.3343170E-03   9.5490123E-04   1.2032151E-03
   1.8840580E-01   5.2972206E+06   2.4645677E+06   7.7615551E+06   1.2458225E-03   5.9732758E-04   9.9983922E-04
   2.0289855E-01   4.4031537E+06   2.0536288E+06   6.4566202E+06   8.3038218E-04   1.5459326E-03   1.0507913E-03
   2.1739130E-01   3.4912465E+06   1.6266081E+06   5.1177030E+06   1.2387921E-03   1.5139236E-03   1.3257712E-03
   2.3188406E-01   2.5509205E+06   1.1794171E+06   3.7301956E+06   1.4592135E-03   1.7499126E-03   1.4731172E-03
   2.4637681E-01   1.8429493E+06   8.6016485E+05   2.7030696E+06   1.7553386E-03   1.6566948E-03   1.7081759E-03
   2.6086957E-01   1.4511499E+06   6.7367001E+05   2.1248200E+06   2.4591357E-03   3.7735096E-03   2.7800929E-03
   2.7536232E-01   1.1978621E+06   5.4752458E+05   1.7453866E+06   3.0234254E-03   2.4590254E-03   2.8191919E-03
   2.8985507E-01   9.5990083E+05   4.3297074E+05   1.3928337E+06   2.4459753E-03   5.1960921E-03   3.2712644E-03
   3.0434783E-01   7.1930861E+05   3.2431130E+05   1.0435838E+06   3.8167133E-03   7.5047368E-03   4.6903586E-03
   3.1884058E-01   3.9033772E+05   1.7217844E+05   5.6251616E+05   5.4647250E-03   7.1089159E-03   5.9245448E-03
   3.3333333E-01   8.0320089E+04   3.5613624E+04   1.1593371E+05   5.3721091E-02   4.9732948E-02   5.2495601E-02
   3.4782609E-01   2.2668956E+04   1.1176616E+04   3.3845572E+04   2.1455970E-01   2.0123126E-01   2.1014274E-01
   3.6231884E-01   2.0671057E+04   8.7594361E+03   2.9430493E+04   2.4714924E-01   2.4518774E-01   2.4656533E-01
   3.7681159E-01   1.7894243E+04   8.2185287E+03   2.6112772E+04   2.5843202E-01   2.7121385E-01   2.6245376E-01
   3.9130435E-01   1.3639260E+04   6.4267297E+03   2.0065990E+04   2.7477092E-01   2.7208134E-01   2.7390934E-01
   4.0579710E-01   1.1528422E+04   4.3299239E+03   1.5858346E+04   2.7283968E-01   2.8593248E-01   2.7641447E-01
   4.2028986E-01   9.2496133E+03   3.8409411E+03   1.3090554E+04   2.8226002E-01   2.7826347E-01   2.8108727E-01
   4.3478261E-01   6.9964354E+03   2.7531100E+03   9.7495453E+03   2.8233707E-01   3.0900466E-01   2.8986618E-01
   4.4927536E-01   6.2818815E+03   2.3465394E+03   8.6284210E+03   2.8710677E-01   2.9566758E-01   2.8943492E-01
   4.6376812E-01   5.1620812E+03   2.1074552E+03   7.2695363E+03   2.8967044E-01   3.0276477E-01   2.9346646E-01
   4.7826087E-01   3.9723772E+03   1.4236265E+03   5.3960037E+03   2.9936051E-01   2.8575517E-01   2.9576717E-01
   4.9275362E-01   3.3875287E+03   1.3594688E+03   4.7469975E+03   2.9020059E-01   2.8289489E-01   2.8810835E-01
   5.0724638E-01   2.5763047E+03   9.9588250E+02   3.5721872E+03   3.0636822E-01   2.5784721E-01   2.9284115E-01
   5.2173913E-01   2.9467538E+03   1.2628945E+03   4.2096482E+03   2.8246902E-01   2.8473125E-01   2.8314769E-01
   5.3623188E-01   2.2117719E+03   7.5773668E+02   2.9695086E+03   2.7951494E-01   2.7721009E-01   2.7892680E-01
   5.5072464E-01   2.0139843E+03   8.3749844E+02   2.8514828E+03   2.8474695E-01   2.6367112E-01   2.7855685E-01
   5.6521739E-01   1.3600402E+03   5.2458694E+02   1.8846271E+03   2.8207524E-01   2.9342999E-01   2.8523584E-01
   5.7971014E-01   1.6480773E+03   7.0090643E+02   2.3489837E+03   2.8578290E-01   2.7180928E-01   2.8161336E-01
   5.9420290E-01   1.6078803E+03   6.0988562E+02   2.2177659E+03   2.4977484E-01   1.8803801E-01   2.3279721E-01
   6.0869565E-01   1.6417628E+03   6.3144724E+02   2.2732101E+03   2.2387206E-01   2.2327747E-01   2.2370690E-01
   6.2318841E-01   9.3395452E+02   5.2865350E+02   1.4626080E+03   2.2363215E-01   2.7984705E-01   2.4395079E-01
   6.3768116E-01   9.8161343E+02   5.5108122E+02   1.5326947E+03   2.1601671E-01   2.2432145E-01   2.1900268E-01
   6.5217391E-01   1.1618629E+03   3.3677186E+02   1.4986348E+03   1.7171543E-01   2.1272947E-01   1.8093206E-01
   6.6666667E-01   6.2595639E+02   4.7770356E+02   1.1036600E+03   2.2088758E-01   2.0336002E-01   2.1330102E-01
   6.8115942E-01   8.8671314E+02   4.3529554E+02   1.3220087E+03   2.6226459E-01   2.1133216E-01   2.4549416E-01
   6.9565217E-01   8.3666759E+02   4.2622688E+02   1.2628945E+03   2.7102155E-01   2.4273488E-01   2.6147480E-01
   7.1014493E-01   7.2680866E+02   2.1649620E+02   9.4330485E+02   2.0902815E-01   2.2125470E-01   2.1183424E-01
   7.2463768E-01   5.9103461E+02   3.4855887E+02   9.3959349E+02   1.9655460E-01   1.5385692E-01   1.8071514E-01
   7.3913043E-01   3.7143955E+02   2.2286373E+02   5.9430328E+02   1.9121979E-01   2.3735558E-01   2.0852071E-01
   7.5362319E-01   4.2258392E+02   1.8943417E+02   6.1201809E+02   2.4068689E-01   2.3003141E-01   2.3738876E-01
   7.6811594E-01   4.0031372E+02   1.5726610E+02   5.5757982E+02   2.5688724E-01   2.8723694E-01   2.6544741E-01
   7.8260870E-01   4.4902915E+02   1.8241809E+02   6.3144724E+02   2.3616044E-01   1.5734644E-01   2.1339195E-01
   7.9710145E-01   3.4442577E+02   1.1021624E+02   4.5464201E+02   1.7697954E-01   2.7364714E-01   2.0041411E-01
   8.1159420E-01   2.9768227E+02   1.4884113E+02   4.4652340E+02   1.9851140E-01   2.3493642E-01   2.1065308E-01
   8.2608696E-01   2.1269802E+02   6.6468130E+01   2.7916615E+02   2.5110658E-01   3.0557418E-01   2.6407506E-01
   8.4057971E-01   1.6983753E+02   1.1757983E+02   2.8741736E+02   2.2650928E-01   3.1965137E-01   2.6461286E-01
   8.5507246E-01   3.0823187E+02   7.7057968E+01   3.8528984E+02   2.2969309E-01   1.7977174E-01   2.1970882E-01
   8.6956522E-01   2.5257889E+02   8.8402613E+01   3.4098151E+02   1.8395488E-01   2.2561448E-01   1.9475552E-01
   8.8405797E-01   1.7390678E+02   3.7265739E+01   2.1117252E+02   1.9507843E-01   2.8011424E-01   2.1008475E-01
   8.9855072E-01   1.9554495E+02   6.1107797E+01   2.5665275E+02   9.9752861E-02   2.2607168E-01   1.2982877E-01
   9.1304348E-01   1.2027566E+02   2.4055133E+01   1.4433080E+02   3.1369207E-01   2.0581204E-06   2.6140972E-01
   9.2753623E-01   1.0655672E+02   4.7358543E+01   1.5391526E+02   2.6775168E-01   2.9067519E-01   2.7480507E-01
   9.4202899E-01   6.9944925E+01   4.6629950E+01   1.1657487E+02   7.1421817E-02   3.1725379E-01   1.6975460E-01
   9.5652174E-01   8.0366012E+01   2.2961718E+01   1.0332773E+02   3.5522048E-01   2.0334667E-01   3.2147074E-01
   9.7101449E-01   6.7857016E+01   1.1309503E+01   7.9166519E+01   2.0885377E-01   4.5933660E-06   1.7901818E-01
   9.8550725E-01   4.4572746E+01   2.2286373E+01   6.6859119E+01   2.1362395E-01   1.4421448E-04   1.4236790E-01
   1.0000000E+00   0.0000000E+00   0.0000000E+00   0.0000000E+00   0.0000000E+00   0.0000000E+00   0.0000000E+00
