   0.0000000E+00   3.5678468E+10   1.7940465E+10   5.3506782E+10   1.2341941E-06   2.0631632E-06   1.8234742E-07
   1.4492754E-02   3.8287677E+07   1.9135124E+07   5.7420528E+07   8.8738272E-03   9.2126192E-03   8.9859212E-03
   2.8985507E-02   3.4552035E+07   1.7205169E+07   5.1754173E+07   1.8590713E-02   1.9669644E-02   1.8949475E-02
   4.3478261E-02   2.5584474E+07   1.2680218E+07   3.8262672E+07   2.2494191E-02   2.0753798E-02   2.1911395E-02
   5.7971014E-02   1.5621121E+07   7.7266410E+06   2.3346814E+07   2.4232952E-02   2.4525998E-02   2.4327034E-02
   7.2463768E-02   9.0490430E+06   4.4971672E+06   1.3545604E+07   1.9443951E-02   1.9877884E-02   1.9587450E-02
   8.6956522E-02   5.7653659E+06   2.8623503E+06   8.6277162E+06   1.2824681E-02   1.2577795E-02   1.2713951E-02
   1.0144928E-01   4.1845467E+06   2.0613685E+06   6.2458070E+06   7.7727539E-03   7.6872055E-03   7.7418090E-03
   1.1594203E-01   3.3620777E+06   1.6794286E+06   5.0412222E+06   4.2476341E-03   4.6639996E-03   4.2816253E-03
   1.3043478E-01   2.7500790E+06   1.3542438E+06   4.1042387E+06   5.6486410E-03   7.9784200E-03   6.4164117E-03
   1.4492754E-01   2.2915473E+06   1.1313766E+06   3.4228481E+06   6.1617779E-03   5.2137135E-03   5.7890688E-03
   1.5942029E-01   1.9062588E+06   9.3428933E+05   2.8404793E+06   6.4254917E-03   8.3293181E-03   7.0215485E-03
   1.7391304E-01   1.5643474E+06   7.6089392E+05   2.3252413E+06   9.3496166E-03   7.9886187E-03   8.8920320E-03
   1.8840580E-01   1.2927571E+06   6.1615650E+05   1.9088553E+06   8.0648585E-03   7.0106291E-03   7.7181450E-03
   2.0289855E-01   1.0952001E+06   5.4205235E+05   1.6371442E+06   8.5492762E-03   9.1135073E-03   8.6873442E-03
   2.1739130E-01   9.3883575E+05   4.5883482E+05   1.3976706E+06   8.1139744E-03   4.1658405E-03   6.8159032E-03
   2.3188406E-01   8.0121183E+05   3.9648572E+05   1.1976975E+06   6.7485232E-03   6.9472095E-03   6.6940767E-03
   2.4637681E-01   6.8530597E+05   3.3300299E+05   1.0183090E+06   7.5135492E-03   7.3288336E-03   7.3450880E-03
   2.6086957E-01   5.7457489E+05   2.7564777E+05   8.5022266E+05   6.1719574E-03   3.5748486E-03   5.2662753E-03
   2.7536232E-01   4.4714441E+05   2.2070078E+05   6.6784518E+05   4.8740128E-03   9.6737876E-03   6.3674814E-03
   2.8985507E-01   3.3412399E+05   1.6333014E+05   4.9745413E+05   7.6017616E-03   7.8023338E-03   7.6666174E-03
   3.0434783E-01   2.0949615E+05   9.9949077E+04   3.0944523E+05   1.3550678E-02   1.8632467E-02   1.5023560E-02
   3.1884058E-01   9.1066172E+04   4.4844235E+04   1.3591041E+05   2.4018202E-02   2.3807104E-02   2.3886920E-02
   3.3333333E-01   2.4115794E+04   1.1366050E+04   3.5481844E+04   6.4053863E-02   5.6092842E-02   6.1482652E-02
   3.4782609E-01   9.0612678E+03   5.0515779E+03   1.4112846E+04   1.1420075E-01   9.5388931E-02   1.0745450E-01
   3.6231884E-01   8.8503645E+03   3.2431130E+03   1.2093477E+04   1.3193702E-01   1.2103514E-01   1.2892907E-01
   3.7681159E-01   8.5391096E+03   4.1675518E+03   1.2706661E+04   1.5564475E-01   1.2490340E-01   1.4546388E-01
   3.9130435E-01   9.0086472E+03   3.9851337E+03   1.2993781E+04   1.5051682E-01   1.6599301E-01   1.5526296E-01
   4.0579710E-01   9.0657782E+03   4.4652340E+03   1.3531012E+04   1.7455523E-01   1.5448720E-01   1.6793272E-01
   4.2028986E-01   8.6747786E+03   4.0761008E+03   1.2750879E+04   1.7187293E-01   1.5371573E-01   1.6606752E-01
   4.3478261E-01   7.9562352E+03   3.7634255E+03   1.1719661E+04   1.8220602E-01   2.1358279E-01   1.9228002E-01
   4.4927536E-01   7.4307081E+03   4.6197495E+03   1.2050458E+04   1.8611140E-01   1.9294358E-01   1.8873000E-01
   4.6376812E-01   7.2932156E+03   3.4808529E+03   1.0774068E+04   1.8560674E-01   1.8848666E-01   1.8652089E-01
   4.7826087E-01   6.0389318E+03   2.6865210E+03   8.7254527E+03   1.9320284E-01   1.7044630E-01   1.8619604E-01
   4.9275362E-01   5.4824478E+03   2.8972285E+03   8.3796763E+03   1.8311843E-01   2.0186130E-01   1.8959829E-01
   5.0724638E-01   4.4814712E+03   2.7062024E+03   7.1876737E+03   1.6764434E-01   1.6741451E-01   1.6755607E-01
   5.2173913E-01   4.5464201E+03   2.0206312E+03   6.5670513E+03   1.8969685E-01   2.0183675E-01   1.9343220E-01
   5.3623188E-01   3.8501215E+03   1.7202671E+03   5.5703886E+03   1.9356897E-01   1.7799500E-01   1.8875908E-01
   5.5072464E-01   3.0110063E+03   1.4556521E+03   4.4666583E+03   2.0102613E-01   1.5756881E-01   1.8682712E-01
   5.6521739E-01   3.4778171E+03   1.1268905E+03   4.6047075E+03   1.5832357E-01   1.6086581E-01   1.5894572E-01
   5.7971014E-01   2.8225691E+03   1.3260392E+03   4.1486083E+03   1.4810773E-01   2.0549484E-01   1.6644994E-01
   5.9420290E-01   2.5504308E+03   1.0534388E+03   3.6038696E+03   1.8406338E-01   2.1793572E-01   1.9396142E-01
   6.0869565E-01   2.7062024E+03   1.1726877E+03   3.8788902E+03   1.9743785E-01   1.5458434E-01   1.8448212E-01
   6.2318841E-01   2.2732101E+03   1.1454159E+03   3.4186260E+03   1.6741325E-01   1.1495276E-01   1.4983461E-01
   6.3768116E-01   2.1871036E+03   9.6439214E+02   3.1514958E+03   1.3485402E-01   1.5769409E-01   1.4184333E-01
   6.5217391E-01   1.7343751E+03   7.5773668E+02   2.4921118E+03   1.4836083E-01   1.9023855E-01   1.6109392E-01
   6.6666667E-01   1.7790340E+03   8.0715429E+02   2.5861882E+03   1.3523785E-01   1.1139118E-01   1.2779526E-01
   6.8115942E-01   1.6122057E+03   7.7385874E+02   2.3860645E+03   1.5503678E-01   1.6992422E-01   1.5986514E-01
   6.9565217E-01   1.2471083E+03   8.0509523E+02   2.0522035E+03   1.5183184E-01   1.5701782E-01   1.5386634E-01
   7.1014493E-01   1.4690813E+03   5.8763253E+02   2.0567139E+03   1.0736707E-01   1.8423826E-01   1.2933027E-01
   7.2463768E-01   1.3487713E+03   5.3041568E+02   1.8791870E+03   1.4396783E-01   1.6889052E-01   1.5100246E-01
   7.3913043E-01   1.0251732E+03   4.1601230E+02   1.4411855E+03   1.5150168E-01   1.9374454E-01   1.6369550E-01
   7.5362319E-01   8.4516784E+02   2.9143719E+02   1.1366050E+03   2.1335632E-01   7.6422228E-02   1.7824436E-01
   7.6811594E-01   5.7187674E+02   4.0031372E+02   9.7219046E+02   1.4204479E-01   1.5652568E-01   1.4800751E-01
   7.8260870E-01   6.8757588E+02   1.6838593E+02   8.5596181E+02   1.9925806E-01   1.9094199E-01   1.9762211E-01
   7.9710145E-01   5.5108122E+02   2.4798655E+02   7.9906778E+02   1.8918406E-01   2.9163528E-01   2.2097927E-01
   8.1159420E-01   2.9768227E+02   1.7590316E+02   4.7358543E+02   2.7047776E-01   2.3351338E-01   2.5674814E-01
   8.2608696E-01   2.7916615E+02   1.4622989E+02   4.2539603E+02   2.8914204E-01   1.6073905E-01   2.4500351E-01
   8.4057971E-01   3.5273949E+02   1.0451540E+02   4.5725490E+02   3.2297860E-01   3.0030983E-01   3.1779716E-01
   8.5507246E-01   1.7980193E+02   5.1371979E+01   2.3117390E+02   2.6455630E-01   1.4512939E-01   2.3801699E-01
   8.6956522E-01   1.0103156E+02   2.5257889E+01   1.2628945E+02   3.2496894E-01   3.9924344E-01   3.3982384E-01
   8.8405797E-01   1.3664104E+02   4.9687651E+01   1.8632869E+02   3.4756706E-01   1.8203741E-01   3.0342582E-01
   8.9855072E-01   1.3443715E+02   7.3329357E+01   2.0776651E+02   2.7764836E-01   2.5628111E-01   2.7010698E-01
   9.1304348E-01   4.8110266E+01   1.2027566E+02   1.6838593E+02   4.1411117E-01   3.0947945E-01   3.3937423E-01
   9.2753623E-01   1.4207563E+02   4.7358543E+01   1.8943417E+02   4.0792038E-01   2.0311607E-01   3.5671924E-01
   9.4202899E-01   1.5154734E+02   2.3314975E+01   1.7486231E+02   4.0342410E-01   4.0074401E-01   4.0306675E-01
   9.5652174E-01   6.8885153E+01   3.4442577E+01   1.0332773E+02   3.3683840E-01   4.1964352E-01   3.6444011E-01
   9.7101449E-01   7.9166519E+01   4.5238011E+01   1.2440453E+02   3.6032236E-01   4.1381727E-01   3.7977505E-01
   9.8550725E-01   1.1143187E+01   2.2286373E+01   3.3429560E+01   4.2681628E-01   4.1911483E-01   4.2168198E-01
   1.0000000E+00   2.1884092E+01   0.0000000E+00   2.1884092E+01   4.2843221E-01   0.0000000E+00   4.2843221E-01
