   0.0000000E+00   4.0917781E+06   1.9398059E+06   6.0315840E+06   1.3697574E-02   1.1892403E-03   8.9370317E-03
   1.4492754E-02   3.9735712E+06   1.7056653E+06   5.6792364E+06   1.5382668E-03   6.9268615E-04   1.2736961E-03
   2.8985507E-02   4.0391154E+06   1.6556547E+06   5.6947700E+06   9.9427030E-04   1.3381991E-04   7.3721310E-04
   4.3478261E-02   4.0076693E+06   1.6473196E+06   5.6549889E+06   9.8339363E-04   1.0083712E-04   7.1588568E-04
   5.7971014E-02   3.9597425E+06   1.6516765E+06   5.6114190E+06   2.5659476E-04   1.7159880E-04   1.7168947E-04
   7.2463768E-02   4.0075178E+06   1.6923291E+06   5.6998469E+06   1.6090061E-04   1.5297718E-04   1.1414610E-04
   8.6956522E-02   4.0085533E+06   1.6758610E+06   5.6842880E+06   2.1423482E-04   2.1114124E-04   9.6786871E-05
   1.0144928E-01   3.9912156E+06   1.6876961E+06   5.6789117E+06   7.4633681E-04   8.8759251E-05   5.0399145E-04
   1.1594203E-01   3.9729082E+06   1.6805652E+06   5.6533787E+06   6.4753487E-04   1.1577125E-04   4.6252068E-04
   1.3043478E-01   3.9649835E+06   1.7621588E+06   5.7271422E+06   4.4352530E-04   7.8058670E-05   3.3004761E-04
   1.4492754E-01   3.9737985E+06   1.7628744E+06   5.7365971E+06   2.3929023E-04   5.3086659E-05   1.5325447E-04
   1.5942029E-01   3.9686114E+06   1.7837810E+06   5.7523236E+06   1.9006529E-04   1.4517855E-04   1.3816225E-04
   1.7391304E-01   3.9224239E+06   1.8073283E+06   5.7294996E+06   1.8405521E-04   1.2125081E-05   1.2888324E-04
   1.8840580E-01   3.8778632E+06   1.8262620E+06   5.7039503E+06   1.1957391E-04   1.1122557E-04   4.7141434E-05
   2.0289855E-01   3.8981222E+06   1.8592152E+06   5.7572833E+06   4.4948248E-04   4.0240914E-05   2.9215396E-04
   2.1739130E-01   3.8860273E+06   1.8479682E+06   5.7338945E+06   1.0181574E-04   2.9470592E-05   7.2177016E-05
   2.3188406E-01   3.8594844E+06   1.8757298E+06   5.7350248E+06   2.7335715E-04   1.8768436E-04   1.2469561E-04
   2.4637681E-01   3.8155162E+06   1.8948320E+06   5.7101699E+06   1.3622806E-04   7.9052132E-05   8.3520244E-05
   2.6086957E-01   3.7630046E+06   1.9038555E+06   5.6664391E+06   3.2266144E-04   1.4429877E-05   2.1470137E-04
   2.7536232E-01   3.7570180E+06   1.9230958E+06   5.6799144E+06   1.5044551E-04   6.4883118E-05   9.0871841E-05
   2.8985507E-01   3.7040821E+06   1.9248027E+06   5.6286954E+06   3.9145862E-04   4.4513960E-05   2.6471779E-04
   3.0434783E-01   3.6916210E+06   1.9398781E+06   5.6314630E+06   4.8910177E-04   1.0271960E-04   3.4283695E-04
   3.1884058E-01   3.6193293E+06   1.9346051E+06   5.5537277E+06   3.6859382E-04   1.0942255E-04   2.7756461E-04
   3.3333333E-01   3.6130532E+06   1.9408272E+06   5.5536828E+06   5.5008529E-04   4.9549920E-05   3.4549637E-04
   3.4782609E-01   3.5498385E+06   1.9243039E+06   5.4739845E+06   2.7221304E-04   1.6314227E-05   1.7446070E-04
   3.6231884E-01   3.5017740E+06   1.9148612E+06   5.4162715E+06   1.3123132E-04   5.5328416E-05   8.9382177E-05
   3.7681159E-01   3.4651881E+06   1.8978098E+06   5.3628522E+06   2.3680360E-04   5.2787238E-05   1.4721568E-04
   3.9130435E-01   3.4102360E+06   1.8933314E+06   5.3033429E+06   2.1626950E-04   5.8783809E-05   1.2592649E-04
   4.0579710E-01   3.3793974E+06   1.8555618E+06   5.2346886E+06   1.9178560E-04   8.2288080E-06   1.2227100E-04
   4.2028986E-01   3.3433955E+06   1.8423714E+06   5.1853489E+06   3.2835328E-04   6.0815364E-05   2.3575582E-04
   4.3478261E-01   3.2790297E+06   1.8006855E+06   5.0795131E+06   1.1458538E-04   2.8012409E-05   8.4334017E-05
   4.4927536E-01   3.2143679E+06   1.7761103E+06   4.9901605E+06   1.2335456E-04   3.7530788E-05   6.8758133E-05
   4.6376812E-01   3.1542210E+06   1.7424865E+06   4.8964945E+06   4.3859595E-04   2.5617223E-05   2.7273722E-04
   4.7826087E-01   3.0989593E+06   1.7118190E+06   4.8106636E+06   3.3185743E-04   2.9337321E-05   2.0801194E-04
   4.9275362E-01   3.0531885E+06   1.6745758E+06   4.7274746E+06   3.4053534E-04   1.8603462E-05   2.1488909E-04
   5.0724638E-01   2.9761082E+06   1.6321648E+06   4.6080349E+06   1.2955158E-04   1.2639712E-05   8.5008993E-05
   5.2173913E-01   2.9264843E+06   1.5991822E+06   4.5254771E+06   2.0144057E-04   4.8392214E-05   1.4657706E-04
   5.3623188E-01   2.8414716E+06   1.5589511E+06   4.4002998E+06   4.3622792E-04   4.1047151E-05   2.7052909E-04
   5.5072464E-01   2.7811728E+06   1.5134594E+06   4.2944926E+06   2.0900553E-04   3.2717278E-05   1.3723015E-04
   5.6521739E-01   2.7355071E+06   1.4645884E+06   4.1998041E+06   1.5132495E-04   8.1710843E-05   1.0099321E-04
   5.7971014E-01   2.6535939E+06   1.4270834E+06   4.0804120E+06   1.4572786E-04   2.1607797E-05   9.8213867E-05
   5.9420290E-01   2.6016612E+06   1.3834978E+06   3.9849557E+06   2.4484156E-04   7.2231606E-05   1.7667096E-04
   6.0869565E-01   2.5224152E+06   1.3324258E+06   3.8546606E+06   8.7868617E-05   6.8958575E-05   7.5501641E-05
   6.2318841E-01   2.4441061E+06   1.2880114E+06   3.7319237E+06   2.3080345E-04   9.5513701E-06   1.5272285E-04
   6.3768116E-01   2.3804298E+06   1.2384689E+06   3.6187265E+06   2.4394964E-04   2.8531454E-05   1.6400259E-04
   6.5217391E-01   2.2934164E+06   1.1958937E+06   3.4891585E+06   2.6327220E-04   1.3987819E-05   1.6701198E-04
   6.6666667E-01   2.2425217E+06   1.1449895E+06   3.3873301E+06   3.1379074E-04   3.7924225E-05   1.9560548E-04
   6.8115942E-01   2.1685134E+06   1.1091653E+06   3.2775658E+06   2.7330236E-04   5.2916435E-05   1.6460694E-04
   6.9565217E-01   2.0976046E+06   1.0582740E+06   3.1558154E+06   5.2793392E-05   6.8649429E-05   5.5095247E-05
   7.1014493E-01   2.0138940E+06   1.0104805E+06   3.0242663E+06   2.0946403E-04   6.8230320E-05   1.2496453E-04
   7.2463768E-01   1.9409728E+06   9.6446241E+05   2.9052837E+06   1.0817919E-04   3.8632747E-05   5.9619254E-05
   7.3913043E-01   1.8702427E+06   9.2010034E+05   2.7902242E+06   2.9454622E-04   3.6957370E-05   1.8816612E-04
   7.5362319E-01   1.7995226E+06   8.7072688E+05   2.6701621E+06   1.1784367E-04   5.0978457E-05   7.6319153E-05
   7.6811594E-01   1.7238224E+06   8.2145805E+05   2.5451374E+06   5.2656144E-04   6.8170673E-05   3.5420118E-04
   7.8260870E-01   1.6558371E+06   7.8914066E+05   2.4448795E+06   7.7521320E-05   1.1012089E-04   8.5948251E-05
   7.9710145E-01   1.5759959E+06   7.4734880E+05   2.3232896E+06   2.4918496E-04   1.1513041E-04   1.4719748E-04
   8.1159420E-01   1.5084102E+06   6.9874147E+05   2.2070840E+06   4.9316130E-04   5.5863158E-05   3.3905593E-04
   8.2608696E-01   1.4299289E+06   6.6305948E+05   2.0928953E+06   4.3599646E-04   1.0634390E-04   3.2458070E-04
   8.4057971E-01   1.3543629E+06   6.1601380E+05   1.9702722E+06   7.2591934E-04   3.4337292E-05   5.0244482E-04
   8.5507246E-01   1.2890771E+06   5.6930427E+05   1.8583813E+06   3.1744211E-04   8.7849848E-05   2.1249735E-04
   8.6956522E-01   1.2162053E+06   5.2951902E+05   1.7456738E+06   6.7466454E-04   1.1435220E-04   4.3778500E-04
   8.8405797E-01   1.1405676E+06   4.9392010E+05   1.6343635E+06   2.1706658E-04   4.1978270E-05   1.5637404E-04
   8.9855072E-01   1.0573360E+06   4.4212713E+05   1.4994509E+06   4.4206464E-04   1.1469842E-04   3.3675466E-04
   9.1304348E-01   9.7998206E+05   4.0110731E+05   1.3810413E+06   6.3704713E-04   1.2313876E-04   4.3163650E-04
   9.2753623E-01   9.0132779E+05   3.5482204E+05   1.2560906E+06   1.0459572E-03   8.4534855E-05   7.3204971E-04
   9.4202899E-01   8.1235201E+05   3.0766441E+05   1.1199931E+06   5.7113153E-04   1.0193546E-04   4.4151598E-04
   9.5652174E-01   7.2498179E+05   2.6231466E+05   9.8727350E+05   1.5640886E-04   7.5335506E-05   1.2580069E-04
   9.7101449E-01   6.0561256E+05   2.0439664E+05   8.0999790E+05   3.5213635E-04   2.0932359E-04   2.8457717E-04
   9.8550725E-01   4.2317365E+05   1.4025929E+05   5.6343294E+05   8.8155509E-04   1.1259989E-04   6.4251974E-04
   1.0000000E+00   1.8487681E+05   6.4010969E+04   2.4888778E+05   9.8754227E-04   3.1991776E-04   7.1265940E-04
