   0.0000000E+00   2.8248424E+06   1.6791445E+06   4.5039869E+06   5.5817679E-03   4.6728941E-03   1.7999512E-03
   1.4492754E-02   3.0650449E+06   1.5768500E+06   4.6418949E+06   1.4491373E-03   1.4022711E-03   1.4260609E-03
   2.8985507E-02   2.9964697E+06   1.5825331E+06   4.5790028E+06   1.8699719E-03   1.7020436E-04   1.2223925E-03
   4.3478261E-02   3.0324622E+06   1.5864480E+06   4.6189102E+06   2.4637950E-03   1.3655325E-03   1.3207578E-03
   5.7971014E-02   3.0417445E+06   1.5543074E+06   4.5962413E+06   1.7822599E-03   1.1046136E-03   8.2203114E-04
   7.2463768E-02   3.0608016E+06   1.6211019E+06   4.6820550E+06   5.0224521E-04   8.5322847E-04   1.8321178E-04
   8.6956522E-02   3.0623928E+06   1.6171364E+06   4.6794029E+06   1.0074789E-03   7.2933246E-04   8.5226688E-04
   1.0144928E-01   3.0801996E+06   1.6216648E+06   4.7018644E+06   5.6058585E-04   1.0248288E-03   3.3255909E-04
   1.1594203E-01   3.1613722E+06   1.6441939E+06   4.8055661E+06   6.4529748E-04   8.7173820E-04   6.6754204E-04
   1.3043478E-01   3.1392189E+06   1.6643265E+06   4.8034612E+06   2.1526933E-04   5.1755217E-04   3.1987825E-04
   1.4492754E-01   3.1587011E+06   1.6448190E+06   4.8035202E+06   4.6666524E-04   6.3359421E-04   5.2366998E-04
   1.5942029E-01   3.2180388E+06   1.6866530E+06   4.9045540E+06   9.2046651E-04   1.0408089E-03   2.9490447E-04
   1.7391304E-01   3.2710861E+06   1.7059810E+06   4.9769408E+06   1.8178761E-04   4.9282542E-04   9.7307913E-05
   1.8840580E-01   3.2831565E+06   1.7278145E+06   5.0107961E+06   4.7706849E-04   2.8216244E-04   3.4899859E-04
   2.0289855E-01   3.3124459E+06   1.7254747E+06   5.0379747E+06   5.0142262E-04   1.9357619E-04   2.6857748E-04
   2.1739130E-01   3.3692509E+06   1.7556254E+06   5.1247247E+06   6.1944875E-04   2.9527545E-04   4.8006215E-04
   2.3188406E-01   3.4046530E+06   1.7696467E+06   5.1742997E+06   6.4996835E-04   6.9364318E-04   5.6182855E-04
   2.4637681E-01   3.4235881E+06   1.7890609E+06   5.2125152E+06   5.6063297E-04   8.0888495E-04   1.9600930E-04
   2.6086957E-01   3.4479966E+06   1.8138953E+06   5.2618498E+06   6.7980372E-04   4.4900408E-04   5.5032851E-04
   2.7536232E-01   3.4747013E+06   1.8077603E+06   5.2825015E+06   4.8430415E-05   1.9586361E-04   5.9323761E-05
   2.8985507E-01   3.4848310E+06   1.8074672E+06   5.2922224E+06   1.7128878E-04   6.4166809E-04   2.2334171E-04
   3.0434783E-01   3.5021507E+06   1.8287073E+06   5.3307497E+06   1.6207459E-04   8.7898651E-04   3.8438018E-04
   3.1884058E-01   3.5440034E+06   1.8292452E+06   5.3732486E+06   8.4494296E-05   6.4826309E-04   1.6539933E-04
   3.3333333E-01   3.5260782E+06   1.8364902E+06   5.3626343E+06   6.3682560E-04   2.5309398E-04   3.5545562E-04
   3.4782609E-01   3.5195606E+06   1.8227040E+06   5.3420121E+06   6.4431322E-04   6.7714085E-04   6.5715415E-04
   3.6231884E-01   3.5112306E+06   1.8166585E+06   5.3277982E+06   6.2213881E-04   1.4603270E-04   4.2170361E-04
   3.7681159E-01   3.4966925E+06   1.8050162E+06   5.3015921E+06   2.6297450E-04   5.8952918E-04   2.1133667E-04
   3.9130435E-01   3.4814633E+06   1.8059391E+06   5.2871498E+06   5.7490876E-04   3.6564101E-04   3.2774993E-04
   4.0579710E-01   3.4457534E+06   1.7891787E+06   5.2349863E+06   2.2637128E-04   4.8544671E-04   1.0725931E-04
   4.2028986E-01   3.3999906E+06   1.7663626E+06   5.1663010E+06   4.0359015E-04   2.5668868E-04   3.4668074E-04
   4.3478261E-01   3.3658158E+06   1.7368840E+06   5.1025988E+06   3.6997451E-04   1.6443147E-04   2.9663597E-04
   4.4927536E-01   3.3191556E+06   1.7187668E+06   5.0378735E+06   4.5524570E-04   3.8790072E-04   3.2995267E-04
   4.6376812E-01   3.2832731E+06   1.6873138E+06   4.9704922E+06   2.7669422E-04   3.5720742E-04   2.8141798E-04
   4.7826087E-01   3.2389110E+06   1.6619232E+06   4.9008113E+06   4.2819005E-04   2.5995023E-04   3.3251178E-04
   4.9275362E-01   3.2020392E+06   1.6267715E+06   4.8288553E+06   3.0128162E-04   3.0527785E-04   2.5121729E-04
   5.0724638E-01   3.1320288E+06   1.6004265E+06   4.7324769E+06   3.6214764E-04   4.0976094E-04   3.7889860E-04
   5.2173913E-01   3.0794840E+06   1.5711039E+06   4.6505879E+06   3.9263160E-04   4.5306971E-04   3.8843205E-04
   5.3623188E-01   3.0116347E+06   1.5202451E+06   4.5319207E+06   2.7599111E-04   3.8176706E-04   1.7576789E-04
   5.5072464E-01   2.9444451E+06   1.4929407E+06   4.4373260E+06   8.1385686E-05   2.1105607E-04   5.8976437E-05
   5.6521739E-01   2.8835378E+06   1.4496086E+06   4.3330881E+06   2.1729135E-04   5.2872720E-04   4.7831522E-05
   5.7971014E-01   2.8252591E+06   1.3961677E+06   4.2212374E+06   5.1998577E-04   1.4928352E-04   3.7931634E-04
   5.9420290E-01   2.7373145E+06   1.3809474E+06   4.1182065E+06   1.2353257E-04   4.5958725E-04   7.2826572E-05
   6.0869565E-01   2.6605578E+06   1.3392996E+06   3.9997131E+06   4.1994624E-04   3.4149134E-04   3.0495226E-04
   6.2318841E-01   2.5977504E+06   1.2876766E+06   3.8853918E+06   1.9788233E-04   5.4090476E-04   2.9482152E-04
   6.3768116E-01   2.5181312E+06   1.2538992E+06   3.7720304E+06   3.2396327E-04   7.8499387E-04   4.5251867E-04
   6.5217391E-01   2.4516149E+06   1.2132543E+06   3.6647682E+06   1.3242678E-04   4.8739437E-04   1.4192859E-04
   6.6666667E-01   2.3811216E+06   1.1649707E+06   3.5459771E+06   4.1246551E-04   2.8200304E-04   2.2659116E-04
   6.8115942E-01   2.2983927E+06   1.1304142E+06   3.4287101E+06   1.6149803E-04   3.4001179E-04   1.9479446E-04
   6.9565217E-01   2.2257884E+06   1.0940139E+06   3.3197707E+06   4.6531919E-04   6.1747631E-04   2.2081449E-04
   7.1014493E-01   2.1502093E+06   1.0473158E+06   3.1974478E+06   5.5793361E-04   2.6697232E-04   2.9812113E-04
   7.2463768E-01   2.0628623E+06   1.0085778E+06   3.0713038E+06   1.0833142E-04   4.9940247E-04   2.3876455E-04
   7.3913043E-01   2.0016877E+06   9.6620342E+05   2.9679060E+06   2.9815803E-04   5.4995327E-04   3.2614762E-04
   7.5362319E-01   1.9217514E+06   9.2980120E+05   2.8515234E+06   7.8869682E-04   4.4659525E-04   6.6377418E-04
   7.6811594E-01   1.8363963E+06   8.8120487E+05   2.7175297E+06   2.3403413E-04   2.9874026E-04   2.5175799E-04
   7.8260870E-01   1.7551427E+06   8.4991395E+05   2.6049724E+06   4.2005727E-04   1.0642553E-04   3.1048974E-04
   7.9710145E-01   1.6666901E+06   8.0676914E+05   2.4734592E+06   2.2940671E-04   2.8621280E-04   1.0492165E-04
   8.1159420E-01   1.5871471E+06   7.5716838E+05   2.3443155E+06   1.4684032E-04   3.9360152E-04   2.2500737E-04
   8.2608696E-01   1.5009434E+06   7.1461216E+05   2.2155822E+06   2.4935428E-04   1.1360599E-04   1.9577737E-04
   8.4057971E-01   1.4116765E+06   6.7532629E+05   2.0869505E+06   3.6702265E-04   1.3553503E-04   2.4355468E-04
   8.5507246E-01   1.3205424E+06   6.2324484E+05   1.9437872E+06   6.9720510E-04   8.5384898E-04   4.9747020E-04
   8.6956522E-01   1.2297182E+06   5.8088094E+05   1.8105865E+06   3.0299022E-04   3.4055776E-04   1.3226108E-04
   8.8405797E-01   1.1324685E+06   5.3342178E+05   1.6658655E+06   5.4400043E-04   6.6774765E-04   5.7767727E-04
   8.9855072E-01   1.0319518E+06   4.8993787E+05   1.5218652E+06   6.6080266E-04   1.0101762E-04   4.5423970E-04
   9.1304348E-01   9.1982017E+05   4.4010068E+05   1.3599449E+06   3.7506420E-04   6.5469952E-04   6.8242336E-05
   9.2753623E-01   8.1898312E+05   3.8709689E+05   1.2060445E+06   8.8405305E-04   2.5702296E-04   6.7363722E-04
   9.4202899E-01   7.0264340E+05   3.3359066E+05   1.0362341E+06   1.0001679E-03   3.0283672E-04   6.1928117E-04
   9.5652174E-01   5.9481182E+05   2.8170583E+05   8.7647173E+05   2.4849308E-03   9.9273174E-04   1.9917899E-03
   9.7101449E-01   4.7169674E+05   2.2307994E+05   6.9479930E+05   2.9012760E-03   1.6455496E-03   2.5012902E-03
   9.8550725E-01   3.3144294E+05   1.5668435E+05   4.8811614E+05   4.1789457E-03   3.1120110E-03   3.7140016E-03
   1.0000000E+00   1.7454752E+05   8.1430706E+04   2.5597822E+05   6.1500058E-03   5.0707518E-03   5.7115642E-03
