   0.0000000E+00   3.2249273E+06   1.6427731E+06   4.8677005E+06   3.9452787E-03   2.6360719E-03   2.9049265E-03
   1.4492754E-02   3.1362721E+06   1.5927625E+06   4.7290346E+06   6.8147754E-04   3.1996864E-03   1.2718443E-03
   2.8985507E-02   3.1040683E+06   1.6136003E+06   4.7176686E+06   1.5698640E-03   2.0766853E-03   1.7137634E-03
   4.3478261E-02   3.1357670E+06   1.6690413E+06   4.8048083E+06   2.2385598E-04   8.1610771E-04   1.9681319E-04
   5.7971014E-02   3.1734012E+06   1.6333014E+06   4.8067027E+06   8.3063745E-04   1.2558886E-03   1.2499006E-04
   7.2463768E-02   3.1530939E+06   1.6312555E+06   4.7843494E+06   1.2427365E-03   2.4973328E-04   7.3389191E-04
   8.6956522E-02   3.2255588E+06   1.6101905E+06   4.8357492E+06   9.2856181E-04   4.8050679E-04   5.6483848E-04
   1.0144928E-01   3.2216799E+06   1.6494845E+06   4.8711644E+06   8.7313891E-04   4.7500696E-04   4.7287422E-04
   1.1594203E-01   3.2266322E+06   1.6791445E+06   4.9056820E+06   1.2826852E-03   6.5657846E-04   1.0565390E-03
   1.3043478E-01   3.2823469E+06   1.7071807E+06   4.9895277E+06   3.3532503E-04   2.6013576E-04   3.0683247E-04
   1.4492754E-01   3.2861525E+06   1.7026343E+06   4.9887868E+06   9.6357305E-04   8.4259607E-04   6.5419283E-04
   1.5942029E-01   3.3228820E+06   1.7319794E+06   5.0549303E+06   1.1461365E-03   5.0625028E-04   8.3580654E-04
   1.7391304E-01   3.3400402E+06   1.7267556E+06   5.0667958E+06   3.5787220E-04   7.3429733E-04   2.9963165E-04
   1.8840580E-01   3.3840520E+06   1.7608052E+06   5.1447406E+06   4.0837538E-04   7.0201886E-04   3.8839896E-04
   2.0289855E-01   3.3969877E+06   1.7758100E+06   5.1727977E+06   4.1416855E-04   3.1619219E-04   2.1966363E-04
   2.1739130E-01   3.4423978E+06   1.7964421E+06   5.2387894E+06   4.1474228E-04   5.2191267E-04   2.9371716E-04
   2.3188406E-01   3.4711444E+06   1.8047867E+06   5.2758837E+06   2.0465033E-04   7.6497970E-04   3.9629035E-04
   2.4637681E-01   3.4974451E+06   1.8069791E+06   5.3042014E+06   5.9652536E-04   3.5272102E-04   4.7068567E-04
   2.6086957E-01   3.4894616E+06   1.8311128E+06   5.3204481E+06   4.8608976E-04   1.5056991E-04   3.1160138E-04
   2.7536232E-01   3.5359184E+06   1.8241115E+06   5.3599501E+06   8.5758728E-04   1.2059805E-04   6.0570150E-04
   2.8985507E-01   3.5307877E+06   1.8384965E+06   5.3692464E+06   5.4272073E-05   3.3500557E-04   1.0327107E-04
   3.0434783E-01   3.5256766E+06   1.8459909E+06   5.3715593E+06   4.8808239E-04   1.5760379E-04   2.7827494E-04
   3.1884058E-01   3.5382859E+06   1.8509785E+06   5.3891955E+06   4.5537549E-04   1.3602719E-04   3.3488912E-04
   3.3333333E-01   3.5243980E+06   1.8351065E+06   5.3595704E+06   1.7586680E-05   3.8074953E-04   1.2883208E-04
   3.4782609E-01   3.5200973E+06   1.8389638E+06   5.3589664E+06   1.2898318E-04   3.0913773E-04   1.8797961E-04
   3.6231884E-01   3.4897411E+06   1.8246299E+06   5.3143408E+06   3.1616597E-04   9.7792756E-05   1.9274888E-04
   3.7681159E-01   3.4631772E+06   1.8056282E+06   5.2688055E+06   3.2879010E-04   4.2924373E-04   3.6393769E-04
   3.9130435E-01   3.4345678E+06   1.7958921E+06   5.2302634E+06   4.1791818E-04   2.4852036E-04   2.2878717E-04
   4.0579710E-01   3.3822659E+06   1.7706141E+06   5.1530154E+06   2.3275571E-04   1.8851976E-04   1.7858258E-04
   4.2028986E-01   3.3664151E+06   1.7485166E+06   5.1147226E+06   3.8746284E-04   8.3068926E-05   2.7187517E-04
   4.3478261E-01   3.3356327E+06   1.7263262E+06   5.0620347E+06   3.6235992E-04   3.7664886E-04   3.6721892E-04
   4.4927536E-01   3.2831753E+06   1.6978924E+06   4.9808965E+06   2.5743375E-04   3.5031553E-04   5.4390492E-05
   4.6376812E-01   3.2503825E+06   1.6833594E+06   4.9337656E+06   2.0802630E-04   3.9732989E-04   2.2522470E-04
   4.7826087E-01   3.1956052E+06   1.6548740E+06   4.8504332E+06   3.3611483E-04   4.1422486E-05   2.2998536E-04
   4.9275362E-01   3.1419997E+06   1.6169655E+06   4.7589207E+06   1.5783499E-04   2.6656724E-04   1.2458724E-04
   5.0724638E-01   3.0558871E+06   1.5763954E+06   4.6321959E+06   3.8482964E-04   1.2086136E-04   2.2934916E-04
   5.2173913E-01   3.0175601E+06   1.5431518E+06   4.5606908E+06   3.2485673E-04   3.5521373E-04   9.8364102E-05
   5.3623188E-01   2.9628324E+06   1.5179309E+06   4.4807632E+06   3.5374126E-04   1.4369617E-04   2.8296846E-04
   5.5072464E-01   2.8836667E+06   1.4703482E+06   4.3539550E+06   3.8170959E-04   4.5080897E-04   3.6737699E-04
   5.6521739E-01   2.8311957E+06   1.4409820E+06   4.2721389E+06   2.1902892E-05   2.3931312E-04   9.4176543E-05
   5.7971014E-01   2.7730889E+06   1.3997101E+06   4.1727612E+06   7.2845068E-04   7.2117497E-04   6.1479146E-04
   5.9420290E-01   2.7021260E+06   1.3541309E+06   4.0562199E+06   4.2374815E-04   3.5142576E-04   4.0020967E-04
   6.0869565E-01   2.6305370E+06   1.3198510E+06   3.9502798E+06   5.1758491E-04   3.1388071E-04   3.8069233E-04
   6.2318841E-01   2.5622249E+06   1.2819671E+06   3.8442097E+06   2.7846232E-04   8.8052615E-05   1.6412888E-04
   6.3768116E-01   2.4821559E+06   1.2374529E+06   3.7196433E+06   5.2870870E-04   3.7290058E-04   2.8174771E-04
   6.5217391E-01   2.4081040E+06   1.2002381E+06   3.6082747E+06   5.3728675E-04   6.6483474E-04   4.3672835E-04
   6.6666667E-01   2.3323629E+06   1.1647895E+06   3.4972184E+06   3.6397867E-04   3.8657642E-04   3.0049085E-04
   6.8115942E-01   2.2662131E+06   1.1205313E+06   3.3867767E+06   4.3896700E-04   2.5597838E-04   2.0963868E-04
   6.9565217E-01   2.1847759E+06   1.0835477E+06   3.2683235E+06   4.9251375E-04   3.3413878E-04   2.9859083E-04
   7.1014493E-01   2.1173637E+06   1.0305837E+06   3.1478856E+06   1.3601452E-04   6.5325072E-04   1.4175453E-04
   7.2463768E-01   2.0411305E+06   9.9607518E+05   3.0371905E+06   7.2306605E-04   5.4128962E-04   6.5543465E-04
   7.3913043E-01   1.9728789E+06   9.5173213E+05   2.9245813E+06   4.5636873E-04   4.9524471E-04   2.0419256E-04
   7.5362319E-01   1.9001559E+06   9.1977576E+05   2.8198879E+06   3.2065081E-04   4.0114552E-04   3.4445493E-04
   7.6811594E-01   1.8230287E+06   8.8053292E+05   2.7035187E+06   1.6570669E-04   5.3630728E-04   2.3493878E-04
   7.8260870E-01   1.7527853E+06   8.4171917E+05   2.5944764E+06   3.8762262E-04   9.0665787E-05   2.3458578E-04
   7.9710145E-01   1.6780699E+06   7.9475557E+05   2.4728392E+06   4.1608549E-04   1.8892968E-04   2.7021513E-04
   8.1159420E-01   1.6049404E+06   7.6208014E+05   2.3669664E+06   4.8666375E-04   4.2969025E-04   4.1017073E-04
   8.2608696E-01   1.5262013E+06   7.2007584E+05   2.2462240E+06   1.8400395E-04   6.6200127E-05   1.2100192E-04
   8.4057971E-01   1.4426653E+06   6.7272647E+05   2.1153395E+06   1.1938090E-04   5.7178306E-04   1.0376325E-04
   8.5507246E-01   1.3626289E+06   6.3525304E+05   1.9978819E+06   6.7830536E-04   2.6849989E-04   5.2295157E-04
   8.6956522E-01   1.2694994E+06   5.9276478E+05   1.8622642E+06   3.4372623E-04   4.0025516E-04   1.2892703E-04
   8.8405797E-01   1.1765291E+06   5.4678776E+05   1.7233292E+06   4.1660933E-04   7.3768438E-05   2.6518125E-04
   8.9855072E-01   1.0792737E+06   4.9801632E+05   1.5772289E+06   3.0424102E-04   1.0607816E-04   2.4091568E-04
   9.1304348E-01   9.7663839E+05   4.4449074E+05   1.4211532E+06   7.0813629E-04   6.2586889E-04   6.2703448E-04
   9.2753623E-01   8.6344095E+05   3.9682907E+05   1.2602700E+06   4.9919582E-04   5.9266126E-05   3.3038325E-04
   9.4202899E-01   7.4722163E+05   3.4245035E+05   1.0896487E+06   2.9771406E-04   2.9185495E-04   1.2632384E-04
   9.5652174E-01   6.2179183E+05   2.8492047E+05   9.0672379E+05   1.3956665E-03   8.4329841E-04   1.2219330E-03
   9.7101449E-01   4.9008599E+05   2.2508172E+05   7.1513379E+05   2.4384532E-03   7.2421291E-04   1.8965477E-03
   9.8550725E-01   3.3639051E+05   1.5630548E+05   4.9270714E+05   2.9246936E-03   2.9210666E-03   2.9223239E-03
   1.0000000E+00   1.7535723E+05   7.9986356E+04   2.5534358E+05   6.3041554E-03   6.7584934E-03   6.4449337E-03
