   0.0000000E+00   3.3279795E+06   1.4791020E+06   4.8070815E+06   2.1351059E-03   8.1873904E-03   2.4788574E-03
   1.4492754E-02   3.3749592E+06   1.7018766E+06   5.0768358E+06   9.4442560E-04   1.4870182E-03   9.5203424E-04
   2.8985507E-02   3.3260852E+06   1.6454252E+06   4.9715104E+06   1.0000709E-03   1.1862632E-03   4.3869146E-04
   4.3478261E-02   3.3736963E+06   1.7044024E+06   5.0780987E+06   1.2629685E-03   3.5372983E-04   9.0073476E-04
   5.7971014E-02   3.3965547E+06   1.7062336E+06   5.1027883E+06   4.7813914E-04   4.2661246E-04   4.4814802E-04
   7.2463768E-02   3.3925387E+06   1.6962693E+06   5.0888080E+06   2.8615417E-04   9.2401989E-04   4.9877548E-04
   8.6956522E-02   3.3798845E+06   1.6820491E+06   5.0619336E+06   3.9749520E-04   8.0886200E-04   4.5993497E-04
   1.0144928E-01   3.4120883E+06   1.7101034E+06   5.1221917E+06   4.5531760E-04   7.0581822E-04   4.9542633E-04
   1.1594203E-01   3.4367147E+06   1.7159894E+06   5.1527042E+06   9.3925550E-04   8.1130740E-04   8.1610810E-04
   1.3043478E-01   3.4511538E+06   1.7543288E+06   5.2053142E+06   5.7260119E-04   5.6206259E-04   2.1888982E-04
   1.4492754E-01   3.5040775E+06   1.7734069E+06   5.2774087E+06   2.8837141E-04   1.0068997E-03   3.7983803E-04
   1.5942029E-01   3.5216846E+06   1.7565025E+06   5.2779804E+06   3.5135093E-04   1.1596255E-04   2.0013144E-04
   1.7391304E-01   3.5295375E+06   1.7821967E+06   5.3116079E+06   4.3508117E-04   3.3802641E-04   3.6217007E-04
   1.8840580E-01   3.5434682E+06   1.8050454E+06   5.3483387E+06   2.1397516E-04   3.2397307E-04   3.2426652E-05
   2.0289855E-01   3.5717001E+06   1.8190552E+06   5.3904846E+06   2.1232789E-04   7.5573564E-04   3.7258780E-04
   2.1739130E-01   3.6148586E+06   1.8419568E+06   5.4567144E+06   1.2934027E-04   2.6763105E-04   1.2592621E-04
   2.3188406E-01   3.6001964E+06   1.8521926E+06   5.4522943E+06   2.0013938E-04   6.0180893E-04   2.6879366E-04
   2.4637681E-01   3.6409693E+06   1.8569006E+06   5.4977362E+06   2.2683063E-04   9.7529796E-05   1.8063416E-04
   2.6086957E-01   3.6458080E+06   1.8582229E+06   5.5037783E+06   1.3596363E-04   3.2742243E-04   1.5424140E-04
   2.7536232E-01   3.6291200E+06   1.8697751E+06   5.4986957E+06   1.8332410E-04   1.0963695E-04   1.5812028E-04
   2.8985507E-01   3.6496387E+06   1.8692606E+06   5.5186342E+06   2.0661661E-04   2.4345295E-04   1.2681774E-04
   3.0434783E-01   3.6445330E+06   1.8878829E+06   5.5323438E+06   3.1435454E-05   8.4789262E-05   4.8273451E-05
   3.1884058E-01   3.6251845E+06   1.8622757E+06   5.4873569E+06   2.6807911E-04   3.1006763E-04   1.8868119E-04
   3.3333333E-01   3.6439557E+06   1.8683480E+06   5.5121390E+06   2.8479800E-04   1.2282125E-04   1.7603345E-04
   3.4782609E-01   3.6039851E+06   1.8509297E+06   5.4546622E+06   1.2252250E-04   2.7439893E-04   1.4936762E-04
   3.6231884E-01   3.5871861E+06   1.8466649E+06   5.4335479E+06   2.1279815E-04   2.3602380E-04   1.5769619E-04
   3.7681159E-01   3.5687358E+06   1.8319159E+06   5.4002436E+06   1.5954235E-04   2.8320523E-04   1.2661519E-05
   3.9130435E-01   3.5250752E+06   1.7977163E+06   5.3224547E+06   1.6453537E-04   3.0384524E-04   6.6385975E-06
   4.0579710E-01   3.4993633E+06   1.7967019E+06   5.2958758E+06   1.8693492E-04   3.5992459E-04   2.4011117E-04
   4.2028986E-01   3.4389487E+06   1.7553624E+06   5.1940759E+06   2.2994026E-04   2.1627255E-04   8.2621363E-05
   4.3478261E-01   3.3695287E+06   1.7350149E+06   5.1040638E+06   6.2621247E-05   2.5244644E-04   7.0178704E-05
   4.4927536E-01   3.3404944E+06   1.7091851E+06   5.0494350E+06   2.3637196E-04   5.2803877E-04   3.1792037E-04
   4.6376812E-01   3.2842202E+06   1.6809441E+06   4.9649986E+06   2.0388465E-04   1.4487195E-04   1.7045814E-04
   4.7826087E-01   3.2435722E+06   1.6441049E+06   4.8874475E+06   1.6805341E-04   2.8604238E-04   1.2298101E-04
   4.9275362E-01   3.1732229E+06   1.6201970E+06   4.7932640E+06   3.9818616E-04   2.3372114E-04   3.4131780E-04
   5.0724638E-01   3.0923234E+06   1.5784305E+06   4.6706023E+06   2.8615500E-05   1.3747820E-04   4.4356889E-05
   5.2173913E-01   3.0349459E+06   1.5450882E+06   4.5799079E+06   2.3803474E-04   3.3072854E-04   2.6860366E-04
   5.3623188E-01   2.9744442E+06   1.5046603E+06   4.4788587E+06   2.6001033E-04   2.7875538E-04   1.8440946E-04
   5.5072464E-01   2.8840056E+06   1.4704678E+06   4.3541943E+06   1.5071341E-04   4.2590881E-04   1.8280128E-04
   5.6521739E-01   2.8087745E+06   1.4343761E+06   4.2429563E+06   7.4427581E-05   3.0624576E-04   1.3641669E-04
   5.7971014E-01   2.7313187E+06   1.3784177E+06   4.1095849E+06   1.7490010E-04   8.1977784E-05   1.3955501E-04
   5.9420290E-01   2.6556453E+06   1.3463687E+06   4.0017553E+06   1.3572206E-04   7.0177782E-05   1.1159828E-04
   6.0869565E-01   2.6053333E+06   1.3053277E+06   3.9103723E+06   3.4961341E-04   4.1063540E-04   3.0367945E-04
   6.2318841E-01   2.5028571E+06   1.2640634E+06   3.7667443E+06   2.1005605E-04   1.9181539E-04   2.0189204E-04
   6.3768116E-01   2.4184888E+06   1.2190433E+06   3.6372911E+06   3.2983259E-04   1.9663549E-04   1.6585072E-04
   6.5217391E-01   2.3515095E+06   1.1820355E+06   3.5333767E+06   2.6980533E-04   2.2297177E-04   1.0491691E-04
   6.6666667E-01   2.2994508E+06   1.1410032E+06   3.4402234E+06   1.4351558E-04   1.7315353E-04   7.1928563E-05
   6.8115942E-01   2.2028212E+06   1.0956066E+06   3.2982666E+06   4.2960654E-04   3.7551567E-04   1.6615191E-04
   6.9565217E-01   2.1258145E+06   1.0560481E+06   3.1816100E+06   1.7642115E-04   1.7981383E-04   1.5629516E-04
   7.1014493E-01   2.0386210E+06   1.0143001E+06   3.0527355E+06   3.0738612E-04   4.8776397E-04   3.6820412E-04
   7.2463768E-01   1.9589766E+06   9.6996357E+05   2.9287887E+06   4.4895593E-04   8.0546951E-04   4.5679629E-04
   7.3913043E-01   1.8913256E+06   9.3216470E+05   2.8233715E+06   4.0945337E-04   1.2103225E-04   3.0308282E-04
   7.5362319E-01   1.8169360E+06   8.9533875E+05   2.7121145E+06   6.4347766E-04   4.4462917E-04   5.0624475E-04
   7.6811594E-01   1.7364322E+06   8.5355463E+05   2.5898153E+06   1.4330827E-04   1.0548395E-04   1.0734186E-04
   7.8260870E-01   1.6602011E+06   8.0856117E+05   2.4686360E+06   1.1533464E-04   5.8856403E-04   2.6254738E-04
   7.9710145E-01   1.5862460E+06   7.7650100E+05   2.3626643E+06   4.8151718E-04   1.3237718E-04   2.8143995E-04
   8.1159420E-01   1.5093168E+06   7.3630356E+05   2.2455256E+06   4.1262365E-04   6.1217307E-04   3.3195913E-04
   8.2608696E-01   1.4375727E+06   6.9840723E+05   2.1358071E+06   3.1604267E-04   3.3116005E-04   2.5566620E-04
   8.4057971E-01   1.3627241E+06   6.5388757E+05   2.0165333E+06   7.9014137E-05   6.8454879E-04   1.7168236E-04
   8.5507246E-01   1.2862644E+06   6.2120281E+05   1.9073645E+06   2.6269263E-04   2.0119062E-04   2.3228890E-04
   8.6956522E-01   1.2037658E+06   5.7801417E+05   1.7817294E+06   8.4050632E-05   3.1132226E-04   1.2834521E-04
   8.8405797E-01   1.1288413E+06   5.3934703E+05   1.6681263E+06   4.2787535E-04   2.5954002E-04   2.1581698E-04
   8.9855072E-01   1.0552950E+06   4.9521759E+05   1.5504392E+06   2.6517769E-04   6.8182492E-04   2.6723547E-04
   9.1304348E-01   9.6287886E+05   4.5656642E+05   1.4193972E+06   1.0239596E-04   2.1373838E-04   3.7529244E-05
   9.2753623E-01   8.7542266E+05   4.1362951E+05   1.2890167E+06   1.3952123E-04   1.9500871E-04   1.5629861E-04
   9.4202899E-01   7.8268371E+05   3.6631323E+05   1.1489503E+06   2.1495059E-04   6.0517342E-04   2.6217130E-04
   9.5652174E-01   6.8453473E+05   3.1896122E+05   1.0034730E+06   4.9165649E-04   4.3377615E-04   3.8200324E-04
   9.7101449E-01   5.6745430E+05   2.6089892E+05   8.2833060E+05   8.7833613E-04   1.2833233E-03   6.7873870E-04
   9.8550725E-01   3.8186586E+05   1.7606235E+05   5.5790592E+05   7.0665087E-04   7.8260958E-04   7.2959904E-04
   1.0000000E+00   1.7279679E+05   7.8957804E+04   2.5175459E+05   5.6840912E-04   1.2814784E-03   4.4768533E-04
