   0.0000000E+00   3.1400608E+06   1.4972877E+06   4.6373485E+06   3.3412401E-03   5.7884688E-03   3.5605188E-03
   1.4492754E-02   2.9574463E+06   1.5313858E+06   4.4888321E+06   1.9248737E-03   1.4808087E-03   1.6868998E-03
   2.8985507E-02   2.9983641E+06   1.5287338E+06   4.5270978E+06   1.1864954E-03   1.0792300E-03   7.9228936E-04
   4.3478261E-02   2.9829567E+06   1.5407313E+06   4.5236880E+06   8.2778506E-04   1.3749571E-03   7.6876980E-04
   5.7971014E-02   3.0188229E+06   1.5781761E+06   4.5969990E+06   5.3690894E-04   4.8950196E-04   4.2192648E-04
   7.2463768E-02   3.0671665E+06   1.5877614E+06   4.6549280E+06   1.2623161E-03   1.3854415E-03   1.1615186E-03
   8.6956522E-02   3.1094988E+06   1.5648525E+06   4.6743513E+06   5.7498246E-04   1.0609611E-03   4.4311802E-04
   1.0144928E-01   3.1126741E+06   1.5850769E+06   4.6977509E+06   5.6740583E-04   5.4351930E-04   1.9257509E-04
   1.1594203E-01   3.0889136E+06   1.6151157E+06   4.7039346E+06   5.8446087E-05   1.2620227E-04   1.0131379E-05
   1.3043478E-01   3.1455334E+06   1.6344380E+06   4.7798872E+06   9.3047299E-04   1.4981448E-04   6.6315862E-04
   1.4492754E-01   3.2078783E+06   1.6406515E+06   4.8484539E+06   2.9262678E-04   3.1267708E-04   9.9983318E-05
   1.5942029E-01   3.2321603E+06   1.6785245E+06   4.9105470E+06   9.2447865E-05   4.8010943E-04   1.8923145E-04
   1.7391304E-01   3.2535950E+06   1.7100223E+06   4.9634910E+06   4.2866318E-04   1.2251265E-03   2.7570914E-04
   1.8840580E-01   3.3110762E+06   1.7095705E+06   5.0205884E+06   6.0284345E-04   1.8906415E-04   4.6095997E-04
   2.0289855E-01   3.3338249E+06   1.7430109E+06   5.0767817E+06   5.0554490E-04   4.0001796E-04   2.5505935E-04
   2.1739130E-01   3.4015810E+06   1.7681533E+06   5.1695828E+06   1.3840112E-04   3.0721571E-04   5.6857751E-05
   2.3188406E-01   3.4515380E+06   1.7860327E+06   5.2373812E+06   4.0040636E-04   5.5284116E-04   4.1691379E-04
   2.4637681E-01   3.4883968E+06   1.7912895E+06   5.2796418E+06   6.1224494E-04   1.3156688E-04   3.9647156E-04
   2.6086957E-01   3.5248648E+06   1.8107802E+06   5.3353503E+06   7.7859548E-05   2.9156607E-04   8.0410783E-05
   2.7536232E-01   3.5316910E+06   1.8326859E+06   5.3642174E+06   2.5563407E-04   8.7732356E-05   1.7665199E-04
   2.8985507E-01   3.5593923E+06   1.8296310E+06   5.3887581E+06   5.7998356E-04   8.8925954E-04   6.7635097E-04
   3.0434783E-01   3.5828677E+06   1.8193979E+06   5.4021574E+06   4.8138248E-04   1.8495790E-04   3.5408868E-04
   3.1884058E-01   3.6001103E+06   1.8398191E+06   5.4396883E+06   4.4938179E-04   3.0819211E-04   3.6434908E-04
   3.3333333E-01   3.5887398E+06   1.8302635E+06   5.4185421E+06   2.2323460E-04   1.6666529E-04   1.4039749E-04
   3.4782609E-01   3.5935031E+06   1.8324915E+06   5.4256472E+06   4.2283600E-04   2.4047029E-04   2.3339506E-04
   3.6231884E-01   3.5695763E+06   1.8172647E+06   5.3866592E+06   2.4396024E-04   3.2716474E-04   6.6700469E-05
   3.7681159E-01   3.5384555E+06   1.8210161E+06   5.3592676E+06   9.3096936E-05   5.3577839E-04   2.1564531E-04
   3.9130435E-01   3.5268714E+06   1.8021785E+06   5.3289095E+06   8.9547691E-05   1.8204920E-04   1.1952645E-04
   4.0579710E-01   3.4888633E+06   1.7919390E+06   5.2804234E+06   4.9906203E-04   5.4855308E-04   1.8330649E-04
   4.2028986E-01   3.4440177E+06   1.7636452E+06   5.2073755E+06   4.2240552E-04   3.1280955E-04   2.5478480E-04
   4.3478261E-01   3.4094867E+06   1.7497908E+06   5.1590502E+06   2.6370439E-04   2.5196855E-04   1.0685199E-04
   4.4927536E-01   3.3626399E+06   1.7110428E+06   5.0731938E+06   3.1699147E-04   3.6991733E-04   3.1819544E-04
   4.6376812E-01   3.3344440E+06   1.6820334E+06   5.0161695E+06   1.0949938E-04   5.8723234E-04   2.1397036E-04
   4.7826087E-01   3.2674295E+06   1.6549888E+06   4.9222116E+06   1.9164522E-04   4.1528436E-04   1.0863192E-04
   4.9275362E-01   3.2087920E+06   1.6260138E+06   4.8343378E+06   5.8970393E-04   3.5821653E-04   5.1328232E-04
   5.0724638E-01   3.1550640E+06   1.5990842E+06   4.7538018E+06   5.5147791E-05   5.5647756E-04   2.1692857E-04
   5.2173913E-01   3.1088252E+06   1.5638001E+06   4.6723517E+06   5.3243829E-04   2.9324619E-04   3.1028686E-04
   5.3623188E-01   3.0269123E+06   1.5260407E+06   4.5527073E+06   3.0318970E-04   4.0472885E-04   8.0635275E-05
   5.5072464E-01   2.9548141E+06   1.4962308E+06   4.4508256E+06   2.0283631E-04   3.5658382E-04   1.6254085E-04
   5.6521739E-01   2.8984982E+06   1.4596534E+06   4.3578991E+06   6.6420005E-04   1.1077646E-04   4.7728294E-04
   5.7971014E-01   2.8165262E+06   1.4096176E+06   4.2258975E+06   1.4766680E-04   2.8074722E-04   1.8017563E-04
   5.9420290E-01   2.7454648E+06   1.3722796E+06   4.1175411E+06   1.5781722E-04   2.2830721E-04   1.0951642E-04
   6.0869565E-01   2.6743414E+06   1.3376217E+06   4.0116204E+06   1.8652624E-04   4.3253540E-04   1.3949505E-04
   6.2318841E-01   2.5997769E+06   1.3069900E+06   3.9066436E+06   3.9427535E-04   2.3383616E-04   3.3204543E-04
   6.3768116E-01   2.5148419E+06   1.2572057E+06   3.7719271E+06   3.8850743E-04   6.5646227E-04   1.3027523E-04
   6.5217391E-01   2.4374537E+06   1.2190131E+06   3.6562984E+06   1.2864048E-04   1.6894410E-04   7.2849251E-05
   6.6666667E-01   2.3699533E+06   1.1723669E+06   3.5421225E+06   2.5542132E-04   2.4853954E-04   1.4029510E-04
   6.8115942E-01   2.2928951E+06   1.1297370E+06   3.4224548E+06   4.8581438E-04   2.7753581E-05   3.3583082E-04
   6.9565217E-01   2.1975627E+06   1.0821111E+06   3.2795317E+06   4.6268691E-04   4.0404794E-04   1.8505533E-04
   7.1014493E-01   2.1217091E+06   1.0481354E+06   3.1696435E+06   4.0437324E-04   4.8108396E-05   2.5547272E-04
   7.2463768E-01   2.0451919E+06   1.0066835E+06   3.0516936E+06   3.6783219E-05   2.7395431E-04   7.9740213E-05
   7.3913043E-01   1.9589276E+06   9.6404907E+05   2.9229024E+06   2.0602416E-04   2.8850641E-04   1.7547489E-04
   7.5362319E-01   1.8753109E+06   9.2456990E+05   2.7997496E+06   5.4230101E-04   1.5558024E-04   3.1045765E-04
   7.6811594E-01   1.8003109E+06   8.7773072E+05   2.6778986E+06   2.7965540E-04   4.2665526E-04   9.7323025E-05
   7.8260870E-01   1.7216760E+06   8.3522228E+05   2.5567720E+06   5.7662973E-04   6.1392748E-04   5.7468765E-04
   7.9710145E-01   1.6267918E+06   7.9609194E+05   2.4227597E+06   5.0314042E-04   7.5767156E-04   5.6109962E-04
   8.1159420E-01   1.5465812E+06   7.5052465E+05   2.2970111E+06   5.4745249E-04   3.2848049E-04   4.6881932E-04
   8.2608696E-01   1.4717240E+06   7.1110264E+05   2.1826539E+06   3.2955180E-04   3.2861889E-04   1.8236571E-04
   8.4057971E-01   1.3759976E+06   6.7237373E+05   2.0482145E+06   4.2255705E-04   3.2595184E-04   1.7443749E-04
   8.5507246E-01   1.2947023E+06   6.2858753E+05   1.9232128E+06   6.0185885E-04   3.0594773E-04   4.9810688E-04
   8.6956522E-01   1.2042583E+06   5.8400029E+05   1.7882586E+06   3.0059294E-04   4.9053446E-04   3.3095648E-04
   8.8405797E-01   1.1151151E+06   5.3870109E+05   1.6537541E+06   2.2770786E-04   7.0353737E-04   2.1428906E-04
   8.9855072E-01   1.0178848E+06   4.9100115E+05   1.5088126E+06   2.2101812E-04   7.3851555E-04   3.6730115E-04
   9.1304348E-01   9.2014491E+05   4.4716086E+05   1.3672336E+06   4.2342028E-04   5.9078842E-04   1.2045068E-04
   9.2753623E-01   8.1989477E+05   3.9193930E+05   1.2117630E+06   6.4009545E-04   8.1223802E-04   6.9089030E-04
   9.4202899E-01   7.0868198E+05   3.4043361E+05   1.0490806E+06   6.6124966E-04   1.2915425E-04   4.8859601E-04
   9.5652174E-01   5.9094277E+05   2.8162547E+05   8.7252231E+05   5.7941054E-04   5.6960468E-04   3.6118356E-04
   9.7101449E-01   4.6055688E+05   2.2301208E+05   6.8354635E+05   9.2180158E-04   9.0265190E-04   8.9376749E-04
   9.8550725E-01   3.1304554E+05   1.5453371E+05   4.6755696E+05   2.6997352E-03   1.5012263E-03   2.2619303E-03
   1.0000000E+00   1.5178806E+05   7.5631422E+04   2.2741948E+05   5.3661569E-03   2.5238425E-03   4.4105908E-03
