   0.0000000E+00   3.5765171E+06   1.5942780E+06   5.1707951E+06   2.1326849E-03   7.4091161E-03   1.6396252E-03
   1.4492754E-02   3.4530061E+06   1.6420154E+06   5.0950215E+06   2.0489784E-03   1.1170606E-03   1.7435799E-03
   2.8985507E-02   3.4367147E+06   1.7193045E+06   5.1560193E+06   9.5515904E-04   6.6988308E-04   8.5995490E-04
   4.3478261E-02   3.4656350E+06   1.6847012E+06   5.1503362E+06   6.8405548E-04   2.6143411E-04   5.4151175E-04
   5.7971014E-02   3.5183609E+06   1.7058547E+06   5.2242156E+06   4.2046453E-04   7.5616076E-04   4.5343771E-04
   7.2463768E-02   3.4801330E+06   1.7039983E+06   5.1841313E+06   5.2463962E-04   1.1078658E-03   3.0246347E-04
   8.6956522E-02   3.4811686E+06   1.7441836E+06   5.2252259E+06   3.1761775E-04   5.0040767E-04   3.3500172E-04
   1.0144928E-01   3.4809341E+06   1.7541604E+06   5.2350945E+06   1.1097982E-03   7.3072075E-04   9.7573211E-04
   1.1594203E-01   3.5241386E+06   1.7414683E+06   5.2656069E+06   2.1005117E-04   8.7554147E-04   3.8616465E-04
   1.3043478E-01   3.5206130E+06   1.7731880E+06   5.2936327E+06   4.2576088E-04   8.0580950E-04   4.5554602E-04
   1.4492754E-01   3.5341597E+06   1.7856065E+06   5.3196904E+06   2.2062740E-04   4.5657850E-04   2.6712059E-04
   1.5942029E-01   3.5814769E+06   1.7952160E+06   5.3766240E+06   3.5597420E-04   3.6765345E-04   3.2737196E-04
   1.7391304E-01   3.5852943E+06   1.8113695E+06   5.3966007E+06   3.2527376E-04   4.5355384E-04   2.4257811E-04
   1.8840580E-01   3.5910307E+06   1.8320907E+06   5.4230632E+06   5.1793332E-04   1.4491948E-04   2.9413434E-04
   2.0289855E-01   3.6041204E+06   1.8384857E+06   5.4425520E+06   3.2147795E-04   4.6735341E-04   3.6880545E-04
   2.1739130E-01   3.6469361E+06   1.8558487E+06   5.5026838E+06   5.3344624E-04   5.8613289E-04   4.1168242E-04
   2.3188406E-01   3.6521961E+06   1.8625168E+06   5.5146182E+06   1.0089268E-04   4.3730988E-04   8.8568682E-05
   2.4637681E-01   3.6580853E+06   1.8647008E+06   5.5226970E+06   2.5804799E-04   1.1700402E-04   1.4841743E-04
   2.6086957E-01   3.6510700E+06   1.8644953E+06   5.5153127E+06   2.1126432E-04   2.4747408E-04   2.0724153E-04
   2.7536232E-01   3.6609051E+06   1.8882001E+06   5.5489057E+06   4.3472758E-04   2.1291260E-04   2.4383420E-04
   2.8985507E-01   3.6355827E+06   1.8788081E+06   5.5142014E+06   7.2106938E-05   2.8519465E-04   7.2610193E-05
   3.0434783E-01   3.6299195E+06   1.8872334E+06   5.5170808E+06   2.3163126E-04   2.9140643E-04   2.4758234E-04
   3.1884058E-01   3.6324175E+06   1.8826657E+06   5.5149454E+06   1.2070439E-04   1.8018147E-04   1.3924923E-04
   3.3333333E-01   3.5985574E+06   1.8721367E+06   5.4703976E+06   3.1888164E-04   2.7003956E-04   2.9136805E-04
   3.4782609E-01   3.5944818E+06   1.8594543E+06   5.4535256E+06   8.3096482E-05   2.4621333E-04   1.1701562E-04
   3.6231884E-01   3.5666969E+06   1.8549091E+06   5.4214544E+06   2.3370814E-04   5.3874530E-05   1.6639801E-04
   3.7681159E-01   3.5367068E+06   1.8259123E+06   5.3624734E+06   1.7497669E-04   2.8345507E-04   1.4062973E-04
   3.9130435E-01   3.4903597E+06   1.8089420E+06   5.2991333E+06   5.4803571E-05   2.4148712E-04   1.1846653E-04
   4.0579710E-01   3.4512200E+06   1.7843616E+06   5.2352028E+06   7.6812492E-05   2.3897835E-04   7.8599441E-05
   4.2028986E-01   3.4089790E+06   1.7591249E+06   5.1679210E+06   2.8130738E-04   4.9579710E-04   1.8377616E-04
   4.3478261E-01   3.3741509E+06   1.7380964E+06   5.1120200E+06   1.0307976E-04   3.1535605E-04   1.7514419E-04
   4.4927536E-01   3.3174201E+06   1.7178135E+06   5.0349403E+06   2.9887092E-04   2.3044557E-04   2.5359530E-04
   4.6376812E-01   3.2444627E+06   1.6882373E+06   4.9322738E+06   1.3597499E-04   1.6772203E-04   1.4947217E-04
   4.7826087E-01   3.1926202E+06   1.6526237E+06   4.8448995E+06   1.9426144E-04   1.1799373E-04   8.8453217E-05
   4.9275362E-01   3.1462341E+06   1.6146477E+06   4.7605030E+06   9.0448040E-05   4.3761006E-04   2.0425855E-04
   5.0724638E-01   3.0666470E+06   1.5829985E+06   4.6494506E+06   1.2399497E-04   2.6660971E-04   1.5895332E-04
   5.2173913E-01   2.9945333E+06   1.5374477E+06   4.5316863E+06   2.1612685E-04   4.4620809E-04   2.9143207E-04
   5.3623188E-01   2.9390763E+06   1.5120328E+06   4.4507200E+06   2.1287894E-04   8.6543297E-05   1.5428147E-04
   5.5072464E-01   2.8698479E+06   1.4691717E+06   4.3387604E+06   5.6139532E-04   3.4247016E-04   4.2488776E-04
   5.6521739E-01   2.7927066E+06   1.4272650E+06   4.2196219E+06   2.0273304E-04   2.2980622E-04   1.0663896E-04
   5.7971014E-01   2.7162397E+06   1.3902006E+06   4.1062130E+06   2.2646589E-04   2.7614984E-04   1.9461945E-04
   5.9420290E-01   2.6396219E+06   1.3456110E+06   3.9851036E+06   7.5762332E-05   8.6763468E-05   4.5252178E-05
   6.0869565E-01   2.5761424E+06   1.3066267E+06   3.8824082E+06   3.1680831E-04   1.4317033E-04   1.6232834E-04
   6.2318841E-01   2.4922664E+06   1.2672705E+06   3.7594313E+06   1.2568393E-04   1.3213230E-04   4.2583435E-05
   6.3768116E-01   2.4214337E+06   1.2261902E+06   3.6472966E+06   2.1535536E-04   3.6172241E-04   1.7059612E-04
   6.5217391E-01   2.3514253E+06   1.1728922E+06   3.5240649E+06   2.3259788E-04   2.9678531E-04   1.9330096E-04
   6.6666667E-01   2.2601309E+06   1.1434576E+06   3.4034732E+06   3.2895016E-04   1.5174658E-04   2.6877540E-04
   6.8115942E-01   2.1922773E+06   1.0875617E+06   3.2797423E+06   2.2028398E-04   2.9025778E-04   1.0933131E-04
   6.9565217E-01   2.1233361E+06   1.0603262E+06   3.1834728E+06   3.8125849E-04   3.0144714E-04   1.7039639E-04
   7.1014493E-01   2.0406158E+06   1.0113465E+06   3.0518386E+06   1.8922512E-04   4.6058080E-04   2.7638046E-04
   7.2463768E-01   1.9663873E+06   9.7746517E+05   2.9436706E+06   3.2916336E-04   3.2948859E-04   3.0634397E-04
   7.3913043E-01   1.8903302E+06   9.2448333E+05   2.8146352E+06   3.7659479E-04   1.0401030E-04   2.8210852E-04
   7.5362319E-01   1.8211035E+06   8.8649363E+05   2.7074369E+06   3.4619850E-04   4.7872766E-04   2.2679546E-04
   7.6811594E-01   1.7389485E+06   8.5711457E+05   2.5959630E+06   3.3304479E-04   2.8460128E-04   3.1570512E-04
   7.8260870E-01   1.6652106E+06   8.0798585E+05   2.4730842E+06   4.9196758E-04   4.0937532E-04   3.5734841E-04
   7.9710145E-01   1.5900347E+06   7.7194080E+05   2.3618515E+06   4.0542482E-04   3.1992687E-05   2.6600222E-04
   8.1159420E-01   1.5216164E+06   7.3079644E+05   2.2522640E+06   1.9185658E-04   3.6515879E-04   8.9853679E-05
   8.2608696E-01   1.4443923E+06   6.9230546E+05   2.1366048E+06   2.0506299E-04   1.9368942E-04   1.1754766E-04
   8.4057971E-01   1.3690212E+06   6.4905373E+05   2.0179834E+06   2.5040073E-04   5.6120881E-04   3.0936260E-04
   8.5507246E-01   1.2911063E+06   6.1214850E+05   1.9031777E+06   1.6238917E-04   2.5571494E-04   1.1907412E-04
   8.6956522E-01   1.2145761E+06   5.7584199E+05   1.7903929E+06   3.7932984E-04   1.7321041E-04   2.7908279E-04
   8.8405797E-01   1.1391515E+06   5.3008029E+05   1.6692070E+06   2.7303792E-04   2.2924573E-04   2.5367648E-04
   8.9855072E-01   1.0545495E+06   4.8892348E+05   1.5434241E+06   3.6190286E-04   2.7590385E-04   1.9528702E-04
   9.1304348E-01   9.8011436E+05   4.5317465E+05   1.4332770E+06   3.2196345E-04   3.7554586E-04   1.0223781E-04
   9.2753623E-01   8.9256646E+05   4.0902389E+05   1.3015430E+06   1.5929629E-04   8.0868381E-04   2.9038102E-04
   9.4202899E-01   8.0058961E+05   3.6302582E+05   1.1636154E+06   5.2080125E-04   5.4797037E-04   5.2526071E-04
   9.5652174E-01   7.0098680E+05   3.1307154E+05   1.0140354E+06   6.8749827E-04   1.1441059E-03   1.8017006E-04
   9.7101449E-01   5.8400010E+05   2.5833166E+05   8.4232046E+05   1.6464843E-04   3.3959467E-04   2.0244337E-04
   9.8550725E-01   3.9525997E+05   1.7495917E+05   5.7020800E+05   3.6060792E-04   6.4829262E-04   4.4004126E-04
   1.0000000E+00   1.7502897E+05   7.7776063E+04   2.5280503E+05   4.5634648E-04   2.1787537E-03   3.6838115E-04
