   0.0000000E+00   3.2673606E+06   1.5275972E+06   4.7949577E+06   2.1258335E-03   2.4130699E-03   1.5544109E-03
   1.4492754E-02   3.2726647E+06   1.6003399E+06   4.8730046E+06   1.1316935E-03   2.5902649E-03   6.1424273E-04
   2.8985507E-02   3.2696338E+06   1.6590645E+06   4.9286983E+06   1.3346762E-03   1.1925996E-03   8.0564632E-04
   4.3478261E-02   3.2809998E+06   1.6655052E+06   4.9465051E+06   6.9250816E-04   1.3764640E-03   6.2584692E-04
   5.7971014E-02   3.2948285E+06   1.6490245E+06   4.9438530E+06   5.9960172E-04   2.0305991E-04   3.7487613E-04
   7.2463768E-02   3.3091876E+06   1.6783868E+06   4.9875744E+06   7.0126060E-04   2.9551219E-04   5.6455377E-04
   8.6956522E-02   3.2933762E+06   1.6691676E+06   4.9625438E+06   3.4861447E-04   1.0494242E-03   4.6486561E-04
   1.0144928E-01   3.3535261E+06   1.6755723E+06   5.0288819E+06   3.8030234E-04   3.9582283E-04   1.3938759E-04
   1.1594203E-01   3.3460705E+06   1.6771554E+06   5.0232259E+06   1.6863742E-04   9.0714660E-04   3.8807326E-04
   1.3043478E-01   3.4230334E+06   1.7017082E+06   5.1246574E+06   3.7984760E-04   3.6708784E-04   2.2768408E-04
   1.4492754E-01   3.4267884E+06   1.7193045E+06   5.1461687E+06   3.1546935E-04   4.7159505E-04   2.2850967E-04
   1.5942029E-01   3.4713984E+06   1.7493385E+06   5.2207369E+06   4.8219228E-04   3.3048563E-04   2.0993121E-04
   1.7391304E-01   3.5040902E+06   1.7672314E+06   5.2713215E+06   4.6211931E-04   4.3086245E-04   2.3465733E-04
   1.8840580E-01   3.5409618E+06   1.7860437E+06   5.3269472E+06   3.2856295E-04   3.2360971E-04   3.0542508E-04
   2.0289855E-01   3.5642851E+06   1.8058489E+06   5.3698634E+06   2.4821739E-04   3.4414711E-04   2.7082570E-04
   2.1739130E-01   3.6166772E+06   1.8285197E+06   5.4450958E+06   1.4450146E-04   2.4004305E-04   1.5613368E-05
   2.3188406E-01   3.6183347E+06   1.8528083E+06   5.4707168E+06   2.4405826E-04   3.0218760E-04   5.7854888E-05
   2.4637681E-01   3.6663312E+06   1.8523096E+06   5.5185963E+06   1.6211070E-04   3.9050839E-04   2.1099790E-04
   2.6086957E-01   3.6791063E+06   1.8662213E+06   5.5449908E+06   3.4294372E-04   3.6363684E-04   1.1058861E-04
   2.7536232E-01   3.6976753E+06   1.8632346E+06   5.5608301E+06   8.0338267E-05   2.5723750E-04   4.5271784E-05
   2.8985507E-01   3.7207902E+06   1.8868780E+06   5.6074030E+06   1.4690134E-04   8.0464329E-05   1.2095265E-04
   3.0434783E-01   3.7430027E+06   1.8635632E+06   5.6063133E+06   1.8970543E-04   1.9887165E-04   1.5626754E-04
   3.1884058E-01   3.7206593E+06   1.8722640E+06   5.5926134E+06   1.8581458E-04   1.3403413E-04   1.1965055E-04
   3.3333333E-01   3.6873444E+06   1.8867973E+06   5.5739110E+06   1.3696605E-04   1.1263089E-04   9.0796052E-05
   3.4782609E-01   3.6864205E+06   1.8667475E+06   5.5530417E+06   7.5089883E-05   2.2456580E-04   5.8473392E-05
   3.6231884E-01   3.6791147E+06   1.8633048E+06   5.5421467E+06   1.6357992E-04   1.8409931E-04   1.4960957E-04
   3.7681159E-01   3.6347463E+06   1.8433693E+06   5.4777368E+06   1.2604650E-04   2.2805159E-04   1.5286285E-04
   3.9130435E-01   3.6207746E+06   1.8380447E+06   5.4586228E+06   1.2038063E-04   1.8603599E-04   8.7262937E-05
   4.0579710E-01   3.5652593E+06   1.8113154E+06   5.3764124E+06   1.1462182E-04   2.1143646E-04   1.4703653E-04
   4.2028986E-01   3.5313142E+06   1.7894605E+06   5.3205396E+06   1.1382073E-04   2.5122603E-05   8.3727047E-05
   4.3478261E-01   3.4867254E+06   1.7583785E+06   5.2449523E+06   1.9670220E-05   1.5229222E-04   6.0263004E-05
   4.4927536E-01   3.4299073E+06   1.7377591E+06   5.1673731E+06   8.2651058E-05   2.1901028E-04   1.2507582E-04
   4.6376812E-01   3.3686605E+06   1.6981116E+06   5.0665353E+06   2.5834022E-04   1.8450775E-04   1.1104259E-04
   4.7826087E-01   3.3122507E+06   1.6694776E+06   4.9814069E+06   1.1710767E-04   9.7002575E-05   9.6881538E-05
   4.9275362E-01   3.2471023E+06   1.6408565E+06   4.8876245E+06   1.5518999E-04   1.0924780E-04   7.4711017E-05
   5.0724638E-01   3.1891405E+06   1.6044317E+06   4.7933557E+06   7.9964376E-05   1.6909388E-04   1.0151581E-04
   5.2173913E-01   3.1131822E+06   1.5749557E+06   4.6878432E+06   1.0824679E-04   2.1001809E-04   5.1443631E-05
   5.3623188E-01   3.0365581E+06   1.5214329E+06   4.5577042E+06   2.0642512E-04   6.1634358E-05   1.2965033E-04
   5.5072464E-01   2.9477153E+06   1.4899496E+06   4.4374655E+06   3.4888514E-05   1.0907571E-05   2.4588906E-05
   5.6521739E-01   2.8769319E+06   1.4490840E+06   4.3257827E+06   1.9292356E-04   2.3236478E-04   1.6738928E-04
   5.7971014E-01   2.8075849E+06   1.4062077E+06   4.2134517E+06   3.9500860E-05   2.2202974E-04   6.2918567E-05
   5.9420290E-01   2.7378505E+06   1.3716697E+06   4.1092800E+06   1.0717731E-04   2.7400377E-04   2.1476386E-05
   6.0869565E-01   2.6403154E+06   1.3238021E+06   3.9639190E+06   1.3482889E-04   2.4156678E-04   3.5345387E-05
   6.2318841E-01   2.5581190E+06   1.2798173E+06   3.8377248E+06   2.2022887E-04   1.4660215E-04   1.9538549E-04
   6.3768116E-01   2.4703766E+06   1.2345253E+06   3.7048330E+06   9.9652441E-05   2.6116423E-04   9.7230151E-05
   6.5217391E-01   2.3957613E+06   1.1940415E+06   3.5896681E+06   1.4351508E-04   2.3765189E-04   1.4452444E-04
   6.6666667E-01   2.2993355E+06   1.1487947E+06   3.4479819E+06   9.8153598E-05   5.5324932E-05   7.0544430E-05
   6.8115942E-01   2.2310992E+06   1.1180324E+06   3.3490027E+06   2.1271773E-04   2.1744544E-04   9.1897747E-05
   6.9565217E-01   2.1393117E+06   1.0631993E+06   3.2023689E+06   8.7722307E-05   3.3213412E-05   6.0006650E-05
   7.1014493E-01   2.0464612E+06   1.0281250E+06   3.0744779E+06   2.9211996E-04   1.4437010E-04   2.1152613E-04
   7.2463768E-01   1.9779201E+06   9.8119323E+05   2.9588860E+06   1.0448962E-04   1.1569133E-04   9.3729817E-05
   7.3913043E-01   1.8853380E+06   9.3886547E+05   2.8240995E+06   3.3010488E-05   2.9001360E-05   2.4391278E-05
   7.5362319E-01   1.8159888E+06   8.9624221E+05   2.7121436E+06   1.6059842E-04   5.7698707E-05   8.8954161E-05
   7.6811594E-01   1.7152156E+06   8.6147513E+05   2.5766193E+06   1.0514730E-04   2.1906576E-04   1.4151185E-04
   7.8260870E-01   1.6423241E+06   8.1734530E+05   2.4595992E+06   2.7606277E-04   2.3209012E-04   2.1326495E-04
   7.9710145E-01   1.5429585E+06   7.7767205E+05   2.3206306E+06   2.0656862E-04   2.8805885E-04   5.0171482E-05
   8.1159420E-01   1.4708752E+06   7.2967336E+05   2.2004403E+06   2.1328980E-04   3.0114269E-04   4.6652390E-05
   8.2608696E-01   1.3845312E+06   6.8528642E+05   2.0696581E+06   2.2567624E-04   1.2867313E-04   1.2689147E-04
   8.4057971E-01   1.3117206E+06   6.3975186E+05   1.9513810E+06   7.5084255E-05   2.2690037E-04   1.1949177E-04
   8.5507246E-01   1.2234237E+06   6.0435280E+05   1.8276737E+06   4.8555996E-04   4.5914915E-04   4.3149171E-04
   8.6956522E-01   1.1280300E+06   5.5807307E+05   1.6860525E+06   4.5127795E-04   4.9007481E-04   4.3912142E-04
   8.8405797E-01   1.0450183E+06   5.1227969E+05   1.5572483E+06   2.7205624E-04   5.2152840E-04   3.5404195E-04
   8.9855072E-01   9.6535654E+05   4.7544310E+05   1.4407508E+06   1.9424725E-04   3.7430807E-04   2.4071976E-04
   9.1304348E-01   8.8014123E+05   4.2980509E+05   1.3099102E+06   8.7021928E-05   4.8555537E-04   1.0475797E-04
   9.2753623E-01   7.9126653E+05   3.8842293E+05   1.1796539E+06   3.5545787E-04   2.2942773E-04   2.0819092E-04
   9.4202899E-01   6.9337570E+05   3.4049189E+05   1.0338443E+06   5.0723819E-04   1.2748073E-04   3.7320594E-04
   9.5652174E-01   5.9788869E+05   2.9218786E+05   8.9004210E+05   1.9762925E-04   5.1923160E-04   5.7584094E-05
   9.7101449E-01   4.7723840E+05   2.3354123E+05   7.1077963E+05   8.9528072E-04   5.8768154E-04   7.9419628E-04
   9.8550725E-01   3.3320356E+05   1.6206650E+05   4.9525893E+05   5.9923519E-04   7.2497691E-04   5.1448063E-04
   1.0000000E+00   1.6303649E+05   7.6747510E+04   2.3978400E+05   3.6790833E-03   1.1699130E-03   2.8614221E-03
