   0.0000000E+00   3.3401033E+06   1.6124637E+06   4.9525670E+06   4.0697020E-03   6.5403779E-03   4.8711090E-03
   1.4492754E-02   3.1044472E+06   1.6215565E+06   4.7260037E+06   1.4019108E-03   1.6791898E-03   1.3598842E-03
   2.8985507E-02   3.2393243E+06   1.6476984E+06   4.8870227E+06   9.5183877E-04   4.9935321E-04   4.6424400E-04
   4.3478261E-02   3.1817363E+06   1.5654840E+06   4.7472203E+06   4.2874478E-04   7.4458246E-04   1.0601685E-04
   5.7971014E-02   3.2289054E+06   1.5952252E+06   4.8241306E+06   7.1762601E-04   3.9078385E-04   5.6510151E-04
   7.2463768E-02   3.2505388E+06   1.6004914E+06   4.8508787E+06   1.6128257E-04   8.0820012E-04   3.5181878E-04
   8.6956522E-02   3.2297263E+06   1.6309019E+06   4.8606282E+06   8.5371789E-04   2.6727490E-04   5.0541386E-04
   1.0144928E-01   3.2819741E+06   1.6330308E+06   4.9150049E+06   9.6087976E-05   7.3964805E-04   2.6808605E-04
   1.1594203E-01   3.3081836E+06   1.6709988E+06   4.9790878E+06   4.5098582E-04   3.7113532E-04   1.8192364E-04
   1.3043478E-01   3.3624144E+06   1.6774606E+06   5.0398751E+06   5.9507975E-04   8.2640866E-04   3.2138548E-04
   1.4492754E-01   3.3992068E+06   1.7078627E+06   5.1070695E+06   5.3882049E-05   6.5543219E-04   2.5487513E-04
   1.5942029E-01   3.4320650E+06   1.7379035E+06   5.1698307E+06   3.7779126E-04   7.6804369E-04   4.2565666E-04
   1.7391304E-01   3.5196869E+06   1.7770188E+06   5.2966426E+06   2.5778903E-04   2.9061271E-04   8.5434451E-05
   1.8840580E-01   3.5527359E+06   1.7848196E+06   5.3373223E+06   2.2618010E-04   4.5791238E-04   2.2531602E-04
   2.0289855E-01   3.6318861E+06   1.8183515E+06   5.4502376E+06   6.2675351E-05   5.6705250E-04   2.0292612E-04
   2.1739130E-01   3.6533011E+06   1.8439775E+06   5.4972281E+06   2.0733744E-04   1.4248073E-04   1.8313151E-04
   2.3188406E-01   3.7047167E+06   1.8658792E+06   5.5702171E+06   3.7124067E-04   4.2293120E-04   3.0018073E-04
   2.4637681E-01   3.7592654E+06   1.8980858E+06   5.6573067E+06   1.0432043E-04   3.1775630E-04   5.3793175E-05
   2.6086957E-01   3.8133520E+06   1.9010771E+06   5.7143028E+06   5.8447931E-05   3.1797717E-04   7.4139273E-05
   2.7536232E-01   3.8518547E+06   1.9209024E+06   5.7725577E+06   4.4395608E-04   3.8317459E-04   4.2311838E-04
   2.8985507E-01   3.8525985E+06   1.9363203E+06   5.7888431E+06   1.1260819E-04   3.1219197E-04   7.8504648E-05
   3.0434783E-01   3.8496632E+06   1.9163882E+06   5.7658349E+06   9.3276280E-05   1.2762602E-04   8.5108368E-05
   3.1884058E-01   3.8789919E+06   1.9360861E+06   5.8148024E+06   3.1501377E-05   7.4555386E-05   4.5682458E-05
   3.3333333E-01   3.8551995E+06   1.9294941E+06   5.7845289E+06   2.2786710E-04   3.1752914E-04   2.3451890E-04
   3.4782609E-01   3.8320007E+06   1.9229463E+06   5.7547891E+06   1.0646974E-04   1.9854437E-04   1.2541321E-04
   3.6231884E-01   3.8173562E+06   1.9202563E+06   5.7374306E+06   6.6860016E-05   1.8943731E-04   8.5810419E-05
   3.7681159E-01   3.7781334E+06   1.9030848E+06   5.6811891E+06   2.7413920E-04   3.5359225E-04   2.2626431E-04
   3.9130435E-01   3.7608997E+06   1.8865679E+06   5.6471870E+06   1.4251725E-04   3.7409074E-04   1.3557921E-04
   4.0579710E-01   3.7215155E+06   1.8762643E+06   5.5974550E+06   1.4442865E-04   1.2325236E-04   1.2525194E-04
   4.2028986E-01   3.6601295E+06   1.8352382E+06   5.4951587E+06   1.8367035E-04   1.4004435E-04   1.3597183E-04
   4.3478261E-01   3.6045787E+06   1.8181892E+06   5.4225405E+06   1.5396468E-04   1.5847874E-04   6.0143653E-05
   4.4927536E-01   3.5492386E+06   1.7730794E+06   5.3220003E+06   9.8520718E-05   2.0914501E-04   8.7483192E-05
   4.6376812E-01   3.4840970E+06   1.7461332E+06   5.2297328E+06   8.0099247E-06   1.0266107E-04   2.8160060E-05
   4.7826087E-01   3.4146141E+06   1.7109694E+06   5.1253539E+06   3.7808951E-05   1.5213087E-04   4.2762163E-05
   4.9275362E-01   3.3428000E+06   1.6756455E+06   5.0180889E+06   2.7610849E-05   3.1924552E-04   1.1941167E-04
   5.0724638E-01   3.2498027E+06   1.6327494E+06   4.8824006E+06   4.2424827E-05   2.9346838E-04   1.1252802E-04
   5.2173913E-01   3.1836938E+06   1.5918364E+06   4.7752566E+06   1.8901300E-04   1.6495087E-04   1.8090205E-04
   5.3623188E-01   3.0954568E+06   1.5472574E+06   4.6423660E+06   6.6837428E-05   2.6456963E-04   1.0259095E-04
   5.5072464E-01   3.0092914E+06   1.5105481E+06   4.5194606E+06   2.6106338E-04   2.8445732E-04   1.7342229E-04
   5.6521739E-01   2.9145467E+06   1.4605083E+06   4.3748219E+06   2.6782015E-04   1.5251572E-04   2.2544804E-04
   5.7971014E-01   2.8413800E+06   1.4200175E+06   4.2613027E+06   1.4605484E-04   3.5109091E-04   1.1743880E-04
   5.9420290E-01   2.7409554E+06   1.3738321E+06   4.1145472E+06   2.6741259E-04   8.3777330E-05   2.0084287E-04
   6.0869565E-01   2.6539367E+06   1.3250830E+06   3.9787490E+06   3.6155663E-04   1.7086178E-04   2.2014759E-04
   6.2318841E-01   2.5647096E+06   1.2845223E+06   3.8490204E+06   2.0988494E-04   3.7768252E-04   2.2345492E-04
   6.3768116E-01   2.4617143E+06   1.2427743E+06   3.7043163E+06   1.5145062E-04   3.4826651E-04   2.0828029E-04
   6.5217391E-01   2.3841764E+06   1.1875249E+06   3.5715498E+06   2.5847464E-04   3.0326493E-04   2.3492821E-04
   6.6666667E-01   2.2761751E+06   1.1445118E+06   3.4205716E+06   3.6959292E-04   6.4880638E-04   4.2380430E-04
   6.8115942E-01   2.1866185E+06   1.1004916E+06   3.2870456E+06   2.8291776E-04   3.2611906E-04   2.9196406E-04
   6.9565217E-01   2.0983465E+06   1.0576741E+06   3.1558628E+06   3.1824592E-04   2.1190457E-04   2.5742145E-04
   7.1014493E-01   2.0162600E+06   1.0107898E+06   3.0269106E+06   4.1026207E-04   3.4065391E-04   3.8478325E-04
   7.2463768E-01   1.9166798E+06   9.7188823E+05   2.8883104E+06   4.2666542E-04   5.6000501E-04   3.9328749E-04
   7.3913043E-01   1.8297112E+06   9.1889688E+05   2.7485338E+06   2.3691229E-04   4.2469548E-04   2.9740952E-04
   7.5362319E-01   1.7519746E+06   8.6977971E+05   2.6216524E+06   5.9510167E-04   7.0530148E-04   6.0708489E-04
   7.6811594E-01   1.6638611E+06   8.2857792E+05   2.4923246E+06   9.0739256E-04   9.1914108E-04   8.7793275E-04
   7.8260870E-01   1.5777060E+06   7.9269080E+05   2.3702845E+06   5.7719469E-04   6.1081795E-04   5.8846639E-04
   7.9710145E-01   1.4933888E+06   7.4214109E+05   2.2354610E+06   5.0771405E-04   6.4863237E-04   5.3550519E-04
   8.1159420E-01   1.4015287E+06   7.0423506E+05   2.1056961E+06   8.4872086E-04   5.4194332E-04   7.4609603E-04
   8.2608696E-01   1.3208946E+06   6.6373745E+05   1.9844991E+06   8.7880268E-04   7.1199043E-04   7.5612849E-04
   8.4057971E-01   1.2411335E+06   6.1782975E+05   1.8588326E+06   1.1336146E-03   1.1648795E-03   1.0887735E-03
   8.5507246E-01   1.1548421E+06   5.8137668E+05   1.7361931E+06   1.0224169E-03   9.3657639E-04   9.8893705E-04
   8.6956522E-01   1.0652262E+06   5.4121343E+05   1.6063891E+06   8.9245772E-04   1.4606127E-03   1.0862603E-03
   8.8405797E-01   9.9525608E+05   4.9236736E+05   1.4875986E+06   1.1842117E-03   1.6048252E-03   1.3233151E-03
   8.9855072E-01   9.1182611E+05   4.5227103E+05   1.3640238E+06   1.5392624E-03   1.3984315E-03   1.4765177E-03
   9.1304348E-01   8.1845184E+05   4.1232903E+05   1.2307328E+06   1.4618746E-03   1.6204885E-03   1.4826914E-03
   9.2753623E-01   7.3091991E+05   3.6760885E+05   1.0985288E+06   1.9546649E-03   1.7479367E-03   1.8850956E-03
   9.4202899E-01   6.3852722E+05   3.1910040E+05   9.5760431E+05   1.9911769E-03   1.9617036E-03   1.9745201E-03
   9.5652174E-01   5.3803897E+05   2.7354294E+05   8.1155895E+05   2.1956924E-03   2.2979573E-03   2.2294130E-03
   9.7101449E-01   4.3198908E+05   2.1973233E+05   6.5169879E+05   2.9692143E-03   2.9280958E-03   2.9278003E-03
   9.8550725E-01   3.0206950E+05   1.5246108E+05   4.5453058E+05   3.2258186E-03   3.1518498E-03   3.1956690E-03
   1.0000000E+00   1.4808965E+05   7.3552433E+04   2.2164208E+05   5.5831079E-03   5.4262723E-03   5.4878027E-03
