   0.0000000E+00   3.7644358E+06   1.7337015E+06   5.4981374E+06   4.8462482E-03   4.6076862E-06   3.3168185E-03
   1.4492754E-02   3.6075844E+06   1.5904893E+06   5.1980737E+06   6.2091902E-04   1.3408174E-05   4.2762561E-04
   2.8985507E-02   3.5693187E+06   1.5935202E+06   5.1628389E+06   3.8631579E-04   6.9676109E-05   2.8796662E-04
   4.3478261E-02   3.5838419E+06   1.5965512E+06   5.1803931E+06   1.2832842E-03   9.0294760E-06   8.9017049E-04
   5.7971014E-02   3.5833368E+06   1.5683255E+06   5.1516623E+06   1.2851073E-03   1.2406534E-05   8.9670517E-04
   7.2463768E-02   3.6460774E+06   1.5863975E+06   5.2324749E+06   2.9326176E-04   4.5761680E-05   1.9882564E-04
   8.6956522E-02   3.6184452E+06   1.6065281E+06   5.2249733E+06   7.7526321E-04   2.8988029E-05   5.4119006E-04
   1.0144928E-01   3.7175644E+06   1.6501340E+06   5.3676984E+06   9.4218225E-04   3.0951300E-06   6.5328299E-04
   1.1594203E-01   3.6681086E+06   1.6493086E+06   5.3174172E+06   1.6804789E-04   2.7561021E-06   1.1582161E-04
   1.3043478E-01   3.7130781E+06   1.6592750E+06   5.3722689E+06   1.3520244E-04   5.0546829E-06   9.8894205E-05
   1.4492754E-01   3.7126824E+06   1.7022555E+06   5.4147863E+06   5.1312094E-04   2.1250597E-05   3.4818468E-04
   1.5942029E-01   3.7332309E+06   1.7064230E+06   5.4395161E+06   3.6107757E-04   2.1771940E-05   2.5146644E-04
   1.7391304E-01   3.8101526E+06   1.7593383E+06   5.5693646E+06   3.3798613E-04   1.0949332E-05   2.3254759E-04
   1.8840580E-01   3.7920641E+06   1.7936210E+06   5.5855685E+06   4.4110780E-04   3.6686371E-05   2.9018646E-04
   2.0289855E-01   3.8129310E+06   1.8091505E+06   5.6219191E+06   3.8288891E-04   7.8645864E-06   2.6094694E-04
   2.1739130E-01   3.8148001E+06   1.8487260E+06   5.6634250E+06   3.7113444E-04   6.5178405E-06   2.5243256E-04
   2.3188406E-01   3.8241076E+06   1.8803709E+06   5.7041470E+06   3.0039160E-04   1.0228347E-05   2.0081680E-04
   2.4637681E-01   3.8374460E+06   1.9000470E+06   5.7373147E+06   3.2634568E-04   1.8968979E-05   2.1529306E-04
   2.6086957E-01   3.8276648E+06   1.9145480E+06   5.7421286E+06   2.8460965E-04   9.0468507E-06   1.9235079E-04
   2.7536232E-01   3.8356631E+06   1.9323083E+06   5.7679315E+06   3.0881998E-04   2.2234470E-05   2.0064763E-04
   2.8985507E-01   3.8142191E+06   1.9443144E+06   5.7584957E+06   2.5454080E-04   1.2998972E-05   1.7295123E-04
   3.0434783E-01   3.8075186E+06   1.9514606E+06   5.7588349E+06   2.4403605E-04   7.2592780E-06   1.5889679E-04
   3.1884058E-01   3.7874090E+06   1.9451101E+06   5.7320369E+06   1.4954028E-04   8.7246968E-06   9.5887222E-05
   3.3333333E-01   3.7773503E+06   1.9462302E+06   5.7234817E+06   2.4825362E-04   3.7342928E-05   1.7649189E-04
   3.4782609E-01   3.7697084E+06   1.9510772E+06   5.7204384E+06   3.8552558E-04   1.1303080E-05   2.5054780E-04
   3.6231884E-01   3.7370058E+06   1.9305009E+06   5.6672339E+06   2.5862899E-04   1.4419325E-05   1.7149466E-04
   3.7681159E-01   3.7063524E+06   1.9244472E+06   5.6305373E+06   1.4962137E-04   1.1918084E-05   9.9710393E-05
   3.9130435E-01   3.6574266E+06   1.9006281E+06   5.5577460E+06   5.7676920E-05   1.4862947E-05   3.5027975E-05
   4.0579710E-01   3.6262030E+06   1.8841664E+06   5.5098823E+06   1.0558135E-05   9.4771939E-06   5.7792730E-06
   4.2028986E-01   3.5869164E+06   1.8667496E+06   5.4531958E+06   8.8996553E-05   1.5469195E-05   5.2692405E-05
   4.3478261E-01   3.5499964E+06   1.8252361E+06   5.3751315E+06   2.8677969E-04   5.0745945E-06   1.8889310E-04
   4.4927536E-01   3.4958304E+06   1.7901407E+06   5.2857022E+06   1.2907495E-04   9.0521610E-06   8.5622062E-05
   4.6376812E-01   3.4221993E+06   1.7649345E+06   5.1868970E+06   2.3235503E-04   5.5305936E-06   1.5142053E-04
   4.7826087E-01   3.3885066E+06   1.7233458E+06   5.1115080E+06   3.4802520E-05   6.3599107E-06   2.2926710E-05
   4.9275362E-01   3.2890006E+06   1.6925386E+06   4.9813387E+06   9.5259368E-05   1.3814561E-05   6.1823054E-05
   5.0724638E-01   3.2575750E+06   1.6534464E+06   4.9108914E+06   4.8189629E-05   8.0525755E-06   3.4285610E-05
   5.2173913E-01   3.1671710E+06   1.6185466E+06   4.7855071E+06   2.0806911E-04   6.2616526E-06   1.3560199E-04
   5.3623188E-01   3.0958868E+06   1.5638456E+06   4.6595277E+06   1.7117863E-04   1.3333843E-05   1.0929439E-04
   5.5072464E-01   3.0288131E+06   1.5103088E+06   4.5387829E+06   5.5525139E-05   1.4477151E-05   3.7055398E-05
   5.6521739E-01   2.9449339E+06   1.4780334E+06   4.4227536E+06   2.5879952E-06   6.5433908E-07   1.0288427E-06
   5.7971014E-01   2.8573682E+06   1.4343955E+06   4.2915933E+06   3.5230449E-04   1.2436985E-05   2.3095494E-04
   5.9420290E-01   2.7735196E+06   1.3802266E+06   4.1535614E+06   1.3257171E-04   7.4300376E-06   8.6265825E-05
   6.0869565E-01   2.6923106E+06   1.3379465E+06   4.0300586E+06   1.9472483E-04   8.5594639E-06   1.2972402E-04
   6.2318841E-01   2.5948252E+06   1.2803988E+06   3.8750654E+06   4.7904336E-05   1.9850466E-05   3.3118852E-05
   6.3768116E-01   2.5149453E+06   1.2443414E+06   3.7590800E+06   1.9814942E-04   1.2986868E-05   1.2803598E-04
   6.5217391E-01   2.4152267E+06   1.1943614E+06   3.6092682E+06   1.1797748E-04   2.5757072E-05   7.9894702E-05
   6.6666667E-01   2.3291178E+06   1.1495195E+06   3.4785550E+06   2.4008386E-04   1.9069228E-05   1.6403904E-04
   6.8115942E-01   2.2289066E+06   1.1017975E+06   3.3305429E+06   5.7601451E-05   1.5988225E-05   3.8398585E-05
   6.9565217E-01   2.1453893E+06   1.0488023E+06   3.1940811E+06   2.6804445E-04   2.2287866E-05   1.7309254E-04
   7.1014493E-01   2.0556468E+06   1.0070475E+06   3.0625397E+06   1.3100605E-04   2.0269200E-05   9.4752613E-05
   7.2463768E-01   1.9601133E+06   9.5953712E+05   2.9195291E+06   2.0746662E-05   2.0642193E-05   8.0166347E-06
   7.3913043E-01   1.8671969E+06   9.1209210E+05   2.7792444E+06   1.6056407E-04   1.4784256E-06   1.0751921E-04
   7.5362319E-01   1.7804481E+06   8.8180149E+05   2.6621475E+06   5.1216035E-04   2.0354178E-05   3.4095855E-04
   7.6811594E-01   1.6791302E+06   8.2491790E+05   2.5039337E+06   3.9373360E-04   2.5558178E-05   2.6499774E-04
   7.8260870E-01   1.5807229E+06   7.8592730E+05   2.3665801E+06   3.2271827E-05   6.9083286E-06   2.3833770E-05
   7.9710145E-01   1.4840893E+06   7.4325702E+05   2.2272499E+06   3.2654041E-04   1.8578995E-05   2.1497856E-04
   8.1159420E-01   1.3921653E+06   7.0610234E+05   2.0982135E+06   2.0836339E-04   2.4322511E-05   1.4087494E-04
   8.2608696E-01   1.2907978E+06   6.5879223E+05   1.9495103E+06   3.6515654E-04   2.2510431E-05   2.4811504E-04
   8.4057971E-01   1.1998630E+06   6.1383204E+05   1.8136950E+06   4.4846633E-04   1.1723950E-05   3.0064253E-04
   8.5507246E-01   1.1084789E+06   5.6879055E+05   1.6772180E+06   7.5206216E-04   6.0064028E-05   5.0356608E-04
   8.6956522E-01   1.0192821E+06   5.2994841E+05   1.5491927E+06   6.1457837E-04   2.7457849E-05   4.0197920E-04
   8.8405797E-01   9.2761876E+05   4.8475273E+05   1.4123094E+06   4.8191360E-04   4.3472587E-05   3.1652231E-04
   8.9855072E-01   8.4347092E+05   4.3824068E+05   1.2817116E+06   2.3495539E-04   3.2363564E-05   1.6527530E-04
   9.1304348E-01   7.5217995E+05   3.9510556E+05   1.1472494E+06   6.6923807E-04   3.5694845E-05   4.2688118E-04
   9.2753623E-01   6.7507235E+05   3.5071369E+05   1.0257387E+06   8.3901562E-04   1.2749412E-05   5.4655487E-04
   9.4202899E-01   5.8876140E+05   3.0147428E+05   8.9023569E+05   2.8713625E-04   6.3129762E-05   1.7003865E-04
   9.5652174E-01   5.0652401E+05   2.4814728E+05   7.5463685E+05   1.1315816E-03   6.9491168E-05   7.8237704E-04
   9.7101449E-01   4.0484627E+05   1.9081393E+05   5.9562627E+05   6.5434405E-04   5.8874809E-05   4.2603833E-04
   9.8550725E-01   2.8704849E+05   1.2021270E+05   4.0726118E+05   3.4112018E-03   2.0454772E-04   2.4606404E-03
   1.0000000E+00   1.5441415E+05   5.5607478E+04   2.1002163E+05   3.2267283E-03   1.2483675E-04   2.3411292E-03
