   0.0000000E+00   3.5825790E+06   1.6367112E+06   5.2192903E+06   3.2917457E-03   6.6223006E-04   2.1542554E-03
   1.4492754E-02   3.4439132E+06   1.7071807E+06   5.1510940E+06   8.3052158E-04   5.9975549E-04   6.4743696E-04
   2.8985507E-02   3.3715494E+06   1.6916471E+06   5.0631965E+06   1.1596716E-03   2.3907011E-03   5.0808171E-04
   4.3478261E-02   3.3504590E+06   1.6925312E+06   5.0429902E+06   9.0909854E-04   2.5031627E-04   5.3227300E-04
   5.7971014E-02   3.3868935E+06   1.6889951E+06   5.0758886E+06   6.6316182E-04   1.0934860E-03   6.7013185E-04
   7.2463768E-02   3.3537426E+06   1.6967240E+06   5.0503150E+06   6.9712506E-04   7.5569092E-04   3.3295224E-04
   8.6956522E-02   3.3691499E+06   1.6839435E+06   5.0530934E+06   5.8642257E-04   1.3716762E-03   6.7226520E-04
   1.0144928E-01   3.3888149E+06   1.6845569E+06   5.0733718E+06   7.2101617E-04   6.1819662E-04   4.0441230E-04
   1.1594203E-01   3.4355781E+06   1.7431732E+06   5.1786567E+06   8.8493628E-04   6.2514443E-04   7.2912185E-04
   1.3043478E-01   3.4193289E+06   1.7221671E+06   5.1413276E+06   1.0085451E-03   3.2045347E-04   7.3997505E-04
   1.4492754E-01   3.4560370E+06   1.7507506E+06   5.2067119E+06   1.7589994E-04   2.6083884E-04   8.3471867E-05
   1.5942029E-01   3.4789758E+06   1.7518183E+06   5.2307252E+06   5.5415959E-05   4.1073478E-04   1.4384708E-04
   1.7391304E-01   3.4550898E+06   1.7871220E+06   5.2422750E+06   5.5056148E-04   2.0135258E-04   3.3861241E-04
   1.8840580E-01   3.4947982E+06   1.7914644E+06   5.2863208E+06   7.6610217E-04   5.7498953E-04   4.4387215E-04
   2.0289855E-01   3.5436097E+06   1.8131015E+06   5.3566030E+06   4.4763591E-04   9.9268004E-04   1.3764438E-04
   2.1739130E-01   3.5497438E+06   1.8227609E+06   5.3724036E+06   3.9215493E-04   1.4238149E-04   2.3124520E-04
   2.3188406E-01   3.5554900E+06   1.8370852E+06   5.3924331E+06   3.4685901E-04   7.3919202E-04   4.7251093E-04
   2.4637681E-01   3.5503084E+06   1.8393389E+06   5.3896027E+06   3.0354197E-04   1.6247868E-04   2.4828963E-04
   2.6086957E-01   3.5769802E+06   1.8546447E+06   5.4314145E+06   2.8903646E-04   1.2312159E-04   2.1887760E-04
   2.7536232E-01   3.5962981E+06   1.8598049E+06   5.4559434E+06   1.7387275E-04   1.5985052E-04   7.5076021E-05
   2.8985507E-01   3.6005753E+06   1.8669874E+06   5.4675248E+06   7.5691468E-05   5.7495875E-05   4.3523990E-05
   3.0434783E-01   3.5852852E+06   1.8667384E+06   5.4518794E+06   1.4984905E-04   3.7581244E-04   2.2390277E-04
   3.1884058E-01   3.6022113E+06   1.8655477E+06   5.4677935E+06   9.7991547E-05   1.8713581E-04   1.2827108E-04
   3.3333333E-01   3.5514459E+06   1.8392905E+06   5.3906376E+06   1.7763989E-04   6.5453455E-04   1.1428303E-04
   3.4782609E-01   3.5188976E+06   1.8397215E+06   5.3586823E+06   2.4878365E-04   5.1114275E-04   2.8560313E-04
   3.6231884E-01   3.5114124E+06   1.8343896E+06   5.3456201E+06   4.9013444E-05   4.0575447E-04   1.0658105E-04
   3.7681159E-01   3.4695597E+06   1.8110198E+06   5.2804338E+06   6.2147139E-04   2.9138452E-04   5.0937679E-04
   3.9130435E-01   3.4384126E+06   1.7989791E+06   5.2373076E+06   2.3434064E-04   5.6914119E-05   1.4076192E-04
   4.0579710E-01   3.3977725E+06   1.7772985E+06   5.1748815E+06   2.4113128E-04   1.5875557E-04   1.3620697E-04
   4.2028986E-01   3.3728950E+06   1.7466614E+06   5.1193474E+06   2.2216324E-05   2.8820189E-04   1.1190579E-04
   4.3478261E-01   3.3176996E+06   1.7331711E+06   5.0508707E+06   3.2113193E-04   1.4460217E-04   2.5140024E-04
   4.4927536E-01   3.2581700E+06   1.6951058E+06   4.9531780E+06   7.4906911E-05   4.9221507E-05   4.7954194E-05
   4.6376812E-01   3.2092043E+06   1.6630189E+06   4.8720811E+06   1.6514901E-04   2.3686546E-04   1.0428640E-04
   4.7826087E-01   3.1543889E+06   1.6345528E+06   4.7887810E+06   3.1799629E-04   2.6627886E-04   1.6024093E-04
   4.9275362E-01   3.1058067E+06   1.6096556E+06   4.7153731E+06   1.9676786E-04   2.7850308E-04   2.0032532E-04
   5.0724638E-01   3.0542634E+06   1.5654407E+06   4.6197041E+06   1.6061332E-04   2.3634695E-04   1.5163410E-04
   5.2173913E-01   2.9824516E+06   1.5321015E+06   4.5144478E+06   2.3102428E-04   3.2862740E-04   6.6218021E-05
   5.3623188E-01   2.9156069E+06   1.5018546E+06   4.4174001E+06   1.7457035E-04   3.6442716E-04   1.3346880E-04
   5.5072464E-01   2.8566474E+06   1.4703282E+06   4.3267961E+06   9.3235396E-05   1.9800164E-04   7.6627098E-05
   5.6521739E-01   2.7857121E+06   1.4214557E+06   4.2069541E+06   1.1838905E-04   2.1092620E-04   1.4778273E-04
   5.7971014E-01   2.7269617E+06   1.3822633E+06   4.1091492E+06   2.0438545E-04   4.6454619E-04   1.9500515E-04
   5.9420290E-01   2.6433552E+06   1.3457034E+06   3.9888922E+06   6.4900002E-05   6.3549308E-06   4.3312648E-05
   6.0869565E-01   2.5788486E+06   1.3016293E+06   3.8803515E+06   2.0542895E-05   5.4544389E-04   1.7905600E-04
   6.2318841E-01   2.5128311E+06   1.2634466E+06   3.7762424E+06   2.4685812E-04   1.6607267E-04   1.3150702E-04
   6.3768116E-01   2.4332303E+06   1.2224359E+06   3.6556490E+06   6.0567497E-05   1.5794916E-04   8.4266343E-05
   6.5217391E-01   2.3754708E+06   1.1816483E+06   3.5570012E+06   4.7097466E-04   3.8789030E-04   2.1098388E-04
   6.6666667E-01   2.3001426E+06   1.1452861E+06   3.4452804E+06   2.5371195E-04   2.1394980E-04   1.5605212E-04
   6.8115942E-01   2.2114626E+06   1.1000241E+06   3.3114060E+06   4.6044519E-05   4.2813541E-04   1.6286358E-04
   6.9565217E-01   2.1393432E+06   1.0566480E+06   3.1959123E+06   3.0129041E-04   2.8220720E-04   1.1965005E-04
   7.1014493E-01   2.0719614E+06   1.0258208E+06   3.0976894E+06   2.4402453E-04   3.7568348E-04   5.6709829E-05
   7.2463768E-01   2.0061079E+06   9.8495161E+05   2.9909685E+06   8.7407306E-05   3.2372538E-04   6.1275897E-05
   7.3913043E-01   1.9284399E+06   9.4136154E+05   2.8697420E+06   3.8526105E-04   3.4439161E-04   3.7044275E-04
   7.5362319E-01   1.8595150E+06   9.0469389E+05   2.7641214E+06   2.9092397E-04   2.3161893E-04   1.2126142E-04
   7.6811594E-01   1.7925905E+06   8.6574990E+05   2.6583404E+06   1.7891064E-04   6.4959983E-04   9.5912471E-05
   7.8260870E-01   1.7256892E+06   8.2514718E+05   2.5507662E+06   1.2152911E-04   2.6078326E-04   1.0723168E-04
   7.9710145E-01   1.6453219E+06   7.8829414E+05   2.4335334E+06   4.0984693E-04   2.9334557E-04   2.3795292E-04
   8.1159420E-01   1.5684879E+06   7.4886034E+05   2.3172941E+06   2.0937048E-04   2.8986637E-04   2.3231314E-04
   8.2608696E-01   1.4953601E+06   7.1096971E+05   2.2062766E+06   3.2160402E-04   1.4941709E-04   1.8812539E-04
   8.4057971E-01   1.4305285E+06   6.7296163E+05   2.1034770E+06   1.6507725E-04   2.0637332E-04   1.4177161E-04
   8.5507246E-01   1.3465880E+06   6.3290278E+05   1.9795165E+06   7.1393955E-04   6.4395698E-04   6.2704735E-04
   8.6956522E-01   1.2670620E+06   5.8877403E+05   1.8557855E+06   3.5418558E-04   3.7190873E-05   2.3230391E-04
   8.8405797E-01   1.1854728E+06   5.5046465E+05   1.7358629E+06   1.8525060E-04   2.4488511E-04   6.8717218E-05
   8.9855072E-01   1.1063200E+06   5.0627810E+05   1.6125370E+06   8.4923813E-04   6.1598746E-04   6.9890980E-04
   9.1304348E-01   1.0259634E+06   4.6816100E+05   1.4940763E+06   2.7223556E-04   2.9239045E-04   1.3233448E-04
   9.2753623E-01   9.2505442E+05   4.1546466E+05   1.3404717E+06   4.3411099E-04   2.2105737E-04   2.3106563E-04
   9.4202899E-01   8.0500780E+05   3.6648809E+05   1.1715075E+06   1.5676557E-04   1.1796360E-03   2.8196067E-04
   9.5652174E-01   6.8214671E+05   3.0494309E+05   9.8708980E+05   2.9009120E-04   3.6226025E-04   1.5858491E-04
   9.7101449E-01   5.2400319E+05   2.4006681E+05   7.6405870E+05   4.1778555E-04   1.4493353E-03   6.3931012E-04
   9.8550725E-01   3.4689854E+05   1.5863440E+05   5.0553294E+05   9.3954161E-04   1.3617697E-03   1.0038414E-03
   1.0000000E+00   1.6303649E+05   7.5500117E+04   2.3853660E+05   2.6836205E-03   3.2710170E-03   2.7331140E-03
