   0.0000000E+00   2.9703278E+06   1.5882161E+06   4.5585439E+06   6.4978995E-03   6.9340197E-03   3.6290023E-03
   1.4492754E-02   3.1680971E+06   1.6564124E+06   4.8245095E+06   2.6082274E-03   7.7505228E-04   1.4820927E-03
   2.8985507E-02   3.1961333E+06   1.6230720E+06   4.8192053E+06   3.4350041E-03   5.2260255E-04   2.1022725E-03
   4.3478261E-02   3.1829992E+06   1.5914996E+06   4.7744988E+06   1.5390504E-03   3.1143030E-04   9.9190208E-04
   5.7971014E-02   3.2266322E+06   1.6168206E+06   4.8434529E+06   1.1911161E-04   3.4964163E-04   1.4948139E-04
   7.2463768E-02   3.1926477E+06   1.6195864E+06   4.8122341E+06   4.0061807E-04   6.0401236E-04   4.6218072E-04
   8.6956522E-02   3.2350305E+06   1.6738403E+06   4.9088708E+06   2.1097070E-03   4.2898345E-04   1.2853416E-03
   1.0144928E-01   3.2316387E+06   1.6837992E+06   4.9153296E+06   2.2141656E-03   3.3926647E-04   1.3674863E-03
   1.1594203E-01   3.2562787E+06   1.6432467E+06   4.8994307E+06   5.8016876E-04   5.7342028E-04   4.6445022E-04
   1.3043478E-01   3.2745170E+06   1.6740087E+06   4.9485257E+06   1.0205706E-03   3.1712567E-04   7.0834984E-04
   1.4492754E-01   3.3325259E+06   1.7170313E+06   5.0494815E+06   2.3599864E-04   4.1091267E-04   1.8714489E-05
   1.5942029E-01   3.3561535E+06   1.7318416E+06   5.0878574E+06   5.6175888E-04   6.3076678E-04   1.8615600E-04
   1.7391304E-01   3.3882196E+06   1.7568756E+06   5.1450952E+06   4.0723730E-04   1.4814076E-04   2.7499652E-04
   1.8840580E-01   3.4082413E+06   1.7720547E+06   5.1802377E+06   7.2119372E-04   6.2447152E-04   2.6671419E-04
   2.0289855E-01   3.4485138E+06   1.7978385E+06   5.2461358E+06   5.1219405E-04   2.2458719E-04   3.8451897E-04
   2.1739130E-01   3.4740206E+06   1.7953308E+06   5.2692504E+06   8.1227684E-04   4.8643303E-04   6.6173660E-04
   2.3188406E-01   3.5151878E+06   1.8228303E+06   5.3379234E+06   1.0356451E-03   4.4631963E-04   8.3166592E-04
   2.4637681E-01   3.5465643E+06   1.8281066E+06   5.3747154E+06   5.7438605E-04   3.7510353E-04   2.5160036E-04
   2.6086957E-01   3.5856100E+06   1.8653793E+06   5.4505263E+06   6.6013710E-04   4.2156785E-04   5.7249753E-04
   2.7536232E-01   3.5956600E+06   1.8707322E+06   5.4663523E+06   1.8775343E-04   1.5999728E-04   1.6307654E-04
   2.8985507E-01   3.6162604E+06   1.8873705E+06   5.5035552E+06   1.0543993E-03   2.6122299E-04   7.5222664E-04
   3.0434783E-01   3.6234247E+06   1.8637436E+06   5.4869157E+06   4.6678974E-04   8.7165687E-04   5.9187134E-04
   3.1884058E-01   3.6197426E+06   1.8811846E+06   5.5007895E+06   3.4999105E-04   2.8228937E-04   2.9154313E-04
   3.3333333E-01   3.6244193E+06   1.8791870E+06   5.5034415E+06   2.2825546E-04   5.4806285E-04   2.7265004E-04
   3.4782609E-01   3.6098260E+06   1.8849016E+06   5.4946644E+06   3.0400015E-04   2.4326574E-04   1.6120005E-04
   3.6231884E-01   3.5739408E+06   1.8652749E+06   5.4388824E+06   2.5831946E-04   2.6906116E-04   1.5752403E-04
   3.7681159E-01   3.5939159E+06   1.8413001E+06   5.4349829E+06   4.4757447E-04   1.3390186E-04   3.2663490E-04
   3.9130435E-01   3.5610818E+06   1.8330492E+06   5.3939626E+06   1.6179059E-04   3.9816278E-05   1.1220072E-04
   4.0579710E-01   3.5114330E+06   1.8173503E+06   5.3286479E+06   4.9957203E-04   8.4196738E-05   3.5411739E-04
   4.2028986E-01   3.4772014E+06   1.7889641E+06   5.2659042E+06   3.2825796E-04   1.8785074E-04   1.5230230E-04
   4.3478261E-01   3.4634881E+06   1.7635816E+06   5.2268929E+06   7.0015201E-04   2.5450470E-04   3.8678756E-04
   4.4927536E-01   3.3920938E+06   1.7464853E+06   5.1382125E+06   6.8795415E-04   3.9452889E-04   4.3348730E-04
   4.6376812E-01   3.3393692E+06   1.7146160E+06   5.0536538E+06   5.4355529E-04   1.5890743E-04   3.4949408E-04
   4.7826087E-01   3.2824005E+06   1.6775831E+06   4.9595933E+06   2.3356475E-04   4.9482819E-05   1.5989544E-04
   4.9275362E-01   3.2430016E+06   1.6464950E+06   4.8891399E+06   4.7406479E-04   4.7615104E-05   3.0244379E-04
   5.0724638E-01   3.1755445E+06   1.6075708E+06   4.7829205E+06   1.8762949E-04   3.6040344E-04   1.5122853E-04
   5.2173913E-01   3.0912079E+06   1.5698831E+06   4.6608173E+06   1.5714725E-04   1.5989054E-04   1.3274616E-04
   5.3623188E-01   3.0417803E+06   1.5389837E+06   4.5805797E+06   6.7941670E-04   1.5144260E-04   4.9960655E-04
   5.5072464E-01   2.9534781E+06   1.4841868E+06   4.4375453E+06   7.3654752E-04   4.1622891E-04   6.2500518E-04
   5.6521739E-01   2.8765239E+06   1.4549516E+06   4.3312229E+06   6.3703882E-04   2.3457473E-04   4.2498356E-04
   5.7971014E-01   2.8111652E+06   1.4183315E+06   4.2292694E+06   2.6949701E-04   2.7214166E-04   2.1316513E-04
   5.9420290E-01   2.7487730E+06   1.3690823E+06   4.1175227E+06   2.3576861E-04   1.4934326E-04   1.7184246E-04
   6.0869565E-01   2.6651764E+06   1.3395161E+06   4.0044219E+06   1.6224573E-04   1.9686492E-04   1.4796798E-04
   6.2318841E-01   2.5811507E+06   1.2833064E+06   3.8644042E+06   2.3658755E-04   4.3497265E-04   2.2412961E-04
   6.3768116E-01   2.5059902E+06   1.2450819E+06   3.7508827E+06   4.3282907E-04   1.6926436E-04   3.2691283E-04
   6.5217391E-01   2.4216928E+06   1.2017535E+06   3.6232274E+06   7.4726508E-04   3.5933266E-04   4.2544867E-04
   6.6666667E-01   2.3425265E+06   1.1526987E+06   3.4950605E+06   3.6585957E-04   2.1345211E-04   2.1966709E-04
   6.8115942E-01   2.2636658E+06   1.1112289E+06   3.3747174E+06   3.2346238E-04   1.2580592E-04   2.5705244E-04
   6.9565217E-01   2.1754304E+06   1.0682351E+06   3.2435550E+06   4.5808719E-04   3.1458938E-04   2.6411962E-04
   7.1014493E-01   2.1073276E+06   1.0303518E+06   3.1375093E+06   2.6661076E-04   7.7766949E-05   1.8603774E-04
   7.2463768E-01   2.0224447E+06   9.9504466E+05   3.0173681E+06   1.4135913E-04   1.3653852E-04   9.8873261E-05
   7.3913043E-01   1.9233289E+06   9.4975607E+05   2.8729215E+06   8.6392745E-04   4.4836604E-04   7.2364167E-04
   7.5362319E-01   1.8521416E+06   8.9630049E+05   2.7483401E+06   6.0202213E-04   3.4496262E-04   3.1828937E-04
   7.6811594E-01   1.7758774E+06   8.5662847E+05   2.6323486E+06   1.7266082E-04   1.2385840E-04   9.5117700E-05
   7.8260870E-01   1.6943554E+06   8.1858013E+05   2.5128513E+06   4.3380809E-04   1.9280802E-04   3.3082458E-04
   7.9710145E-01   1.6138551E+06   7.7949062E+05   2.3932769E+06   3.5195972E-04   3.6315074E-04   3.5244304E-04
   8.1159420E-01   1.5345656E+06   7.3412507E+05   2.2686230E+06   4.8493683E-04   3.7300874E-04   4.1086705E-04
   8.2608696E-01   1.4429301E+06   6.9457867E+05   2.1374555E+06   1.0064471E-03   3.5020017E-04   5.7293047E-04
   8.4057971E-01   1.3579425E+06   6.4857034E+05   2.0063822E+06   7.1957649E-04   2.0486622E-04   4.4026700E-04
   8.5507246E-01   1.2704804E+06   6.0218233E+05   1.8726499E+06   4.8266812E-04   7.3847455E-04   5.3483678E-04
   8.6956522E-01   1.1760073E+06   5.6620611E+05   1.7421250E+06   4.9184489E-04   3.2188817E-04   4.2614677E-04
   8.8405797E-01   1.0942711E+06   5.1832916E+05   1.6125009E+06   3.6711160E-04   2.6583084E-04   1.6919753E-04
   8.9855072E-01   9.9614264E+05   4.7318212E+05   1.4692759E+06   9.6475299E-04   1.2861381E-04   6.9531894E-04
   9.1304348E-01   8.9509149E+05   4.2970887E+05   1.3247522E+06   4.2905684E-04   1.7936912E-04   2.8685830E-04
   9.2753623E-01   7.8988129E+05   3.7946032E+05   1.1693179E+06   7.4805952E-04   5.1744881E-04   3.3805039E-04
   9.4202899E-01   6.8312876E+05   3.2299400E+05   1.0061111E+06   4.9733997E-04   2.7605735E-04   2.7477508E-04
   9.5652174E-01   5.6730368E+05   2.7038571E+05   8.3767790E+05   9.2408126E-04   5.7622876E-04   4.7121722E-04
   9.7101449E-01   4.5191642E+05   2.1454127E+05   6.6643507E+05   3.3306013E-03   3.9319829E-04   2.3821642E-03
   9.8550725E-01   3.1305668E+05   1.5026587E+05   4.6331141E+05   4.4198282E-03   4.9440771E-04   2.9866584E-03
   1.0000000E+00   1.6019155E+05   7.5390697E+04   2.3558225E+05   7.1457654E-03   1.3779886E-03   5.2995445E-03
