   0.0000000E+00   2.9400183E+06   1.5579066E+06   4.4979250E+06   6.0956729E-03   1.5870393E-03   3.4366019E-03
   1.4492754E-02   3.1362721E+06   1.6677784E+06   4.8040506E+06   3.6890166E-03   6.6576665E-04   2.2895957E-03
   2.8985507E-02   3.2370511E+06   1.6234508E+06   4.8605020E+06   4.1105320E-03   1.2433524E-03   2.3237022E-03
   4.3478261E-02   3.2085097E+06   1.6574227E+06   4.8659324E+06   1.9406465E-03   5.7799912E-04   1.4757572E-03
   5.7971014E-02   3.1898820E+06   1.6558441E+06   4.8455367E+06   5.4914916E-04   4.2782190E-04   4.7350263E-04
   7.2463768E-02   3.2171984E+06   1.6620196E+06   4.8790665E+06   1.6011213E-03   1.2835818E-04   1.0938146E-03
   8.6956522E-02   3.2696338E+06   1.6697991E+06   4.9394329E+06   1.1816809E-03   1.6194401E-04   8.0061588E-04
   1.0144928E-01   3.2681183E+06   1.7228767E+06   4.9908868E+06   1.1477285E-03   6.1779697E-05   7.5703178E-04
   1.1594203E-01   3.3086572E+06   1.7025396E+06   5.0111021E+06   2.5481626E-03   5.1925085E-05   1.6849587E-03
   1.3043478E-01   3.3029742E+06   1.7342909E+06   5.0372651E+06   1.1874268E-03   2.8990267E-04   8.7795945E-04
   1.4492754E-01   3.3214630E+06   1.7371871E+06   5.0584986E+06   2.9179458E-04   3.0223634E-04   2.3320372E-04
   1.5942029E-01   3.3460963E+06   1.7655265E+06   5.1115539E+06   7.8363242E-04   2.8204576E-04   5.4308333E-04
   1.7391304E-01   3.4099414E+06   1.7696940E+06   5.1795091E+06   9.1152192E-04   1.6787812E-04   6.1189010E-04
   1.8840580E-01   3.4032869E+06   1.7796903E+06   5.1830355E+06   9.3616218E-04   1.6284807E-04   6.7054745E-04
   2.0289855E-01   3.4677278E+06   1.7915060E+06   5.2591256E+06   5.0724198E-04   1.5504879E-04   3.5436153E-04
   2.1739130E-01   3.5077147E+06   1.8066463E+06   5.3142094E+06   7.2467073E-04   1.8000444E-04   4.5302817E-04
   2.3188406E-01   3.5122990E+06   1.8323020E+06   5.3444589E+06   9.5734985E-04   3.6997589E-04   6.3919549E-04
   2.4637681E-01   3.5457174E+06   1.8423253E+06   5.3878644E+06   1.9330943E-03   2.1552171E-04   1.2064569E-03
   2.6086957E-01   3.5737388E+06   1.8777978E+06   5.4514524E+06   5.9425542E-04   8.1449738E-05   4.1285891E-04
   2.7536232E-01   3.6163581E+06   1.8645507E+06   5.4807493E+06   1.6820541E-04   1.0068215E-04   1.4435454E-04
   2.8985507E-01   3.6187989E+06   1.8809677E+06   5.4995771E+06   6.1079481E-04   6.4882303E-05   3.8117899E-04
   3.0434783E-01   3.6069349E+06   1.8839860E+06   5.4907404E+06   2.9994625E-04   7.8698548E-05   1.7214536E-04
   3.1884058E-01   3.6304887E+06   1.8924129E+06   5.5227983E+06   2.3255793E-04   1.2082380E-04   1.2290431E-04
   3.3333333E-01   3.6088692E+06   1.8762219E+06   5.4848276E+06   8.1901532E-04   1.0162459E-04   5.2423696E-04
   3.4782609E-01   3.6126675E+06   1.8846806E+06   5.4969376E+06   4.7347946E-05   5.0975150E-05   1.3967831E-05
   3.6231884E-01   3.5903989E+06   1.8527571E+06   5.4429135E+06   6.9472071E-04   1.4499549E-04   4.2275589E-04
   3.7681159E-01   3.5695227E+06   1.8615842E+06   5.4307571E+06   6.0102964E-04   8.3355471E-05   3.7745111E-04
   3.9130435E-01   3.5572089E+06   1.8242651E+06   5.3812775E+06   5.5789609E-04   1.7523586E-04   3.9539719E-04
   4.0579710E-01   3.5275890E+06   1.8220590E+06   5.3494586E+06   4.8139528E-04   7.6335507E-05   3.3201182E-04
   4.2028986E-01   3.4736479E+06   1.8022636E+06   5.2756241E+06   5.4596529E-04   7.8766023E-05   3.5481674E-04
   4.3478261E-01   3.4409328E+06   1.7521145E+06   5.1928958E+06   5.0836810E-04   7.1231734E-05   3.1264826E-04
   4.4927536E-01   3.4044620E+06   1.7414256E+06   5.1456920E+06   6.8892431E-04   1.8647370E-04   4.2236298E-04
   4.6376812E-01   3.3513746E+06   1.7097618E+06   5.0609233E+06   8.8885462E-04   9.2575139E-05   5.5738567E-04
   4.7826087E-01   3.2756727E+06   1.6764120E+06   4.9518552E+06   3.1467481E-04   7.7302094E-05   2.0162769E-04
   4.9275362E-01   3.2278023E+06   1.6403216E+06   4.8679679E+06   7.7080432E-04   1.5898776E-04   5.2093010E-04
   5.0724638E-01   3.1622950E+06   1.6113595E+06   4.7733731E+06   7.9074970E-04   5.7957430E-05   5.3059456E-04
   5.2173913E-01   3.0996692E+06   1.5785549E+06   4.6780558E+06   7.7589126E-04   3.2362105E-05   5.1496382E-04
   5.3623188E-01   3.0283254E+06   1.5358503E+06   4.5639095E+06   8.3493846E-04   2.0906893E-04   5.3156012E-04
   5.5072464E-01   2.9617335E+06   1.4946356E+06   4.4562096E+06   6.1790714E-04   1.2125681E-04   3.7046582E-04
   5.6521739E-01   2.8882008E+06   1.4563310E+06   4.3442987E+06   3.6772372E-04   8.8900355E-05   2.2243407E-04
   5.7971014E-01   2.8218114E+06   1.4140314E+06   4.2355397E+06   4.8754399E-04   1.6767716E-04   3.4859254E-04
   5.9420290E-01   2.7450028E+06   1.3726492E+06   4.1174303E+06   5.6611433E-04   1.2104943E-04   4.1775761E-04
   6.0869565E-01   2.6687847E+06   1.3337429E+06   4.0023291E+06   3.5302999E-04   4.8482909E-05   2.4823082E-04
   6.2318841E-01   2.5887633E+06   1.2873418E+06   3.8759641E+06   5.0406535E-04   1.0312829E-04   3.6784061E-04
   6.3768116E-01   2.5121210E+06   1.2496111E+06   3.7616632E+06   4.0476368E-04   5.0642503E-05   2.8390892E-04
   6.5217391E-01   2.4309540E+06   1.1994298E+06   3.6302659E+06   6.1488281E-04   1.1186787E-04   4.4251545E-04
   6.6666667E-01   2.3429712E+06   1.1570145E+06   3.4997881E+06   1.1520634E-03   1.3660408E-04   7.7374124E-04
   6.8115942E-01   2.2641333E+06   1.1157753E+06   3.3797474E+06   9.7292510E-04   6.2571630E-05   6.3631871E-04
   6.9565217E-01   2.1905220E+06   1.0681404E+06   3.2586466E+06   7.0594558E-04   1.0356439E-04   4.5069840E-04
   7.1014493E-01   2.0940440E+06   1.0363982E+06   3.1303958E+06   5.4142984E-04   2.1413292E-04   3.2285065E-04
   7.2463768E-01   2.0261727E+06   9.8881606E+05   3.0148221E+06   3.0910472E-04   9.0913893E-05   2.2590580E-04
   7.3913043E-01   1.9462095E+06   9.4121296E+05   2.8872739E+06   8.0110287E-04   1.0737647E-04   5.7361830E-04
   7.5362319E-01   1.8571106E+06   8.9721852E+05   2.7542126E+06   5.0429422E-04   1.5361056E-04   3.6876518E-04
   7.6811594E-01   1.7869861E+06   8.4832196E+05   2.6352080E+06   4.6646308E-04   4.3731987E-05   3.2457172E-04
   7.8260870E-01   1.6890231E+06   8.1490371E+05   2.5038426E+06   8.2288133E-04   1.1266852E-04   5.9083106E-04
   7.9710145E-01   1.6094740E+06   7.7486153E+05   2.3842529E+06   2.3871861E-04   1.2259242E-04   1.2899459E-04
   8.1159420E-01   1.5248504E+06   7.2842851E+05   2.2532112E+06   8.6501460E-04   6.7634315E-05   5.7415584E-04
   8.2608696E-01   1.4435814E+06   6.8335885E+05   2.1269004E+06   1.0705340E-04   1.8980590E-04   7.6093684E-06
   8.4057971E-01   1.3554733E+06   6.4765583E+05   2.0031031E+06   1.0087773E-03   1.2082274E-04   6.5342403E-04
   8.5507246E-01   1.2647653E+06   5.9766160E+05   1.8623627E+06   7.4015682E-04   1.1290721E-04   4.7170576E-04
   8.6956522E-01   1.1740246E+06   5.5534522E+05   1.7293445E+06   3.0358574E-04   1.3108301E-04   1.8664110E-04
   8.8405797E-01   1.0855634E+06   5.1323617E+05   1.5987623E+06   8.3138549E-04   7.9673432E-05   5.7676851E-04
   8.9855072E-01   9.9058183E+05   4.6966231E+05   1.4601830E+06   6.2197212E-04   1.8094149E-05   4.2494718E-04
   9.1304348E-01   8.8703302E+05   4.2229988E+05   1.3093209E+06   2.2453020E-04   1.1646164E-04   1.8929004E-04
   9.2753623E-01   7.8525200E+05   3.6994126E+05   1.1551933E+06   1.1812817E-04   2.5940012E-04   1.6335773E-04
   9.4202899E-01   6.7837251E+05   3.2167671E+05   1.0000142E+06   3.1165474E-04   8.8475065E-05   2.3964710E-04
   9.5652174E-01   5.6702814E+05   2.7012165E+05   8.3711534E+05   1.0375727E-03   1.5889656E-04   6.5296717E-04
   9.7101449E-01   4.4603548E+05   2.1488055E+05   6.6090472E+05   3.3891312E-03   2.0681703E-04   2.2323722E-03
   9.8550725E-01   3.0778596E+05   1.4807066E+05   4.5585662E+05   6.1716220E-03   9.7350094E-05   4.1648467E-03
   1.0000000E+00   1.5857213E+05   7.5368813E+04   2.3394094E+05   1.1509952E-02   1.4826702E-04   7.8459253E-03
