   0.0000000E+00   3.5462077E+06   1.7518872E+06   5.2980949E+06   8.0602614E-03   7.1905037E-03   5.7876092E-03
   1.4492754E-02   3.3976913E+06   1.6503505E+06   5.0480418E+06   1.5464968E-03   1.5420540E-03   1.4998157E-03
   2.8985507E-02   3.4897563E+06   1.6924049E+06   5.1821612E+06   1.6768559E-03   2.9002784E-03   1.8207160E-03
   4.3478261E-02   3.4264853E+06   1.6768713E+06   5.1033566E+06   8.9180632E-04   1.6022263E-04   6.5038954E-04
   5.7971014E-02   3.3957969E+06   1.6963830E+06   5.0921800E+06   2.9365185E-04   1.5719547E-03   4.7039304E-04
   7.2463768E-02   3.4248183E+06   1.6983910E+06   5.1232093E+06   8.0906477E-04   8.3707240E-04   7.7406655E-04
   8.6956522E-02   3.4292637E+06   1.7042761E+06   5.1335397E+06   3.5087110E-04   7.9223435E-04   4.8610965E-04
   1.0144928E-01   3.4116553E+06   1.7157323E+06   5.1273876E+06   2.0571230E-04   2.5728585E-04   7.0518080E-05
   1.1594203E-01   3.4560370E+06   1.7372061E+06   5.1932431E+06   7.8612923E-04   2.4279802E-04   4.7731511E-04
   1.3043478E-01   3.5041112E+06   1.7472566E+06   5.2511994E+06   5.4609045E-04   2.6343454E-04   3.0084416E-04
   1.4492754E-01   3.5152163E+06   1.7530996E+06   5.2683158E+06   9.0481458E-05   2.2628225E-04   6.2608263E-05
   1.5942029E-01   3.5222356E+06   1.7702795E+06   5.2925841E+06   7.0132714E-05   6.3951665E-04   1.7479476E-04
   1.7391304E-01   3.5437450E+06   1.7800498E+06   5.3237317E+06   3.3392908E-04   6.3682440E-04   5.7379484E-05
   1.8840580E-01   3.5760508E+06   1.8131473E+06   5.3891399E+06   1.6819522E-04   2.4633936E-04   8.0096804E-05
   2.0289855E-01   3.5831744E+06   1.8208413E+06   5.4034744E+06   2.7567451E-04   3.9738885E-05   1.7551134E-04
   2.1739130E-01   3.6244061E+06   1.8326114E+06   5.4567650E+06   7.0244555E-04   6.3038659E-04   2.8841057E-04
   2.3188406E-01   3.6368046E+06   1.8506298E+06   5.4872449E+06   3.6381623E-04   2.3091113E-04   1.6787204E-04
   2.4637681E-01   3.6767167E+06   1.8470500E+06   5.5236776E+06   2.6516575E-04   2.6631252E-04   1.2875175E-04
   2.6086957E-01   3.6814637E+06   1.8851226E+06   5.5665021E+06   1.9203468E-04   3.6163753E-04   2.4911785E-04
   2.7536232E-01   3.6837169E+06   1.8842120E+06   5.5678093E+06   3.3892048E-04   3.3416752E-04   1.1960780E-04
   2.8985507E-01   3.6867299E+06   1.8763076E+06   5.5629618E+06   2.7968749E-04   2.8189230E-04   1.2734040E-04
   3.0434783E-01   3.6875797E+06   1.8768416E+06   5.5642770E+06   1.8570277E-04   2.6696025E-04   4.7881126E-05
   3.1884058E-01   3.6648279E+06   1.8718852E+06   5.5366097E+06   8.7496487E-05   8.4145699E-05   5.4006808E-05
   3.3333333E-01   3.6565737E+06   1.8781657E+06   5.5345087E+06   2.6911033E-04   1.2130738E-04   1.6161166E-04
   3.4782609E-01   3.6474287E+06   1.8507087E+06   5.4977585E+06   2.5086664E-04   3.9071211E-04   1.5911339E-04
   3.6231884E-01   3.6356206E+06   1.8588190E+06   5.4941365E+06   1.4046568E-04   8.0100886E-05   1.0245516E-04
   3.7681159E-01   3.5664626E+06   1.8328485E+06   5.3991362E+06   1.5119606E-04   8.1994111E-05   7.9963116E-05
   3.9130435E-01   3.5665263E+06   1.8214867E+06   5.3878446E+06   1.5133770E-04   3.3506782E-04   1.7610995E-04
   4.0579710E-01   3.5034497E+06   1.7982986E+06   5.3016941E+06   5.8354501E-05   2.8174681E-04   8.2284301E-05
   4.2028986E-01   3.4662795E+06   1.7733913E+06   5.2392789E+06   2.0957355E-04   7.8216831E-05   1.5931560E-04
   4.3478261E-01   3.4337848E+06   1.7577723E+06   5.1914308E+06   9.1935226E-05   1.6387970E-04   6.0686296E-06
   4.4927536E-01   3.3557713E+06   1.7162491E+06   5.0719227E+06   4.6792435E-04   2.2060118E-04   3.3102090E-04
   4.6376812E-01   3.3212783E+06   1.6931153E+06   5.0140384E+06   1.4477996E-04   1.9276491E-04   1.4073923E-04
   4.7826087E-01   3.2619416E+06   1.6573538E+06   4.9190429E+06   1.7864553E-04   1.3019901E-04   1.5774690E-04
   4.9275362E-01   3.1979162E+06   1.6337694E+06   4.8311954E+06   1.9882080E-04   2.0326997E-04   8.4226881E-05
   5.0724638E-01   3.1332195E+06   1.5853583E+06   4.7182531E+06   2.8058275E-04   3.7297445E-04   3.1074100E-04
   5.2173913E-01   3.0457857E+06   1.5627688E+06   4.6082809E+06   1.8263579E-04   2.9838610E-04   1.6824139E-04
   5.3623188E-01   2.9852368E+06   1.5211052E+06   4.5060348E+06   4.7612230E-05   7.8995070E-05   5.5338678E-05
   5.5072464E-01   2.9107458E+06   1.4796803E+06   4.3901269E+06   3.2375081E-04   5.4480672E-04   3.7373625E-04
   5.6521739E-01   2.8404245E+06   1.4462085E+06   4.2864193E+06   3.2381625E-04   2.6698488E-04   1.5682678E-04
   5.7971014E-01   2.7568923E+06   1.4033283E+06   4.1600123E+06   2.2755486E-04   4.2873671E-04   2.9366216E-04
   5.9420290E-01   2.6853264E+06   1.3544266E+06   4.0395682E+06   1.5219467E-04   4.4654338E-04   5.3906236E-05
   6.0869565E-01   2.6012920E+06   1.3142041E+06   3.9151352E+06   2.9760778E-04   1.1602147E-04   1.5952298E-04
   6.2318841E-01   2.5232279E+06   1.2708830E+06   3.7939523E+06   1.9965541E-04   3.5561444E-04   2.4492428E-04
   6.3768116E-01   2.4441830E+06   1.2300305E+06   3.6741102E+06   3.2035642E-04   2.6749750E-04   2.7022385E-04
   6.5217391E-01   2.3615958E+06   1.1881480E+06   3.5495586E+06   3.8566665E-04   2.5434006E-04   1.7605865E-04
   6.6666667E-01   2.2812322E+06   1.1449401E+06   3.4260735E+06   2.4590459E-04   1.4600173E-04   1.1663795E-04
   6.8115942E-01   2.2004835E+06   1.0985408E+06   3.2988470E+06   3.2138304E-04   3.6456413E-04   3.0618701E-04
   6.9565217E-01   2.1250094E+06   1.0561113E+06   3.1809155E+06   3.1753243E-04   3.4153684E-04   9.9162355E-05
   7.1014493E-01   2.0505901E+06   1.0166661E+06   3.0671480E+06   2.4322687E-04   1.8226783E-04   2.0365457E-04
   7.2463768E-01   1.9622198E+06   9.7266112E+05   2.9346839E+06   2.9075229E-05   2.3117826E-04   6.3761000E-05
   7.3913043E-01   1.8785630E+06   9.3748371E+05   2.8158535E+06   4.6705243E-04   3.3306486E-04   3.6314317E-04
   7.5362319E-01   1.8186992E+06   8.8442443E+05   2.7030653E+06   4.6625042E-04   4.7774957E-04   3.3956282E-04
   7.6811594E-01   1.7292123E+06   8.5378338E+05   2.5827812E+06   2.2683375E-05   3.9380677E-04   1.4473430E-04
   7.8260870E-01   1.6555284E+06   8.1142373E+05   2.4668258E+06   3.4095731E-04   1.1442440E-04   2.6345567E-04
   7.9710145E-01   1.5805285E+06   7.7304297E+05   2.3534888E+06   3.1383761E-04   5.1506707E-04   2.8351613E-04
   8.1159420E-01   1.4930795E+06   7.2991692E+05   2.2228612E+06   1.6385418E-04   5.2066678E-04   2.2675416E-04
   8.2608696E-01   1.4151597E+06   6.9273085E+05   2.1077975E+06   2.5571267E-04   4.4446127E-04   2.8547734E-04
   8.4057971E-01   1.3418733E+06   6.5212387E+05   1.9939318E+06   5.4541509E-04   4.6345609E-04   5.0543887E-04
   8.5507246E-01   1.2635195E+06   6.1343280E+05   1.8768624E+06   4.2213414E-04   4.5517264E-04   4.2231996E-04
   8.6956522E-01   1.1814252E+06   5.7257110E+05   1.7539205E+06   4.8416773E-04   3.5937234E-04   3.8903413E-04
   8.8405797E-01   1.1070657E+06   5.3041568E+05   1.6373820E+06   4.5506679E-04   6.0536001E-04   3.9341282E-04
   8.9855072E-01   1.0182881E+06   4.8973011E+05   1.5079693E+06   6.3984492E-04   2.4723712E-04   4.9311808E-04
   9.1304348E-01   9.4110896E+05   4.4379315E+05   1.3848781E+06   3.0076361E-04   4.5071792E-04   2.1545134E-04
   9.2753623E-01   8.4304126E+05   3.9765784E+05   1.2406873E+06   2.6086834E-04   5.3415823E-04   1.0322171E-04
   9.4202899E-01   7.4607920E+05   3.5092534E+05   1.0969696E+06   1.1349744E-04   8.7256213E-04   3.4768871E-04
   9.5652174E-01   6.3731396E+05   2.9754942E+05   9.3485189E+05   2.9050112E-04   2.9706612E-04   2.0698019E-04
   9.7101449E-01   5.0829429E+05   2.3609718E+05   7.4439147E+05   5.6770947E-04   7.7454550E-04   2.9897683E-04
   9.8550725E-01   3.3983376E+05   1.6134220E+05   5.0116481E+05   7.7570987E-04   1.2510497E-03   9.2190507E-04
   1.0000000E+00   1.6618779E+05   7.5828379E+04   2.4201617E+05   3.7518866E-03   2.5791221E-03   3.3809076E-03
