   0.0000000E+00   4.0008497E+06   1.6670207E+06   5.6678704E+06   1.0356407E-02   2.4654537E-03   6.7927894E-03
   1.4492754E-02   3.9144677E+06   1.6753558E+06   5.5898235E+06   2.1236477E-03   2.9145941E-04   1.5713742E-03
   2.8985507E-02   3.9087847E+06   1.6806600E+06   5.5894446E+06   1.6529761E-03   5.3318501E-04   1.2954174E-03
   4.3478261E-02   3.8561220E+06   1.6591908E+06   5.5153127E+06   1.5846516E-03   5.4796143E-04   1.2529358E-03
   5.7971014E-02   3.9004496E+06   1.6939204E+06   5.5943699E+06   8.2677504E-04   5.9910334E-04   7.4438977E-04
   7.2463768E-02   3.9334111E+06   1.7212747E+06   5.6546858E+06   9.3268002E-04   4.0258900E-04   6.7183020E-04
   8.6956522E-02   3.9109316E+06   1.7171576E+06   5.6280892E+06   1.2776220E-03   5.3656759E-04   1.0402562E-03
   1.0144928E-01   3.8977975E+06   1.7366242E+06   5.6344217E+06   1.5103826E-04   3.3062505E-04   1.6260697E-04
   1.1594203E-01   3.9575640E+06   1.7558653E+06   5.7135240E+06   5.9323264E-04   2.6269768E-04   3.7266141E-04
   1.3043478E-01   3.8923250E+06   1.7635058E+06   5.6559150E+06   5.7497786E-04   6.2124669E-04   4.9623981E-04
   1.4492754E-01   3.8979491E+06   1.7742404E+06   5.6721895E+06   7.7299977E-04   3.7914519E-04   4.1517752E-04
   1.5942029E-01   3.9407818E+06   1.7921850E+06   5.7328291E+06   4.9171676E-04   2.0485413E-04   2.7913449E-04
   1.7391304E-01   3.9076481E+06   1.8354908E+06   5.7430758E+06   2.7039718E-04   2.2929797E-04   1.4174605E-04
   1.8840580E-01   3.8881218E+06   1.8552308E+06   5.7435275E+06   3.5258530E-04   3.9233918E-05   2.3179877E-04
   2.0289855E-01   3.8769056E+06   1.8383774E+06   5.7152831E+06   2.0007173E-04   2.7346458E-04   2.1072785E-04
   2.1739130E-01   3.8590519E+06   1.8761055E+06   5.7351574E+06   1.7156568E-04   1.3279736E-04   7.6788885E-05
   2.3188406E-01   3.8633678E+06   1.8834492E+06   5.7467224E+06   3.0100364E-04   2.2275662E-04   2.7534247E-04
   2.4637681E-01   3.8350391E+06   1.8963029E+06   5.7313420E+06   1.8767192E-04   1.8468130E-04   1.1509141E-04
   2.6086957E-01   3.8095212E+06   1.9104226E+06   5.7199858E+06   1.4690074E-04   1.3708281E-04   1.4118146E-04
   2.7536232E-01   3.7804680E+06   1.9180310E+06   5.6984191E+06   2.4175823E-04   5.6340174E-05   1.6153930E-04
   2.8985507E-01   3.7488265E+06   1.9389724E+06   5.6878368E+06   3.2756877E-04   1.4100881E-05   2.1340799E-04
   3.0434783E-01   3.7245284E+06   1.9263831E+06   5.6508394E+06   2.5868168E-04   2.3330543E-05   1.7035882E-04
   3.1884058E-01   3.7060901E+06   1.9222402E+06   5.6283303E+06   8.2516405E-05   4.0785499E-05   6.7143849E-05
   3.3333333E-01   3.6716296E+06   1.9319320E+06   5.6035616E+06   1.1384972E-04   1.3603316E-04   9.9126491E-05
   3.4782609E-01   3.6306953E+06   1.9231988E+06   5.5539573E+06   1.5390464E-04   2.3128637E-04   6.2726841E-05
   3.6231884E-01   3.5938239E+06   1.9055865E+06   5.4994104E+06   5.2464154E-04   1.1401078E-04   3.6481406E-04
   3.7681159E-01   3.5420693E+06   1.8828591E+06   5.4249284E+06   1.0483896E-04   2.9177939E-05   5.9843161E-05
   3.9130435E-01   3.5227740E+06   1.8635271E+06   5.3862730E+06   6.2734091E-05   9.4366677E-05   6.5369491E-05
   4.0579710E-01   3.4689456E+06   1.8389728E+06   5.3080267E+06   6.7194770E-05   3.9366725E-05   5.6334526E-05
   4.2028986E-01   3.4044325E+06   1.8193258E+06   5.2238628E+06   6.9001479E-05   1.8562512E-04   1.0635227E-04
   4.3478261E-01   3.3641236E+06   1.7960127E+06   5.1601110E+06   2.5734827E-04   6.9200874E-05   1.8969986E-04
   4.4927536E-01   3.3118226E+06   1.7646954E+06   5.0767380E+06   1.1206818E-04   1.0402909E-04   9.1649939E-05
   4.6376812E-01   3.2735409E+06   1.7438126E+06   5.0172351E+06   2.0684037E-04   1.1446602E-04   1.0666188E-04
   4.7826087E-01   3.2159952E+06   1.7021981E+06   4.9181703E+06   1.6011224E-04   4.4849050E-05   1.1355796E-04
   4.9275362E-01   3.1559956E+06   1.6636555E+06   4.8194727E+06   1.7495937E-04   1.0781553E-04   7.7845000E-05
   5.0724638E-01   3.0757181E+06   1.6332689E+06   4.7089438E+06   3.4131702E-04   1.3228888E-04   2.2936609E-04
   5.2173913E-01   3.0093512E+06   1.5926783E+06   4.6020296E+06   1.5773577E-04   8.3988936E-05   7.4397120E-05
   5.3623188E-01   2.9489678E+06   1.5640300E+06   4.5129363E+06   3.3205343E-04   8.9735081E-05   1.8649373E-04
   5.5072464E-01   2.8899479E+06   1.5065799E+06   4.3964281E+06   1.8940276E-04   5.3087813E-05   1.4258929E-04
   5.6521739E-01   2.8110282E+06   1.4663371E+06   4.2773264E+06   2.2037940E-04   1.0284651E-04   1.7714381E-04
   5.7971014E-01   2.7379489E+06   1.4302280E+06   4.1681011E+06   2.4010928E-04   7.6970951E-05   1.7343956E-04
   5.9420290E-01   2.6524111E+06   1.3806332E+06   4.0330812E+06   2.5940371E-04   1.3612721E-05   1.7458731E-04
   6.0869565E-01   2.5834671E+06   1.3362145E+06   3.9195193E+06   2.2666724E-04   9.0481835E-05   1.3815105E-04
   6.2318841E-01   2.4970772E+06   1.2797644E+06   3.7769121E+06   1.1539200E-04   1.7143223E-05   7.1199192E-05
   6.3768116E-01   2.4333336E+06   1.2326654E+06   3.6660162E+06   1.1046308E-04   1.6091400E-04   1.1956102E-04
   6.5217391E-01   2.3421978E+06   1.1941088E+06   3.5363066E+06   1.2077156E-04   5.9233811E-05   9.2707898E-05
   6.6666667E-01   2.2635901E+06   1.1466533E+06   3.4102598E+06   3.5284058E-04   8.8319640E-05   2.0482355E-04
   6.8115942E-01   2.1802986E+06   1.1044093E+06   3.2846112E+06   4.4426771E-04   1.2397487E-04   2.5979614E-04
   6.9565217E-01   2.0968153E+06   1.0679983E+06   3.1648451E+06   2.7273508E-04   2.1952672E-04   1.7080354E-04
   7.1014493E-01   2.0243477E+06   1.0187228E+06   3.0430705E+06   2.0335141E-04   1.5123880E-04   1.4965602E-04
   7.2463768E-01   1.9395786E+06   9.6599303E+05   2.9057232E+06   5.2030179E-04   7.3182630E-05   3.4337063E-04
   7.3913043E-01   1.8665580E+06   9.2402274E+05   2.7905511E+06   2.4487888E-04   2.6612068E-04   1.0884656E-04
   7.5362319E-01   1.7891475E+06   8.7818767E+05   2.6673060E+06   5.0761296E-04   1.6587255E-04   2.8746679E-04
   7.6811594E-01   1.7041355E+06   8.3209496E+05   2.5362019E+06   3.8918314E-04   1.4219157E-04   2.7334185E-04
   7.8260870E-01   1.6159717E+06   7.9194709E+05   2.4079048E+06   1.5115814E-04   1.5856059E-04   6.1621641E-05
   7.9710145E-01   1.5396934E+06   7.4626042E+05   2.2859538E+06   4.4468062E-04   1.6744586E-04   2.4644820E-04
   8.1159420E-01   1.4540426E+06   7.0221894E+05   2.1562750E+06   2.1179219E-04   1.7049603E-04   9.0512835E-05
   8.2608696E-01   1.3838665E+06   6.5681148E+05   2.0407178E+06   4.7788607E-04   2.5587522E-04   3.6442311E-04
   8.4057971E-01   1.3093559E+06   6.1542590E+05   1.9247557E+06   3.8623560E-04   1.6454039E-04   2.7301283E-04
   8.5507246E-01   1.2276619E+06   5.7242511E+05   1.8001255E+06   6.6109609E-04   1.4160271E-04   4.2663200E-04
   8.6956522E-01   1.1512420E+06   5.3607345E+05   1.6873659E+06   3.1886200E-04   2.0628091E-04   2.2129562E-04
   8.8405797E-01   1.0713651E+06   4.8749797E+05   1.5588507E+06   6.1689417E-04   9.2128429E-05   4.0556558E-04
   8.9855072E-01   9.8604764E+05   4.4844568E+05   1.4344689E+06   4.5890353E-04   1.9174259E-04   3.6668274E-04
   9.1304348E-01   9.0391973E+05   4.0160044E+05   1.3054961E+06   1.6817435E-04   1.6367720E-04   7.1962492E-05
   9.2753623E-01   8.1268443E+05   3.5612440E+05   1.1687852E+06   1.5719196E-03   3.5291427E-04   1.1816827E-03
   9.4202899E-01   7.3079623E+05   3.0681341E+05   1.0375863E+06   7.3798071E-04   1.4817202E-04   5.5173047E-04
   9.5652174E-01   6.2079300E+05   2.5792897E+05   8.7869901E+05   1.3975399E-04   2.9564798E-04   9.6256795E-05
   9.7101449E-01   5.0159907E+05   1.9946570E+05   7.0107608E+05   6.5957751E-04   7.2580202E-04   6.7121984E-04
   9.8550725E-01   3.4289814E+05   1.3452055E+05   4.7742983E+05   2.0389985E-03   4.5689633E-04   1.5748659E-03
   1.0000000E+00   1.7909941E+05   6.8650396E+04   2.4774981E+05   2.4778855E-03   4.8178457E-04   1.8706505E-03
