   0.0000000E+00   3.3582890E+06   1.4669782E+06   4.8252672E+06   6.9491754E-03   3.3486303E-03   5.7056621E-03
   1.4492754E-02   3.3923871E+06   1.5654840E+06   4.9578711E+06   1.3451614E-03   8.3286480E-04   7.4447641E-04
   2.8985507E-02   3.4075419E+06   1.6090538E+06   5.0165957E+06   1.3856328E-03   7.6366159E-04   6.9692667E-04
   4.3478261E-02   3.3686447E+06   1.6407525E+06   5.0093972E+06   1.1946425E-03   5.1448697E-04   7.3903327E-04
   5.7971014E-02   3.4225072E+06   1.6334909E+06   5.0559980E+06   7.6840900E-04   8.2164381E-04   3.6814790E-04
   7.2463768E-02   3.4239090E+06   1.6268607E+06   5.0506181E+06   1.4990553E-03   5.7756896E-04   8.6653621E-04
   8.6956522E-02   3.4686660E+06   1.6575490E+06   5.1262150E+06   1.0944912E-03   2.5712989E-04   6.8155681E-04
   1.0144928E-01   3.4389338E+06   1.6650722E+06   5.1040061E+06   4.7234273E-04   8.6670963E-04   1.0965486E-04
   1.1594203E-01   3.5088891E+06   1.6834068E+06   5.1922012E+06   8.9306247E-04   4.4908199E-04   7.4912853E-04
   1.3043478E-01   3.5563950E+06   1.6911841E+06   5.2475791E+06   2.5643753E-04   7.0519486E-04   2.6454932E-04
   1.4492754E-01   3.5774264E+06   1.7271092E+06   5.3043841E+06   5.4706377E-04   1.0491386E-04   3.6035494E-04
   1.5942029E-01   3.6265967E+06   1.7684197E+06   5.3950163E+06   7.5009092E-04   1.6523026E-04   5.5746936E-04
   1.7391304E-01   3.6292430E+06   1.7770820E+06   5.4061987E+06   4.8150759E-04   3.0570608E-04   3.0339299E-04
   1.8840580E-01   3.6637152E+06   1.7968851E+06   5.4603088E+06   3.9579580E-04   1.6529081E-04   3.1171461E-04
   2.0289855E-01   3.6980256E+06   1.8071479E+06   5.5050111E+06   2.2076199E-04   6.1870886E-05   1.5382951E-04
   2.1739130E-01   3.7416027E+06   1.8637291E+06   5.6049277E+06   3.7193474E-04   2.4718736E-04   2.8182176E-04
   2.3188406E-01   3.7773174E+06   1.8892743E+06   5.6663076E+06   5.7742562E-04   3.0123656E-04   4.6227496E-04
   2.4637681E-01   3.8330779E+06   1.9037466E+06   5.7364679E+06   3.4063568E-04   2.0700152E-04   1.6496173E-04
   2.6086957E-01   3.8305694E+06   1.9051605E+06   5.7354353E+06   1.7962345E-04   3.8325250E-04   1.6167676E-04
   2.7536232E-01   3.8335893E+06   1.9189482E+06   5.7523780E+06   2.4766885E-04   1.6436208E-04   1.6486934E-04
   2.8985507E-01   3.8435814E+06   1.9413593E+06   5.7847134E+06   6.0035669E-04   2.8223763E-04   4.2108734E-04
   3.0434783E-01   3.8524055E+06   1.9431255E+06   5.7952062E+06   6.3190396E-04   2.3698747E-04   4.9627869E-04
   3.1884058E-01   3.8424483E+06   1.9388415E+06   5.7809798E+06   2.8174102E-04   2.0037518E-04   2.4501581E-04
   3.3333333E-01   3.8299636E+06   1.9505460E+06   5.7801472E+06   5.5840656E-04   1.9866094E-04   4.1682509E-04
   3.4782609E-01   3.8240445E+06   1.9356699E+06   5.7594934E+06   4.4244515E-04   2.5844684E-04   2.7065149E-04
   3.6231884E-01   3.7956546E+06   1.9323801E+06   5.7277013E+06   9.1626406E-05   1.4424836E-04   8.8959075E-05
   3.7681159E-01   3.7709640E+06   1.8987424E+06   5.6693567E+06   1.8715150E-04   2.9420089E-04   3.4375271E-05
   3.9130435E-01   3.7402725E+06   1.8823863E+06   5.6222659E+06   2.8916955E-04   2.7198192E-04   2.0760371E-04
   4.0579710E-01   3.6909083E+06   1.8774821E+06   5.5679033E+06   2.1632370E-04   2.4284742E-05   1.4208672E-04
   4.2028986E-01   3.6547731E+06   1.8552007E+06   5.5096079E+06   1.1548865E-04   1.4272664E-04   1.2159518E-04
   4.3478261E-01   3.5820991E+06   1.8184418E+06   5.4003136E+06   4.4041898E-04   1.1654905E-04   2.7244551E-04
   4.4927536E-01   3.5194914E+06   1.7893830E+06   5.3083121E+06   3.8054370E-04   1.0624656E-04   2.5786035E-04
   4.6376812E-01   3.4768274E+06   1.7588726E+06   5.2353685E+06   3.9114723E-04   4.8778290E-05   2.4388376E-04
   4.7826087E-01   3.4147059E+06   1.7064460E+06   5.1209682E+06   1.1167386E-04   2.4624751E-04   1.1391184E-04
   4.9275362E-01   3.3400810E+06   1.6879253E+06   5.0276052E+06   1.5515695E-04   2.9264546E-04   1.6556962E-04
   5.0724638E-01   3.2614719E+06   1.6517361E+06   4.9129482E+06   4.8232777E-05   2.6125308E-04   5.7241422E-05
   5.2173913E-01   3.1700546E+06   1.6104641E+06   4.7800556E+06   5.1023692E-05   5.2232095E-05   5.1958874E-05
   5.3623188E-01   3.0995936E+06   1.5608352E+06   4.6602035E+06   2.5087360E-04   1.3858797E-04   1.4870302E-04
   5.5072464E-01   3.0346955E+06   1.5214954E+06   4.5559716E+06   1.2699687E-04   1.4848989E-04   1.3033768E-04
   5.6521739E-01   2.9383863E+06   1.4743807E+06   4.4124756E+06   6.2178815E-05   1.1848503E-04   5.7125594E-05
   5.7971014E-01   2.8444867E+06   1.4299060E+06   4.2740327E+06   2.7675668E-04   2.7177549E-04   2.0169215E-04
   5.9420290E-01   2.7536151E+06   1.3864364E+06   4.1398482E+06   2.7586774E-04   2.1635000E-04   2.5404203E-04
   6.0869565E-01   2.6752796E+06   1.3349155E+06   4.0097621E+06   4.6962107E-04   4.8746444E-05   3.0573044E-04
   6.2318841E-01   2.5790713E+06   1.2888220E+06   3.8676643E+06   4.0068011E-05   5.5876229E-05   2.1170591E-05
   6.3768116E-01   2.4856002E+06   1.2394850E+06   3.7249130E+06   1.6924306E-04   7.4952652E-05   1.2687715E-04
   6.5217391E-01   2.4047700E+06   1.1918356E+06   3.5964540E+06   5.6663425E-04   2.9454979E-04   3.9076488E-04
   6.6666667E-01   2.3111298E+06   1.1510020E+06   3.4617859E+06   1.7667996E-04   8.7874237E-05   9.9383282E-05
   6.8115942E-01   2.2194107E+06   1.1091653E+06   3.3284148E+06   1.3064642E-04   1.6859848E-04   1.4327238E-04
   6.9565217E-01   2.1229888E+06   1.0619206E+06   3.1847041E+06   9.6913670E-05   1.6177062E-04   6.3780016E-05
   7.1014493E-01   2.0350178E+06   1.0097073E+06   3.0445551E+06   1.9391385E-05   1.9822794E-04   6.8808591E-05
   7.2463768E-01   1.9395028E+06   9.6702356E+05   2.9064203E+06   1.8383170E-04   2.9557074E-04   1.5946677E-04
   7.3913043E-01   1.8406316E+06   9.1733683E+05   2.7578347E+06   1.1298059E-04   1.2745689E-04   3.1570873E-05
   7.5362319E-01   1.7630784E+06   8.7372868E+05   2.6366759E+06   2.9080354E-04   1.5094673E-04   2.4422481E-04
   7.6811594E-01   1.6668063E+06   8.3682724E+05   2.5034905E+06   1.0726323E-04   2.1610208E-04   1.0953924E-04
   7.8260870E-01   1.5962986E+06   7.8278409E+05   2.3789284E+06   1.1715549E-04   1.0489969E-04   1.1310489E-04
   7.9710145E-01   1.4911707E+06   7.3978521E+05   2.2307768E+06   5.4100965E-05   6.2758269E-05   5.4690838E-05
   8.1159420E-01   1.3976453E+06   6.9982395E+05   2.0974016E+06   1.8938691E-04   1.8718530E-04   9.9770828E-05
   8.2608696E-01   1.3171325E+06   6.5701088E+05   1.9739705E+06   3.1300542E-04   2.5384775E-04   2.9209197E-04
   8.4057971E-01   1.2198907E+06   6.0965142E+05   1.8294768E+06   7.9199686E-05   1.1655966E-04   4.4470281E-05
   8.5507246E-01   1.1236208E+06   5.6554127E+05   1.6891235E+06   5.1933567E-04   4.6279860E-04   3.6068818E-04
   8.6956522E-01   1.0294611E+06   5.2661437E+05   1.5559870E+06   3.2969187E-04   1.6428420E-04   1.6956349E-04
   8.8405797E-01   9.4817703E+05   4.7815669E+05   1.4262965E+06   1.8825670E-04   1.2179808E-04   1.5452976E-04
   8.9855072E-01   8.5129272E+05   4.3767849E+05   1.2889590E+06   1.2362786E-04   2.0303063E-04   1.3480319E-04
   9.1304348E-01   7.6791201E+05   3.8974126E+05   1.1576172E+06   5.4648508E-04   2.3397111E-04   4.3811630E-04
   9.2753623E-01   6.8087377E+05   3.4553977E+05   1.0263899E+06   3.1107222E-04   4.8463785E-04   6.8487906E-05
   9.4202899E-01   5.8656980E+05   3.0139268E+05   8.8795082E+05   2.0602195E-04   5.1148361E-04   6.1691651E-05
   9.5652174E-01   4.9871703E+05   2.4819321E+05   7.4689875E+05   4.8558969E-04   8.1255653E-04   5.6894041E-04
   9.7101449E-01   4.0706293E+05   2.0024606E+05   6.0728637E+05   7.1947699E-04   1.9032412E-04   4.3477575E-04
   9.8550725E-01   2.9542816E+05   1.3552343E+05   4.3095160E+05   1.3469786E-03   2.9811086E-04   1.0125939E-03
   1.0000000E+00   1.5879097E+05   6.7337351E+04   2.2612832E+05   1.0498034E-03   8.1740133E-04   7.3234069E-04
