   0.0000000E+00   3.5704553E+06   1.7761348E+06   5.3465900E+06   3.2756400E-03   5.5367333E-03   4.6424842E-04
   1.4492754E-02   3.6075844E+06   1.7071807E+06   5.3147651E+06   2.0760960E-03   9.5769653E-04   1.4903501E-03
   2.8985507E-02   3.6522908E+06   1.7503717E+06   5.4026626E+06   2.0297116E-03   1.2124549E-03   1.3991973E-03
   4.3478261E-02   3.6366309E+06   1.7392583E+06   5.3758892E+06   1.1811110E-03   2.8876140E-04   7.3100269E-04
   5.7971014E-02   3.6121308E+06   1.7416578E+06   5.3537885E+06   4.8544224E-04   1.9168270E-04   3.8697775E-04
   7.2463768E-02   3.6706280E+06   1.7179406E+06   5.3884171E+06   8.6846147E-04   7.1662621E-04   6.6148825E-04
   8.6956522E-02   3.6703502E+06   1.7475934E+06   5.4179436E+06   8.5338570E-04   2.9343881E-04   5.3690984E-04
   1.0144928E-01   3.6643064E+06   1.7570831E+06   5.4212812E+06   3.7437017E-04   2.7171977E-04   3.3475945E-04
   1.1594203E-01   3.6730339E+06   1.7510348E+06   5.4238792E+06   3.3639310E-04   3.5984684E-04   1.1784455E-04
   1.3043478E-01   3.6891673E+06   1.7747877E+06   5.4638708E+06   6.2844292E-04   4.7520306E-04   5.6921771E-04
   1.4492754E-01   3.6607017E+06   1.7896983E+06   5.4503242E+06   4.7969442E-04   6.1967241E-05   3.0191630E-04
   1.5942029E-01   3.6857001E+06   1.7983158E+06   5.4840159E+06   4.4652812E-04   3.9215024E-05   3.0369985E-04
   1.7391304E-01   3.6904934E+06   1.8438891E+06   5.5343193E+06   4.2957716E-04   1.9161717E-04   3.4586289E-04
   1.8840580E-01   3.6821340E+06   1.8337811E+06   5.5157985E+06   2.8913728E-04   4.2465986E-04   2.7995006E-04
   2.0289855E-01   3.7051700E+06   1.8364831E+06   5.5415449E+06   4.5193472E-04   6.9909942E-04   8.1976774E-05
   2.1739130E-01   3.6988158E+06   1.8638302E+06   5.5626460E+06   2.5678259E-04   3.5611926E-04   1.7624533E-04
   2.3188406E-01   3.6727497E+06   1.8777662E+06   5.5503739E+06   3.4310565E-04   3.0939640E-04   3.3030100E-04
   2.4637681E-01   3.6792573E+06   1.8987544E+06   5.5778780E+06   4.3437287E-05   1.6079866E-04   8.1860073E-05
   2.6086957E-01   3.6549850E+06   1.8902163E+06   5.5450329E+06   1.4941587E-04   5.2578720E-04   2.0492961E-04
   2.7536232E-01   3.6504962E+06   1.8939030E+06   5.5443992E+06   1.0784465E-04   2.4078513E-04   7.3480907E-05
   2.8985507E-01   3.6313773E+06   1.8907425E+06   5.5219682E+06   5.0515243E-04   1.7837345E-04   2.7136615E-04
   3.0434783E-01   3.6264195E+06   1.8997180E+06   5.5259932E+06   1.7084204E-04   1.4947340E-04   1.5224887E-04
   3.1884058E-01   3.6019013E+06   1.8895542E+06   5.4914211E+06   3.1412138E-04   2.2284352E-05   2.1370316E-04
   3.3333333E-01   3.5649864E+06   1.8792199E+06   5.4440086E+06   6.5058067E-05   2.4240239E-04   6.3826569E-05
   3.4782609E-01   3.5533430E+06   1.8769138E+06   5.4301621E+06   4.3512518E-04   5.4104245E-05   2.6719165E-04
   3.6231884E-01   3.5139887E+06   1.8687302E+06   5.3825371E+06   3.6706179E-04   1.5587531E-04   2.1249128E-04
   3.7681159E-01   3.4732027E+06   1.8496935E+06   5.3227796E+06   8.0397221E-05   4.0447488E-04   1.2517881E-04
   3.9130435E-01   3.4319298E+06   1.8353786E+06   5.2671119E+06   1.3339135E-04   3.0403387E-04   5.3156216E-05
   4.0579710E-01   3.3967982E+06   1.8071749E+06   5.2039190E+06   3.5255576E-04   1.4690822E-04   2.4758656E-04
   4.2028986E-01   3.3456687E+06   1.7717974E+06   5.1172832E+06   3.3049678E-04   2.7682423E-04   1.1973090E-04
   4.3478261E-01   3.2965840E+06   1.7606770E+06   5.0571599E+06   3.0854507E-04   9.3193814E-05   1.9144472E-04
   4.4927536E-01   3.2562145E+06   1.7206245E+06   4.9768634E+06   2.0625684E-04   2.5369258E-04   6.8940131E-05
   4.6376812E-01   3.1730697E+06   1.6939440E+06   4.8668954E+06   1.5143082E-04   9.6198716E-05   1.1368801E-04
   4.7826087E-01   3.1358129E+06   1.6524859E+06   4.7882070E+06   2.6039444E-04   2.2135747E-04   2.3681487E-04
   4.9275362E-01   3.0618579E+06   1.6251000E+06   4.6868243E+06   9.5734003E-05   3.7290631E-04   8.5724297E-05
   5.0724638E-01   3.0162033E+06   1.5889955E+06   4.6052421E+06   3.3999328E-04   1.4568703E-05   2.2545904E-04
   5.2173913E-01   2.9422284E+06   1.5551283E+06   4.4972725E+06   3.2248677E-04   9.1249417E-05   2.0502563E-04
   5.3623188E-01   2.8810787E+06   1.5030424E+06   4.3840801E+06   1.6025061E-04   1.8696288E-04   1.7251579E-04
   5.5072464E-01   2.8090096E+06   1.4696104E+06   4.2785602E+06   3.2137483E-04   1.8108108E-04   2.4584187E-04
   5.6521739E-01   2.7367895E+06   1.4349007E+06   4.1716902E+06   3.7718513E-04   8.8157757E-06   2.4725495E-04
   5.7971014E-01   2.6761934E+06   1.3875485E+06   4.0637229E+06   1.1255397E-04   2.3747048E-04   1.3668256E-04
   5.9420290E-01   2.6061337E+06   1.3485865E+06   3.9547571E+06   1.9382082E-04   1.0364056E-04   1.6388999E-04
   6.0869565E-01   2.5381834E+06   1.3096035E+06   3.8477508E+06   3.8186604E-04   4.7872561E-04   3.9275858E-04
   6.2318841E-01   2.4566176E+06   1.2602218E+06   3.7167689E+06   1.3172192E-04   3.5873973E-04   6.7408655E-05
   6.3768116E-01   2.3979266E+06   1.2240547E+06   3.6217747E+06   5.3640885E-04   1.6769609E-04   3.1563730E-04
   6.5217391E-01   2.3160306E+06   1.1847129E+06   3.5005414E+06   2.4440017E-04   1.4216210E-04   1.9636598E-04
   6.6666667E-01   2.2545631E+06   1.1360450E+06   3.3905916E+06   3.5078623E-04   4.8065316E-04   3.8631177E-04
   6.8115942E-01   2.1863928E+06   1.1022650E+06   3.2885933E+06   2.9606243E-04   1.0448901E-04   2.2617328E-04
   6.9565217E-01   2.1145747E+06   1.0532698E+06   3.1678287E+06   2.2742938E-04   4.2414954E-04   2.9082971E-04
   7.1014493E-01   2.0433375E+06   1.0082537E+06   3.0515912E+06   2.9381817E-04   5.5438524E-04   3.4846348E-04
   7.2463768E-01   1.9688424E+06   9.6606881E+05   2.9348506E+06   4.1384050E-04   1.8726762E-04   2.9118752E-04
   7.3913043E-01   1.8900182E+06   9.3368017E+05   2.8236538E+06   2.4354279E-04   9.7718411E-05   1.9275267E-04
   7.5362319E-01   1.8329505E+06   8.8872313E+05   2.7216590E+06   2.1450578E-04   3.2798218E-04   9.8178838E-05
   7.6811594E-01   1.7497284E+06   8.4197413E+05   2.5915738E+06   6.5243486E-04   1.1750489E-04   4.0071665E-04
   7.8260870E-01   1.6853467E+06   8.0446378E+05   2.4897684E+06   4.0127277E-04   2.5200953E-04   2.7553497E-04
   7.9710145E-01   1.6090194E+06   7.6152537E+05   2.3705172E+06   4.5491080E-04   1.4562289E-04   2.7387966E-04
   8.1159420E-01   1.5376507E+06   7.2491045E+05   2.2626153E+06   4.7714852E-04   2.5288815E-04   2.5396801E-04
   8.2608696E-01   1.4613816E+06   6.8143127E+05   2.1427597E+06   9.5384757E-05   1.4471323E-04   8.9719696E-05
   8.4057971E-01   1.3874943E+06   6.4224716E+05   2.0297284E+06   1.3420454E-04   3.3253689E-04   1.0233447E-04
   8.5507246E-01   1.3247934E+06   6.0829560E+05   1.9330377E+06   5.4614552E-04   2.3913850E-04   3.8349451E-04
   8.6956522E-01   1.2460475E+06   5.6029576E+05   1.8063180E+06   3.3329193E-04   8.7451445E-04   2.3761864E-04
   8.8405797E-01   1.1693989E+06   5.2317370E+05   1.6925105E+06   4.2012543E-04   4.6174069E-04   1.9881284E-04
   8.9855072E-01   1.0926319E+06   4.8163944E+05   1.5742468E+06   2.3648893E-04   9.2074084E-04   1.6210934E-04
   9.1304348E-01   1.0139840E+06   4.3533777E+05   1.4492496E+06   5.6051168E-04   2.7668055E-04   4.2338843E-04
   9.2753623E-01   9.3383943E+05   3.9244840E+05   1.3262760E+06   3.4591219E-04   6.6007802E-04   3.6891157E-04
   9.4202899E-01   8.4471320E+05   3.4739313E+05   1.1920830E+06   7.2669938E-04   1.0478770E-03   3.2989012E-04
   9.5652174E-01   7.4176681E+05   3.0102812E+05   1.0427834E+06   6.7916403E-05   2.0945965E-04   9.7454876E-05
   9.7101449E-01   6.1326910E+05   2.4425133E+05   8.5748650E+05   1.3868060E-04   1.0932208E-04   1.0191534E-04
   9.8550725E-01   4.1206389E+05   1.6471858E+05   5.7677133E+05   1.1346051E-03   3.0344482E-04   8.6467503E-04
   1.0000000E+00   1.8095956E+05   7.7250845E+04   2.5818852E+05   5.7930500E-04   1.3656662E-03   2.5321690E-04
