   0.0000000E+00   3.2855463E+06   1.6791445E+06   4.9646908E+06   1.8984150E-03   4.5929683E-03   3.0762361E-04
   1.4492754E-02   3.2499326E+06   1.6526237E+06   4.9025563E+06   1.3831181E-03   2.6314862E-03   1.4572343E-03
   2.8985507E-02   3.2351568E+06   1.6253452E+06   4.8605020E+06   1.1566290E-03   1.8144104E-03   1.2818596E-03
   4.3478261E-02   3.1504166E+06   1.6283761E+06   4.7787927E+06   7.5711884E-05   2.4956898E-03   8.6756649E-04
   5.7971014E-02   3.2143190E+06   1.6255346E+06   4.8398536E+06   3.0394975E-04   7.9645418E-04   9.5871183E-05
   7.2463768E-02   3.2499326E+06   1.6394391E+06   4.8892202E+06   3.7616102E-04   1.1091370E-03   5.9234652E-04
   8.6956522E-02   3.2466491E+06   1.6255978E+06   4.8721206E+06   6.8064473E-04   7.6215216E-04   6.1897956E-04
   1.0144928E-01   3.2878195E+06   1.6519742E+06   4.9396854E+06   4.0507318E-04   4.3973333E-04   2.9278157E-04
   1.1594203E-01   3.3232437E+06   1.6868166E+06   5.0100602E+06   3.2690612E-04   7.0579926E-04   3.1893629E-04
   1.3043478E-01   3.3278953E+06   1.6809125E+06   5.0088079E+06   6.2878396E-04   3.9420568E-04   3.3554576E-04
   1.4492754E-01   3.3909474E+06   1.7067261E+06   5.0974462E+06   3.2087335E-04   3.9540578E-04   1.0738434E-04
   1.5942029E-01   3.4530061E+06   1.7430699E+06   5.1960071E+06   1.9086327E-04   1.5003636E-04   1.5983498E-04
   1.7391304E-01   3.4749804E+06   1.7287131E+06   5.2036304E+06   1.0173250E-04   3.8032683E-04   1.9077673E-04
   1.8840580E-01   3.5062808E+06   1.7788160E+06   5.2850385E+06   2.0212578E-04   1.8511088E-04   7.3129156E-05
   2.0289855E-01   3.5313236E+06   1.7859312E+06   5.3172007E+06   1.5659636E-04   5.0687457E-05   1.1409784E-04
   2.1739130E-01   3.5901564E+06   1.8110917E+06   5.4010461E+06   2.4839549E-04   1.8427212E-04   2.2689655E-04
   2.3188406E-01   3.6436716E+06   1.8289396E+06   5.4725638E+06   2.3855767E-04   1.4281131E-04   1.5578852E-04
   2.4637681E-01   3.6745326E+06   1.8499918E+06   5.5244353E+06   2.3219582E-04   5.1955884E-04   5.2155401E-05
   2.6086957E-01   3.6876519E+06   1.8603698E+06   5.5477691E+06   2.8145128E-05   3.5907344E-04   1.2828466E-04
   2.7536232E-01   3.7029395E+06   1.8565745E+06   5.5593944E+06   1.9255252E-04   2.0389999E-04   1.7146599E-04
   2.8985507E-01   3.7325730E+06   1.8780125E+06   5.6105097E+06   1.0821512E-04   5.1843282E-04   1.5598827E-04
   3.0434783E-01   3.7257913E+06   1.8792591E+06   5.6046174E+06   2.6169172E-04   8.8374640E-05   1.6220132E-04
   3.1884058E-01   3.7311988E+06   1.8833890E+06   5.6144500E+06   1.7592967E-04   2.3675495E-04   1.9004987E-04
   3.3333333E-01   3.7229251E+06   1.8616931E+06   5.5843876E+06   1.4490798E-04   1.1112942E-04   6.5527090E-05
   3.4782609E-01   3.7184981E+06   1.8755877E+06   5.5939595E+06   8.1793290E-05   1.1469408E-04   8.8541148E-05
   3.6231884E-01   3.7066357E+06   1.8544848E+06   5.5609689E+06   2.3188824E-04   2.5196551E-04   2.3795137E-04
   3.7681159E-01   3.6729537E+06   1.8524913E+06   5.5249205E+06   1.6240718E-04   1.9194288E-04   1.5182900E-04
   3.9130435E-01   3.6224023E+06   1.8400092E+06   5.4622150E+06   2.1851578E-04   7.9197605E-05   1.4039145E-04
   4.0579710E-01   3.6005482E+06   1.8149417E+06   5.4150570E+06   2.0561223E-04   8.9521010E-05   1.6510830E-04
   4.2028986E-01   3.5266894E+06   1.7772061E+06   5.3037126E+06   1.3858309E-04   7.5366837E-05   7.8185369E-05
   4.3478261E-01   3.4870284E+06   1.7574945E+06   5.2442703E+06   2.4454583E-04   1.2503531E-04   1.8648281E-04
   4.4927536E-01   3.4254098E+06   1.7282263E+06   5.1533672E+06   4.5018410E-04   1.1872957E-04   2.6010664E-04
   4.6376812E-01   3.3766167E+06   1.7054995E+06   5.0818558E+06   1.0789153E-04   1.2385876E-04   9.6168552E-05
   4.7826087E-01   3.3071992E+06   1.6750573E+06   4.9819809E+06   3.1335275E-05   1.2717973E-04   3.3539006E-05
   4.9275362E-01   3.2509801E+06   1.6270390E+06   4.8776848E+06   1.7174399E-04   3.3482179E-04   1.1282186E-04
   5.0724638E-01   3.1621218E+06   1.5871336E+06   4.7490172E+06   1.2843497E-04   1.9519124E-04   9.3994061E-05
   5.2173913E-01   3.1004059E+06   1.5456986E+06   4.6459572E+06   2.5671814E-04   1.8081809E-04   1.4566867E-04
   5.3623188E-01   3.0219563E+06   1.5189958E+06   4.5407473E+06   2.1501552E-04   1.1374146E-05   1.4330606E-04
   5.5072464E-01   2.9422915E+06   1.4730999E+06   4.4152918E+06   1.7374034E-04   2.8840659E-04   1.7259933E-04
   5.6521739E-01   2.8673145E+06   1.4340264E+06   4.3010689E+06   1.6968067E-04   3.5553742E-04   2.2536470E-04
   5.7971014E-01   2.7780332E+06   1.3971528E+06   4.1748260E+06   1.4276731E-04   1.3594050E-04   4.9517801E-05
   5.9420290E-01   2.7160055E+06   1.3642957E+06   4.0799685E+06   2.4847355E-04   4.1598532E-04   3.3225661E-05
   6.0869565E-01   2.6135962E+06   1.3138072E+06   3.9272049E+06   1.4308906E-04   2.4918171E-04   6.3544776E-05
   6.2318841E-01   2.5370434E+06   1.2612087E+06   3.7980935E+06   2.3229085E-04   2.2499763E-04   1.4380608E-04
   6.3768116E-01   2.4571162E+06   1.2303233E+06   3.6872328E+06   1.2341116E-04   1.9973814E-04   3.2004993E-05
   6.5217391E-01   2.3706887E+06   1.1892593E+06   3.5597122E+06   1.1297655E-04   1.6977775E-04   1.0327757E-04
   6.6666667E-01   2.2815616E+06   1.1498160E+06   3.4312623E+06   9.3229520E-05   4.8782301E-04   1.3280094E-04
   6.8115942E-01   2.2098665E+06   1.1032646E+06   3.3129538E+06   1.2068940E-04   5.5018000E-04   2.6267577E-04
   6.9565217E-01   2.1274720E+06   1.0602946E+06   3.1875930E+06   9.9873541E-05   4.9984986E-04   2.2143458E-04
   7.1014493E-01   2.0348477E+06   1.0168517E+06   3.0516067E+06   2.2422275E-04   1.0987691E-04   1.3577144E-04
   7.2463768E-01   1.9517024E+06   9.7334308E+05   2.9248484E+06   2.5058784E-04   2.4833778E-04   9.6512916E-05
   7.3913043E-01   1.8673901E+06   9.2577594E+05   2.7930174E+06   5.7787911E-05   3.7564669E-04   1.4366213E-04
   7.5362319E-01   1.7939270E+06   8.9734967E+05   2.6911601E+06   9.4552396E-05   8.3905003E-05   8.9943930E-05
   7.6811594E-01   1.7262671E+06   8.5521307E+05   2.5814087E+06   2.9900980E-04   5.0743767E-04   3.2145081E-04
   7.8260870E-01   1.6314071E+06   8.1143776E+05   2.4427607E+06   2.6019336E-04   1.9941975E-04   1.2194768E-04
   7.9710145E-01   1.5498608E+06   7.7610147E+05   2.3259210E+06   4.9188507E-05   3.8507183E-04   1.5960797E-04
   8.1159420E-01   1.4779519E+06   7.3419272E+05   2.2120769E+06   3.4445682E-04   2.7075058E-04   3.1995543E-04
   8.2608696E-01   1.3930391E+06   6.9475148E+05   2.0877374E+06   9.2343153E-05   2.9371971E-04   1.5761383E-04
   8.4057971E-01   1.3179915E+06   6.5375692E+05   1.9716570E+06   1.6755522E-04   4.4103067E-05   1.0475158E-04
   8.5507246E-01   1.2376537E+06   6.1090273E+05   1.8484794E+06   1.1435783E-04   2.9727338E-04   1.6995557E-04
   8.6956522E-01   1.1531111E+06   5.7345512E+05   1.7264778E+06   3.8249238E-04   2.1939467E-04   2.1689190E-04
   8.8405797E-01   1.0740855E+06   5.3347147E+05   1.6074328E+06   1.9236511E-04   2.0563238E-04   1.6425185E-04
   8.9855072E-01   9.8770977E+05   4.9515648E+05   1.4828174E+06   4.2274499E-04   5.1009291E-04   3.0704431E-04
   9.1304348E-01   9.0839398E+05   4.5020384E+05   1.3585617E+06   2.7032260E-04   2.5900294E-04   2.4623887E-04
   9.2753623E-01   8.1640208E+05   4.0188459E+05   1.2182630E+06   4.0156976E-04   5.0091553E-04   1.0471147E-04
   9.4202899E-01   7.2565528E+05   3.6008813E+05   1.0857084E+06   6.1454893E-04   4.9931760E-04   5.0962075E-04
   9.5652174E-01   6.2253809E+05   3.0653893E+05   9.2905406E+05   7.8238589E-04   1.0136432E-03   6.9413435E-04
   9.7101449E-01   4.9989133E+05   2.4500907E+05   7.4486647E+05   7.3755928E-04   2.3616842E-04   4.1953286E-04
   9.8550725E-01   3.3923203E+05   1.6705865E+05   5.0627954E+05   7.3149375E-04   7.2518505E-04   7.2929337E-04
   1.0000000E+00   1.5075951E+05   7.4471565E+04   2.2523107E+05   1.2415877E-03   2.0902382E-03   2.6224077E-04
