   0.0000000E+00   3.7886834E+06   1.5821542E+06   5.3708376E+06   7.2137300E-03   2.5954518E-03   4.3255978E-03
   1.4492754E-02   3.8705190E+06   1.7427944E+06   5.6133134E+06   1.4216909E-03   8.4845101E-04   8.2790508E-04
   2.8985507E-02   3.7818638E+06   1.7181679E+06   5.5000317E+06   1.3053556E-03   9.4352740E-04   1.1199297E-03
   4.3478261E-02   3.8391992E+06   1.7205674E+06   5.5597666E+06   6.1010839E-04   4.4582047E-04   5.1823108E-04
   5.7971014E-02   3.7922827E+06   1.7175996E+06   5.5098823E+06   1.8672256E-03   5.8889618E-04   1.4603064E-03
   7.2463768E-02   3.8124764E+06   1.7432490E+06   5.5557254E+06   7.3703235E-04   2.8025967E-04   4.1804701E-04
   8.6956522E-02   3.8654674E+06   1.7587068E+06   5.6240480E+06   3.1175963E-04   1.1412200E-04   2.3622742E-04
   1.0144928E-01   3.8036217E+06   1.7252582E+06   5.5287716E+06   8.8851664E-04   4.6775006E-04   5.9159599E-04
   1.1594203E-01   3.7864102E+06   1.7890163E+06   5.5755212E+06   3.6624700E-04   3.3440481E-04   1.6090721E-04
   1.3043478E-01   3.7903673E+06   1.7783238E+06   5.5686911E+06   7.7307837E-04   1.8307443E-04   4.6608756E-04
   1.4492754E-01   3.7983824E+06   1.7939416E+06   5.5922483E+06   5.8454347E-04   3.2922456E-04   3.8463694E-04
   1.5942029E-01   3.7956408E+06   1.7963870E+06   5.5920278E+06   8.2462674E-04   4.3368168E-04   6.9896023E-04
   1.7391304E-01   3.7727709E+06   1.8128850E+06   5.5857191E+06   6.5550167E-04   2.2228837E-04   3.7160929E-04
   1.8840580E-01   3.7795323E+06   1.8257957E+06   5.6052114E+06   6.7772807E-04   3.2199754E-04   5.6150431E-04
   2.0289855E-01   3.7699024E+06   1.8436275E+06   5.6134216E+06   4.1636197E-04   3.7184913E-04   2.4732965E-04
   2.1739130E-01   3.7573636E+06   1.8679725E+06   5.6254371E+06   2.5869275E-04   6.7189825E-05   1.5302235E-04
   2.3188406E-01   3.7469605E+06   1.8814602E+06   5.6285628E+06   3.9258603E-04   3.2872927E-04   2.3554520E-04
   2.4637681E-01   3.7179019E+06   1.8953669E+06   5.6132242E+06   5.4785033E-05   1.1700345E-04   2.7912581E-05
   2.6086957E-01   3.6733812E+06   1.8957730E+06   5.5691541E+06   1.2681225E-04   1.6277187E-04   9.5874325E-05
   2.7536232E-01   3.6506158E+06   1.9194667E+06   5.5700825E+06   4.3453340E-05   2.1778202E-04   9.5845697E-05
   2.8985507E-01   3.6255806E+06   1.9160130E+06   5.5415936E+06   1.5595883E-04   7.1136498E-05   1.2139417E-04
   3.0434783E-01   3.6066101E+06   1.9196357E+06   5.5262097E+06   1.7956422E-04   2.7984531E-05   1.0749358E-04
   3.1884058E-01   3.5589514E+06   1.9024702E+06   5.4612494E+06   4.3947883E-04   1.2961676E-04   3.2878592E-04
   3.3333333E-01   3.5309541E+06   1.9105507E+06   5.4414060E+06   6.9900152E-05   2.7701660E-04   1.3277676E-04
   3.4782609E-01   3.4827157E+06   1.9006878E+06   5.3833403E+06   3.2048986E-04   1.4557332E-04   2.5627527E-04
   3.6231884E-01   3.4392456E+06   1.8865522E+06   5.3257371E+06   2.5204594E-04   9.8681365E-05   1.3447146E-04
   3.7681159E-01   3.4182668E+06   1.8679666E+06   5.2861460E+06   3.2349321E-04   2.5365718E-04   2.6814024E-04
   3.9130435E-01   3.3431062E+06   1.8466324E+06   5.1895140E+06   2.7197245E-04   9.8733826E-05   2.0319088E-04
   4.0579710E-01   3.3138531E+06   1.8209766E+06   5.1348026E+06   1.2350599E-04   6.2446522E-05   8.3842360E-05
   4.2028986E-01   3.2571181E+06   1.7963063E+06   5.0533198E+06   1.6524222E-04   3.0314626E-04   1.3061550E-04
   4.3478261E-01   3.2151525E+06   1.7696688E+06   4.9847960E+06   5.0363731E-05   1.8147266E-04   5.9818583E-05
   4.4927536E-01   3.1587354E+06   1.7419144E+06   4.9005276E+06   2.9548353E-04   2.1856641E-04   2.2210700E-04
   4.6376812E-01   3.0982432E+06   1.7170076E+06   4.8151798E+06   4.6355575E-04   2.0185468E-04   2.6062406E-04
   4.7826087E-01   3.0438742E+06   1.6704420E+06   4.7142243E+06   4.1156362E-04   3.8602727E-04   1.7364993E-04
   4.9275362E-01   2.9905193E+06   1.6370455E+06   4.6274756E+06   1.2398308E-04   2.2119109E-04   6.1857422E-05
   5.0724638E-01   2.9389359E+06   1.6128967E+06   4.5518542E+06   3.1936183E-04   1.4279936E-04   1.5544497E-04
   5.2173913E-01   2.8700750E+06   1.5714617E+06   4.4414315E+06   3.9167724E-04   1.0012336E-04   2.8782160E-04
   5.3623188E-01   2.8266855E+06   1.5296656E+06   4.3561872E+06   3.7007814E-04   1.7361457E-04   1.8437008E-04
   5.5072464E-01   2.7582413E+06   1.4923026E+06   4.2504840E+06   1.0873617E-04   1.1780772E-04   1.1010696E-04
   5.6521739E-01   2.7027690E+06   1.4561368E+06   4.1588475E+06   5.5187300E-04   1.6944423E-04   3.4852795E-04
   5.7971014E-01   2.6349914E+06   1.4020591E+06   4.0369180E+06   2.4989689E-04   1.6709151E-04   1.0616259E-04
   5.9420290E-01   2.5636080E+06   1.3547777E+06   3.9182194E+06   4.3445768E-04   9.2769434E-05   2.5147489E-04
   6.0869565E-01   2.5103997E+06   1.3142943E+06   3.8247120E+06   1.9849704E-04   8.8347002E-05   1.5984597E-04
   6.2318841E-01   2.4426787E+06   1.2881347E+06   3.7307078E+06   3.5893290E-04   1.7925592E-04   2.5156618E-04
   6.3768116E-01   2.3724047E+06   1.2385378E+06   3.6108908E+06   1.2200696E-04   2.7810027E-04   2.1459174E-05
   6.5217391E-01   2.3132354E+06   1.1898150E+06   3.5029157E+06   1.8701965E-04   1.0591274E-04   1.4732545E-04
   6.6666667E-01   2.2399026E+06   1.1466203E+06   3.3864241E+06   5.7756296E-05   9.5772619E-05   5.6862532E-05
   6.8115942E-01   2.1827331E+06   1.1121801E+06   3.2947197E+06   4.0158467E-04   3.0988009E-04   1.9729557E-04
   6.9565217E-01   2.1143379E+06   1.0484076E+06   3.1626824E+06   2.8816981E-04   1.8341299E-04   2.4938351E-04
   7.1014493E-01   2.0583994E+06   1.0081300E+06   3.0665140E+06   2.4760064E-04   1.0032253E-04   1.9966509E-04
   7.2463768E-01   1.9913169E+06   9.6744789E+05   2.9585980E+06   7.3406425E-04   7.2184679E-05   4.7643689E-04
   7.3913043E-01   1.9150086E+06   9.2382959E+05   2.8387342E+06   4.5019759E-04   2.1199342E-04   3.4169267E-04
   7.5362319E-01   1.8304295E+06   8.8148091E+05   2.7118667E+06   2.5559028E-04   1.8759180E-04   2.3079915E-04
   7.6811594E-01   1.7826542E+06   8.4371835E+05   2.6263153E+06   3.9064413E-04   2.1834216E-04   2.9949074E-04
   7.8260870E-01   1.7135794E+06   8.0503910E+05   2.5185624E+06   2.2681980E-04   2.0727495E-04   1.1511149E-04
   7.9710145E-01   1.6499785E+06   7.6017522E+05   2.4100711E+06   5.2169835E-04   1.6803176E-04   4.1102870E-04
   8.1159420E-01   1.5831826E+06   7.1300316E+05   2.2962128E+06   6.9382950E-04   1.0253434E-04   4.7614264E-04
   8.2608696E-01   1.5083081E+06   6.7478446E+05   2.1830660E+06   5.3090957E-04   2.5892413E-04   3.5103196E-04
   8.4057971E-01   1.4381320E+06   6.3391206E+05   2.0719787E+06   4.3396402E-04   2.3685817E-04   3.7180332E-04
   8.5507246E-01   1.3707200E+06   5.8883846E+05   1.9595713E+06   5.0645368E-04   2.7513064E-04   2.9051338E-04
   8.6956522E-01   1.2863717E+06   5.4903074E+05   1.8354277E+06   1.5605898E-04   5.1501748E-04   4.4971550E-05
   8.8405797E-01   1.2194095E+06   5.0993194E+05   1.7293787E+06   5.5945502E-04   4.3189167E-04   4.8392033E-04
   8.9855072E-01   1.1413103E+06   4.6184051E+05   1.6031142E+06   3.5744900E-04   2.6951713E-04   3.3079939E-04
   9.1304348E-01   1.0611561E+06   4.1829470E+05   1.4794027E+06   5.8200191E-04   4.8529049E-04   5.2059550E-04
   9.2753623E-01   9.7261423E+05   3.7480735E+05   1.3474097E+06   1.1142878E-04   4.0772154E-04   1.5615113E-04
   9.4202899E-01   8.6532364E+05   3.2832148E+05   1.1936335E+06   5.3449684E-04   4.8429709E-04   2.5332424E-04
   9.5652174E-01   7.3809293E+05   2.7500101E+05   1.0130710E+06   3.3098687E-04   3.4001511E-04   3.0641977E-04
   9.7101449E-01   5.7202334E+05   2.1584186E+05   7.8786520E+05   8.7105581E-04   6.0337007E-04   5.6180874E-04
   9.8550725E-01   3.7232729E+05   1.4878383E+05   5.2111112E+05   4.9903402E-04   2.5037992E-04   3.3189799E-04
   1.0000000E+00   1.7874926E+05   7.0379240E+04   2.4912850E+05   4.8158488E-03   1.3446227E-03   3.5300163E-03
