   0.0000000E+00   3.2370511E+06   1.4124212E+06   4.6494723E+06   4.9990947E-03   5.0259421E-06   3.4819833E-03
   1.4492754E-02   3.2893349E+06   1.5533602E+06   4.8426951E+06   1.5780385E-03   1.2095824E-04   1.1052720E-03
   2.8985507E-02   3.3707916E+06   1.5488138E+06   4.9196054E+06   4.1007174E-04   1.7432314E-05   2.8210699E-04
   4.3478261E-02   3.3428817E+06   1.5174940E+06   4.8603757E+06   9.1097988E-04   3.1980461E-06   6.2604125E-04
   5.7971014E-02   3.3402927E+06   1.5751451E+06   4.9154379E+06   8.0920794E-04   2.8590367E-07   5.4991096E-04
   7.2463768E-02   3.3735953E+06   1.5951873E+06   4.9687825E+06   1.8360859E-04   2.6009299E-05   1.3284835E-04
   8.6956522E-02   3.4254750E+06   1.6034971E+06   5.0288458E+06   2.1582609E-04   1.4108992E-05   1.4274301E-04
   1.0144928E-01   3.4354699E+06   1.6143039E+06   5.0497738E+06   7.0467683E-04   5.3657065E-05   4.6280976E-04
   1.1594203E-01   3.4904193E+06   1.6455199E+06   5.1358445E+06   4.4992701E-04   7.1811760E-05   3.1397432E-04
   1.3043478E-01   3.5005751E+06   1.6511924E+06   5.1516833E+06   4.2810214E-04   3.3052229E-05   2.9807763E-04
   1.4492754E-01   3.5384030E+06   1.6872523E+06   5.2257310E+06   6.2035677E-04   2.2049321E-05   4.1295280E-04
   1.5942029E-01   3.5969760E+06   1.7387301E+06   5.3357062E+06   9.8989405E-05   2.7434666E-06   6.5843807E-05
   1.7391304E-01   3.6463552E+06   1.7606012E+06   5.4065775E+06   3.5061035E-04   2.3785988E-05   2.2915459E-04
   1.8840580E-01   3.6898279E+06   1.7754353E+06   5.4651467E+06   3.7259374E-04   2.2338390E-05   2.4793818E-04
   2.0289855E-01   3.7001365E+06   1.8047664E+06   5.5046864E+06   2.0692162E-04   1.3276776E-05   1.4143741E-04
   2.1739130E-01   3.7546358E+06   1.8367032E+06   5.5912380E+06   1.0590984E-03   2.2753620E-05   7.1639583E-04
   2.3188406E-01   3.8054483E+06   1.8780504E+06   5.6831672E+06   4.8403635E-04   3.1094584E-05   3.1842079E-04
   2.4637681E-01   3.8259017E+06   1.9063764E+06   5.7323226E+06   4.2637567E-05   2.7112150E-05   3.2458475E-05
   2.6086957E-01   3.8223185E+06   1.9100858E+06   5.7322780E+06   1.6621180E-04   4.0995977E-05   1.1836869E-04
   2.7536232E-01   3.8501000E+06   1.9264857E+06   5.7767452E+06   2.5852576E-04   2.2609942E-05   1.7763343E-04
   2.8985507E-01   3.8673744E+06   1.9517782E+06   5.8190768E+06   1.9132901E-04   2.9212800E-05   1.2168569E-04
   3.0434783E-01   3.8724314E+06   1.9450018E+06   5.8171445E+06   1.5937461E-04   1.3643173E-05   1.0408175E-04
   3.1884058E-01   3.8519200E+06   1.9754540E+06   5.8272362E+06   4.2365032E-05   2.8601328E-06   2.8893236E-05
   3.3333333E-01   3.8365526E+06   1.9556195E+06   5.7919086E+06   2.5992194E-04   3.6071829E-05   1.8345539E-04
   3.4782609E-01   3.8354737E+06   1.9409425E+06   5.7762267E+06   2.3360719E-04   1.6023506E-05   1.5453701E-04
   3.6231884E-01   3.8097182E+06   1.9392907E+06   5.7488876E+06   3.6035148E-04   6.7192466E-06   2.4005467E-04
   3.7681159E-01   3.7595106E+06   1.9100210E+06   5.6693276E+06   1.7091263E-04   1.5120782E-05   1.1857113E-04
   3.9130435E-01   3.7474850E+06   1.8965307E+06   5.6439596E+06   1.2057459E-04   1.7418673E-05   8.4602668E-05
   4.0579710E-01   3.7119626E+06   1.8831922E+06   5.5949112E+06   1.3256592E-04   1.9718399E-05   8.4612263E-05
   4.2028986E-01   3.6597375E+06   1.8506281E+06   5.5101044E+06   1.4027606E-04   1.4952966E-05   8.9892503E-05
   4.3478261E-01   3.5953090E+06   1.8329903E+06   5.4281225E+06   7.2674744E-05   3.8237948E-06   4.6332125E-05
   4.4927536E-01   3.5219357E+06   1.7968137E+06   5.3185538E+06   1.5063891E-04   2.0745537E-05   9.3443153E-05
   4.6376812E-01   3.4943501E+06   1.7605538E+06   5.2546434E+06   1.3321193E-04   2.9028097E-05   8.4745549E-05
   4.7826087E-01   3.4153718E+06   1.7250679E+06   5.1401642E+06   3.4073570E-04   9.7566986E-06   2.2897025E-04
   4.9275362E-01   3.3579770E+06   1.6905774E+06   5.0484207E+06   9.1379351E-05   1.8692552E-05   5.5397257E-05
   5.0724638E-01   3.2712575E+06   1.6473412E+06   4.9183389E+06   1.6610481E-04   1.1629680E-05   1.1432742E-04
   5.2173913E-01   3.1788738E+06   1.6072647E+06   4.7860333E+06   9.1705971E-05   2.0248174E-05   5.4767933E-05
   5.3623188E-01   3.1042629E+06   1.5623916E+06   4.6664497E+06   1.2170425E-04   5.4825278E-06   8.1657953E-05
   5.5072464E-01   3.0324822E+06   1.5234894E+06   4.5558519E+06   2.4262873E-04   1.3340953E-05   1.6522052E-04
   5.6521739E-01   2.9430687E+06   1.4770037E+06   4.4198781E+06   2.0101632E-04   9.5716650E-06   1.3151140E-04
   5.7971014E-01   2.8650213E+06   1.4274054E+06   4.2922184E+06   4.5920272E-04   2.4179345E-05   3.0209939E-04
   5.9420290E-01   2.7590856E+06   1.3877670E+06   4.1465199E+06   2.5808955E-04   3.6026439E-06   1.7070782E-04
   6.0869565E-01   2.6719419E+06   1.3389568E+06   4.0107905E+06   1.5111633E-04   8.9869470E-06   9.7096215E-05
   6.2318841E-01   2.5769567E+06   1.2818261E+06   3.8586419E+06   1.1822154E-04   1.0551217E-05   7.5228491E-05
   6.3768116E-01   2.4977929E+06   1.2447547E+06   3.7424098E+06   5.5593443E-04   1.7579507E-05   3.6351220E-04
   6.5217391E-01   2.4064707E+06   1.1914652E+06   3.5978516E+06   3.3287798E-05   1.6638425E-05   1.9217996E-05
   6.6666667E-01   2.3193826E+06   1.1440506E+06   3.4632190E+06   4.0252288E-05   3.3075120E-05   1.7457838E-05
   6.8115942E-01   2.2238282E+06   1.0938332E+06   3.3174518E+06   2.1384173E-04   2.5566180E-05   1.4904901E-04
   6.9565217E-01   2.1274878E+06   1.0550852E+06   3.1824467E+06   2.7738353E-04   2.6797325E-05   1.8509092E-04
   7.1014493E-01   2.0404303E+06   1.0041403E+06   3.0444314E+06   4.5475865E-04   2.1636265E-05   3.0241065E-04
   7.2463768E-01   1.9478228E+06   9.6184064E+05   2.9095270E+06   3.1214498E-04   2.9201487E-05   2.1240034E-04
   7.3913043E-01   1.8630219E+06   9.1342929E+05   2.7763175E+06   2.7220757E-04   2.4321438E-05   1.8964779E-04
   7.5362319E-01   1.7632387E+06   8.7269408E+05   2.6358308E+06   2.6176905E-04   1.6824672E-05   1.7837058E-04
   7.6811594E-01   1.6959005E+06   8.3148019E+05   2.5273521E+06   3.1738945E-04   2.7178997E-06   2.1370399E-04
   7.8260870E-01   1.5901104E+06   7.8643245E+05   2.3764447E+06   2.5490520E-04   2.5158278E-05   1.7613914E-04
   7.9710145E-01   1.4957033E+06   7.3715380E+05   2.2328158E+06   1.2420773E-04   3.4155409E-05   8.6834621E-05
   8.1159420E-01   1.4040455E+06   7.0240838E+05   2.1063727E+06   3.9329839E-05   1.7104490E-05   1.9273104E-05
   8.2608696E-01   1.3064843E+06   6.5738310E+05   1.9638541E+06   4.9095025E-04   2.0098829E-05   3.2225744E-04
   8.4057971E-01   1.2202304E+06   6.1619670E+05   1.8364532E+06   8.8641319E-05   2.9356342E-05   5.6857160E-05
   8.5507246E-01   1.1119465E+06   5.6925289E+05   1.6811480E+06   4.4384744E-04   2.9400084E-05   3.0251723E-04
   8.6956522E-01   1.0168321E+06   5.3320668E+05   1.5500388E+06   1.9419429E-04   2.4126696E-05   1.2097667E-04
   8.8405797E-01   9.1954452E+05   4.9044196E+05   1.4099244E+06   7.8584113E-04   2.5653210E-05   5.1497316E-04
   8.9855072E-01   8.3420698E+05   4.4248156E+05   1.2766763E+06   3.6870375E-04   3.2035450E-05   2.4541721E-04
   9.1304348E-01   7.3932248E+05   4.0678432E+05   1.1461309E+06   1.5203665E-04   4.4314295E-05   1.1478118E-04
   9.2753623E-01   6.5284935E+05   3.5701237E+05   1.0098499E+06   4.7388014E-04   1.6867612E-05   2.9964602E-04
   9.4202899E-01   5.6963147E+05   3.0720977E+05   8.7682958E+05   8.4591364E-04   5.2099311E-05   5.3411341E-04
   9.5652174E-01   4.8503184E+05   2.5841117E+05   7.4345450E+05   9.7219678E-04   2.9563883E-05   6.2897708E-04
   9.7101449E-01   3.9343498E+05   2.0367283E+05   5.9707389E+05   1.1967790E-03   7.8263410E-05   7.9968957E-04
   9.8550725E-01   2.8840795E+05   1.3209133E+05   4.2048814E+05   1.0706289E-03   1.4537466E-04   7.4921662E-04
   1.0000000E+00   1.5688706E+05   5.9459078E+04   2.1634613E+05   2.3473551E-03   8.3476451E-05   1.6887729E-03
