   0.0000000E+00   3.8977975E+06   2.0186105E+06   5.9164080E+06   7.5119156E-03   3.2648851E-05   4.9445387E-03
   1.4492754E-02   4.0000920E+06   2.0216415E+06   6.0217334E+06   3.0184145E-03   5.7965313E-05   1.9983913E-03
   2.8985507E-02   4.0107003E+06   1.9780716E+06   5.9887719E+06   1.2422212E-03   9.0567004E-05   8.5333249E-04
   4.3478261E-02   4.0117106E+06   2.0193683E+06   6.0310788E+06   1.6353079E-03   1.0418555E-05   1.0845208E-03
   5.7971014E-02   4.0499131E+06   2.0089494E+06   6.0588625E+06   1.8174069E-03   2.3835880E-05   1.2213020E-03
   7.2463768E-02   4.0031229E+06   1.9781474E+06   5.9812703E+06   2.9015963E-03   2.2539738E-05   1.9494034E-03
   8.6956522E-02   3.9969347E+06   1.9912057E+06   5.9881404E+06   1.9567675E-03   1.9989861E-05   1.3123894E-03
   1.0144928E-01   3.9928393E+06   1.9983681E+06   5.9912075E+06   1.7190157E-03   3.3000332E-05   1.1504127E-03
   1.1594203E-01   4.0102267E+06   1.9416055E+06   5.9518322E+06   1.1740049E-03   4.1324923E-05   8.0443552E-04
   1.3043478E-01   3.9983239E+06   1.9636325E+06   5.9620406E+06   8.8215025E-04   2.0043872E-05   5.9800623E-04
   1.4492754E-01   3.9861496E+06   1.9663267E+06   5.9524763E+06   1.7808460E-04   1.3136619E-05   1.2328168E-04
   1.5942029E-01   3.9664071E+06   1.9570272E+06   5.9233654E+06   1.0878830E-03   2.7593857E-05   7.3881722E-04
   1.7391304E-01   3.9355580E+06   1.9546449E+06   5.8902030E+06   8.2918432E-04   1.1383768E-05   5.5097326E-04
   1.8840580E-01   3.9399976E+06   1.9412631E+06   5.8811441E+06   1.9098982E-03   2.8564184E-05   1.2797552E-03
   2.0289855E-01   3.9416921E+06   1.9612932E+06   5.9029853E+06   1.4717921E-03   9.2710648E-06   9.7975993E-04
   2.1739130E-01   3.9233080E+06   1.9572339E+06   5.8804913E+06   5.4129957E-04   8.3676387E-06   3.5743587E-04
   2.3188406E-01   3.8975134E+06   1.9440208E+06   5.8414868E+06   1.0606211E-03   1.2584822E-05   7.0601557E-04
   2.4637681E-01   3.8732825E+06   1.9189459E+06   5.7922284E+06   8.2898810E-04   2.9309530E-05   5.4577304E-04
   2.6086957E-01   3.8618050E+06   1.9067602E+06   5.7685231E+06   4.4844889E-04   2.5638773E-05   2.9376461E-04
   2.7536232E-01   3.8178363E+06   1.8899149E+06   5.7076316E+06   8.1191767E-04   2.7814638E-05   5.4858682E-04
   2.8985507E-01   3.7865996E+06   1.8868780E+06   5.6734776E+06   2.3679924E-04   1.8454448E-05   1.6256217E-04
   3.0434783E-01   3.7508688E+06   1.8829396E+06   5.6336640E+06   1.1809495E-03   1.4633962E-05   7.8446291E-04
   3.1884058E-01   3.7540686E+06   1.8459154E+06   5.5999152E+06   1.5720440E-03   6.7366565E-06   1.0562263E-03
   3.3333333E-01   3.6928462E+06   1.8269031E+06   5.5196835E+06   1.3991924E-03   1.6685803E-05   9.3772489E-04
   3.4782609E-01   3.6640042E+06   1.8003824E+06   5.4643234E+06   1.8324298E-03   7.0656263E-06   1.2294492E-03
   3.6231884E-01   3.6309530E+06   1.7885617E+06   5.4194540E+06   1.4610203E-04   2.1306327E-05   8.9832500E-05
   3.7681159E-01   3.5737485E+06   1.7769508E+06   5.3506410E+06   1.6117286E-03   6.8552745E-06   1.0797414E-03
   3.9130435E-01   3.5368903E+06   1.7626078E+06   5.2994981E+06   1.6037515E-03   1.5788920E-05   1.0678175E-03
   4.0579710E-01   3.4961971E+06   1.7241486E+06   5.2202916E+06   5.4298402E-04   3.5853502E-05   3.7318498E-04
   4.2028986E-01   3.4411174E+06   1.7060311E+06   5.1470440E+06   5.4180190E-04   1.3645771E-05   3.6952068E-04
   4.3478261E-01   3.3913516E+06   1.6859641E+06   5.0772904E+06   1.0896188E-03   8.6413929E-06   7.2554575E-04
   4.4927536E-01   3.3280284E+06   1.6429931E+06   4.9709237E+06   9.0570881E-04   2.5411505E-05   5.9926585E-04
   4.6376812E-01   3.2912766E+06   1.6166075E+06   4.9077658E+06   6.4543545E-04   1.8258682E-05   4.3576601E-04
   4.7826087E-01   3.2168218E+06   1.5875272E+06   4.8042802E+06   8.2855834E-04   5.2481554E-06   5.5692594E-04
   4.9275362E-01   3.1709943E+06   1.5683589E+06   4.7391972E+06   9.9570347E-04   7.0404719E-06   6.6788495E-04
   5.0724638E-01   3.0969348E+06   1.5387467E+06   4.6355083E+06   8.0043352E-04   1.3795094E-05   5.3953599E-04
   5.2173913E-01   3.0229905E+06   1.5022551E+06   4.5251193E+06   9.0445626E-04   2.2950218E-05   6.1132297E-04
   5.3623188E-01   2.9478619E+06   1.4652989E+06   4.4130175E+06   1.0167861E-03   2.0762537E-05   6.8028790E-04
   5.5072464E-01   2.8905062E+06   1.4298491E+06   4.3202158E+06   7.6037974E-04   2.1432654E-05   5.1590663E-04
   5.6521739E-01   2.8222194E+06   1.3983156E+06   4.2204768E+06   1.5734224E-03   1.3375668E-05   1.0547827E-03
   5.7971014E-01   2.7367934E+06   1.3642102E+06   4.1009467E+06   2.2918307E-03   1.9761056E-05   1.5352764E-03
   5.9420290E-01   2.6693215E+06   1.3291441E+06   3.9983547E+06   2.5386934E-03   1.3289123E-05   1.6921026E-03
   6.0869565E-01   2.5965110E+06   1.2824152E+06   3.8787819E+06   3.1420199E-03   3.0756621E-06   2.0943931E-03
   6.2318841E-01   2.5111746E+06   1.2456486E+06   3.7567880E+06   3.7319884E-03   8.5801528E-06   2.4927532E-03
   6.3768116E-01   2.4309398E+06   1.2146347E+06   3.6455573E+06   3.6660239E-03   2.0252679E-05   2.4484248E-03
   6.5217391E-01   2.3566116E+06   1.1591519E+06   3.5156962E+06   3.1257620E-03   1.6100403E-05   2.0988231E-03
   6.6666667E-01   2.2741160E+06   1.1270839E+06   3.4011505E+06   4.7559037E-03   3.6254705E-05   3.1906464E-03
   6.8115942E-01   2.1861832E+06   1.0964933E+06   3.2826282E+06   4.7759308E-03   2.9093698E-05   3.1893294E-03
   6.9565217E-01   2.1050083E+06   1.0454240E+06   3.1503218E+06   5.7275860E-03   3.2780411E-05   3.8387198E-03
   7.1014493E-01   2.0240075E+06   1.0111764E+06   3.0351684E+06   7.8437020E-03   2.4300975E-05   5.2372450E-03
   7.2463768E-01   1.9464740E+06   9.7269143E+05   2.9190593E+06   8.0730128E-03   3.6059831E-05   5.3909058E-03
   7.3913043E-01   1.8476592E+06   9.3363560E+05   2.7812354E+06   8.1380746E-03   1.8395408E-05   5.4126742E-03
   7.5362319E-01   1.7584737E+06   8.9334241E+05   2.6517432E+06   1.0019689E-02   2.0766151E-05   6.6519041E-03
   7.6811594E-01   1.6893096E+06   8.5010907E+05   2.5393472E+06   8.9664668E-03   2.1361085E-05   5.9721843E-03
   7.8260870E-01   1.5970844E+06   8.1065196E+05   2.4076943E+06   1.1507687E-02   2.5345378E-05   7.6412908E-03
   7.9710145E-01   1.5044931E+06   7.6783525E+05   2.2723283E+06   1.1201444E-02   5.5112499E-06   7.4185503E-03
   8.1159420E-01   1.4318652E+06   7.3267725E+05   2.1645290E+06   1.2880999E-02   1.3919403E-05   8.5232285E-03
   8.2608696E-01   1.3385751E+06   6.8688166E+05   2.0254302E+06   1.3821473E-02   4.0059097E-05   9.1455974E-03
   8.4057971E-01   1.2647409E+06   6.4970695E+05   1.9144217E+06   1.5990091E-02   3.0678574E-05   1.0571652E-02
   8.5507246E-01   1.1831994E+06   6.0091088E+05   1.7841103E+06   1.8348409E-02   2.6469712E-05   1.2172805E-02
   8.6956522E-01   1.0842202E+06   5.7127032E+05   1.6554526E+06   1.9229156E-02   4.8405327E-05   1.2607831E-02
   8.8405797E-01   1.0177522E+06   5.2645309E+05   1.5441804E+06   2.1910930E-02   3.2324413E-05   1.4450874E-02
   8.9855072E-01   9.2968180E+05   4.8819019E+05   1.4178598E+06   2.4127835E-02   4.1914726E-05   1.5831486E-02
   9.1304348E-01   8.5129912E+05   4.4969868E+05   1.3009617E+06   2.5882582E-02   2.9783408E-05   1.6946019E-02
   9.2753623E-01   7.7362548E+05   4.1056305E+05   1.1841530E+06   2.7917456E-02   8.9629935E-06   1.8242439E-02
   9.4202899E-01   6.8715060E+05   3.7327275E+05   1.0604233E+06   3.0046345E-02   3.8634627E-05   1.9483359E-02
   9.5652174E-01   6.0554642E+05   3.2288767E+05   9.2843409E+05   3.3273916E-02   2.8062384E-05   2.1709965E-02
   9.7101449E-01   5.1426571E+05   2.8148221E+05   7.9572530E+05   3.6104421E-02   5.0113288E-05   2.3359248E-02
   9.8550725E-01   4.0425252E+05   2.2218400E+05   6.2643652E+05   3.8612308E-02   4.9314707E-05   2.4933425E-02
   1.0000000E+00   2.7153781E+05   1.5364821E+05   4.2518602E+05   4.4004387E-02   9.3997714E-06   2.8099443E-02
