   0.0000000E+00   6.1503971E+07   3.2509935E+07   9.4007844E+07   1.7675890E-03   9.0068222E-04   1.2859885E-03
   1.4492754E-02   6.2914877E+07   3.3373755E+07   9.6287116E+07   2.5667127E-04   2.3999365E-04   9.0207763E-05
   2.8985507E-02   6.3499850E+07   3.3859085E+07   9.7350978E+07   2.9003178E-04   1.8115396E-04   1.5488202E-04
   4.3478261E-02   6.5176468E+07   3.5296132E+07   1.0046275E+08   4.6557169E-05   3.3577775E-05   2.7225980E-05
   5.7971014E-02   6.5290381E+07   3.5849091E+07   1.0112583E+08   1.0764331E-05   1.8879999E-04   6.9451045E-05
   7.2463768E-02   6.4044056E+07   3.5407974E+07   9.9435815E+07   5.8435734E-05   6.9415941E-06   3.8443720E-05
   8.6956522E-02   6.1661833E+07   3.3948750E+07   9.5592903E+07   3.6260982E-05   8.7573200E-05   4.0800806E-05
   1.0144928E-01   5.8186708E+07   3.2088741E+07   9.0259104E+07   5.8732068E-05   4.3773971E-05   5.2605211E-05
   1.1594203E-01   5.4529573E+07   3.0032799E+07   8.4545607E+07   1.0936921E-04   7.3662886E-05   9.1741263E-05
   1.3043478E-01   5.1082734E+07   2.8050065E+07   7.9117645E+07   4.7385572E-05   1.1050025E-04   6.4191715E-05
   1.4492754E-01   4.8074377E+07   2.6681803E+07   7.4738070E+07   3.1882255E-05   9.1234516E-05   3.5303225E-05
   1.5942029E-01   4.1870876E+07   2.2839561E+07   6.4695696E+07   1.0672074E-04   7.7037628E-05   4.5905477E-05
   1.7391304E-01   2.2483815E+07   1.0355735E+07   3.2836456E+07   2.9293297E-04   3.7437295E-04   3.1107503E-04
   1.8840580E-01   1.4520858E+07   5.6209490E+06   2.0140350E+07   6.2539071E-04   7.0740508E-04   6.4330972E-04
   2.0289855E-01   1.1745027E+07   4.3494627E+06   1.6093136E+07   7.3009909E-04   8.7351975E-04   7.7017555E-04
   2.1739130E-01   9.9156412E+06   3.5719707E+06   1.3486854E+07   8.1578555E-04   6.0690283E-04   7.5637802E-04
   2.3188406E-01   8.3559413E+06   3.0093512E+06   1.1364535E+07   1.2585448E-03   8.6941293E-04   1.1560767E-03
   2.4637681E-01   7.0903650E+06   2.5518343E+06   9.6415307E+06   1.0902581E-03   1.2295461E-03   1.1118766E-03
   2.6086957E-01   6.0293529E+06   2.1728099E+06   8.2018261E+06   6.4395871E-04   1.0859359E-03   7.6317530E-04
   2.7536232E-01   5.1231774E+06   1.8736037E+06   6.9965816E+06   1.6907608E-03   1.1618253E-03   1.5466468E-03
   2.8985507E-01   4.3294801E+06   1.6181088E+06   5.9474752E+06   2.0971517E-03   9.0626536E-04   1.7724417E-03
   3.0434783E-01   3.4820166E+06   1.3361784E+06   4.8180867E+06   1.9543341E-03   1.6546783E-03   1.8514550E-03
   3.1884058E-01   2.2386297E+06   8.2252317E+05   3.0611873E+06   3.9412133E-03   2.5588762E-03   3.5439749E-03
   3.3333333E-01   4.5332421E+05   1.3817164E+05   5.9149584E+05   2.9160077E-02   1.5185810E-02   2.5885500E-02
   3.4782609E-01   4.6253510E+04   9.9768663E+03   5.6230376E+04   1.6873022E-01   1.4576332E-01   1.6465524E-01
   3.6231884E-01   3.3067629E+04   6.9711775E+03   4.0038806E+04   1.8854114E-01   1.4247248E-01   1.8033105E-01
   3.7681159E-01   2.2411520E+04   4.6047075E+03   2.7016227E+04   1.9525577E-01   1.9140493E-01   1.9450021E-01
   3.9130435E-01   1.6277307E+04   3.2273970E+03   1.9504704E+04   2.1611213E-01   1.7344606E-01   2.0904037E-01
   4.0579710E-01   1.2150849E+04   2.3814581E+03   1.4532307E+04   2.1101583E-01   1.8884025E-01   2.0736222E-01
   4.2028986E-01   9.4063864E+03   1.6722465E+03   1.1078633E+04   2.0892981E-01   1.9419636E-01   2.0664048E-01
   4.3478261E-01   6.5165355E+03   1.3639260E+03   7.8804615E+03   2.0505236E-01   2.0355693E-01   2.0469580E-01
   4.4927536E-01   5.9396779E+03   9.0439540E+02   6.8440733E+03   2.2837247E-01   1.6429684E-01   2.1981559E-01
   4.6376812E-01   4.0491554E+03   8.0509523E+02   4.8542506E+03   2.2130293E-01   1.8683470E-01   2.1558410E-01
   4.7826087E-01   3.7657217E+03   5.9700466E+02   4.3627264E+03   2.0512913E-01   1.2318682E-01   1.9354807E-01
   4.9275362E-01   3.0086604E+03   5.7944570E+02   3.5881061E+03   1.7728477E-01   1.8371361E-01   1.7824942E-01
   5.0724638E-01   2.7495017E+03   6.9278783E+02   3.4422895E+03   1.6799694E-01   1.1524770E-01   1.5737945E-01
   5.2173913E-01   2.3994995E+03   5.2620603E+02   2.9257055E+03   1.4663245E-01   1.4652942E-01   1.4616966E-01
   5.3623188E-01   1.6383496E+03   2.4575244E+02   1.8841020E+03   1.3955265E-01   2.9082958E-02   1.2494978E-01
   5.5072464E-01   1.5154734E+03   1.7946395E+02   1.6949373E+03   9.0787500E-02   1.4947767E-01   9.6749812E-02
   5.6521739E-01   1.2628945E+03   1.5543317E+02   1.4183276E+03   1.2779009E-01   1.7171077E-01   1.3255063E-01
   5.7971014E-01   1.1744919E+03   5.6830251E+01   1.2313221E+03   8.7533320E-02   1.4211024E-01   8.9560150E-02
   5.9420290E-01   7.5773668E+02   1.4785106E+02   9.0558774E+02   1.3715136E-01   2.2485415E-01   1.5135392E-01
   6.0869565E-01   5.7732319E+02   5.4124049E+01   6.3144724E+02   1.2382751E-01   1.2601355E-01   1.2396176E-01
   6.2318841E-01   3.5243567E+02   3.5243567E+01   3.8767923E+02   1.2750946E-01   2.1427553E-01   1.3456908E-01
   6.3768116E-01   2.4109804E+02   3.4442577E+01   2.7554061E+02   7.6892239E-02   1.4007734E-01   8.3550438E-02
   6.5217391E-01   2.5257889E+02   8.4192965E+01   3.3677186E+02   1.0942547E-01   6.2732008E-06   8.2070657E-02
   6.6666667E-01   2.1414298E+02   3.2945073E+01   2.4708805E+02   1.2637099E-01   9.8510874E-06   1.0952234E-01
   6.8115942E-01   1.9346469E+02   1.6122057E+01   2.0958674E+02   2.0787637E-01   6.8682011E-06   1.9188535E-01
   6.9565217E-01   1.8943417E+02   1.5786181E+01   2.0522035E+02   1.8191454E-01   1.0025844E-05   1.6792038E-01
   7.1014493E-01   1.2371211E+02   0.0000000E+00   1.2371211E+02   1.1703948E-01   0.0000000E+00   1.1703948E-01
   7.2463768E-01   7.5773668E+01   0.0000000E+00   7.5773668E+01   6.1929074E-02   0.0000000E+00   6.1929074E-02
   7.3913043E-01   8.9145492E+01   0.0000000E+00   8.9145492E+01   7.0579226E-02   0.0000000E+00   7.0579226E-02
   7.5362319E-01   7.2859297E+01   1.4571859E+01   8.7431156E+01   7.8927326E-02   1.1334750E-06   6.5772933E-02
   7.6811594E-01   4.2890756E+01   1.4296919E+01   5.7187674E+01   3.1004333E-06   2.9799444E-05   9.7059296E-06
   7.8260870E-01   1.4032161E+01   0.0000000E+00   1.4032161E+01   1.0771429E-05   0.0000000E+00   1.0771429E-05
   7.9710145E-01   8.2662184E+01   0.0000000E+00   8.2662184E+01   6.3828559E-02   0.0000000E+00   6.3828559E-02
   8.1159420E-01   2.7062024E+01   0.0000000E+00   2.7062024E+01   1.5110703E-05   0.0000000E+00   1.5110703E-05
   8.2608696E-01   2.6587252E+01   0.0000000E+00   2.6587252E+01   7.9882785E-06   0.0000000E+00   7.9882785E-06
   8.4057971E-01   3.9193277E+01   0.0000000E+00   3.9193277E+01   1.1479870E-05   0.0000000E+00   1.1479870E-05
   8.5507246E-01   1.2842995E+01   1.2842995E+01   2.5685989E+01   9.0866789E-06   2.6483950E-08   4.5311028E-06
   8.6956522E-01   3.7886834E+01   0.0000000E+00   3.7886834E+01   1.3930840E-01   0.0000000E+00   1.3930840E-01
   8.8405797E-01   0.0000000E+00   1.2421913E+01   1.2421913E+01   0.0000000E+00   1.1046358E-04   1.1046358E-04
   8.9855072E-01   0.0000000E+00   0.0000000E+00   0.0000000E+00   0.0000000E+00   0.0000000E+00   0.0000000E+00
   9.1304348E-01   1.2027566E+01   0.0000000E+00   1.2027566E+01   4.1921518E-06   0.0000000E+00   4.1921518E-06
   9.2753623E-01   0.0000000E+00   0.0000000E+00   0.0000000E+00   0.0000000E+00   0.0000000E+00   0.0000000E+00
   9.4202899E-01   0.0000000E+00   0.0000000E+00   0.0000000E+00   0.0000000E+00   0.0000000E+00   0.0000000E+00
   9.5652174E-01   0.0000000E+00   0.0000000E+00   0.0000000E+00   0.0000000E+00   0.0000000E+00   0.0000000E+00
   9.7101449E-01   0.0000000E+00   1.1309503E+01   1.1309503E+01   0.0000000E+00   1.4473275E-05   1.4473275E-05
   9.8550725E-01   0.0000000E+00   0.0000000E+00   0.0000000E+00   0.0000000E+00   0.0000000E+00   0.0000000E+00
   1.0000000E+00   0.0000000E+00   0.0000000E+00   0.0000000E+00   0.0000000E+00   0.0000000E+00   0.0000000E+00
