   0.0000000E+00   6.4625846E+07   3.2552368E+07   9.7178214E+07   3.6098111E-04   6.7008932E-04   3.8822553E-04
   1.4492754E-02   6.7359003E+07   3.3867041E+07   1.0121998E+08   2.4021602E-04   3.3403209E-04   1.4101470E-04
   2.8985507E-02   7.1321587E+07   3.5479505E+07   1.0678859E+08   1.0368861E-04   1.1175649E-04   3.2372783E-05
   4.3478261E-02   7.5418037E+07   3.7667596E+07   1.1307401E+08   6.4124086E-05   1.3843721E-04   7.8693653E-05
   5.7971014E-02   7.8425936E+07   3.9297929E+07   1.1770587E+08   7.4326063E-05   2.2824129E-04   1.1080706E-04
   7.2463768E-02   7.8536831E+07   3.9310773E+07   1.1782427E+08   1.1937428E-04   1.4158239E-04   1.0370622E-04
   8.6956522E-02   7.6211261E+07   3.8329352E+07   1.1451738E+08   3.8762909E-05   2.3209187E-04   1.0245307E-04
   1.0144928E-01   7.2345018E+07   3.6228582E+07   1.0854784E+08   1.3387208E-04   6.0226652E-05   1.0841229E-04
   1.1594203E-01   6.7903436E+07   3.4048803E+07   1.0192704E+08   8.5021925E-05   9.3084007E-05   8.8106542E-05
   1.3043478E-01   6.4399704E+07   3.2299705E+07   9.6672046E+07   4.2772393E-05   1.7299826E-05   3.3510941E-05
   1.4492754E-01   6.2564651E+07   3.1269596E+07   9.3800376E+07   1.2260488E-04   1.3099691E-04   9.5935750E-05
   1.5942029E-01   5.3665185E+07   2.6876094E+07   8.0519235E+07   1.0199993E-04   9.2976741E-05   5.9502716E-05
   1.7391304E-01   1.6813293E+07   8.4420707E+06   2.5252522E+07   1.0074394E-03   1.0511881E-03   1.0197780E-03
   1.8840580E-01   4.3314560E+06   2.1685841E+06   6.4999819E+06   4.4214583E-03   4.5907378E-03   4.4733256E-03
   2.0289855E-01   2.6893699E+06   1.3521270E+06   4.0413886E+06   5.4795353E-03   5.7495630E-03   5.5699159E-03
   2.1739130E-01   2.2624502E+06   1.1217029E+06   3.3841531E+06   3.0003265E-03   2.4584361E-03   2.8069789E-03
   2.3188406E-01   2.1379067E+06   1.0600263E+06   3.1979330E+06   1.9672350E-03   1.3552306E-03   1.7643490E-03
   2.4637681E-01   2.1002232E+06   1.0434480E+06   3.1435375E+06   2.7157384E-03   1.3513372E-03   2.2447501E-03
   2.6086957E-01   2.1298715E+06   1.0554430E+06   3.1853145E+06   1.5276772E-03   1.5813885E-03   1.5438945E-03
   2.7536232E-01   2.1610251E+06   1.0916992E+06   3.2526844E+06   1.3647411E-03   1.1090153E-03   1.2318064E-03
   2.8985507E-01   2.1967923E+06   1.1019007E+06   3.2985793E+06   5.0267559E-04   1.0451228E-03   6.8378534E-04
   3.0434783E-01   1.9683112E+06   9.7556794E+05   2.9437709E+06   1.3006280E-03   1.1935530E-03   1.2639151E-03
   3.1884058E-01   1.1228624E+06   5.6234395E+05   1.6851375E+06   1.6938424E-03   1.5391098E-03   1.6395452E-03
   3.3333333E-01   1.1059661E+05   5.6830251E+04   1.6742686E+05   8.9921020E-03   5.7715213E-03   7.8743943E-03
   3.4782609E-01   5.9987487E+03   2.3047824E+03   8.3035312E+03   8.2662510E-02   6.8486764E-02   7.8561109E-02
   3.6231884E-01   5.5466325E+03   2.4853763E+03   8.0320089E+03   8.5867683E-02   7.6933456E-02   8.3049724E-02
   3.7681159E-01   5.8870312E+03   2.6812221E+03   8.5682533E+03   1.0148239E-01   9.9144385E-02   1.0060858E-01
   3.9130435E-01   5.8654432E+03   2.1890171E+03   8.0544603E+03   1.0856166E-01   9.9043967E-02   1.0578996E-01
   4.0579710E-01   6.3866378E+03   2.5708923E+03   8.9575301E+03   1.4561397E-01   1.0723506E-01   1.3454806E-01
   4.2028986E-01   5.3825433E+03   2.1948235E+03   7.5773668E+03   1.3901066E-01   1.3295785E-01   1.3714159E-01
   4.3478261E-01   5.3294147E+03   2.5005311E+03   7.8299457E+03   1.4397577E-01   1.4089005E-01   1.4298397E-01
   4.4927536E-01   4.7908513E+03   2.5176412E+03   7.3084925E+03   1.5509840E-01   1.2098324E-01   1.4296913E-01
   4.6376812E-01   4.2622688E+03   2.2968893E+03   6.5591582E+03   1.6569337E-01   1.9588991E-01   1.7616194E-01
   4.7826087E-01   4.2019943E+03   1.9058226E+03   6.1078169E+03   1.7049163E-01   1.5791236E-01   1.6656600E-01
   4.9275362E-01   3.9892608E+03   1.9389145E+03   5.9281752E+03   1.7897553E-01   1.8362094E-01   1.8040481E-01
   5.0724638E-01   4.0701285E+03   1.6020718E+03   5.6722003E+03   1.6992760E-01   1.7330577E-01   1.7078502E-01
   5.2173913E-01   3.6623940E+03   1.6628111E+03   5.3252050E+03   2.0663688E-01   1.5250310E-01   1.8972713E-01
   5.3623188E-01   3.0104674E+03   1.3721178E+03   4.3825851E+03   2.0644858E-01   1.7012700E-01   1.9503803E-01
   5.5072464E-01   3.0708276E+03   1.1964263E+03   4.2672540E+03   1.8600195E-01   1.7288709E-01   1.8231812E-01
   5.6521739E-01   2.6035055E+03   1.3017528E+03   3.9052583E+03   1.6915072E-01   1.9050459E-01   1.7576564E-01
   5.7971014E-01   2.4247574E+03   1.1744919E+03   3.5992492E+03   2.1820727E-01   2.0320602E-01   2.1320391E-01
   5.9420290E-01   2.1623218E+03   9.4255051E+02   3.1048723E+03   1.9565586E-01   1.8381297E-01   1.9202328E-01
   6.0869565E-01   1.6417628E+03   9.9227423E+02   2.6340370E+03   1.7897829E-01   1.7428985E-01   1.7711331E-01
   6.2318841E-01   1.8326655E+03   7.7535847E+02   2.6080239E+03   2.3232184E-01   2.2985135E-01   2.3139350E-01
   6.3768116E-01   1.7393501E+03   6.7163024E+02   2.4109804E+03   2.0664586E-01   1.9521826E-01   2.0337000E-01
   6.5217391E-01   1.3302488E+03   5.7251216E+02   1.9027610E+03   1.9206820E-01   1.9036747E-01   1.9153774E-01
   6.6666667E-01   1.3013304E+03   4.6123103E+02   1.7625614E+03   2.2887305E-01   1.5576439E-01   2.0966987E-01
   6.8115942E-01   1.3703749E+03   5.4814994E+02   1.9185248E+03   2.1921930E-01   2.3041293E-01   2.2233737E-01
   6.9565217E-01   9.9452940E+02   5.6830251E+02   1.5628319E+03   2.0960731E-01   2.4420476E-01   2.2217066E-01
   7.1014493E-01   1.0051609E+03   3.7113634E+02   1.3762972E+03   2.0053155E-01   2.5486665E-01   2.1493005E-01
   7.2463768E-01   7.8804615E+02   3.9402308E+02   1.1820692E+03   2.4651676E-01   2.5639544E-01   2.4979297E-01
   7.3913043E-01   7.7259427E+02   3.8629713E+02   1.1588914E+03   1.5455490E-01   1.5085720E-01   1.5317534E-01
   7.5362319E-01   6.8487739E+02   3.6429648E+02   1.0491739E+03   2.1321393E-01   2.4577167E-01   2.2451833E-01
   7.6811594E-01   7.5773668E+02   2.2875070E+02   9.8648738E+02   1.9627496E-01   2.0817352E-01   1.9903129E-01
   7.8260870E-01   4.9112563E+02   1.9645025E+02   6.8757588E+02   2.0946019E-01   1.6153294E-01   1.9575055E-01
   7.9710145E-01   4.4086498E+02   1.5154734E+02   5.9241232E+02   2.2363540E-01   2.7364346E-01   2.3642812E-01
   8.1159420E-01   5.2770948E+02   1.8943417E+02   7.1714365E+02   1.6034468E-01   1.8387767E-01   1.6580559E-01
   8.2608696E-01   3.4563428E+02   1.1964263E+02   4.6527691E+02   1.8244451E-01   1.5565250E-01   1.7545492E-01
   8.4057971E-01   4.0499719E+02   2.2209523E+02   6.2709243E+02   1.8886086E-01   2.3767598E-01   2.0589361E-01
   8.5507246E-01   3.3391786E+02   1.2842995E+02   4.6234781E+02   1.6032040E-01   2.4091475E-01   1.8211543E-01
   8.6956522E-01   2.9046573E+02   1.8943417E+02   4.7989990E+02   2.1489412E-01   1.7537390E-01   1.9920069E-01
   8.8405797E-01   3.4781356E+02   2.3601634E+02   5.8382990E+02   1.5620547E-01   1.5254582E-01   1.5453453E-01
   8.9855072E-01   3.1776054E+02   1.2221559E+02   4.3997614E+02   1.5744790E-01   1.9765873E-01   1.6827346E-01
   9.1304348E-01   2.2852376E+02   1.4433080E+02   3.7285456E+02   2.0435739E-01   1.3491936E-01   1.7725051E-01
   9.2753623E-01   1.8943417E+02   1.6575490E+02   3.5518907E+02   1.4951523E-01   8.6534826E-02   1.1937462E-01
   9.4202899E-01   2.2149226E+02   1.0491739E+02   3.2640965E+02   1.8389923E-01   1.3573544E-01   1.6803463E-01
   9.5652174E-01   2.0665546E+02   1.0332773E+02   3.0998319E+02   1.1119058E-01   4.7582355E-02   8.9839759E-02
   9.7101449E-01   1.3571403E+02   2.2619005E+01   1.5833304E+02   2.7346961E-01   2.6063404E-05   2.3440625E-01
   9.8550725E-01   7.8002306E+01   4.4572746E+01   1.2257505E+02   1.8184095E-01   1.0106567E-01   1.5228502E-01
   1.0000000E+00   0.0000000E+00   2.1884092E+01   2.1884092E+01   0.0000000E+00   4.2562701E-01   4.2562701E-01
