   0.0000000E+00   6.5322964E+07   3.3140372E+07   9.8463336E+07   1.4925084E-03   1.6831674E-03   9.7896582E-04
   1.4492754E-02   6.6508064E+07   3.3698824E+07   1.0020461E+08   2.6666585E-04   2.1512557E-04   2.4452296E-04
   2.8985507E-02   6.9360943E+07   3.5199521E+07   1.0455175E+08   2.1812368E-04   4.1774914E-04   9.8788635E-06
   4.3478261E-02   7.2692711E+07   3.6890663E+07   1.0957453E+08   3.7616179E-04   1.4089838E-04   2.6997400E-04
   5.7971014E-02   7.4612058E+07   3.7894790E+07   1.1249359E+08   1.6499881E-04   3.3133431E-04   2.1494055E-04
   7.2463768E-02   7.4808615E+07   3.7923509E+07   1.1271363E+08   1.8802996E-04   3.3237985E-04   2.0973966E-04
   8.6956522E-02   7.2560233E+07   3.6826761E+07   1.0936994E+08   2.1152563E-04   1.6713859E-04   1.9789238E-04
   1.0144928E-01   6.9393309E+07   3.5088404E+07   1.0446158E+08   1.9430790E-04   1.0191624E-04   1.5827766E-04
   1.1594203E-01   6.5369849E+07   3.3069239E+07   9.8419861E+07   6.5677892E-05   1.5269832E-04   8.4654896E-05
   1.3043478E-01   6.2014349E+07   3.1249229E+07   9.3245392E+07   2.9623730E-04   3.0670773E-04   2.9638399E-04
   1.4492754E-01   5.8956839E+07   2.9797768E+07   8.8732708E+07   6.5207678E-04   3.3141289E-04   5.2641713E-04
   1.5942029E-01   4.9747204E+07   2.5123724E+07   7.4854878E+07   2.1548304E-04   4.1438478E-04   2.5398093E-04
   1.7391304E-01   1.9574170E+07   9.6978298E+06   2.9269347E+07   2.6330830E-03   2.5484554E-03   2.6035915E-03
   1.8840580E-01   7.7047832E+06   3.6812014E+06   1.1385402E+07   1.0084530E-02   8.8867714E-03   9.6648644E-03
   2.0289855E-01   4.9734047E+06   2.3003803E+06   7.2734603E+06   9.9988840E-03   1.0283373E-02   1.0089516E-02
   2.1739130E-01   3.8943119E+06   1.7853792E+06   5.6795395E+06   7.3346043E-03   6.6819887E-03   7.1128095E-03
   2.3188406E-01   3.3660558E+06   1.5624057E+06   4.9284615E+06   5.3249416E-03   4.4105317E-03   4.9725300E-03
   2.4637681E-01   3.0482855E+06   1.4116189E+06   4.4597261E+06   3.7734165E-03   2.8693202E-03   3.4804247E-03
   2.6086957E-01   2.8606244E+06   1.3299542E+06   4.1903681E+06   2.7003525E-03   2.1705539E-03   2.4973423E-03
   2.7536232E-01   2.6971837E+06   1.2792988E+06   3.9763628E+06   2.3603880E-03   1.5830169E-03   2.0085755E-03
   2.8985507E-01   2.5008720E+06   1.2040436E+06   3.7048777E+06   1.8692874E-03   1.3259316E-03   1.6795145E-03
   3.0434783E-01   2.0780748E+06   1.0152589E+06   3.0931894E+06   2.2929414E-03   1.5754686E-03   2.0061374E-03
   3.1884058E-01   1.1940897E+06   5.7336557E+05   1.7674553E+06   5.6091937E-03   4.3784222E-03   5.2046851E-03
   3.3333333E-01   1.6334167E+05   7.4258195E+04   2.3759987E+05   2.0084109E-02   1.3302833E-02   1.7960149E-02
   3.4782609E-01   1.2376366E+04   5.1147226E+03   1.7491088E+04   5.1915429E-02   4.7062452E-02   4.9899025E-02
   3.6231884E-01   1.2517810E+04   3.8796118E+03   1.6397422E+04   7.1690369E-02   6.9487972E-02   7.1128698E-02
   3.7681159E-01   1.1016326E+04   3.9926895E+03   1.5009015E+04   7.8217740E-02   8.3727471E-02   7.9648026E-02
   3.9130435E-01   1.1029278E+04   4.2096482E+03   1.5238927E+04   8.7598353E-02   7.8952057E-02   8.5085200E-02
   4.0579710E-01   1.0716562E+04   4.2757999E+03   1.4992362E+04   8.3860382E-02   7.4896116E-02   8.0628359E-02
   4.2028986E-01   1.1235406E+04   4.1806162E+03   1.5416022E+04   9.0510044E-02   8.7933440E-02   8.9807163E-02
   4.3478261E-01   1.0380993E+04   4.2685833E+03   1.4649576E+04   9.7051202E-02   1.0201660E-01   9.8465491E-02
   4.4927536E-01   1.0461655E+04   4.0575577E+03   1.4519213E+04   1.0670005E-01   9.7566374E-02   1.0414700E-01
   4.6376812E-01   9.3533122E+03   3.7886834E+03   1.3141996E+04   1.1670682E-01   9.1908408E-02   1.0954963E-01
   4.7826087E-01   9.8046535E+03   3.2605639E+03   1.3065217E+04   1.1554882E-01   9.4236376E-02   1.1019652E-01
   4.9275362E-01   9.6277132E+03   3.6995379E+03   1.3327251E+04   1.2067136E-01   9.5931994E-02   1.1376275E-01
   5.0724638E-01   8.9412929E+03   3.4639391E+03   1.2405232E+04   1.1558791E-01   1.1984166E-01   1.1668852E-01
   5.2173913E-01   8.9875990E+03   3.7465869E+03   1.2734186E+04   1.1654945E-01   1.0180985E-01   1.1213546E-01
   5.3623188E-01   8.1098305E+03   3.0923848E+03   1.1202215E+04   1.4095484E-01   1.4280694E-01   1.4115325E-01
   5.5072464E-01   8.4946270E+03   3.1505894E+03   1.1645216E+04   1.4053427E-01   1.0087520E-01   1.2959556E-01
   5.6521739E-01   6.7224844E+03   3.0115176E+03   9.7340020E+03   1.3577237E-01   1.1535712E-01   1.2941342E-01
   5.7971014E-01   6.5923092E+03   2.7657389E+03   9.3580480E+03   1.2677239E-01   1.2553470E-01   1.2639742E-01
   5.9420290E-01   6.8381115E+03   2.9385398E+03   9.7766514E+03   1.3734597E-01   1.0513038E-01   1.2761819E-01
   6.0869565E-01   5.6289011E+03   1.8221763E+03   7.4510774E+03   1.3273636E-01   1.0713499E-01   1.2643797E-01
   6.2318841E-01   5.1279390E+03   2.1322358E+03   7.2601747E+03   1.3380749E-01   1.0079605E-01   1.2410493E-01
   6.3768116E-01   4.9769523E+03   2.1354397E+03   7.1123921E+03   1.2151945E-01   1.0382854E-01   1.1607534E-01
   6.5217391E-01   4.3106798E+03   1.4312804E+03   5.7419602E+03   1.2985735E-01   1.0498744E-01   1.2358988E-01
   6.6666667E-01   3.7722109E+03   1.5484184E+03   5.3206293E+03   1.2843319E-01   9.8610305E-02   1.1972733E-01
   6.8115942E-01   3.7886834E+03   1.5154734E+03   5.3041568E+03   1.1784369E-01   1.1737433E-01   1.1763094E-01
   6.9565217E-01   3.0151606E+03   1.2155359E+03   4.2306965E+03   1.3408997E-01   1.2268741E-01   1.3080525E-01
   7.1014493E-01   2.9845547E+03   1.2989772E+03   4.2835319E+03   1.3386904E-01   9.4787237E-02   1.2201393E-01
   7.2463768E-01   2.6672331E+03   9.3959349E+02   3.6068266E+03   1.1165154E-01   1.4670060E-01   1.2076498E-01
   7.3913043E-01   2.3772131E+03   7.5773668E+02   3.1349498E+03   1.2772729E-01   1.4823773E-01   1.3263264E-01
   7.5362319E-01   1.9234854E+03   6.1201809E+02   2.5355035E+03   1.5405119E-01   1.4471217E-01   1.5178194E-01
   7.6811594E-01   1.8443025E+03   6.2906442E+02   2.4733669E+03   1.4223217E-01   1.2232712E-01   1.3714806E-01
   7.8260870E-01   1.6277307E+03   6.4547940E+02   2.2732101E+03   1.2387146E-01   1.0214066E-01   1.1766778E-01
   7.9710145E-01   1.5430274E+03   4.9597310E+02   2.0390005E+03   1.4627877E-01   1.5700182E-01   1.4888079E-01
   8.1159420E-01   1.2854462E+03   4.1946138E+02   1.7049075E+03   1.5798770E-01   1.4320519E-01   1.5435053E-01
   8.2608696E-01   9.5714107E+02   3.0575340E+02   1.2628945E+03   2.0811088E-01   9.2547073E-02   1.8011964E-01
   8.4057971E-01   9.0144537E+02   3.9193277E+02   1.2933781E+03   1.5562877E-01   1.2725896E-01   1.4703169E-01
   8.5507246E-01   5.7793476E+02   2.1833091E+02   7.9626567E+02   1.7926858E-01   1.7105182E-01   1.7679926E-01
   8.6956522E-01   6.5670513E+02   1.6417628E+02   8.2088141E+02   1.8535141E-01   1.6618998E-01   1.8118065E-01
   8.8405797E-01   5.4656417E+02   1.3664104E+02   6.8320521E+02   1.8207500E-01   2.9716917E-01   2.0488421E-01
   8.9855072E-01   6.9662889E+02   1.7110183E+02   8.6773072E+02   2.4822994E-01   1.5228697E-01   2.2922653E-01
   9.1304348E-01   4.3299239E+02   1.4433080E+02   5.7732319E+02   2.5732078E-01   1.3584593E-01   2.2688956E-01
   9.2753623E-01   2.8415126E+02   1.3023599E+02   4.1438725E+02   2.5512884E-01   2.1305658E-01   2.4156106E-01
   9.4202899E-01   2.5646472E+02   1.2823236E+02   3.8469709E+02   2.1440544E-01   2.6428403E-01   2.3067687E-01
   9.5652174E-01   2.2961718E+02   6.8885153E+01   2.9850233E+02   2.8295711E-01   3.3900947E-01   2.9586768E-01
   9.7101449E-01   2.0357105E+02   2.2619005E+01   2.2619005E+02   2.6831131E-01   4.0324781E-01   2.8155117E-01
   9.8550725E-01   1.0028868E+02   3.3429560E+01   1.3371824E+02   3.7185242E-01   2.8012818E-01   3.4862310E-01
   1.0000000E+00   6.5652276E+01   4.3768184E+01   1.0942046E+02   4.1846880E-01   2.1340663E-01   3.3542057E-01
