   0.0000000E+00   5.4763146E+07   3.1952240E+07   8.6715386E+07   1.7125711E-03   3.7563687E-04   1.2069056E-03
   1.4492754E-02   5.5014714E+07   3.2452347E+07   8.7464788E+07   8.7891608E-04   3.0095306E-04   5.7540562E-04
   2.8985507E-02   5.6702952E+07   3.3669651E+07   9.0371087E+07   3.8483419E-04   1.3370175E-04   2.7267992E-04
   4.3478261E-02   5.9508850E+07   3.5240565E+07   9.4748153E+07   4.1662182E-04   9.2732770E-05   2.5499849E-04
   5.7971014E-02   6.1314158E+07   3.5949870E+07   9.7263081E+07   5.4656901E-04   2.4526386E-04   4.3077658E-04
   7.2463768E-02   6.2048178E+07   3.6065690E+07   9.8111594E+07   3.8356794E-04   1.3776610E-05   2.4899442E-04
   8.6956522E-02   6.1416200E+07   3.5172243E+07   9.6585033E+07   5.1902280E-04   2.8021381E-04   4.0669192E-04
   1.0144928E-01   5.9601294E+07   3.3551173E+07   9.3149112E+07   3.3883537E-04   6.9080212E-05   2.3248825E-04
   1.1594203E-01   5.7031146E+07   3.1670457E+07   8.8697815E+07   1.8400046E-04   1.0953371E-04   1.4289519E-04
   1.3043478E-01   5.4750938E+07   2.9989702E+07   8.4737441E+07   4.4982361E-04   2.0286210E-04   2.5011149E-04
   1.4492754E-01   5.2720515E+07   2.8765958E+07   8.1478744E+07   7.5518632E-04   7.7593598E-05   5.1479962E-04
   1.5942029E-01   4.5348543E+07   2.4313015E+07   6.9658389E+07   9.7349204E-04   2.4077788E-04   7.1034634E-04
   1.7391304E-01   2.2341992E+07   1.0094379E+07   3.2436308E+07   2.6101509E-03   1.1872248E-03   2.1619027E-03
   1.8840580E-01   1.2236049E+07   4.3255107E+06   1.6561326E+07   3.3239833E-03   1.9668920E-03   2.9561594E-03
   2.0289855E-01   9.7341019E+06   3.1410892E+06   1.2875083E+07   1.7225442E-03   1.7689003E-03   1.7304833E-03
   2.1739130E-01   8.4537146E+06   2.5833264E+06   1.1036940E+07   1.1236386E-03   1.6590226E-03   1.2364146E-03
   2.3188406E-01   7.5381066E+06   2.2608495E+06   9.7985772E+06   1.0066762E-03   2.1104314E-03   1.1717815E-03
   2.4637681E-01   6.7305292E+06   2.0277925E+06   8.7584109E+06   5.8024797E-04   1.3423065E-03   7.1528077E-04
   2.6086957E-01   6.0441288E+06   1.8398689E+06   7.8839134E+06   1.6435677E-03   1.5529713E-03   1.6171061E-03
   2.7536232E-01   5.4186149E+06   1.7097331E+06   7.1282683E+06   8.3865384E-04   7.2557090E-04   7.8767547E-04
   2.8985507E-01   4.6263992E+06   1.5288095E+06   6.1551709E+06   4.2451243E-04   8.0999881E-04   5.1467374E-04
   3.0434783E-01   3.5466768E+06   1.2199921E+06   4.7667411E+06   1.2432816E-03   4.2702887E-04   1.0161603E-03
   3.1884058E-01   1.8068231E+06   6.5933424E+05   2.4661918E+06   4.3091380E-03   7.0939151E-04   3.3243490E-03
   3.3333333E-01   3.2697985E+05   9.0566006E+04   4.1754586E+05   2.3338568E-02   2.9318205E-03   1.8908984E-02
   3.4782609E-01   8.1330404E+04   1.2029070E+04   9.3359474E+04   6.7262900E-02   1.2633648E-02   6.0222695E-02
   3.6231884E-01   8.5108984E+04   1.2214715E+04   9.7323700E+04   7.8024030E-02   9.5816123E-03   6.9423715E-02
   3.7681159E-01   8.2855592E+04   1.1220332E+04   9.4075924E+04   9.3261049E-02   1.7954873E-02   8.4279058E-02
   3.9130435E-01   8.0909439E+04   1.0552185E+04   9.1461624E+04   9.4560812E-02   1.7695132E-02   8.5690736E-02
   4.0579710E-01   7.7613886E+04   1.1041306E+04   8.8655192E+04   9.7851927E-02   1.0293429E-02   8.6946120E-02
   4.2028986E-01   7.2089500E+04   9.1189691E+03   8.1208469E+04   1.0216325E-01   1.7280716E-02   9.2629426E-02
   4.3478261E-01   6.3220497E+04   8.1077825E+03   7.1328280E+04   9.9564350E-02   1.7958345E-02   9.0288099E-02
   4.4927536E-01   5.1110561E+04   6.5996421E+03   5.7710204E+04   1.0538043E-01   2.2128929E-02   9.5855023E-02
   4.6376812E-01   4.1107215E+04   5.6119873E+03   4.6719202E+04   9.5053636E-02   1.1350865E-02   8.4994088E-02
   4.7826087E-01   3.6853557E+04   4.3627264E+03   4.1216283E+04   8.7820834E-02   9.7384315E-03   7.9548879E-02
   4.9275362E-01   3.1178636E+04   3.3429560E+03   3.4521592E+04   8.6426111E-02   6.5570728E-03   7.8678804E-02
   5.0724638E-01   2.4485720E+04   2.1000131E+03   2.6585733E+04   9.1548443E-02   7.3032674E-03   8.4892234E-02
   5.2173913E-01   2.0058974E+04   1.9574864E+03   2.2016460E+04   9.4295773E-02   1.5505057E-02   8.7289836E-02
   5.3623188E-01   1.8165201E+04   2.1093751E+03   2.0274576E+04   9.6655516E-02   2.4631038E-02   8.9160882E-02
   5.5072464E-01   1.3798784E+04   1.6749969E+03   1.5473781E+04   9.1901923E-02   1.1678602E-02   8.3059690E-02
   5.6521739E-01   1.1774062E+04   8.9374070E+02   1.2667803E+04   9.1335053E-02   1.9533834E-05   8.4891908E-02
   5.7971014E-01   9.1307270E+03   7.1984985E+02   9.8505769E+03   9.9579038E-02   4.1428431E-04   9.2272288E-02
   5.9420290E-01   8.3351035E+03   7.3925530E+02   9.0743588E+03   1.0094049E-01   9.6203706E-03   9.3499685E-02
   6.0869565E-01   6.5850926E+03   6.3144724E+02   7.2165398E+03   9.0413689E-02   1.4257107E-05   8.2501593E-02
   6.2318841E-01   4.9164776E+03   4.9340993E+02   5.4098875E+03   8.5175511E-02   3.0328018E-02   8.0173104E-02
   6.3768116E-01   3.8747899E+03   3.9608963E+02   4.2708795E+03   1.0912601E-01   3.0509412E-06   9.9005170E-02
   6.5217391E-01   2.9467538E+03   1.5154734E+02   3.0983011E+03   1.2392575E-01   4.7530048E-02   1.1974741E-01
   6.6666667E-01   2.5367706E+03   9.8835220E+01   2.6356059E+03   1.2428716E-01   7.1403887E-02   1.2227965E-01
   6.8115942E-01   1.6283278E+03   4.8366171E+01   1.6766939E+03   1.4338009E-01   1.3025823E-01   1.4296722E-01
   6.9565217E-01   1.5312595E+03   7.8930905E+01   1.6101905E+03   1.6373601E-01   1.2897583E-05   1.5571016E-01
   7.1014493E-01   9.5876887E+02   1.0824810E+02   1.0670170E+03   1.6543333E-01   6.1013851E-02   1.5469275E-01
   7.2463768E-01   9.2443875E+02   0.0000000E+00   9.2443875E+02   1.9736706E-01   0.0000000E+00   1.9736706E-01
   7.3913043E-01   5.3487295E+02   1.4857582E+01   5.4973054E+02   1.7880135E-01   1.4245873E-05   1.7396926E-01
   7.5362319E-01   5.1001508E+02   5.8287437E+01   5.6830251E+02   1.6322611E-01   1.7165711E-05   1.4648672E-01
   7.6811594E-01   4.4320448E+02   2.8593837E+01   4.7179831E+02   1.9757289E-01   5.2859476E-06   1.8559909E-01
   7.8260870E-01   2.1048241E+02   0.0000000E+00   2.1048241E+02   2.2061468E-01   0.0000000E+00   2.2061468E-01
   7.9710145E-01   3.3064873E+02   1.3777031E+01   3.4442577E+02   2.8405981E-01   1.2959994E-05   2.7269784E-01
   8.1159420E-01   1.3531012E+02   0.0000000E+00   1.3531012E+02   3.2315866E-01   0.0000000E+00   3.2315866E-01
   8.2608696E-01   1.0634901E+02   0.0000000E+00   1.0634901E+02   3.4872833E-01   0.0000000E+00   3.4872833E-01
   8.4057971E-01   9.1450979E+01   0.0000000E+00   9.1450979E+01   3.2556893E-01   0.0000000E+00   3.2556893E-01
   8.5507246E-01   1.1558695E+02   1.2842995E+01   1.2842995E+02   3.8897950E-01   2.8615042E-06   3.5008128E-01
   8.6956522E-01   8.8402613E+01   0.0000000E+00   8.8402613E+01   1.7230726E-01   0.0000000E+00   1.7230726E-01
   8.8405797E-01   8.6953390E+01   0.0000000E+00   8.6953390E+01   1.5570584E-01   0.0000000E+00   1.5570584E-01
   8.9855072E-01   9.7772475E+01   0.0000000E+00   9.7772475E+01   1.9182646E-01   0.0000000E+00   1.9182646E-01
   9.1304348E-01   1.4433080E+02   0.0000000E+00   1.4433080E+02   1.3755873E-01   0.0000000E+00   1.3755873E-01
   9.2753623E-01   5.9198178E+01   0.0000000E+00   5.9198178E+01   2.4402421E-01   0.0000000E+00   2.4402421E-01
   9.4202899E-01   2.3314975E+01   0.0000000E+00   2.3314975E+01   2.0478518E-01   0.0000000E+00   2.0478518E-01
   9.5652174E-01   2.2961718E+01   0.0000000E+00   2.2961718E+01   1.2917569E-03   0.0000000E+00   1.2917569E-03
   9.7101449E-01   3.3928508E+01   0.0000000E+00   3.3928508E+01   2.7829172E-01   0.0000000E+00   2.7829172E-01
   9.8550725E-01   1.1143187E+01   0.0000000E+00   1.1143187E+01   1.2550106E-05   0.0000000E+00   1.2550106E-05
   1.0000000E+00   6.5652276E+01   0.0000000E+00   6.5652276E+01   1.3979312E-01   0.0000000E+00   1.3979312E-01
