   0.0000000E+00   6.1825252E+07   3.4740711E+07   9.6565963E+07   5.9301462E-04   1.6379956E-04   4.3046569E-04
   1.4492754E-02   6.1573683E+07   3.5468896E+07   9.7038033E+07   2.3447913E-04   1.4030264E-04   1.7334652E-04
   2.8985507E-02   6.2540934E+07   3.6822972E+07   9.9358223E+07   6.0884501E-05   5.6572694E-05   5.6227700E-05
   4.3478261E-02   6.1419862E+07   3.8494286E+07   9.9908592E+07   1.0841768E-04   1.0858442E-05   6.5368085E-05
   5.7971014E-02   5.8270330E+07   3.9659938E+07   9.7920607E+07   1.8416534E-04   2.4504952E-05   1.0822503E-04
   7.2463768E-02   5.4773451E+07   4.0018499E+07   9.4779523E+07   9.4444702E-05   6.7682070E-06   5.6430662E-05
   8.6956522E-02   5.0993784E+07   3.8874544E+07   8.9858225E+07   6.2830334E-05   2.7068555E-05   4.7276346E-05
   1.0144928E-01   4.7354105E+07   3.6943019E+07   8.4283809E+07   8.1792389E-05   8.2639990E-06   4.4685928E-05
   1.1594203E-01   4.3573080E+07   3.4742511E+07   7.8303846E+07   5.5833573E-05   3.5116303E-05   4.4969149E-05
   1.3043478E-01   3.9683007E+07   3.2843928E+07   7.2516495E+07   9.0818583E-05   2.0798667E-05   5.9032259E-05
   1.4492754E-01   3.5913157E+07   3.1690139E+07   6.7591931E+07   1.0390939E-04   3.5702583E-05   6.2369713E-05
   1.5942029E-01   3.1901541E+07   2.5627550E+07   5.7521101E+07   1.4826299E-04   7.6360914E-05   1.1204767E-04
   1.7391304E-01   2.7644381E+07   9.5512709E+06   3.7191863E+07   1.0740049E-04   4.5553075E-04   1.9137438E-04
   1.8840580E-01   2.3929849E+07   2.0637250E+06   2.5991825E+07   1.2385485E-04   2.4029701E-03   3.0447454E-04
   2.0289855E-01   2.0732542E+07   9.8202674E+05   2.1713973E+07   1.6639478E-04   3.8592004E-03   3.2188036E-04
   2.1739130E-01   1.7625713E+07   8.1875975E+05   1.8444018E+07   2.4100711E-04   4.2004349E-03   3.9045121E-04
   2.3188406E-01   1.4556785E+07   7.9841767E+05   1.5354492E+07   1.5796533E-04   2.8391577E-03   2.1061969E-04
   2.4637681E-01   1.1773133E+07   8.2401636E+05   1.2596882E+07   1.8037846E-04   2.5649973E-03   2.2690858E-04
   2.6086957E-01   9.0709079E+06   8.7691183E+05   9.9473988E+06   1.3513048E-04   1.6355450E-03   1.6207668E-04
   2.7536232E-01   6.7023804E+06   9.4617383E+05   7.6484346E+06   1.9505762E-04   1.2273747E-03   3.0714394E-04
   2.8985507E-01   4.5677504E+06   9.8232984E+05   5.5499666E+06   5.0800786E-04   7.5903061E-04   3.1118507E-04
   3.0434783E-01   2.8602395E+06   8.7193843E+05   3.7321418E+06   1.4493652E-03   5.7286690E-04   1.0005332E-03
   3.1884058E-01   1.3754299E+06   4.5130108E+05   1.8267309E+06   3.2782285E-03   2.5332901E-04   2.4128184E-03
   3.3333333E-01   2.0867409E+05   6.1047221E+04   2.6972131E+05   1.2448795E-02   3.9352378E-04   9.7124713E-03
   3.4782609E-01   9.7242874E+03   2.8415126E+02   1.0008439E+04   1.9402487E-02   1.7771930E-05   1.8851139E-02
   3.6231884E-01   7.1833438E+03   1.2123787E+02   7.3045816E+03   1.1658191E-02   3.8753930E-05   1.1464575E-02
   3.7681159E-01   5.7121688E+03   0.0000000E+00   5.7121688E+03   1.3781770E-03   0.0000000E+00   1.3781770E-03
   3.9130435E-01   3.9570694E+03   0.0000000E+00   3.9570694E+03   4.7678496E-03   0.0000000E+00   4.7678496E-03
   4.0579710E-01   3.4639391E+03   0.0000000E+00   3.4639391E+03   3.2791242E-03   0.0000000E+00   3.2791242E-03
   4.2028986E-01   2.1686946E+03   0.0000000E+00   2.1686946E+03   1.8590460E-05   0.0000000E+00   1.8590460E-05
   4.3478261E-01   1.9195996E+03   0.0000000E+00   1.9195996E+03   6.9242974E-06   0.0000000E+00   6.9242974E-06
   4.4927536E-01   1.6621321E+03   0.0000000E+00   1.6621321E+03   2.5866369E-05   0.0000000E+00   2.5866369E-05
   4.6376812E-01   9.4717086E+02   0.0000000E+00   9.4717086E+02   1.0507513E-05   0.0000000E+00   1.0507513E-05
   4.7826087E-01   5.9700466E+02   0.0000000E+00   5.9700466E+02   7.2278435E-06   0.0000000E+00   7.2278435E-06
   4.9275362E-01   6.0173207E+02   0.0000000E+00   6.0173207E+02   6.7323955E-06   0.0000000E+00   6.7323955E-06
   5.0724638E-01   2.3814581E+02   0.0000000E+00   2.3814581E+02   1.7593640E-03   0.0000000E+00   1.7593640E-03
   5.2173913E-01   2.1048241E+02   0.0000000E+00   2.1048241E+02   1.4405851E-05   0.0000000E+00   1.4405851E-05
   5.3623188E-01   6.1438110E+01   0.0000000E+00   6.1438110E+01   2.4177962E-05   0.0000000E+00   2.4177962E-05
   5.5072464E-01   3.9880878E+01   0.0000000E+00   3.9880878E+01   6.9697288E-05   0.0000000E+00   6.9697288E-05
   5.6521739E-01   0.0000000E+00   0.0000000E+00   0.0000000E+00   0.0000000E+00   0.0000000E+00   0.0000000E+00
   5.7971014E-01   1.8943417E+01   0.0000000E+00   1.8943417E+01   5.7781469E-06   0.0000000E+00   5.7781469E-06
   5.9420290E-01   1.8481383E+01   0.0000000E+00   1.8481383E+01   3.8101912E-05   0.0000000E+00   3.8101912E-05
   6.0869565E-01   0.0000000E+00   0.0000000E+00   0.0000000E+00   0.0000000E+00   0.0000000E+00   0.0000000E+00
   6.2318841E-01   0.0000000E+00   0.0000000E+00   0.0000000E+00   0.0000000E+00   0.0000000E+00   0.0000000E+00
   6.3768116E-01   0.0000000E+00   0.0000000E+00   0.0000000E+00   0.0000000E+00   0.0000000E+00   0.0000000E+00
   6.5217391E-01   0.0000000E+00   0.0000000E+00   0.0000000E+00   0.0000000E+00   0.0000000E+00   0.0000000E+00
   6.6666667E-01   0.0000000E+00   0.0000000E+00   0.0000000E+00   0.0000000E+00   0.0000000E+00   0.0000000E+00
   6.8115942E-01   0.0000000E+00   0.0000000E+00   0.0000000E+00   0.0000000E+00   0.0000000E+00   0.0000000E+00
   6.9565217E-01   0.0000000E+00   0.0000000E+00   0.0000000E+00   0.0000000E+00   0.0000000E+00   0.0000000E+00
   7.1014493E-01   0.0000000E+00   0.0000000E+00   0.0000000E+00   0.0000000E+00   0.0000000E+00   0.0000000E+00
   7.2463768E-01   0.0000000E+00   0.0000000E+00   0.0000000E+00   0.0000000E+00   0.0000000E+00   0.0000000E+00
   7.3913043E-01   0.0000000E+00   0.0000000E+00   0.0000000E+00   0.0000000E+00   0.0000000E+00   0.0000000E+00
   7.5362319E-01   0.0000000E+00   0.0000000E+00   0.0000000E+00   0.0000000E+00   0.0000000E+00   0.0000000E+00
   7.6811594E-01   0.0000000E+00   0.0000000E+00   0.0000000E+00   0.0000000E+00   0.0000000E+00   0.0000000E+00
   7.8260870E-01   0.0000000E+00   0.0000000E+00   0.0000000E+00   0.0000000E+00   0.0000000E+00   0.0000000E+00
   7.9710145E-01   0.0000000E+00   0.0000000E+00   0.0000000E+00   0.0000000E+00   0.0000000E+00   0.0000000E+00
   8.1159420E-01   0.0000000E+00   0.0000000E+00   0.0000000E+00   0.0000000E+00   0.0000000E+00   0.0000000E+00
   8.2608696E-01   0.0000000E+00   0.0000000E+00   0.0000000E+00   0.0000000E+00   0.0000000E+00   0.0000000E+00
   8.4057971E-01   0.0000000E+00   0.0000000E+00   0.0000000E+00   0.0000000E+00   0.0000000E+00   0.0000000E+00
   8.5507246E-01   0.0000000E+00   0.0000000E+00   0.0000000E+00   0.0000000E+00   0.0000000E+00   0.0000000E+00
   8.6956522E-01   0.0000000E+00   0.0000000E+00   0.0000000E+00   0.0000000E+00   0.0000000E+00   0.0000000E+00
   8.8405797E-01   0.0000000E+00   0.0000000E+00   0.0000000E+00   0.0000000E+00   0.0000000E+00   0.0000000E+00
   8.9855072E-01   0.0000000E+00   0.0000000E+00   0.0000000E+00   0.0000000E+00   0.0000000E+00   0.0000000E+00
   9.1304348E-01   0.0000000E+00   0.0000000E+00   0.0000000E+00   0.0000000E+00   0.0000000E+00   0.0000000E+00
   9.2753623E-01   0.0000000E+00   0.0000000E+00   0.0000000E+00   0.0000000E+00   0.0000000E+00   0.0000000E+00
   9.4202899E-01   0.0000000E+00   0.0000000E+00   0.0000000E+00   0.0000000E+00   0.0000000E+00   0.0000000E+00
   9.5652174E-01   0.0000000E+00   0.0000000E+00   0.0000000E+00   0.0000000E+00   0.0000000E+00   0.0000000E+00
   9.7101449E-01   0.0000000E+00   0.0000000E+00   0.0000000E+00   0.0000000E+00   0.0000000E+00   0.0000000E+00
   9.8550725E-01   0.0000000E+00   0.0000000E+00   0.0000000E+00   0.0000000E+00   0.0000000E+00   0.0000000E+00
   1.0000000E+00   0.0000000E+00   0.0000000E+00   0.0000000E+00   0.0000000E+00   0.0000000E+00   0.0000000E+00
