   0.0000000E+00   5.8763995E+07   3.0527696E+07   8.9291691E+07   1.1253471E-03   2.1429559E-03   7.7172321E-04
   1.4492754E-02   5.9402010E+07   3.1196777E+07   9.0594240E+07   9.5427580E-05   3.3261436E-04   1.0873436E-04
   2.8985507E-02   6.1775620E+07   3.2412187E+07   9.4183260E+07   2.2631842E-04   2.6695003E-04   2.3348411E-04
   4.3478261E-02   6.4452830E+07   3.4212822E+07   9.8658832E+07   1.0986181E-04   2.1590587E-04   1.2152313E-04
   5.7971014E-02   6.6627597E+07   3.5036229E+07   1.0165132E+08   2.6755494E-04   1.7807044E-04   2.1313319E-04
   7.2463768E-02   6.6942702E+07   3.5298557E+07   1.0222550E+08   1.3096187E-04   1.0365863E-04   8.2515600E-05
   8.6956522E-02   6.5463019E+07   3.4303371E+07   9.9750857E+07   3.0611717E-05   6.8341526E-05   4.0144924E-05
   1.0144928E-01   6.2818969E+07   3.2882958E+07   9.5685581E+07   1.3930265E-04   4.4436540E-05   8.8769805E-05
   1.1594203E-01   5.9744222E+07   3.1159080E+07   9.0885874E+07   5.7459476E-05   1.9024616E-04   7.8269398E-05
   1.3043478E-01   5.7287503E+07   2.9753710E+07   8.7021512E+07   7.9350746E-05   2.7240855E-04   1.3385853E-04
   1.4492754E-01   5.5794198E+07   2.8761032E+07   8.4534923E+07   4.0915102E-04   2.6696547E-04   3.4773310E-04
   1.5942029E-01   4.8225256E+07   2.4613147E+07   7.2822353E+07   4.9809152E-04   6.6057498E-04   5.5235409E-04
   1.7391304E-01   2.1510692E+07   1.0312039E+07   3.1819321E+07   1.9534586E-03   1.6015289E-03   1.8253898E-03
   1.8840580E-01   1.0293678E+07   4.4878995E+06   1.4780936E+07   5.0164825E-03   4.2446402E-03   4.7712104E-03
   2.0289855E-01   7.6845325E+06   3.2277959E+06   1.0912112E+07   3.6008438E-03   3.9185862E-03   3.6969997E-03
   2.1739130E-01   6.6332774E+06   2.7339645E+06   9.3672924E+06   2.0123567E-03   1.7586603E-03   1.9311818E-03
   2.3188406E-01   5.9804841E+06   2.4321453E+06   8.4123453E+06   1.2645265E-03   2.4238672E-03   1.6018625E-03
   2.4637681E-01   5.4607408E+06   2.2385770E+06   7.6991396E+06   1.5000320E-03   1.9243463E-03   1.6192508E-03
   2.6086957E-01   4.9895277E+06   2.0524140E+06   7.0416470E+06   1.6014701E-03   1.8035373E-03   1.5693905E-03
   2.7536232E-01   4.4241055E+06   1.8622376E+06   6.2861835E+06   6.8968372E-04   1.4724192E-03   8.9516068E-04
   2.8985507E-01   3.7772795E+06   1.6298916E+06   5.4070574E+06   1.7022124E-03   4.2655805E-04   1.2535381E-03
   3.0434783E-01   2.8477910E+06   1.2642295E+06   4.1119844E+06   2.1685371E-03   7.0282676E-04   1.6757911E-03
   3.1884058E-01   1.5371722E+06   6.9260577E+05   2.2297091E+06   5.2150650E-03   3.3053200E-03   4.6219820E-03
   3.3333333E-01   2.5268871E+05   1.0380993E+05   3.5649864E+05   1.7800872E-02   1.0806231E-02   1.5755497E-02
   3.4782609E-01   3.0120033E+04   1.1302906E+04   4.1422939E+04   5.4393484E-02   5.9133826E-02   5.5632601E-02
   3.6231884E-01   3.0642872E+04   9.9111958E+03   4.0554067E+04   6.7592895E-02   5.2719830E-02   6.3952263E-02
   3.7681159E-01   3.1125491E+04   9.7631457E+03   4.0888637E+04   7.8011192E-02   6.3000574E-02   7.4426409E-02
   3.9130435E-01   3.0365596E+04   9.1209045E+03   3.9486501E+04   8.9456111E-02   6.0710197E-02   8.2776521E-02
   4.0579710E-01   3.1473134E+04   9.8776389E+03   4.1350773E+04   8.9819956E-02   7.3218567E-02   8.5851365E-02
   4.2028986E-01   2.8088515E+04   9.0928402E+03   3.7181355E+04   9.9148842E-02   8.9713932E-02   9.6797902E-02
   4.3478261E-01   2.7632131E+04   8.9665508E+03   3.6598682E+04   1.0608209E-01   8.5470136E-02   1.0103019E-01
   4.4927536E-01   2.4589778E+04   7.4551512E+03   3.2044929E+04   1.1314619E-01   9.1346172E-02   1.0807429E-01
   4.6376812E-01   2.2826818E+04   7.6957632E+03   3.0522581E+04   1.2277266E-01   1.0159599E-01   1.1742928E-01
   4.7826087E-01   1.9609307E+04   7.2329411E+03   2.6842248E+04   1.2671586E-01   1.1605934E-01   1.2383397E-01
   4.9275362E-01   1.6558775E+04   5.7721706E+03   2.2330946E+04   1.3393594E-01   1.0635434E-01   1.2677727E-01
   5.0724638E-01   1.4202150E+04   4.8928140E+03   1.9094964E+04   1.3505051E-01   1.1204264E-01   1.2914570E-01
   5.2173913E-01   1.1913305E+04   3.9991658E+03   1.5912470E+04   1.5109368E-01   1.0000414E-01   1.3819425E-01
   5.3623188E-01   1.0608314E+04   3.0104674E+03   1.3618781E+04   1.3961930E-01   1.1713808E-01   1.3430005E-01
   5.5072464E-01   8.6740910E+03   3.1505894E+03   1.1824680E+04   1.5576900E-01   1.2506722E-01   1.4758534E-01
   5.6521739E-01   7.7910874E+03   2.0012020E+03   9.7922895E+03   1.7373255E-01   1.3225997E-01   1.6521081E-01
   5.7971014E-01   5.7398554E+03   1.3449826E+03   7.0848380E+03   1.7363772E-01   1.4064474E-01   1.6735678E-01
   5.9420290E-01   4.7866781E+03   1.1643271E+03   5.9510052E+03   1.5830532E-01   1.7892287E-01   1.6222222E-01
   6.0869565E-01   4.2036345E+03   1.1005223E+03   5.3041568E+03   2.1341512E-01   1.7072046E-01   2.0451435E-01
   6.2318841E-01   3.4714913E+03   7.9298025E+02   4.2644716E+03   2.1091832E-01   1.6832939E-01   2.0295428E-01
   6.3768116E-01   3.1687170E+03   7.7495797E+02   3.9436750E+03   2.3432614E-01   2.3304552E-01   2.3403381E-01
   6.5217391E-01   2.0374698E+03   5.0515779E+02   2.5426275E+03   2.3692306E-01   2.2566001E-01   2.3439568E-01
   6.6666667E-01   2.1743748E+03   5.4359371E+02   2.7179685E+03   2.5846339E-01   2.1872141E-01   2.5049852E-01
   6.8115942E-01   1.4348631E+03   3.2244114E+02   1.7573042E+03   2.4101916E-01   2.1161976E-01   2.3562477E-01
   6.9565217E-01   1.3418254E+03   6.3144724E+02   1.9732726E+03   2.9416343E-01   2.7895763E-01   2.8913147E-01
   7.1014493E-01   1.1907291E+03   2.7835225E+02   1.4690813E+03   2.9331442E-01   3.1243817E-01   2.9686718E-01
   7.2463768E-01   1.0608314E+03   1.3639260E+02   1.1972240E+03   3.2106716E-01   2.0554520E-01   3.0787727E-01
   7.3913043E-01   8.6173976E+02   2.0800615E+02   1.0697459E+03   3.1690572E-01   3.0998470E-01   3.1553894E-01
   7.5362319E-01   8.8888342E+02   1.7486231E+02   1.0637457E+03   2.9990890E-01   3.0599228E-01   3.0071731E-01
   7.6811594E-01   6.0047058E+02   3.1453221E+02   9.1500279E+02   3.4666983E-01   2.9392760E-01   3.2844535E-01
   7.8260870E-01   5.4725427E+02   7.0160804E+01   6.1741508E+02   3.1275102E-01   3.7228826E-01   3.1950508E-01
   7.9710145E-01   5.3730419E+02   1.1021624E+02   6.4752044E+02   3.4980106E-01   3.8507829E-01   3.5531515E-01
   8.1159420E-01   5.9536454E+02   8.1186073E+01   6.7655061E+02   3.4582302E-01   3.8812310E-01   3.5079996E-01
   8.2608696E-01   4.3868966E+02   1.0634901E+02   5.4503867E+02   3.4421349E-01   2.5608685E-01   3.2697564E-01
   8.4057971E-01   2.8741736E+02   5.2257702E+01   3.3967507E+02   3.7211655E-01   3.6668377E-01   3.7047417E-01
   8.5507246E-01   3.3391786E+02   8.9900963E+01   4.2381882E+02   3.7419042E-01   3.6868551E-01   3.7300259E-01
   8.6956522E-01   3.5361045E+02   7.5773668E+01   4.2938412E+02   3.7962598E-01   2.4643331E-01   3.5217662E-01
   8.8405797E-01   3.1054782E+02   6.2109564E+01   3.7265739E+02   3.7610306E-01   3.1981935E-01   3.6619974E-01
   8.9855072E-01   1.9554495E+02   3.6664678E+01   2.3220963E+02   3.2673618E-01   3.7847308E-01   3.3490477E-01
   9.1304348E-01   2.2852376E+02   6.0137832E+01   2.8866159E+02   3.7351884E-01   3.2610707E-01   3.6352978E-01
   9.2753623E-01   2.2495308E+02   0.0000000E+00   2.2495308E+02   3.4558549E-01   0.0000000E+00   3.4558549E-01
   9.4202899E-01   1.6320482E+02   2.3314975E+01   1.8651980E+02   3.9131191E-01   4.2544302E-01   3.9475298E-01
   9.5652174E-01   8.0366012E+01   2.2961718E+01   1.0332773E+02   4.0704899E-01   3.9839551E-01   4.0454354E-01
   9.7101449E-01   9.0476022E+01   0.0000000E+00   9.0476022E+01   3.5066820E-01   0.0000000E+00   3.5066820E-01
   9.8550725E-01   5.5715933E+01   1.1143187E+01   6.6859119E+01   4.1560212E-01   4.2292716E-01   4.1459383E-01
   1.0000000E+00   2.1884092E+01   0.0000000E+00   2.1884092E+01   4.1976167E-01   0.0000000E+00   4.1976167E-01
