   0.0000000E+00   6.4286380E+07   3.5498448E+07   9.9784828E+07   9.7054478E-04   2.3737280E-04   7.0570416E-04
   1.4492754E-02   6.3971162E+07   3.6119792E+07   1.0008717E+08   5.1031482E-05   7.9356221E-05   3.9940202E-06
   2.8985507E-02   6.4403829E+07   3.7052945E+07   1.0144579E+08   3.5220135E-05   5.3784072E-05   3.7309559E-05
   4.3478261E-02   6.3086631E+07   3.8023479E+07   1.0110001E+08   1.8587334E-04   2.0593998E-05   1.1076268E-04
   5.7971014E-02   6.0627270E+07   3.9066630E+07   9.9683102E+07   3.9384287E-05   4.0107883E-05   2.7948371E-05
   7.2463768E-02   5.7800457E+07   3.8696400E+07   9.6484431E+07   6.1452863E-05   5.3549750E-05   5.4116593E-05
   8.6956522E-02   5.4309261E+07   3.7615312E+07   9.1912702E+07   7.4726388E-05   1.2761793E-05   4.8666633E-05
   1.0144928E-01   5.0714992E+07   3.5553438E+07   8.6251543E+07   1.7698655E-04   2.3172528E-05   9.7988694E-05
   1.1594203E-01   4.6572202E+07   3.3502570E+07   8.0062363E+07   2.2775420E-05   1.0495932E-05   9.5970009E-06
   1.3043478E-01   4.2689201E+07   3.1410122E+07   7.4086862E+07   1.2252128E-04   4.1525133E-05   7.4915670E-05
   1.4492754E-01   3.8396791E+07   2.9638567E+07   6.8020052E+07   9.7951149E-05   7.9544060E-05   8.1806143E-05
   1.5942029E-01   3.3328084E+07   2.4345804E+07   5.7665966E+07   4.2029801E-05   5.7174650E-05   4.5848920E-05
   1.7391304E-01   2.7544928E+07   1.0112249E+07   3.7652315E+07   2.4863682E-04   3.1510967E-04   2.5682195E-04
   1.8840580E-01   2.2833171E+07   3.7554596E+06   2.6586241E+07   1.7552866E-04   1.2197918E-03   3.1978609E-04
   2.0289855E-01   1.9130795E+07   2.3050350E+06   2.1434206E+07   2.3779030E-04   1.5023384E-03   3.7339985E-04
   2.1739130E-01   1.5800982E+07   1.7029879E+06   1.7503364E+07   1.8708822E-04   1.5885084E-03   3.2222015E-04
   2.3188406E-01   1.2875414E+07   1.3738240E+06   1.4248528E+07   1.9306249E-04   1.8477014E-03   3.5207719E-04
   2.4637681E-01   1.0234259E+07   1.1897357E+06   1.1423415E+07   1.5269561E-04   1.8558971E-03   3.2547585E-04
   2.6086957E-01   7.9021833E+06   1.1016649E+06   9.0034273E+06   3.4505792E-04   1.3567974E-03   4.6868510E-04
   2.7536232E-01   5.8815123E+06   1.0471123E+06   6.9284651E+06   2.0206770E-04   1.1822631E-03   3.0359896E-04
   2.8985507E-01   4.1041292E+06   9.9157422E+05   5.0956277E+06   4.6073699E-04   1.0156362E-03   5.1933751E-04
   3.0434783E-01   2.6470268E+06   8.4180937E+05   3.4886919E+06   6.7463152E-04   4.3059776E-04   4.4661286E-04
   3.1884058E-01   1.3275202E+06   4.6600806E+05   1.7935283E+06   1.6441874E-03   1.5256407E-04   1.1964276E-03
   3.3333333E-01   2.1443948E+05   5.7390318E+04   2.7182980E+05   1.1247534E-02   8.1364415E-04   9.0282916E-03
   3.4782609E-01   1.5249451E+04   1.2944668E+03   1.6543918E+04   4.1261119E-02   3.8093676E-06   3.8032488E-02
   3.6231884E-01   1.3790808E+04   1.0002124E+03   1.4791020E+04   5.1256747E-02   1.6819393E-05   4.7790735E-02
   3.7681159E-01   1.0346020E+04   5.2458694E+02   1.0870607E+04   5.8591065E-02   4.8852342E-06   5.5763380E-02
   3.9130435E-01   7.0722091E+03   3.3677186E+02   7.4089809E+03   5.8959315E-02   8.9850568E-06   5.6279740E-02
   4.0579710E-01   4.0593037E+03   2.4355822E+02   4.3028619E+03   6.7286702E-02   1.7797347E-05   6.3477576E-02
   4.2028986E-01   3.0309467E+03   1.3064426E+02   3.1615910E+03   4.5554980E-02   1.7852669E-05   4.3672954E-02
   4.3478261E-01   1.7175365E+03   7.5773668E+01   1.7933102E+03   3.1017328E-02   3.7209769E-06   2.9706586E-02
   4.4927536E-01   1.3443715E+03   4.8886238E+01   1.3932578E+03   4.7515823E-02   6.9909618E-06   4.5848803E-02
   4.6376812E-01   1.2786807E+03   4.7358543E+01   1.3260392E+03   4.4591045E-02   4.8165885E-05   4.3000171E-02
   4.7826087E-01   8.0366012E+02   0.0000000E+00   8.0366012E+02   2.8688145E-02   0.0000000E+00   2.8688145E-02
   4.9275362E-01   5.1258658E+02   4.4572746E+01   5.5715933E+02   3.2556374E-02   7.0569882E-06   2.9952323E-02
   5.0724638E-01   3.6804353E+02   0.0000000E+00   3.6804353E+02   8.2983726E-02   0.0000000E+00   8.2983726E-02
   5.2173913E-01   2.7362714E+02   0.0000000E+00   2.7362714E+02   3.1155064E-02   0.0000000E+00   3.1155064E-02
   5.3623188E-01   1.4335559E+02   0.0000000E+00   1.4335559E+02   7.5556250E-06   0.0000000E+00   7.5556250E-06
   5.5072464E-01   3.9880878E+01   0.0000000E+00   3.9880878E+01   1.4132117E-05   0.0000000E+00   1.4132117E-05
   5.6521739E-01   1.7486231E+02   0.0000000E+00   1.7486231E+02   9.8965009E-04   0.0000000E+00   9.8965009E-04
   5.7971014E-01   1.3260392E+02   0.0000000E+00   1.3260392E+02   7.7257831E-05   0.0000000E+00   7.7257831E-05
   5.9420290E-01   9.2406913E+01   0.0000000E+00   9.2406913E+01   1.8352829E-06   0.0000000E+00   1.8352829E-06
   6.0869565E-01   1.2628945E+02   0.0000000E+00   1.2628945E+02   3.5205696E-06   0.0000000E+00   3.5205696E-06
   6.2318841E-01   5.2865350E+01   0.0000000E+00   5.2865350E+01   2.2390360E-06   0.0000000E+00   2.2390360E-06
   6.3768116E-01   1.7221288E+01   0.0000000E+00   1.7221288E+01   4.3798204E-06   0.0000000E+00   4.3798204E-06
   6.5217391E-01   1.6838593E+01   0.0000000E+00   1.6838593E+01   8.2714472E-05   0.0000000E+00   8.2714472E-05
   6.6666667E-01   0.0000000E+00   0.0000000E+00   0.0000000E+00   0.0000000E+00   0.0000000E+00   0.0000000E+00
   6.8115942E-01   3.2244114E+01   0.0000000E+00   3.2244114E+01   4.9008924E-06   0.0000000E+00   4.9008924E-06
   6.9565217E-01   0.0000000E+00   0.0000000E+00   0.0000000E+00   0.0000000E+00   0.0000000E+00   0.0000000E+00
   7.1014493E-01   3.0928028E+01   0.0000000E+00   3.0928028E+01   8.8996149E-06   0.0000000E+00   8.8996149E-06
   7.2463768E-01   0.0000000E+00   0.0000000E+00   0.0000000E+00   0.0000000E+00   0.0000000E+00   0.0000000E+00
   7.3913043E-01   0.0000000E+00   0.0000000E+00   0.0000000E+00   0.0000000E+00   0.0000000E+00   0.0000000E+00
   7.5362319E-01   0.0000000E+00   0.0000000E+00   0.0000000E+00   0.0000000E+00   0.0000000E+00   0.0000000E+00
   7.6811594E-01   0.0000000E+00   0.0000000E+00   0.0000000E+00   0.0000000E+00   0.0000000E+00   0.0000000E+00
   7.8260870E-01   0.0000000E+00   0.0000000E+00   0.0000000E+00   0.0000000E+00   0.0000000E+00   0.0000000E+00
   7.9710145E-01   0.0000000E+00   0.0000000E+00   0.0000000E+00   0.0000000E+00   0.0000000E+00   0.0000000E+00
   8.1159420E-01   0.0000000E+00   0.0000000E+00   0.0000000E+00   0.0000000E+00   0.0000000E+00   0.0000000E+00
   8.2608696E-01   0.0000000E+00   0.0000000E+00   0.0000000E+00   0.0000000E+00   0.0000000E+00   0.0000000E+00
   8.4057971E-01   0.0000000E+00   0.0000000E+00   0.0000000E+00   0.0000000E+00   0.0000000E+00   0.0000000E+00
   8.5507246E-01   0.0000000E+00   0.0000000E+00   0.0000000E+00   0.0000000E+00   0.0000000E+00   0.0000000E+00
   8.6956522E-01   0.0000000E+00   0.0000000E+00   0.0000000E+00   0.0000000E+00   0.0000000E+00   0.0000000E+00
   8.8405797E-01   0.0000000E+00   0.0000000E+00   0.0000000E+00   0.0000000E+00   0.0000000E+00   0.0000000E+00
   8.9855072E-01   0.0000000E+00   0.0000000E+00   0.0000000E+00   0.0000000E+00   0.0000000E+00   0.0000000E+00
   9.1304348E-01   0.0000000E+00   0.0000000E+00   0.0000000E+00   0.0000000E+00   0.0000000E+00   0.0000000E+00
   9.2753623E-01   0.0000000E+00   0.0000000E+00   0.0000000E+00   0.0000000E+00   0.0000000E+00   0.0000000E+00
   9.4202899E-01   0.0000000E+00   0.0000000E+00   0.0000000E+00   0.0000000E+00   0.0000000E+00   0.0000000E+00
   9.5652174E-01   0.0000000E+00   0.0000000E+00   0.0000000E+00   0.0000000E+00   0.0000000E+00   0.0000000E+00
   9.7101449E-01   0.0000000E+00   0.0000000E+00   0.0000000E+00   0.0000000E+00   0.0000000E+00   0.0000000E+00
   9.8550725E-01   0.0000000E+00   0.0000000E+00   0.0000000E+00   0.0000000E+00   0.0000000E+00   0.0000000E+00
   1.0000000E+00   0.0000000E+00   0.0000000E+00   0.0000000E+00   0.0000000E+00   0.0000000E+00   0.0000000E+00
