   0.0000000E+00   6.6032206E+07   3.3219176E+07   9.9245320E+07   1.5347089E-03   2.9903170E-03   2.3647560E-04
   1.4492754E-02   6.7152898E+07   3.3960243E+07   1.0111314E+08   7.4514973E-04   4.8865947E-04   3.8221650E-04
   2.8985507E-02   6.9547346E+07   3.5103667E+07   1.0464647E+08   4.2348316E-04   5.5488339E-04   3.0396662E-04
   4.3478261E-02   7.2649267E+07   3.7114195E+07   1.0975639E+08   1.4190624E-04   2.1031560E-04   1.5876828E-04
   5.7971014E-02   7.4880107E+07   3.8202242E+07   1.1307042E+08   9.0943017E-05   2.0516212E-04   1.3014089E-04
   7.2463768E-02   7.4635396E+07   3.8012922E+07   1.1263498E+08   3.2774638E-04   1.8948007E-04   2.5404751E-04
   8.6956522E-02   7.2444552E+07   3.7141474E+07   1.0957314E+08   5.1490868E-04   1.8572723E-04   4.0124442E-04
   1.0144928E-01   6.9207122E+07   3.5111353E+07   1.0430202E+08   2.5162506E-04   1.6328117E-04   2.1780074E-04
   1.1594203E-01   6.5326847E+07   3.3209326E+07   9.8520734E+07   2.9075119E-04   2.0791480E-04   1.2415743E-04
   1.3043478E-01   6.1810097E+07   3.1383180E+07   9.3178543E+07   3.1244655E-04   1.2062424E-04   2.2761150E-04
   1.4492754E-01   5.8874928E+07   2.9881270E+07   8.8735209E+07   6.0451315E-04   4.1452383E-04   5.0657235E-04
   1.5942029E-01   4.9772554E+07   2.5217615E+07   7.4977494E+07   3.9898955E-04   1.6566940E-04   3.1107233E-04
   1.7391304E-01   1.9694902E+07   9.6320330E+06   2.9324662E+07   3.8227814E-03   2.0034253E-03   3.2213501E-03
   1.8840580E-01   7.7567756E+06   3.5473151E+06   1.1303566E+07   1.2892945E-02   7.2088343E-03   1.1108771E-02
   2.0289855E-01   5.0021446E+06   2.2267175E+06   7.2286456E+06   1.4040560E-02   8.1563832E-03   1.2230110E-02
   2.1739130E-01   3.9339163E+06   1.7240530E+06   5.6579188E+06   9.3737427E-03   7.0648281E-03   8.6589916E-03
   2.3188406E-01   3.4011958E+06   1.4815647E+06   4.8826184E+06   7.3812170E-03   3.9838402E-03   6.3294177E-03
   2.4637681E-01   3.0784167E+06   1.3728406E+06   4.4511236E+06   4.6957875E-03   3.0853661E-03   4.1948421E-03
   2.6086957E-01   2.8640763E+06   1.2776282E+06   4.1417045E+06   3.8319047E-03   3.2953036E-03   3.6655022E-03
   2.7536232E-01   2.6667147E+06   1.2390590E+06   3.9058136E+06   2.6985772E-03   1.2651209E-03   2.2032135E-03
   2.8985507E-01   2.4922717E+06   1.1755906E+06   3.6678623E+06   2.6884742E-03   6.5323523E-04   2.0340311E-03
   3.0434783E-01   2.0637139E+06   9.9815571E+05   3.0618696E+06   4.1075419E-03   1.1633257E-03   3.1226912E-03
   3.1884058E-01   1.1786594E+06   5.7071349E+05   1.7493729E+06   7.5537216E-03   2.4046668E-03   5.8738893E-03
   3.3333333E-01   1.5961888E+05   7.4488811E+04   2.3410769E+05   2.4957527E-02   1.0841340E-02   2.0456169E-02
   3.4782609E-01   1.4775865E+04   5.3673015E+03   2.0143167E+04   7.4131284E-02   3.6801771E-02   6.4176542E-02
   3.6231884E-01   1.4578854E+04   3.4855887E+03   1.8064443E+04   8.1268778E-02   4.2080114E-02   7.3670655E-02
   3.7681159E-01   1.3493542E+04   4.4589889E+03   1.7952531E+04   1.0364531E-01   3.6063186E-02   8.6832917E-02
   3.9130435E-01   1.4537319E+04   4.7709347E+03   1.9308253E+04   1.1120945E-01   4.4521086E-02   9.4680372E-02
   4.0579710E-01   1.3639260E+04   3.9781176E+03   1.7617378E+04   1.1906161E-01   5.1567683E-02   1.0382101E-01
   4.2028986E-01   1.3508616E+04   3.8409411E+03   1.7349557E+04   1.4023973E-01   6.0900048E-02   1.2235749E-01
   4.3478261E-01   1.3386681E+04   4.3190991E+03   1.7705781E+04   1.3296540E-01   6.9784466E-02   1.1745058E-01
   4.4927536E-01   1.2417104E+04   3.6175816E+03   1.6034686E+04   1.4484209E-01   9.2027551E-02   1.3291352E-01
   4.6376812E-01   1.2289542E+04   3.4571736E+03   1.5746715E+04   1.5563348E-01   6.1994732E-02   1.3500246E-01
   4.7826087E-01   1.1664553E+04   3.0539085E+03   1.4718461E+04   1.7145217E-01   8.6674470E-02   1.5385264E-01
   4.9275362E-01   1.2614087E+04   3.3429560E+03   1.5957043E+04   1.7782143E-01   7.9338538E-02   1.5702710E-01
   5.0724638E-01   1.0976357E+04   3.1391948E+03   1.4115552E+04   1.7532207E-01   9.9441097E-02   1.5838863E-01
   5.2173913E-01   1.0545169E+04   2.9257055E+03   1.3470874E+04   1.9293072E-01   8.8229317E-02   1.7018974E-01
   5.3623188E-01   9.5229070E+03   2.6418387E+03   1.2164746E+04   1.9224491E-01   7.4739705E-02   1.6672601E-01
   5.5072464E-01   8.7937336E+03   2.8315423E+03   1.1625276E+04   1.9696194E-01   9.3193219E-02   1.7161121E-01
   5.6521739E-01   9.0928402E+03   2.2537809E+03   1.1346621E+04   1.9145138E-01   8.6325253E-02   1.7022152E-01
   5.7971014E-01   7.6910273E+03   2.3110969E+03   1.0002124E+04   1.8947447E-01   9.2816141E-02   1.6708619E-01
   5.9420290E-01   7.1892578E+03   2.0883962E+03   9.2776540E+03   2.0169054E-01   8.1364338E-02   1.7451880E-01
   6.0869565E-01   6.6392167E+03   1.6958869E+03   8.3351035E+03   1.9583756E-01   1.0069448E-01   1.7642691E-01
   6.2318841E-01   5.8856756E+03   2.1674794E+03   8.0531550E+03   2.1337712E-01   9.9181431E-02   1.8260377E-01
   6.3768116E-01   5.4763697E+03   1.4293669E+03   6.9057366E+03   2.1369779E-01   9.6212320E-02   1.8937337E-01
   6.5217391E-01   4.9673849E+03   1.7343751E+03   6.7017600E+03   2.3171135E-01   9.2266016E-02   1.9527948E-01
   6.6666667E-01   4.6452553E+03   1.3342755E+03   5.9795308E+03   2.3451943E-01   1.1807237E-01   2.0852803E-01
   6.8115942E-01   3.8370496E+03   9.1895726E+02   4.7560068E+03   2.4342405E-01   7.2393660E-02   2.1028102E-01
   6.9565217E-01   3.8360420E+03   8.2088141E+02   4.6569234E+03   2.0497408E-01   1.0479667E-01   1.8731513E-01
   7.1014493E-01   3.4020831E+03   9.4330485E+02   4.3453879E+03   2.1665105E-01   1.0597597E-01   1.9257900E-01
   7.2463768E-01   3.0764109E+03   9.2443875E+02   4.0008497E+03   2.1474863E-01   8.1309295E-02   1.8390911E-01
   7.3913043E-01   2.8675133E+03   7.4287910E+02   3.6103924E+03   2.3570505E-01   8.0198217E-02   2.0367389E-01
   7.5362319E-01   2.1712070E+03   6.7030553E+02   2.8415126E+03   2.2195202E-01   6.9243793E-02   1.8584825E-01
   7.6811594E-01   2.4018823E+03   5.0039215E+02   2.9022745E+03   2.2467654E-01   9.2344752E-02   2.0185007E-01
   7.8260870E-01   2.0486955E+03   6.0338292E+02   2.6520784E+03   2.4482415E-01   7.3863765E-02   2.0589220E-01
   7.9710145E-01   1.7359059E+03   4.4086498E+02   2.1767708E+03   2.1383488E-01   5.9162550E-02   1.8249248E-01
   8.1159420E-01   1.6507835E+03   3.9239935E+02   2.0431828E+03   2.1284436E-01   4.6774019E-02   1.8074190E-01
   8.2608696E-01   1.5420606E+03   2.1269802E+02   1.7547586E+03   2.3924670E-01   4.4230837E-02   2.1559690E-01
   8.4057971E-01   9.7983192E+02   2.0903081E+02   1.1888627E+03   2.2449318E-01   1.0053556E-01   2.0242754E-01
   8.5507246E-01   9.7606759E+02   2.3117390E+02   1.2072415E+03   2.4937364E-01   1.1903891E-01   2.2432311E-01
   8.6956522E-01   1.0355735E+03   2.5257889E+02   1.2881524E+03   2.1953057E-01   9.0553071E-02   1.9418916E-01
   8.8405797E-01   9.6890920E+02   1.1179722E+02   1.0807064E+03   2.2251651E-01   1.2540022E-06   1.9949769E-01
   8.9855072E-01   9.8994631E+02   2.3220963E+02   1.2221559E+03   2.0236222E-01   1.2932764E-01   1.8845915E-01
   9.1304348E-01   6.6151615E+02   1.6838593E+02   8.2990208E+02   2.3771556E-01   7.8947716E-02   2.0527875E-01
   9.2753623E-01   6.1566106E+02   1.1839636E+02   7.3405741E+02   2.4201240E-01   1.1491028E-01   2.2061036E-01
   9.4202899E-01   5.1292945E+02   1.2823236E+02   6.4116181E+02   2.3554447E-01   1.5054865E-01   2.1840745E-01
   9.5652174E-01   5.5108122E+02   9.1846871E+01   6.4292810E+02   2.4909866E-01   9.6933522E-02   2.2673813E-01
   9.7101449E-01   3.5059459E+02   4.5238011E+01   3.9583260E+02   2.8787023E-01   2.0104934E-01   2.7751842E-01
   9.8550725E-01   1.8943417E+02   3.3429560E+01   2.2286373E+02   1.9163726E-01   1.4270049E-01   1.8355602E-01
   1.0000000E+00   1.0942046E+02   0.0000000E+00   1.0942046E+02   2.4962689E-01   0.0000000E+00   2.4962689E-01
