   0.0000000E+00   6.2146532E+07   3.1921931E+07   9.4068463E+07   4.0984898E-04   2.2530725E-03   7.9210853E-04
   1.4492754E-02   6.2536009E+07   3.2913808E+07   9.5447544E+07   1.1001019E-04   3.3673479E-04   1.8039748E-04
   2.8985507E-02   6.4076108E+07   3.3782932E+07   9.7852600E+07   8.3824729E-05   3.3317878E-04   1.4723739E-04
   4.3478261E-02   6.5416671E+07   3.5064012E+07   1.0046932E+08   9.2623276E-05   9.5547936E-05   6.1210561E-05
   5.7971014E-02   6.6070282E+07   3.5614003E+07   1.0167311E+08   3.8782149E-05   1.8150236E-04   5.5446010E-05
   7.2463768E-02   6.5316599E+07   3.5264459E+07   1.0056515E+08   1.0953959E-04   1.2904771E-04   7.9389342E-05
   8.6956522E-02   6.2744512E+07   3.3854917E+07   9.6584149E+07   5.0421463E-05   1.0684348E-04   6.8831887E-05
   1.0144928E-01   5.9331324E+07   3.1994457E+07   9.1309219E+07   5.5125965E-05   4.2280165E-05   5.0308638E-05
   1.1594203E-01   5.5550623E+07   2.9990366E+07   8.5523845E+07   9.2904116E-05   4.1190995E-05   6.0975463E-05
   1.3043478E-01   5.2112078E+07   2.8029943E+07   8.0123751E+07   3.4716538E-05   4.6759748E-05   3.6409220E-05
   1.4492754E-01   4.9371698E+07   2.6656116E+07   7.6009249E+07   6.7207904E-05   3.1869156E-05   5.4001104E-05
   1.5942029E-01   4.3080017E+07   2.2952877E+07   6.6017809E+07   1.4639520E-04   1.0685348E-04   1.2812387E-04
   1.7391304E-01   2.1991665E+07   1.0305029E+07   3.2292212E+07   3.4385001E-04   3.8523317E-04   3.4939808E-04
   1.8840580E-01   1.3555035E+07   5.4555876E+06   1.9007941E+07   7.2673777E-04   3.4977937E-04   6.1785986E-04
   2.0289855E-01   1.0966615E+07   4.2635137E+06   1.5229154E+07   7.8912207E-04   9.9755297E-04   8.3118904E-04
   2.1739130E-01   9.2420638E+06   3.5268601E+06   1.2768116E+07   5.7302535E-04   8.5172863E-04   6.3431597E-04
   2.3188406E-01   7.8537987E+06   3.0054205E+06   1.0858603E+07   1.2330846E-03   1.0438005E-03   1.1715730E-03
   2.4637681E-01   6.7101595E+06   2.5453712E+06   9.2551296E+06   1.4356507E-03   8.1275121E-04   1.2642502E-03
   2.6086957E-01   5.7592619E+06   2.1992465E+06   7.9580874E+06   1.4105270E-03   1.3519893E-03   1.3895987E-03
   2.7536232E-01   4.9544015E+06   1.9372934E+06   6.8914955E+06   1.3401882E-03   1.7404074E-03   1.4436938E-03
   2.8985507E-01   4.2332096E+06   1.6694833E+06   5.9026172E+06   1.6131263E-03   1.1005155E-03   1.4652747E-03
   3.0434783E-01   3.4455370E+06   1.3712869E+06   4.8165352E+06   2.4061521E-03   1.3224492E-03   2.0960482E-03
   3.1884058E-01   2.2028439E+06   8.6247656E+05   3.0652515E+06   4.3718093E-03   2.1674984E-03   3.7530622E-03
   3.3333333E-01   4.4291356E+05   1.4973536E+05   5.9264892E+05   2.9478353E-02   1.9898298E-02   2.7051324E-02
   3.4782609E-01   4.7042819E+04   1.1681774E+04   5.8724593E+04   1.7977050E-01   1.5241969E-01   1.7432741E-01
   3.6231884E-01   3.2552368E+04   7.9107710E+03   4.0463139E+04   1.8939298E-01   1.5664466E-01   1.8298636E-01
   3.7681159E-01   2.3752131E+04   5.0418633E+03   2.8793994E+04   2.0270339E-01   1.7584057E-01   1.9798215E-01
   3.9130435E-01   1.7147301E+04   4.5464201E+03   2.1693721E+04   2.0144014E-01   1.7722191E-01   1.9633939E-01
   4.0579710E-01   1.2800338E+04   3.2745050E+03   1.6074843E+04   2.3044261E-01   2.0116378E-01   2.2373752E-01
   4.2028986E-01   9.0405825E+03   2.3777255E+03   1.1418308E+04   2.2193542E-01   1.7791864E-01   2.1235695E-01
   4.3478261E-01   6.6680828E+03   1.6922786E+03   8.3603614E+03   2.2038563E-01   1.9127862E-01   2.1435734E-01
   4.4927536E-01   6.0618935E+03   1.2465991E+03   7.3084925E+03   2.2510783E-01   2.0738049E-01   2.2203862E-01
   4.6376812E-01   4.6648165E+03   9.2349158E+02   5.5883080E+03   2.2120377E-01   2.2404915E-01   2.2153115E-01
   4.7826087E-01   3.9494154E+03   1.0332773E+03   4.9826927E+03   2.0604978E-01   1.6664408E-01   1.9786554E-01
   4.9275362E-01   3.5435333E+03   6.2401845E+02   4.1675518E+03   1.7649162E-01   1.4282508E-01   1.7124483E-01
   5.0724638E-01   3.1391948E+03   7.5773668E+02   3.8969315E+03   1.5771147E-01   1.0026693E-01   1.4650953E-01
   5.2173913E-01   2.0837759E+03   5.6830251E+02   2.6520784E+03   1.7106610E-01   1.2102164E-01   1.6028364E-01
   5.3623188E-01   2.4165656E+03   5.3246362E+02   2.9490293E+03   1.5046630E-01   1.1905251E-01   1.4468970E-01
   5.5072464E-01   1.6749969E+03   4.3868966E+02   2.1136865E+03   1.2556385E-01   1.1103096E-01   1.2253635E-01
   5.6521739E-01   1.2240362E+03   3.6915377E+02   1.5931900E+03   1.2645879E-01   7.6583663E-02   1.1430046E-01
   5.7971014E-01   1.2881524E+03   1.8943417E+02   1.4775865E+03   1.5721266E-01   1.4873069E-01   1.5585555E-01
   5.9420290E-01   9.9799466E+02   2.0329521E+02   1.2012899E+03   1.5151473E-01   1.0248736E-01   1.4317610E-01
   6.0869565E-01   8.8402613E+02   1.2628945E+02   1.0103156E+03   1.4922928E-01   1.4932632E-01   1.4900260E-01
   6.2318841E-01   3.8767923E+02   1.2335248E+02   5.1103172E+02   1.6498118E-01   1.1563554E-01   1.5256144E-01
   6.3768116E-01   3.4442577E+02   8.6106441E+01   4.3053221E+02   5.1069808E-02   6.6052207E-02   5.3128250E-02
   6.5217391E-01   4.2096482E+02   5.0515779E+01   4.7148060E+02   2.0691978E-01   1.0270302E-01   1.9574522E-01
   6.6666667E-01   3.4592327E+02   8.2362683E+01   4.2828595E+02   1.5226135E-01   1.6205308E-01   1.5414254E-01
   6.8115942E-01   1.9346469E+02   3.2244114E+01   2.2570880E+02   1.5928560E-01   5.5367769E-06   1.3653129E-01
   6.9565217E-01   2.0522035E+02   4.7358543E+01   2.5257889E+02   1.1729097E-01   2.7632108E-01   1.4674803E-01
   7.1014493E-01   9.2784084E+01   3.0928028E+01   1.2371211E+02   6.2620085E-02   5.1680231E-06   4.6963793E-02
   7.2463768E-01   1.6670207E+02   0.0000000E+00   1.6670207E+02   2.0683427E-01   0.0000000E+00   2.0683427E-01
   7.3913043E-01   1.3371824E+02   2.9715164E+01   1.6343340E+02   1.1950117E-01   2.1416710E-01   1.3278905E-01
   7.5362319E-01   1.0200302E+02   0.0000000E+00   1.0200302E+02   1.1037399E-01   0.0000000E+00   1.1037399E-01
   7.6811594E-01   4.2890756E+01   0.0000000E+00   4.2890756E+01   1.4284935E-01   0.0000000E+00   1.4284935E-01
   7.8260870E-01   7.0160804E+01   2.8064322E+01   9.8225126E+01   8.1130526E-02   1.8720786E-01   1.0850962E-01
   7.9710145E-01   4.1331092E+01   0.0000000E+00   4.1331092E+01   2.6436392E-01   0.0000000E+00   2.6436392E-01
   8.1159420E-01   5.4124049E+01   0.0000000E+00   5.4124049E+01   1.0471842E-01   0.0000000E+00   1.0471842E-01
   8.2608696E-01   1.3293626E+01   1.3293626E+01   2.6587252E+01   9.1975026E-06   9.5446841E-07   5.0649005E-06
   8.4057971E-01   2.6128851E+01   0.0000000E+00   2.6128851E+01   3.7645482E-06   0.0000000E+00   3.7645482E-06
   8.5507246E-01   6.4214973E+01   0.0000000E+00   6.4214973E+01   1.5342672E-01   0.0000000E+00   1.5342672E-01
   8.6956522E-01   0.0000000E+00   0.0000000E+00   0.0000000E+00   0.0000000E+00   0.0000000E+00   0.0000000E+00
   8.8405797E-01   1.2421913E+01   0.0000000E+00   1.2421913E+01   3.6560384E-01   0.0000000E+00   3.6560384E-01
   8.9855072E-01   0.0000000E+00   0.0000000E+00   0.0000000E+00   0.0000000E+00   0.0000000E+00   0.0000000E+00
   9.1304348E-01   1.2027566E+01   0.0000000E+00   1.2027566E+01   8.5984998E-06   0.0000000E+00   8.5984998E-06
   9.2753623E-01   0.0000000E+00   0.0000000E+00   0.0000000E+00   0.0000000E+00   0.0000000E+00   0.0000000E+00
   9.4202899E-01   0.0000000E+00   0.0000000E+00   0.0000000E+00   0.0000000E+00   0.0000000E+00   0.0000000E+00
   9.5652174E-01   0.0000000E+00   0.0000000E+00   0.0000000E+00   0.0000000E+00   0.0000000E+00   0.0000000E+00
   9.7101449E-01   0.0000000E+00   0.0000000E+00   0.0000000E+00   0.0000000E+00   0.0000000E+00   0.0000000E+00
   9.8550725E-01   0.0000000E+00   0.0000000E+00   0.0000000E+00   0.0000000E+00   0.0000000E+00   0.0000000E+00
   1.0000000E+00   0.0000000E+00   0.0000000E+00   0.0000000E+00   0.0000000E+00   0.0000000E+00   0.0000000E+00
