   0.0000000E+00   6.4862260E+07   3.2831215E+07   9.7693475E+07   9.5714715E-04   1.3845559E-03   7.2574209E-04
   1.4492754E-02   6.6075397E+07   3.3351780E+07   9.9424146E+07   3.5214925E-04   9.5118675E-04   3.7214583E-04
   2.8985507E-02   6.9332907E+07   3.4778977E+07   1.0410469E+08   2.6620309E-04   5.2415203E-04   2.6534514E-04
   4.3478261E-02   7.2952110E+07   3.6858838E+07   1.0979882E+08   8.5530259E-05   2.9159851E-04   1.5251646E-04
   5.7971014E-02   7.5710397E+07   3.8153936E+07   1.1384975E+08   2.3923873E-04   3.4247396E-04   2.4070302E-04
   7.2463768E-02   7.5580294E+07   3.8264945E+07   1.1382554E+08   1.5513229E-04   1.9120176E-04   1.4362569E-04
   8.6956522E-02   7.3575979E+07   3.7152461E+07   1.1070975E+08   1.0505989E-04   1.7401314E-04   1.2367030E-04
   1.0144928E-01   6.9908137E+07   3.5343437E+07   1.0522895E+08   9.3429907E-05   2.1952427E-04   4.1933061E-05
   1.1594203E-01   6.5974049E+07   3.3123986E+07   9.9075303E+07   9.4757991E-05   1.7573724E-04   1.1905325E-04
   1.3043478E-01   6.2612287E+07   3.1475203E+07   9.4065179E+07   1.2165615E-04   2.0672630E-05   7.6699349E-05
   1.4492754E-01   6.0482012E+07   3.0502918E+07   9.0958105E+07   1.7349128E-04   4.8748372E-05   1.0467151E-04
   1.5942029E-01   5.1653050E+07   2.6016682E+07   7.7649136E+07   1.3837133E-04   8.0753577E-05   1.1906629E-04
   1.7391304E-01   1.8133965E+07   9.0379674E+06   2.7169407E+07   1.7082432E-03   1.3891356E-03   1.5988831E-03
   1.8840580E-01   6.0757659E+06   2.9062699E+06   8.9815695E+06   5.2855088E-03   4.8397147E-03   5.1389313E-03
   2.0289855E-01   4.0698579E+06   1.9466797E+06   6.0162669E+06   5.2618638E-03   4.4110536E-03   4.9524628E-03
   2.1739130E-01   3.3988026E+06   1.6185256E+06   5.0172272E+06   3.7630443E-03   1.9348360E-03   3.1557490E-03
   2.3188406E-01   3.0899081E+06   1.4719509E+06   4.5618116E+06   1.5403692E-03   2.6272236E-03   1.8869139E-03
   2.4637681E-01   2.8673648E+06   1.3789470E+06   4.2461335E+06   1.9711193E-03   1.6058738E-03   1.8262934E-03
   2.6086957E-01   2.7695697E+06   1.3457824E+06   4.1152258E+06   2.1613269E-03   1.4384378E-03   1.9177747E-03
   2.7536232E-01   2.6780010E+06   1.3017916E+06   3.9797527E+06   1.3629657E-03   1.4755622E-03   1.3540436E-03
   2.8985507E-01   2.5484579E+06   1.2463632E+06   3.7947832E+06   2.3430938E-03   1.3429614E-03   2.0130372E-03
   3.0434783E-01   2.1451886E+06   1.0584138E+06   3.2035303E+06   1.0357628E-03   1.6777330E-03   1.2303422E-03
   3.1884058E-01   1.2023215E+06   5.9406556E+05   1.7963526E+06   3.6304412E-03   2.4910210E-03   3.2368527E-03
   3.3333333E-01   1.4456298E+05   6.9514104E+04   2.1407709E+05   1.8284010E-02   1.6513921E-02   1.7704885E-02
   3.4782609E-01   1.6512345E+04   6.8512025E+03   2.3363548E+04   8.6305592E-02   9.0360977E-02   8.7287263E-02
   3.6231884E-01   1.5882161E+04   6.9408680E+03   2.2823029E+04   1.1827457E-01   7.8198665E-02   1.0598532E-01
   3.7681159E-01   1.7398800E+04   7.7522292E+03   2.5151029E+04   1.1239093E-01   1.0944809E-01   1.1135516E-01
   3.9130435E-01   1.6698271E+04   7.7738171E+03   2.4472088E+04   1.2591290E-01   1.0686382E-01   1.1983776E-01
   4.0579710E-01   1.7292634E+04   6.6843200E+03   2.3976954E+04   1.4056804E-01   1.2030165E-01   1.3434244E-01
   4.2028986E-01   1.7349557E+04   6.8980167E+03   2.4247574E+04   1.3513820E-01   1.3221163E-01   1.3401235E-01
   4.3478261E-01   1.6064018E+04   6.7691144E+03   2.2833132E+04   1.6175931E-01   1.6582365E-01   1.6293357E-01
   4.4927536E-01   1.4201452E+04   5.9396779E+03   2.0141130E+04   1.6421167E-01   1.5093672E-01   1.6029455E-01
   4.6376812E-01   1.3402468E+04   5.2331190E+03   1.8635587E+04   1.7259995E-01   1.5030845E-01   1.6633880E-01
   4.7826087E-01   1.2651906E+04   5.3271185E+03   1.7979025E+04   1.7729117E-01   1.4109250E-01   1.6649689E-01
   4.9275362E-01   1.1878637E+04   4.3904155E+03   1.6269052E+04   1.9307263E-01   1.5635205E-01   1.8315248E-01
   5.0724638E-01   9.9804746E+03   4.0701285E+03   1.4050603E+04   1.9443008E-01   1.4560278E-01   1.8027190E-01
   5.2173913E-01   9.2191297E+03   4.0202141E+03   1.3239344E+04   1.9777644E-01   1.7132290E-01   1.8972947E-01
   5.3623188E-01   8.2122273E+03   3.3176579E+03   1.1529885E+04   1.7915410E-01   1.3527692E-01   1.6648176E-01
   5.5072464E-01   7.1386772E+03   3.3101129E+03   1.0448790E+04   1.7773112E-01   1.6432364E-01   1.7348363E-01
   5.6521739E-01   6.2561849E+03   2.2149226E+03   8.4711075E+03   1.8560595E-01   1.7667960E-01   1.8315677E-01
   5.7971014E-01   4.9442319E+03   2.2163798E+03   7.1606117E+03   1.6675612E-01   1.7519503E-01   1.6936751E-01
   5.9420290E-01   4.7497153E+03   1.8481383E+03   6.5978536E+03   1.7634127E-01   1.5925927E-01   1.7151149E-01
   6.0869565E-01   4.0593037E+03   1.8582590E+03   5.9175627E+03   1.6000264E-01   1.4291166E-01   1.5463329E-01
   6.2318841E-01   4.2468498E+03   1.5154734E+03   5.7623232E+03   1.7471161E-01   1.6462323E-01   1.7203402E-01
   6.3768116E-01   3.9264537E+03   1.6360224E+03   5.5624761E+03   1.5637210E-01   1.2808216E-01   1.4793180E-01
   6.5217391E-01   3.1656555E+03   1.0103156E+03   4.1759711E+03   1.6911229E-01   1.4062081E-01   1.6220016E-01
   6.6666667E-01   3.0968369E+03   1.2024952E+03   4.2993321E+03   1.5504662E-01   1.2169734E-01   1.4543634E-01
   6.8115942E-01   2.9180923E+03   9.6732343E+02   3.8854158E+03   1.4815841E-01   1.7061588E-01   1.5370332E-01
   6.9565217E-01   2.4942166E+03   1.0576741E+03   3.5518907E+03   1.7455937E-01   1.4685441E-01   1.6630811E-01
   7.1014493E-01   2.3350661E+03   1.0670170E+03   3.4020831E+03   1.5012442E-01   1.0644837E-01   1.3626560E-01
   7.2463768E-01   2.2277459E+03   8.3351035E+02   3.0612562E+03   1.5648025E-01   1.3251141E-01   1.4995186E-01
   7.3913043E-01   1.8720553E+03   8.4688218E+02   2.7189375E+03   1.4554694E-01   1.0792984E-01   1.3381201E-01
   7.5362319E-01   2.0109166E+03   4.8087136E+02   2.4917879E+03   1.5599154E-01   9.4957218E-02   1.4409192E-01
   7.6811594E-01   1.7013333E+03   5.4328291E+02   2.2446162E+03   1.6731507E-01   7.9854889E-02   1.4606536E-01
   7.8260870E-01   1.5154734E+03   5.7531859E+02   2.0907920E+03   1.4804269E-01   1.4899294E-01   1.4827136E-01
   7.9710145E-01   1.4190342E+03   7.5773668E+02   2.1767708E+03   1.5907006E-01   1.3580282E-01   1.5083414E-01
   8.1159420E-01   1.2583841E+03   4.8711644E+02   1.7455006E+03   1.6875437E-01   1.1981650E-01   1.5501182E-01
   8.2608696E-01   1.2230136E+03   4.3868966E+02   1.6617033E+03   1.7259570E-01   1.3288298E-01   1.6207774E-01
   8.4057971E-01   8.2305881E+02   3.6580392E+02   1.1888627E+03   1.7733704E-01   1.3355313E-01   1.6386146E-01
   8.5507246E-01   9.5038160E+02   2.3117390E+02   1.1815555E+03   1.9257499E-01   1.2487989E-01   1.7931717E-01
   8.6956522E-01   7.5773668E+02   2.9046573E+02   1.0482024E+03   1.7908999E-01   1.7222327E-01   1.7692568E-01
   8.8405797E-01   6.0867373E+02   2.3601634E+02   8.4469007E+02   1.7853008E-01   1.1986266E-01   1.6210155E-01
   8.9855072E-01   4.7664082E+02   2.0776651E+02   6.8440733E+02   8.3301064E-02   1.7788038E-01   1.1201263E-01
   9.1304348E-01   4.3299239E+02   1.9244106E+02   6.2543345E+02   1.3674765E-01   1.1793936E-01   1.3087009E-01
   9.2753623E-01   3.7886834E+02   1.5391526E+02   5.3278361E+02   1.8680438E-01   2.1579381E-01   1.9478664E-01
   9.4202899E-01   3.1475216E+02   1.0491739E+02   4.1966955E+02   1.7860401E-01   2.1828953E-01   1.8850553E-01
   9.5652174E-01   1.4925117E+02   9.1846871E+01   2.4109804E+02   1.2379405E-01   2.0089755E-01   1.5064692E-01
   9.7101449E-01   1.8095204E+02   5.6547514E+01   2.3749956E+02   2.7334175E-01   8.3653597E-02   2.2777799E-01
   9.8550725E-01   2.1172054E+02   3.3429560E+01   2.4515010E+02   1.9244210E-01   2.7473044E-01   2.0364955E-01
   1.0000000E+00   4.3768184E+01   2.1884092E+01   6.5652276E+01   2.1419306E-01   2.7857028E-05   1.4280463E-01
