   0.0000000E+00   4.1414856E+07   3.6601713E+07   7.8016569E+07   2.4419033E-03   3.0872548E-05   1.2977188E-03
   1.4492754E-02   4.2101366E+07   3.6699461E+07   7.8800069E+07   5.6575230E-04   9.1498845E-05   3.2810882E-04
   2.8985507E-02   4.2995116E+07   3.7776584E+07   8.0766774E+07   2.6104117E-04   5.4500283E-06   1.3653208E-04
   4.3478261E-02   4.4040161E+07   3.8691045E+07   8.2726660E+07   5.1126228E-04   1.7168172E-05   2.6439549E-04
   5.7971014E-02   4.5248246E+07   3.9263452E+07   8.4505068E+07   7.6443839E-04   1.3344368E-05   4.1139708E-04
   7.2463768E-02   4.5821398E+07   3.9214086E+07   8.5025936E+07   7.7653764E-04   1.2234888E-05   4.1262357E-04
   8.6956522E-02   4.5849005E+07   3.8191697E+07   8.4033125E+07   1.6025537E-04   4.4551249E-05   7.1644269E-05
   1.0144928E-01   4.5843286E+07   3.6318861E+07   8.2151430E+07   1.8487461E-04   3.3811514E-05   1.2026546E-04
   1.1594203E-01   4.5606750E+07   3.4303687E+07   7.9898976E+07   1.4027341E-04   1.8216223E-05   8.7645150E-05
   1.3043478E-01   4.5203034E+07   3.2369501E+07   7.7563358E+07   4.8892745E-04   5.1201212E-05   2.6910149E-04
   1.4492754E-01   4.4168623E+07   3.0099120E+07   7.4255467E+07   1.1264270E-03   9.1643572E-05   6.4284759E-04
   1.5942029E-01   3.9142542E+07   2.3595369E+07   6.2729094E+07   1.7416913E-03   2.0081161E-04   1.0105802E-03
   1.7391304E-01   2.7782289E+07   1.0767375E+07   3.8546760E+07   4.1611762E-03   5.5761260E-04   3.1557597E-03
   1.8840580E-01   1.9828920E+07   3.6623745E+06   2.3490187E+07   5.1918740E-03   1.9488469E-03   4.6824205E-03
   2.0289855E-01   1.6576735E+07   1.7304000E+06   1.8306539E+07   1.8568828E-03   3.9243858E-03   2.0500100E-03
   2.1739130E-01   1.4794253E+07   1.1837868E+06   1.5977787E+07   5.9910181E-04   4.2710155E-03   8.2891267E-04
   2.3188406E-01   1.3315186E+07   1.0321794E+06   1.4347034E+07   2.7818612E-04   4.3936436E-03   5.5281650E-04
   2.4637681E-01   1.1798584E+07   9.6299418E+05   1.2761133E+07   2.4784307E-05   3.4199160E-03   2.3726198E-04
   2.6086957E-01   1.0314775E+07   9.5971561E+05   1.1274406E+07   2.4132608E-04   3.2068421E-03   4.3912742E-04
   2.7536232E-01   8.8047407E+06   9.6439939E+05   9.7687812E+06   2.9829531E-04   1.9324657E-03   2.1877909E-04
   2.8985507E-01   7.1090098E+06   9.3171303E+05   8.0406470E+06   1.5785111E-03   1.3962299E-03   1.2356783E-03
   3.0434783E-01   4.8496591E+06   7.7671618E+05   5.6263031E+06   2.6148310E-03   9.5902913E-04   2.1235663E-03
   3.1884058E-01   2.2945644E+06   4.1451641E+05   2.7090809E+06   1.1995614E-03   8.2645585E-04   9.0521494E-04
   3.3333333E-01   4.8999207E+05   6.4901794E+04   5.5489387E+05   6.9091170E-03   4.0747944E-04   6.1486630E-03
   3.4782609E-01   6.0966231E+04   1.1681774E+03   6.2134408E+04   6.8146980E-03   2.5722790E-06   6.6865280E-03
   3.6231884E-01   6.2952764E+04   1.0002124E+03   6.3952976E+04   6.5854718E-03   1.9177945E-04   6.4794847E-03
   3.7681159E-01   6.1493246E+04   9.0345528E+02   6.2396702E+04   6.1801609E-03   6.1783145E-05   6.0914946E-03
   3.9130435E-01   6.0562806E+04   4.7709347E+02   6.1039900E+04   7.3558896E-03   6.5611075E-05   7.2979742E-03
   4.0579710E-01   5.5423026E+04   3.5180632E+02   5.5774832E+04   5.0510811E-03   5.4685218E-06   5.0191864E-03
   4.2028986E-01   5.0245781E+04   3.1354621E+02   5.0559327E+04   5.7900364E-03   1.5685850E-04   5.7550377E-03
   4.3478261E-01   4.3468828E+04   1.7680523E+02   4.3645633E+04   5.4106135E-03   2.7701092E-05   5.3886583E-03
   4.4927536E-01   3.6298031E+04   1.4665871E+02   3.6444690E+04   3.2997965E-03   5.1589425E-06   3.2865383E-03
   4.6376812E-01   2.8036257E+04   4.7358543E+01   2.8083616E+04   2.2366108E-03   2.6592556E-06   2.2328435E-03
   4.7826087E-01   2.1193665E+04   6.8885153E+01   2.1262551E+04   4.5908788E-03   2.8563826E-05   4.5759132E-03
   4.9275362E-01   1.6737066E+04   2.2286373E+01   1.6759353E+04   9.5554399E-04   7.7636668E-05   9.5435901E-04
   5.0724638E-01   1.0976357E+04   6.4948859E+01   1.1041306E+04   2.0680366E-03   4.0855316E-06   2.0558830E-03
   5.2173913E-01   7.6826080E+03   0.0000000E+00   7.6826080E+03   1.4579741E-03   0.0000000E+00   1.4579741E-03
   5.3623188E-01   4.8331313E+03   0.0000000E+00   4.8331313E+03   7.9205881E-06   0.0000000E+00   7.9205881E-06
   5.5072464E-01   3.2104107E+03   0.0000000E+00   3.2104107E+03   8.4800509E-06   0.0000000E+00   8.4800509E-06
   5.6521739E-01   2.0206312E+03   0.0000000E+00   2.0206312E+03   1.8059400E-05   0.0000000E+00   1.8059400E-05
   5.7971014E-01   1.6670207E+03   0.0000000E+00   1.6670207E+03   1.3255097E-05   0.0000000E+00   1.3255097E-05
   5.9420290E-01   1.0904016E+03   0.0000000E+00   1.0904016E+03   1.3327306E-02   0.0000000E+00   1.3327306E-02
   6.0869565E-01   4.5103374E+02   0.0000000E+00   4.5103374E+02   4.0313140E-06   0.0000000E+00   4.0313140E-06
   6.2318841E-01   4.7578815E+02   0.0000000E+00   4.7578815E+02   5.4281095E-06   0.0000000E+00   5.4281095E-06
   6.3768116E-01   3.2720448E+02   0.0000000E+00   3.2720448E+02   2.2111771E-06   0.0000000E+00   2.2111771E-06
   6.5217391E-01   1.6838593E+02   0.0000000E+00   1.6838593E+02   1.3401038E-06   0.0000000E+00   1.3401038E-06
   6.6666667E-01   1.8119790E+02   0.0000000E+00   1.8119790E+02   1.7387334E-06   0.0000000E+00   1.7387334E-06
   6.8115942E-01   1.6122057E+02   0.0000000E+00   1.6122057E+02   2.9553563E-06   0.0000000E+00   2.9553563E-06
   6.9565217E-01   1.5786181E+02   0.0000000E+00   1.5786181E+02   2.8157795E-06   0.0000000E+00   2.8157795E-06
   7.1014493E-01   1.0824810E+02   0.0000000E+00   1.0824810E+02   2.7510591E-05   0.0000000E+00   2.7510591E-05
   7.2463768E-01   7.5773668E+01   0.0000000E+00   7.5773668E+01   1.1216187E-06   0.0000000E+00   1.1216187E-06
   7.3913043E-01   4.4572746E+01   0.0000000E+00   4.4572746E+01   2.6790965E-06   0.0000000E+00   2.6790965E-06
   7.5362319E-01   0.0000000E+00   0.0000000E+00   0.0000000E+00   0.0000000E+00   0.0000000E+00   0.0000000E+00
   7.6811594E-01   2.8593837E+01   0.0000000E+00   2.8593837E+01   7.6288238E-07   0.0000000E+00   7.6288238E-07
   7.8260870E-01   4.2096482E+01   0.0000000E+00   4.2096482E+01   7.4929088E-06   0.0000000E+00   7.4929088E-06
   7.9710145E-01   1.3777031E+01   0.0000000E+00   1.3777031E+01   6.8220018E-06   0.0000000E+00   6.8220018E-06
   8.1159420E-01   0.0000000E+00   0.0000000E+00   0.0000000E+00   0.0000000E+00   0.0000000E+00   0.0000000E+00
   8.2608696E-01   0.0000000E+00   0.0000000E+00   0.0000000E+00   0.0000000E+00   0.0000000E+00   0.0000000E+00
   8.4057971E-01   0.0000000E+00   0.0000000E+00   0.0000000E+00   0.0000000E+00   0.0000000E+00   0.0000000E+00
   8.5507246E-01   0.0000000E+00   0.0000000E+00   0.0000000E+00   0.0000000E+00   0.0000000E+00   0.0000000E+00
   8.6956522E-01   0.0000000E+00   0.0000000E+00   0.0000000E+00   0.0000000E+00   0.0000000E+00   0.0000000E+00
   8.8405797E-01   0.0000000E+00   0.0000000E+00   0.0000000E+00   0.0000000E+00   0.0000000E+00   0.0000000E+00
   8.9855072E-01   0.0000000E+00   0.0000000E+00   0.0000000E+00   0.0000000E+00   0.0000000E+00   0.0000000E+00
   9.1304348E-01   0.0000000E+00   0.0000000E+00   0.0000000E+00   0.0000000E+00   0.0000000E+00   0.0000000E+00
   9.2753623E-01   0.0000000E+00   0.0000000E+00   0.0000000E+00   0.0000000E+00   0.0000000E+00   0.0000000E+00
   9.4202899E-01   1.1657487E+01   0.0000000E+00   1.1657487E+01   6.0119927E-06   0.0000000E+00   6.0119927E-06
   9.5652174E-01   0.0000000E+00   0.0000000E+00   0.0000000E+00   0.0000000E+00   0.0000000E+00   0.0000000E+00
   9.7101449E-01   0.0000000E+00   0.0000000E+00   0.0000000E+00   0.0000000E+00   0.0000000E+00   0.0000000E+00
   9.8550725E-01   0.0000000E+00   0.0000000E+00   0.0000000E+00   0.0000000E+00   0.0000000E+00   0.0000000E+00
   1.0000000E+00   0.0000000E+00   0.0000000E+00   0.0000000E+00   0.0000000E+00   0.0000000E+00   0.0000000E+00
