   0.0000000E+00   6.5783668E+07   3.2728163E+07   9.8511831E+07   3.9653331E-04   1.6466364E-03   2.8653779E-04
   1.4492754E-02   6.7030145E+07   3.3405579E+07   1.0043421E+08   2.4054592E-04   7.3941539E-05   1.5750246E-04
   2.8985507E-02   7.0752147E+07   3.5224905E+07   1.0596682E+08   1.0298293E-04   2.3022559E-04   8.3366737E-05
   4.3478261E-02   7.5331403E+07   3.7888855E+07   1.1321293E+08   1.9149933E-05   1.6351515E-04   6.7104322E-05
   5.7971014E-02   7.8124736E+07   3.9296603E+07   1.1740524E+08   1.2983958E-04   1.0406566E-04   1.1460165E-04
   7.2463768E-02   7.8422564E+07   3.9345780E+07   1.1775016E+08   1.2056800E-04   3.3260554E-05   8.0441564E-05
   8.6956522E-02   7.6201663E+07   3.8268481E+07   1.1445057E+08   9.8178793E-05   2.4068665E-05   6.7079747E-05
   1.0144928E-01   7.1934541E+07   3.6153457E+07   1.0806700E+08   1.2091401E-04   1.0975093E-04   1.1383842E-04
   1.1594203E-01   6.7701500E+07   3.3992447E+07   1.0167415E+08   5.6019725E-05   2.7987160E-04   1.2997873E-04
   1.3043478E-01   6.4119762E+07   3.2162470E+07   9.6259416E+07   9.8505931E-05   1.0347952E-04   3.6753975E-05
   1.4492754E-01   6.2378627E+07   3.1233376E+07   9.3585709E+07   1.3481669E-04   1.8896669E-04   1.4810516E-04
   1.5942029E-01   5.3658021E+07   2.6976666E+07   8.0617259E+07   1.7975839E-04   1.9024749E-04   1.8088987E-04
   1.7391304E-01   1.6805526E+07   8.4363877E+06   2.5239325E+07   1.7638290E-03   1.2803596E-03   1.6013894E-03
   1.8840580E-01   4.3572774E+06   2.1383912E+06   6.4954354E+06   6.9892789E-03   6.9324940E-03   6.9704434E-03
   2.0289855E-01   2.7724503E+06   1.3767534E+06   4.1490955E+06   9.1948309E-03   6.6783877E-03   8.3499320E-03
   2.1739130E-01   2.3579755E+06   1.1593371E+06   3.5173127E+06   8.2068865E-03   7.7201618E-03   8.0433778E-03
   2.3188406E-01   2.1833235E+06   1.0824269E+06   3.2656557E+06   7.6109033E-03   6.4699603E-03   7.2300250E-03
   2.4637681E-01   2.1318253E+06   1.0629263E+06   3.1947516E+06   5.6679474E-03   5.3822526E-03   5.5726826E-03
   2.6086957E-01   2.1680109E+06   1.0644938E+06   3.2324626E+06   5.1472691E-03   4.1086423E-03   4.7948226E-03
   2.7536232E-01   2.2065292E+06   1.0992366E+06   3.3057260E+06   3.9077524E-03   3.1422724E-03   3.6532444E-03
   2.8985507E-01   2.2205474E+06   1.1228521E+06   3.3433616E+06   2.4999971E-03   1.6451883E-03   2.2128424E-03
   3.0434783E-01   2.0015073E+06   9.9393403E+05   2.9953692E+06   1.9961555E-03   1.5073679E-03   1.8335044E-03
   3.1884058E-01   1.1356406E+06   5.6578820E+05   1.7014633E+06   2.6609793E-03   1.6195891E-03   2.2906632E-03
   3.3333333E-01   1.1359461E+05   5.6467855E+04   1.7006247E+05   1.3093510E-02   7.4899589E-03   1.1146827E-02
   3.4782609E-01   1.2976241E+04   5.4304462E+03   1.8406687E+04   8.3514114E-02   7.8034575E-02   8.1415154E-02
   3.6231884E-01   1.3275547E+04   5.6072515E+03   1.8882798E+04   9.6865274E-02   7.9713475E-02   9.1708057E-02
   3.7681159E-01   1.2356937E+04   6.3533307E+03   1.8710267E+04   1.1094982E-01   1.1182445E-01   1.1113738E-01
   3.9130435E-01   1.2544752E+04   5.8935075E+03   1.8438259E+04   1.0569506E-01   1.0065154E-01   1.0405819E-01
   4.0579710E-01   1.2123787E+04   6.1160175E+03   1.8239804E+04   1.3511174E-01   1.0938864E-01   1.2646792E-01
   4.2028986E-01   1.2855395E+04   5.7744761E+03   1.8629871E+04   1.4894554E-01   1.4019844E-01   1.4622552E-01
   4.3478261E-01   1.1972240E+04   5.2536410E+03   1.7225881E+04   1.6241164E-01   1.4639011E-01   1.5751128E-01
   4.4927536E-01   1.2368218E+04   5.3530430E+03   1.7721261E+04   1.6819890E-01   1.5173809E-01   1.6316988E-01
   4.6376812E-01   1.1886994E+04   5.4225531E+03   1.7309547E+04   1.7584162E-01   1.6854681E-01   1.7354747E-01
   4.7826087E-01   1.0654237E+04   4.7989990E+03   1.5453236E+04   1.6820209E-01   1.5620474E-01   1.6447526E-01
   4.9275362E-01   9.1374130E+03   4.3904155E+03   1.3527828E+04   1.7487508E-01   1.7796629E-01   1.7585137E-01
   5.0724638E-01   8.2918043E+03   3.7886834E+03   1.2080488E+04   1.8482637E-01   1.9288159E-01   1.8732649E-01
   5.2173913E-01   7.2405950E+03   3.3256221E+03   1.0566217E+04   2.0436860E-01   1.7323784E-01   1.9454798E-01
   5.3623188E-01   6.4510015E+03   2.6623181E+03   9.1133196E+03   1.8499607E-01   1.7921150E-01   1.8325853E-01
   5.5072464E-01   6.1815361E+03   2.5124953E+03   8.6940314E+03   1.8868536E-01   1.9390631E-01   1.9014790E-01
   5.6521739E-01   5.3624442E+03   2.5452181E+03   7.9076623E+03   2.2211762E-01   1.9248709E-01   2.1257519E-01
   5.7971014E-01   4.1486083E+03   1.7617378E+03   5.9103461E+03   2.0218553E-01   1.7927905E-01   1.9533484E-01
   5.9420290E-01   4.1213483E+03   1.4785106E+03   5.5998589E+03   2.0320133E-01   1.9968327E-01   2.0211560E-01
   6.0869565E-01   3.5541459E+03   1.9304244E+03   5.4845703E+03   1.9144947E-01   1.9039397E-01   1.9106418E-01
   6.2318841E-01   3.1719210E+03   1.3216338E+03   4.4935548E+03   2.0480715E-01   1.5498351E-01   1.9010830E-01
   6.3768116E-01   2.7209635E+03   1.1538263E+03   3.8747899E+03   1.8620293E-01   1.5964857E-01   1.7823046E-01
   6.5217391E-01   2.2732101E+03   1.0271542E+03   3.3003642E+03   2.3568092E-01   2.1388200E-01   2.2882941E-01
   6.6666667E-01   2.4873530E+03   9.0598951E+02   3.3933425E+03   2.2092864E-01   2.1353593E-01   2.1894944E-01
   6.8115942E-01   2.3054542E+03   7.0937051E+02   3.0148247E+03   2.2288003E-01   2.3616918E-01   2.2597608E-01
   6.9565217E-01   1.7680523E+03   8.3666759E+02   2.6047199E+03   2.1530638E-01   1.8923900E-01   2.0658676E-01
   7.1014493E-01   1.7628976E+03   7.1134464E+02   2.4742422E+03   2.4735891E-01   2.0034100E-01   2.3377845E-01
   7.2463768E-01   1.2426882E+03   7.2742722E+02   1.9701154E+03   2.1901116E-01   2.2848975E-01   2.2250159E-01
   7.3913043E-01   1.2480369E+03   4.4572746E+02   1.6937644E+03   2.1937879E-01   1.6115511E-01   2.0382958E-01
   7.5362319E-01   9.1802714E+02   4.6629950E+02   1.3843266E+03   2.2734287E-01   1.5967571E-01   2.0445558E-01
   7.6811594E-01   8.4351820E+02   4.1461064E+02   1.2581288E+03   2.2683434E-01   1.9456608E-01   2.1617562E-01
   7.8260870E-01   7.2967236E+02   2.9467538E+02   1.0243477E+03   2.4495012E-01   2.9526625E-01   2.5942184E-01
   7.9710145E-01   7.3018262E+02   3.5820280E+02   1.0883854E+03   2.6889374E-01   2.4985510E-01   2.6259674E-01
   8.1159420E-01   8.2539175E+02   3.6533733E+02   1.1907291E+03   1.8236646E-01   2.0809425E-01   1.9006778E-01
   8.2608696E-01   6.3809405E+02   1.9940439E+02   8.3749844E+02   2.2490393E-01   1.7345150E-01   2.1259576E-01
   8.4057971E-01   5.6177030E+02   2.7435294E+02   8.3612324E+02   2.4229951E-01   1.8784153E-01   2.2407595E-01
   8.5507246E-01   6.0362075E+02   1.9264492E+02   7.9626567E+02   2.6793155E-01   2.0443198E-01   2.5164310E-01
   8.6956522E-01   6.0618935E+02   2.1469206E+02   8.2088141E+02   2.7391791E-01   1.7521371E-01   2.4804542E-01
   8.8405797E-01   3.6023547E+02   1.8632869E+02   5.4656417E+02   2.2782338E-01   1.5348711E-01   2.0246689E-01
   8.9855072E-01   3.7886834E+02   1.5888027E+02   5.3774861E+02   2.7232963E-01   1.6855041E-01   2.4155620E-01
   9.1304348E-01   2.8866159E+02   1.4433080E+02   4.3299239E+02   2.1247774E-01   2.2348457E-01   2.1518633E-01
   9.2753623E-01   1.6575490E+02   9.4717086E+01   2.6047199E+02   2.5938226E-01   2.7562631E-01   2.6471855E-01
   9.4202899E-01   2.6812221E+02   6.9944925E+01   3.3806714E+02   3.0618227E-01   2.6252556E-01   2.9703379E-01
   9.5652174E-01   1.6073202E+02   8.0366012E+01   2.4109804E+02   2.0850414E-01   1.1983410E-01   1.7771526E-01
   9.7101449E-01   1.5833304E+02   9.0476022E+01   2.4880906E+02   1.7196800E-01   2.0364168E-01   1.8234071E-01
   9.8550725E-01   1.4486142E+02   5.5715933E+01   2.0057736E+02   3.4162913E-01   4.0696377E-01   3.5894427E-01
   1.0000000E+00   2.1884092E+01   4.3768184E+01   6.5652276E+01   4.2015208E-01   2.0908069E-01   2.7059283E-01
