   0.0000000E+00   4.3245548E+07   3.5740924E+07   7.8986472E+07   3.5893000E-03   4.0436690E-04   2.1464877E-03
   1.4492754E-02   4.3569102E+07   3.5944755E+07   7.9514614E+07   5.4285437E-04   9.5578548E-05   2.5715330E-04
   2.8985507E-02   4.5473673E+07   3.7040442E+07   8.2513357E+07   1.8846676E-04   7.4741520E-05   8.9634785E-05
   4.3478261E-02   4.7958418E+07   3.8430384E+07   8.6387286E+07   6.8571722E-04   3.8214226E-05   3.7129051E-04
   5.7971014E-02   5.0945100E+07   3.9008474E+07   8.9951869E+07   4.6272624E-04   2.7469180E-05   2.4689647E-04
   7.2463768E-02   5.2196237E+07   3.9147102E+07   9.1338641E+07   4.8237539E-04   2.9839358E-05   2.7071954E-04
   8.6956522E-02   5.2103869E+07   3.7943917E+07   9.0046144E+07   1.7458165E-04   1.5947563E-05   9.5261856E-05
   1.0144928E-01   5.1244108E+07   3.5902755E+07   8.7143183E+07   1.9982458E-04   3.8195810E-05   1.2489706E-04
   1.1594203E-01   5.0038468E+07   3.3714925E+07   8.3751878E+07   2.0572258E-04   5.3532179E-05   1.2932876E-04
   1.3043478E-01   5.0168651E+07   3.1659165E+07   8.1826132E+07   1.1880265E-04   6.4755293E-05   8.9888891E-05
   1.4492754E-01   5.3210846E+07   2.9888696E+07   8.3091056E+07   9.7293554E-04   8.8496245E-05   5.9789074E-04
   1.5942029E-01   4.8905566E+07   2.4485917E+07   7.3391138E+07   2.2791855E-03   1.8339749E-04   1.4574099E-03
   1.7391304E-01   2.5155153E+07   1.0107134E+07   3.5261592E+07   3.9993860E-03   8.2400591E-04   3.0899174E-03
   1.8840580E-01   1.3644623E+07   3.5272643E+06   1.7171537E+07   4.6191440E-03   2.4931844E-03   4.1793915E-03
   2.0289855E-01   1.1218021E+07   2.0526004E+06   1.3270297E+07   8.8345114E-04   3.8174223E-03   1.3306606E-03
   2.1739130E-01   1.0258290E+07   1.5384075E+06   1.1797152E+07   9.5892433E-05   4.4755166E-03   6.1526689E-04
   2.3188406E-01   9.5349322E+06   1.2623420E+06   1.0797653E+07   2.1594205E-04   3.5779165E-03   2.5804212E-04
   2.4637681E-01   8.9525252E+06   1.1316575E+06   1.0084049E+07   2.1912552E-04   3.3817966E-03   2.6465761E-04
   2.6086957E-01   8.3070252E+06   1.0631046E+06   9.3704244E+06   3.8208071E-04   2.9769820E-03   2.1415830E-04
   2.7536232E-01   7.5651234E+06   1.0531343E+06   8.6183774E+06   6.4312891E-04   2.7010204E-03   2.3688788E-04
   2.8985507E-01   6.4694800E+06   9.9881061E+05   7.4680633E+06   8.1690658E-04   1.4031712E-03   5.2414004E-04
   3.0434783E-01   4.7748236E+06   8.3924750E+05   5.6140350E+06   1.3402374E-03   8.2993774E-04   1.0410473E-03
   3.1884058E-01   2.3552867E+06   4.6900456E+05   2.8242568E+06   9.3014622E-04   7.9859874E-04   6.4672981E-04
   3.3333333E-01   4.4917313E+05   5.8708120E+04   5.0788125E+05   5.3917156E-03   1.4556032E-03   4.9357172E-03
   3.4782609E-01   1.0459923E+05   2.2100653E+03   1.0680930E+05   8.7374594E-03   2.3853761E-06   8.5567119E-03
   3.6231884E-01   1.0917470E+05   1.7276396E+03   1.1090234E+05   7.7304209E-03   7.8873164E-06   7.6100686E-03
   3.7681159E-01   1.0995925E+05   1.1366050E+03   1.1109586E+05   6.7359582E-03   3.5570474E-06   6.6670176E-03
   3.9130435E-01   1.0251897E+05   8.6999397E+02   1.0338896E+05   6.6051726E-03   4.6149704E-06   6.5495569E-03
   4.0579710E-01   9.1713201E+04   7.3067466E+02   9.2443875E+04   6.4497072E-03   1.6952323E-05   6.3985950E-03
   4.2028986E-01   7.5669153E+04   5.4870587E+02   7.6217859E+04   4.8643536E-03   2.4542731E-06   4.8293187E-03
   4.3478261E-01   6.1831313E+04   1.2628945E+02   6.1957603E+04   3.7208499E-03   2.2284739E-05   3.7132462E-03
   4.4927536E-01   5.0010621E+04   1.2221559E+02   5.0132837E+04   2.6715983E-03   8.9795734E-06   2.6651066E-03
   4.6376812E-01   3.7579004E+04   7.1037814E+01   3.7650041E+04   2.0084726E-03   1.0412342E-05   2.0047027E-03
   4.7826087E-01   3.1044242E+04   0.0000000E+00   3.1044242E+04   2.3959486E-03   0.0000000E+00   2.3959486E-03
   4.9275362E-01   2.3155542E+04   4.4572746E+01   2.3200114E+04   1.2220835E-03   6.3081457E-06   1.2197460E-03
   5.0724638E-01   1.8661972E+04   0.0000000E+00   1.8661972E+04   1.3203389E-03   0.0000000E+00   1.3203389E-03
   5.2173913E-01   1.3134103E+04   0.0000000E+00   1.3134103E+04   4.7685585E-04   0.0000000E+00   4.7685585E-04
   5.3623188E-01   9.8505769E+03   0.0000000E+00   9.8505769E+03   4.6835200E-05   0.0000000E+00   4.6835200E-05
   5.5072464E-01   6.7996897E+03   0.0000000E+00   6.7996897E+03   1.1750299E-03   0.0000000E+00   1.1750299E-03
   5.6521739E-01   4.5464201E+03   0.0000000E+00   4.5464201E+03   1.8330410E-03   0.0000000E+00   1.8330410E-03
   5.7971014E-01   3.0120033E+03   0.0000000E+00   3.0120033E+03   7.5921894E-06   0.0000000E+00   7.5921894E-06
   5.9420290E-01   1.8666196E+03   0.0000000E+00   1.8666196E+03   1.6850379E-05   0.0000000E+00   1.6850379E-05
   6.0869565E-01   1.2087704E+03   1.8041350E+01   1.2268118E+03   6.9248393E-06   7.2199044E-05   6.6699859E-06
   6.2318841E-01   7.0487133E+02   0.0000000E+00   7.0487133E+02   5.5896544E-06   0.0000000E+00   5.5896544E-06
   6.3768116E-01   5.6830251E+02   0.0000000E+00   5.6830251E+02   1.5337550E-05   0.0000000E+00   1.5337550E-05
   6.5217391E-01   2.8625608E+02   0.0000000E+00   2.8625608E+02   4.7788554E-05   0.0000000E+00   4.7788554E-05
   6.6666667E-01   1.6472537E+02   0.0000000E+00   1.6472537E+02   1.8786551E-06   0.0000000E+00   1.8786551E-06
   6.8115942E-01   3.5468526E+02   0.0000000E+00   3.5468526E+02   4.1039588E-05   0.0000000E+00   4.1039588E-05
   6.9565217E-01   1.5786181E+02   0.0000000E+00   1.5786181E+02   7.1914934E-06   0.0000000E+00   7.1914934E-06
   7.1014493E-01   6.1856056E+01   0.0000000E+00   6.1856056E+01   2.9671174E-05   0.0000000E+00   2.9671174E-05
   7.2463768E-01   1.0608314E+02   0.0000000E+00   1.0608314E+02   3.7476891E-06   0.0000000E+00   3.7476891E-06
   7.3913043E-01   8.9145492E+01   0.0000000E+00   8.9145492E+01   2.1246218E-05   0.0000000E+00   2.1246218E-05
   7.5362319E-01   5.8287437E+01   0.0000000E+00   5.8287437E+01   2.0932490E-05   0.0000000E+00   2.0932490E-05
   7.6811594E-01   7.1484593E+01   0.0000000E+00   7.1484593E+01   6.2950632E-05   0.0000000E+00   6.2950632E-05
   7.8260870E-01   2.8064322E+01   0.0000000E+00   2.8064322E+01   2.5686606E-06   0.0000000E+00   2.5686606E-06
   7.9710145E-01   5.5108122E+01   0.0000000E+00   5.5108122E+01   1.9312813E-06   0.0000000E+00   1.9312813E-06
   8.1159420E-01   2.7062024E+01   0.0000000E+00   2.7062024E+01   1.6827119E-05   0.0000000E+00   1.6827119E-05
   8.2608696E-01   1.3293626E+01   0.0000000E+00   1.3293626E+01   1.5826725E-05   0.0000000E+00   1.5826725E-05
   8.4057971E-01   0.0000000E+00   0.0000000E+00   0.0000000E+00   0.0000000E+00   0.0000000E+00   0.0000000E+00
   8.5507246E-01   2.5685989E+01   0.0000000E+00   2.5685989E+01   6.8703254E-05   0.0000000E+00   6.8703254E-05
   8.6956522E-01   1.2628945E+01   0.0000000E+00   1.2628945E+01   2.6346578E-06   0.0000000E+00   2.6346578E-06
   8.8405797E-01   4.9687651E+01   0.0000000E+00   4.9687651E+01   2.0636906E-05   0.0000000E+00   2.0636906E-05
   8.9855072E-01   1.2221559E+01   0.0000000E+00   1.2221559E+01   3.3690664E-06   0.0000000E+00   3.3690664E-06
   9.1304348E-01   0.0000000E+00   0.0000000E+00   0.0000000E+00   0.0000000E+00   0.0000000E+00   0.0000000E+00
   9.2753623E-01   0.0000000E+00   0.0000000E+00   0.0000000E+00   0.0000000E+00   0.0000000E+00   0.0000000E+00
   9.4202899E-01   0.0000000E+00   0.0000000E+00   0.0000000E+00   0.0000000E+00   0.0000000E+00   0.0000000E+00
   9.5652174E-01   0.0000000E+00   0.0000000E+00   0.0000000E+00   0.0000000E+00   0.0000000E+00   0.0000000E+00
   9.7101449E-01   0.0000000E+00   0.0000000E+00   0.0000000E+00   0.0000000E+00   0.0000000E+00   0.0000000E+00
   9.8550725E-01   0.0000000E+00   0.0000000E+00   0.0000000E+00   0.0000000E+00   0.0000000E+00   0.0000000E+00
   1.0000000E+00   0.0000000E+00   0.0000000E+00   0.0000000E+00   0.0000000E+00   0.0000000E+00   0.0000000E+00
