   0.0000000E+00   6.2867897E+07   3.2000736E+07   9.4862571E+07   5.9321464E-04   1.4122091E-03   8.6942221E-04
   1.4492754E-02   6.3840831E+07   3.2204567E+07   9.6043125E+07   9.5253972E-05   9.1448961E-05   5.1071019E-05
   2.8985507E-02   6.7169947E+07   3.3739362E+07   1.0090325E+08   4.5840406E-05   1.7217398E-04   2.8656520E-05
   4.3478261E-02   7.0865555E+07   3.5848017E+07   1.0670776E+08   1.0574115E-04   1.5728572E-04   5.8992000E-05
   5.7971014E-02   7.3232409E+07   3.7068857E+07   1.1029445E+08   7.8231461E-05   1.2308621E-04   9.1945150E-05
   7.2463768E-02   7.3043392E+07   3.6914506E+07   1.0994608E+08   5.2665788E-05   4.4755279E-05   4.7537469E-05
   8.6956522E-02   7.0815292E+07   3.5830463E+07   1.0663957E+08   5.0502024E-05   4.7354441E-05   4.7497299E-05
   1.0144928E-01   6.7196522E+07   3.3794298E+07   1.0098086E+08   7.7502762E-05   4.8879613E-05   4.3041805E-05
   1.1594203E-01   6.3097965E+07   3.1697167E+07   9.4783482E+07   7.8435100E-05   7.3484372E-05   7.5801303E-05
   1.3043478E-01   5.9694075E+07   3.0009319E+07   8.9692281E+07   4.0706172E-05   3.5667007E-05   3.6484159E-05
   1.4492754E-01   5.7643454E+07   2.9169377E+07   8.6797904E+07   1.2059030E-04   1.1252375E-04   1.1522015E-04
   1.5942029E-01   5.0177461E+07   2.5239176E+07   7.5406097E+07   7.2829818E-05   3.6397930E-05   6.0745878E-05
   1.7391304E-01   1.8159728E+07   9.0589315E+06   2.7216828E+07   1.8870617E-04   2.6714396E-04   2.1485107E-04
   1.8840580E-01   7.2916418E+06   3.5560000E+06   1.0846534E+07   3.7174120E-04   4.9429309E-04   4.0214462E-04
   2.0289855E-01   5.5816508E+06   2.7222232E+06   8.3033327E+06   6.0170157E-04   9.5898503E-04   6.3823381E-04
   2.1739130E-01   4.8639118E+06   2.3614106E+06   7.2247162E+06   1.0374971E-03   1.1891045E-03   1.0726229E-03
   2.3188406E-01   4.4256085E+06   2.1116701E+06   6.5371838E+06   8.0714526E-04   5.1429381E-04   6.9532572E-04
   2.4637681E-01   4.0416338E+06   1.9176087E+06   5.9591979E+06   1.1777123E-03   1.3183005E-03   1.1647835E-03
   2.6086957E-01   3.7230550E+06   1.8087596E+06   5.5316462E+06   1.0564009E-03   9.1377723E-04   9.8747624E-04
   2.7536232E-01   3.4786894E+06   1.7109694E+06   5.1897385E+06   9.4532841E-04   1.9044798E-03   1.2537138E-03
   2.8985507E-01   3.2571690E+06   1.5690454E+06   4.8261386E+06   9.8493458E-04   8.4058271E-04   8.7053036E-04
   3.0434783E-01   2.7653059E+06   1.3542559E+06   4.1194535E+06   9.6243381E-04   1.3699275E-03   1.0497991E-03
   3.1884058E-01   1.5737502E+06   7.6755282E+05   2.3413030E+06   7.4843946E-04   7.7077003E-04   7.5324467E-04
   3.3333333E-01   2.0350172E+05   9.5804273E+04   2.9930599E+05   2.0618875E-02   1.6747499E-02   1.9272547E-02
   3.4782609E-01   2.7183804E+04   1.3923412E+04   4.1107215E+04   1.5201600E-01   1.6186441E-01   1.5535101E-01
   3.6231884E-01   2.6096451E+04   1.2123787E+04   3.8220238E+04   1.9182857E-01   1.9201430E-01   1.9185001E-01
   3.7681159E-01   2.2003508E+04   9.6465709E+03   3.1650078E+04   2.0830515E-01   1.9787593E-01   2.0512452E-01
   3.9130435E-01   1.6024728E+04   7.2125307E+03   2.3237258E+04   2.2486023E-01   2.1503167E-01   2.2169316E-01
   4.0579710E-01   1.2367345E+04   5.3582808E+03   1.7725626E+04   2.2505677E-01   2.1454131E-01   2.2182111E-01
   4.2028986E-01   1.0529927E+04   4.3373893E+03   1.4867316E+04   2.3293671E-01   2.3584952E-01   2.3377964E-01
   4.3478261E-01   7.5773668E+03   3.7886834E+03   1.1366050E+04   2.3790805E-01   2.2237725E-01   2.3271542E-01
   4.4927536E-01   6.0374504E+03   3.1531623E+03   9.1906127E+03   2.5128046E-01   2.6355325E-01   2.5539944E-01
   4.6376812E-01   5.3988739E+03   2.1784930E+03   7.5773668E+03   2.5616762E-01   2.7854533E-01   2.6252022E-01
   4.7826087E-01   4.1790326E+03   1.7910140E+03   5.9700466E+03   2.5752083E-01   2.6914187E-01   2.6096412E-01
   4.9275362E-01   4.1006926E+03   1.2926096E+03   5.3933023E+03   2.3610350E-01   2.3887946E-01   2.3675036E-01
   5.0724638E-01   2.9659979E+03   1.3639260E+03   4.3299239E+03   2.4379077E-01   2.6394052E-01   2.5007660E-01
   5.2173913E-01   2.9046573E+03   1.0103156E+03   3.9149729E+03   2.7016974E-01   2.2488407E-01   2.5847895E-01
   5.3623188E-01   2.3756069E+03   1.1468447E+03   3.5224516E+03   2.3920800E-01   2.4997070E-01   2.4271199E-01
   5.5072464E-01   1.7946395E+03   6.9791537E+02   2.4925549E+03   2.4787258E-01   2.5949171E-01   2.5106810E-01
   5.6521739E-01   1.9040563E+03   9.5202814E+02   2.8560844E+03   2.3276717E-01   2.2180729E-01   2.2910954E-01
   5.7971014E-01   1.9132851E+03   7.0090643E+02   2.6141916E+03   2.3678541E-01   2.2434297E-01   2.3344105E-01
   5.9420290E-01   1.5339548E+03   6.8381115E+02   2.2177659E+03   2.2007359E-01   2.0345655E-01   2.1462699E-01
   6.0869565E-01   1.7319696E+03   5.9536454E+02   2.3273341E+03   1.9818874E-01   1.9218972E-01   1.9604352E-01
   6.2318841E-01   1.3392555E+03   3.1719210E+02   1.6564476E+03   2.0871277E-01   1.8217108E-01   2.0361648E-01
   6.3768116E-01   1.0332773E+03   5.5108122E+02   1.5843585E+03   1.5628837E-01   2.6469348E-01   1.9374960E-01
   6.5217391E-01   1.1450243E+03   4.2096482E+02   1.5659891E+03   2.0713805E-01   2.0947550E-01   2.0771875E-01
   6.6666667E-01   8.4009937E+02   4.6123103E+02   1.3013304E+03   1.8739900E-01   2.3028812E-01   2.0227808E-01
   6.8115942E-01   8.0610286E+02   4.1917348E+02   1.2252763E+03   2.1838309E-01   2.0009981E-01   2.1184771E-01
   6.9565217E-01   5.9987487E+02   2.0522035E+02   8.0509523E+02   2.5317111E-01   1.5425224E-01   2.2792672E-01
   7.1014493E-01   4.6392042E+02   1.5464014E+02   6.1856056E+02   2.2981276E-01   1.9693063E-01   2.2107915E-01
   7.2463768E-01   5.6072515E+02   2.4247574E+02   8.0320089E+02   2.1899031E-01   2.2528056E-01   2.2072471E-01
   7.3913043E-01   5.3487295E+02   1.3371824E+02   6.6859119E+02   2.0500262E-01   2.8961349E-01   2.2007695E-01
   7.5362319E-01   3.3515276E+02   2.3314975E+02   5.6830251E+02   1.0556060E-01   2.5848797E-01   1.6827563E-01
   7.6811594E-01   3.8601680E+02   2.7164145E+02   6.5765825E+02   2.0114759E-01   1.6284570E-01   1.8495862E-01
   7.8260870E-01   3.0870754E+02   1.1225729E+02   4.2096482E+02   2.3437188E-01   1.9655152E-01   2.2369421E-01
   7.9710145E-01   2.7554061E+02   1.1021624E+02   3.8575686E+02   2.0729543E-01   2.4030485E-01   2.1672252E-01
   8.1159420E-01   3.5180632E+02   2.0296518E+02   5.5477150E+02   2.3270527E-01   2.0032572E-01   2.2075825E-01
   8.2608696E-01   2.6587252E+02   1.0634901E+02   3.7222153E+02   2.3149325E-01   1.2678634E-01   2.0136920E-01
   8.4057971E-01   2.0903081E+02   5.2257702E+01   2.6128851E+02   1.3068670E-01   2.0032061E-01   1.4430005E-01
   8.5507246E-01   1.4127294E+02   1.0274396E+02   2.4401690E+02   1.9935687E-01   2.4599211E-01   2.1890046E-01
   8.6956522E-01   1.3891839E+02   1.2628945E+02   2.6520784E+02   2.6161347E-01   1.9465453E-01   2.2876392E-01
   8.8405797E-01   1.8632869E+02   7.4531477E+01   2.6086017E+02   2.2128417E-01   2.5958485E-01   2.3222688E-01
   8.9855072E-01   1.8332339E+02   0.0000000E+00   1.8332339E+02   2.0231621E-01   0.0000000E+00   2.0231621E-01
   9.1304348E-01   8.4192965E+01   8.4192965E+01   1.6838593E+02   3.4298694E-01   2.8835927E-01   3.1545562E-01
   9.2753623E-01   1.5391526E+02   4.7358543E+01   2.0127381E+02   2.5819563E-01   1.8398562E-01   2.4054939E-01
   9.4202899E-01   1.1657487E+02   2.3314975E+01   1.3988985E+02   1.9567962E-01   1.9848948E-01   1.9613439E-01
   9.5652174E-01   8.0366012E+01   2.2961718E+01   1.0332773E+02   2.7040062E-01   4.2301190E-01   3.0423064E-01
   9.7101449E-01   5.6547514E+01   0.0000000E+00   5.6547514E+01   2.9727923E-06   0.0000000E+00   2.9727923E-06
   9.8550725E-01   2.2286373E+01   1.1143187E+01   3.3429560E+01   2.0818127E-01   4.0678520E-01   2.6947568E-01
   1.0000000E+00   2.1884092E+01   2.1884092E+01   4.3768184E+01   4.2853133E-01   4.2507597E-01   4.2459129E-01
