   0.0000000E+00   6.2231398E+07   3.3304043E+07   9.5535441E+07   5.8121100E-04   6.2429149E-04   3.8386843E-04
   1.4492754E-02   6.3082337E+07   3.4202718E+07   9.7285055E+07   2.8068644E-04   3.5872245E-04   8.5137237E-05
   2.8985507E-02   6.3869625E+07   3.4894532E+07   9.8762263E+07   8.6238513E-05   1.1501195E-04   9.4964821E-05
   4.3478261E-02   6.4231823E+07   3.5851806E+07   1.0008514E+08   1.2374260E-04   5.0330918E-05   7.9701795E-05
   5.7971014E-02   6.4071183E+07   3.6362079E+07   1.0042909E+08   6.3441869E-05   1.8357602E-05   4.8329938E-05
   7.2463768E-02   6.2277620E+07   3.5981581E+07   9.8255867E+07   2.1699015E-04   7.1271393E-05   1.1679528E-04
   8.6956522E-02   5.9624784E+07   3.4565169E+07   9.4186417E+07   4.9299920E-05   4.6809344E-05   3.7147946E-05
   1.0144928E-01   5.6118520E+07   3.2607791E+07   8.8723172E+07   3.4517008E-05   1.6191324E-04   7.1603047E-05
   1.1594203E-01   5.2439451E+07   3.0330968E+07   8.2768430E+07   7.4477265E-05   1.7473312E-05   4.9392974E-05
   1.3043478E-01   4.8511229E+07   2.8326386E+07   7.6834079E+07   5.8926463E-05   1.0882063E-04   3.4310160E-05
   1.4492754E-01   4.5188385E+07   2.6724842E+07   7.1910575E+07   5.9278375E-05   1.0722131E-04   7.5232932E-05
   1.5942029E-01   3.9192759E+07   2.2792857E+07   6.1985065E+07   1.0898474E-04   8.8025998E-05   9.8699656E-05
   1.7391304E-01   2.3751888E+07   1.0509934E+07   3.4261001E+07   4.3325545E-04   2.7011414E-04   3.6657104E-04
   1.8840580E-01   1.6700983E+07   5.6200747E+06   2.2319251E+07   4.9156659E-04   4.3665230E-04   4.7749242E-04
   2.0289855E-01   1.3665619E+07   4.2966917E+06   1.7962256E+07   4.1206340E-04   5.5239783E-04   4.2012004E-04
   2.1739130E-01   1.1379134E+07   3.4715454E+06   1.4850326E+07   7.2560252E-04   7.9868582E-04   7.3936650E-04
   2.3188406E-01   9.4916465E+06   2.8534469E+06   1.2344715E+07   9.0770650E-04   7.2621771E-04   8.6595356E-04
   2.4637681E-01   7.9200867E+06   2.3628904E+06   1.0282799E+07   1.1235690E-03   9.6723611E-04   1.0830849E-03
   2.6086957E-01   6.5707978E+06   1.9959205E+06   8.5666763E+06   9.2183570E-04   7.9282745E-04   8.4051553E-04
   2.7536232E-01   5.4548666E+06   1.6976492E+06   7.1524760E+06   1.5758343E-03   8.1340551E-04   1.3753361E-03
   2.8985507E-01   4.4222649E+06   1.4654627E+06   5.8875383E+06   1.1190045E-03   1.1318881E-03   1.1179822E-03
   3.0434783E-01   3.5032332E+06   1.1828630E+06   4.6861684E+06   2.0508481E-03   7.0080695E-04   1.7051194E-03
   3.1884058E-01   2.2167587E+06   7.0472956E+05   2.9214882E+06   3.7440802E-03   1.4543988E-03   3.1741618E-03
   3.3333333E-01   4.4923902E+05   1.1339694E+05   5.6263596E+05   2.3613163E-02   1.3372571E-02   2.1548985E-02
   3.4782609E-01   4.0317906E+04   6.5039065E+03   4.6821813E+04   1.5225926E-01   1.0355146E-01   1.4549259E-01
   3.6231884E-01   2.9157708E+04   3.7280645E+03   3.2885772E+04   1.7034777E-01   1.0020287E-01   1.6239162E-01
   3.7681159E-01   1.8972561E+04   2.3314975E+03   2.1304058E+04   1.6739620E-01   1.2154447E-01   1.6175988E-01
   3.9130435E-01   1.3779582E+04   2.1048241E+03   1.5884406E+04   1.7913598E-01   1.6585545E-01   1.7733358E-01
   4.0579710E-01   8.6057238E+03   1.0283569E+03   9.6340807E+03   1.6453406E-01   1.4465384E-01   1.6223850E-01
   4.2028986E-01   6.6105993E+03   6.7935013E+02   7.2899495E+03   1.9997770E-01   1.2534338E-01   1.9258569E-01
   4.3478261E-01   5.0515779E+03   4.0412623E+02   5.4557041E+03   1.9337338E-01   2.0057417E-01   1.9280824E-01
   4.4927536E-01   2.9331743E+03   2.6887431E+02   3.2020486E+03   2.0360977E-01   1.0957007E-01   1.9554956E-01
   4.6376812E-01   2.6520784E+03   1.8943417E+02   2.8415126E+03   1.7588091E-01   1.3026782E-01   1.7220899E-01
   4.7826087E-01   2.5028272E+03   2.7554061E+02   2.7783678E+03   1.5674368E-01   1.1842959E-01   1.5293232E-01
   4.9275362E-01   1.8943417E+03   1.7829098E+02   2.0726327E+03   1.1339290E-01   9.5492827E-02   1.1183932E-01
   5.0724638E-01   1.6670207E+03   1.0824810E+02   1.7752688E+03   1.0913294E-01   6.6676829E-06   1.0247879E-01
   5.2173913E-01   1.2207980E+03   1.0524121E+02   1.3260392E+03   1.0991081E-01   3.0815243E-05   1.0118530E-01
   5.3623188E-01   1.0649272E+03   4.0958740E+01   1.1058860E+03   5.6932143E-02   1.9853996E-01   5.9378548E-02
   5.5072464E-01   8.5743888E+02   5.9821317E+01   9.1726020E+02   6.4269040E-02   4.7199482E-06   6.0077888E-02
   5.6521739E-01   5.2458694E+02   3.8858291E+01   5.6344523E+02   8.1371735E-02   4.9273504E-06   7.5760223E-02
   5.7971014E-01   4.9252884E+02   5.6830251E+01   5.4935910E+02   8.5980291E-02   3.6193083E-05   7.7082100E-02
   5.9420290E-01   2.4025797E+02   1.8481383E+01   2.5873936E+02   3.2765381E-02   1.4532368E-05   3.0424178E-02
   6.0869565E-01   2.1649620E+02   0.0000000E+00   2.1649620E+02   4.5994946E-02   0.0000000E+00   4.5994946E-02
   6.2318841E-01   2.6432675E+02   1.7621783E+01   2.8194853E+02   1.0049944E-01   1.8423327E-05   9.4219047E-02
   6.3768116E-01   8.6106441E+01   0.0000000E+00   8.6106441E+01   8.4803993E-02   0.0000000E+00   8.4803993E-02
   6.5217391E-01   1.6838593E+02   0.0000000E+00   1.6838593E+02   1.7697798E-01   0.0000000E+00   1.7697798E-01
   6.6666667E-01   4.9417610E+01   1.6472537E+01   6.5890146E+01   2.8072077E-01   1.0186595E-05   2.1053803E-01
   6.8115942E-01   1.2897646E+02   0.0000000E+00   1.2897646E+02   7.3172907E-02   0.0000000E+00   7.3172907E-02
   6.9565217E-01   6.3144724E+01   0.0000000E+00   6.3144724E+01   1.0578565E-01   0.0000000E+00   1.0578565E-01
   7.1014493E-01   3.0928028E+01   0.0000000E+00   3.0928028E+01   3.0722976E-04   0.0000000E+00   3.0722976E-04
   7.2463768E-01   3.0309467E+01   0.0000000E+00   3.0309467E+01   1.6401377E-01   0.0000000E+00   1.6401377E-01
   7.3913043E-01   5.9430328E+01   0.0000000E+00   5.9430328E+01   8.6632947E-02   0.0000000E+00   8.6632947E-02
   7.5362319E-01   1.4571859E+01   0.0000000E+00   1.4571859E+01   6.0210461E-06   0.0000000E+00   6.0210461E-06
   7.6811594E-01   1.4296919E+01   0.0000000E+00   1.4296919E+01   1.0729667E-05   0.0000000E+00   1.0729667E-05
   7.8260870E-01   1.4032161E+01   0.0000000E+00   1.4032161E+01   1.9666436E-05   0.0000000E+00   1.9666436E-05
   7.9710145E-01   0.0000000E+00   0.0000000E+00   0.0000000E+00   0.0000000E+00   0.0000000E+00   0.0000000E+00
   8.1159420E-01   0.0000000E+00   0.0000000E+00   0.0000000E+00   0.0000000E+00   0.0000000E+00   0.0000000E+00
   8.2608696E-01   1.3293626E+01   0.0000000E+00   1.3293626E+01   4.2475640E-01   0.0000000E+00   4.2475640E-01
   8.4057971E-01   0.0000000E+00   0.0000000E+00   0.0000000E+00   0.0000000E+00   0.0000000E+00   0.0000000E+00
   8.5507246E-01   0.0000000E+00   0.0000000E+00   0.0000000E+00   0.0000000E+00   0.0000000E+00   0.0000000E+00
   8.6956522E-01   0.0000000E+00   0.0000000E+00   0.0000000E+00   0.0000000E+00   0.0000000E+00   0.0000000E+00
   8.8405797E-01   0.0000000E+00   0.0000000E+00   0.0000000E+00   0.0000000E+00   0.0000000E+00   0.0000000E+00
   8.9855072E-01   0.0000000E+00   0.0000000E+00   0.0000000E+00   0.0000000E+00   0.0000000E+00   0.0000000E+00
   9.1304348E-01   0.0000000E+00   0.0000000E+00   0.0000000E+00   0.0000000E+00   0.0000000E+00   0.0000000E+00
   9.2753623E-01   0.0000000E+00   0.0000000E+00   0.0000000E+00   0.0000000E+00   0.0000000E+00   0.0000000E+00
   9.4202899E-01   0.0000000E+00   0.0000000E+00   0.0000000E+00   0.0000000E+00   0.0000000E+00   0.0000000E+00
   9.5652174E-01   0.0000000E+00   0.0000000E+00   0.0000000E+00   0.0000000E+00   0.0000000E+00   0.0000000E+00
   9.7101449E-01   0.0000000E+00   0.0000000E+00   0.0000000E+00   0.0000000E+00   0.0000000E+00   0.0000000E+00
   9.8550725E-01   0.0000000E+00   0.0000000E+00   0.0000000E+00   0.0000000E+00   0.0000000E+00   0.0000000E+00
   1.0000000E+00   0.0000000E+00   0.0000000E+00   0.0000000E+00   0.0000000E+00   0.0000000E+00   0.0000000E+00
