   0.0000000E+00   6.6426229E+07   3.3079753E+07   9.9505981E+07   3.2571170E-04   1.6903907E-04   2.1971842E-04
   1.4492754E-02   6.5824586E+07   3.3009283E+07   9.8830080E+07   2.3880036E-04   3.6017135E-04   1.2591772E-04
   2.8985507E-02   6.9358291E+07   3.4552035E+07   1.0389820E+08   4.4196926E-05   1.5252365E-04   4.2788588E-05
   4.3478261E-02   7.3653269E+07   3.6990684E+07   1.1063057E+08   1.5794600E-05   8.5776500E-05   3.0607930E-05
   5.7971014E-02   7.6548075E+07   3.8498138E+07   1.1502935E+08   3.5979595E-05   9.5325201E-05   1.1926865E-05
   7.2463768E-02   7.6730387E+07   3.8443468E+07   1.1515021E+08   9.5987883E-05   4.2546732E-05   7.8812661E-05
   8.6956522E-02   7.4607764E+07   3.7505187E+07   1.1209123E+08   4.9037049E-05   8.3140082E-05   1.2915446E-05
   1.0144928E-01   7.0771632E+07   3.5533845E+07   1.0627701E+08   2.2714473E-05   8.8689839E-06   1.2494647E-05
   1.1594203E-01   6.6691531E+07   3.3339372E+07   1.0000561E+08   7.4587439E-05   3.5203693E-05   4.2289927E-05
   1.3043478E-01   6.3199533E+07   3.1714227E+07   9.4885977E+07   6.9923088E-05   4.1238617E-05   4.1743476E-05
   1.4492754E-01   6.1608160E+07   3.0877997E+07   9.2451453E+07   2.7538063E-05   4.3014023E-05   2.2764334E-05
   1.5942029E-01   5.3037986E+07   2.6573137E+07   7.9587702E+07   7.8777336E-05   7.0211718E-05   7.5083747E-05
   1.7391304E-01   1.7208263E+07   8.6226015E+06   2.5829097E+07   3.9334365E-04   6.4871263E-04   4.7300385E-04
   1.8840580E-01   4.9959328E+06   2.4797224E+06   7.4752473E+06   2.4638110E-03   1.5516309E-03   2.1567652E-03
   2.0289855E-01   3.3814000E+06   1.7068019E+06   5.0879312E+06   2.2229625E-03   2.6423841E-03   2.3633887E-03
   2.1739130E-01   2.9567896E+06   1.4769298E+06   4.4337699E+06   1.2179882E-03   6.7652266E-04   1.0200609E-03
   2.3188406E-01   2.7604821E+06   1.3721664E+06   4.1324591E+06   1.4236069E-03   1.1353113E-03   1.3244636E-03
   2.4637681E-01   2.6663862E+06   1.3165452E+06   3.9828423E+06   1.3499579E-03   1.0978824E-03   1.1795475E-03
   2.6086957E-01   2.6321247E+06   1.3083166E+06   3.9403570E+06   1.1827429E-03   1.0654319E-03   1.1413600E-03
   2.7536232E-01   2.6094856E+06   1.2849220E+06   3.8944076E+06   1.1445773E-03   1.1311712E-03   1.0655130E-03
   2.8985507E-01   2.5288704E+06   1.2528797E+06   3.7816744E+06   5.1100756E-04   1.1273551E-03   6.1787377E-04
   3.0434783E-01   2.1748125E+06   1.0882181E+06   3.2629946E+06   8.0935981E-04   5.4866263E-04   7.1370117E-04
   3.1884058E-01   1.2045947E+06   6.0853144E+05   1.8131261E+06   2.0122903E-03   1.2855285E-03   1.7065708E-03
   3.3333333E-01   1.3556898E+05   6.6713773E+04   2.0228275E+05   8.7359279E-03   1.5994794E-02   1.1120925E-02
   3.4782609E-01   8.9665508E+03   4.2306965E+03   1.3197247E+04   7.7352948E-02   6.6292930E-02   7.3484080E-02
   3.6231884E-01   9.4262443E+03   3.7583740E+03   1.3184618E+04   8.7022356E-02   7.7688206E-02   8.4264506E-02
   3.7681159E-01   8.3059598E+03   4.5755638E+03   1.2881524E+04   8.6675562E-02   8.0605003E-02   8.4461374E-02
   3.9130435E-01   8.6438111E+03   3.8167477E+03   1.2460559E+04   1.0423840E-01   1.1301450E-01   1.0692651E-01
   4.0579710E-01   8.2539175E+03   4.0863657E+03   1.2340283E+04   1.0526307E-01   1.1200208E-01   1.0747551E-01
   4.2028986E-01   8.2828458E+03   4.3373893E+03   1.2620235E+04   1.2751003E-01   1.2943358E-01   1.2816985E-01
   4.3478261E-01   7.0974669E+03   4.0665202E+03   1.1163987E+04   1.3843768E-01   1.1700743E-01   1.3062341E-01
   4.4927536E-01   7.7240256E+03   2.9087311E+03   1.0632757E+04   1.4383380E-01   1.3858282E-01   1.4235001E-01
   4.6376812E-01   5.6119873E+03   2.6047199E+03   8.2167072E+03   1.4707859E-01   1.4953122E-01   1.4782612E-01
   4.7826087E-01   4.2019943E+03   2.2272866E+03   6.4292810E+03   1.5872244E-01   1.5972411E-01   1.5906844E-01
   4.9275362E-01   4.5909929E+03   1.9389145E+03   6.5299073E+03   1.6034511E-01   1.5165104E-01   1.5776355E-01
   5.0724638E-01   3.3773406E+03   1.7536192E+03   5.1309598E+03   1.8619937E-01   1.4795160E-01   1.7312135E-01
   5.2173913E-01   3.0730432E+03   1.5786181E+03   4.6516613E+03   1.8645990E-01   1.8436982E-01   1.8552866E-01
   5.3623188E-01   2.3141688E+03   1.2492416E+03   3.5634104E+03   1.9134659E-01   1.7701358E-01   1.8627905E-01
   5.5072464E-01   1.7148778E+03   8.3749844E+02   2.5523762E+03   2.0722734E-01   2.1367309E-01   2.0920983E-01
   5.6521739E-01   1.3017528E+03   6.2173266E+02   1.9234854E+03   1.9906026E-01   2.4939908E-01   2.1457548E-01
   5.7971014E-01   1.5533602E+03   6.4407618E+02   2.1974364E+03   2.1652941E-01   1.9319897E-01   2.0966110E-01
   5.9420290E-01   1.1273643E+03   6.0988562E+02   1.7372500E+03   2.4763357E-01   2.3697666E-01   2.4247969E-01
   6.0869565E-01   8.2990208E+02   3.6082699E+02   1.1907291E+03   2.7648747E-01   2.0619720E-01   2.5507522E-01
   6.2318841E-01   8.4584560E+02   3.7005745E+02   1.2159031E+03   2.5117092E-01   3.0971415E-01   2.6898073E-01
   6.3768116E-01   7.9217926E+02   3.0998319E+02   1.1021624E+03   2.5758602E-01   2.6155116E-01   2.5854625E-01
   6.5217391E-01   5.0515779E+02   3.5361045E+02   8.5876824E+02   2.6015924E-01   3.1149879E-01   2.8098808E-01
   6.6666667E-01   5.4359371E+02   2.9650566E+02   8.4009937E+02   2.7586721E-01   2.8882500E-01   2.8026319E-01
   6.8115942E-01   4.6753966E+02   1.6122057E+02   6.2876023E+02   3.0821508E-01   3.1328977E-01   3.0918467E-01
   6.9565217E-01   3.9465452E+02   1.2628945E+02   5.2094397E+02   2.9675787E-01   3.3770013E-01   3.0559073E-01
   7.1014493E-01   3.5567232E+02   6.1856056E+01   4.1752838E+02   2.7728893E-01   2.7041455E-01   2.7257418E-01
   7.2463768E-01   2.8793994E+02   1.9701154E+02   4.8495148E+02   3.3980362E-01   3.4229858E-01   3.4077359E-01
   7.3913043E-01   2.6743648E+02   1.7829098E+02   4.4572746E+02   3.1113275E-01   3.5007711E-01   3.2496270E-01
   7.5362319E-01   1.8943417E+02   1.0200302E+02   2.9143719E+02   3.1667216E-01   3.2086502E-01   3.1620046E-01
   7.6811594E-01   3.4312605E+02   1.0007843E+02   4.4320448E+02   3.4519013E-01   2.7469954E-01   3.2883664E-01
   7.8260870E-01   2.3854673E+02   9.8225126E+01   3.3677186E+02   3.1008210E-01   3.3918795E-01   3.1822976E-01
   7.9710145E-01   2.3420952E+02   2.0665546E+02   4.4086498E+02   3.4956164E-01   3.5807492E-01   3.5354088E-01
   8.1159420E-01   1.8943417E+02   6.7655061E+01   2.5708923E+02   3.0533795E-01   3.5203938E-01   3.1759624E-01
   8.2608696E-01   2.2599164E+02   5.3174504E+01   2.7916615E+02   3.5827858E-01   3.0749168E-01   3.4858013E-01
   8.4057971E-01   6.5322128E+01   9.1450979E+01   1.5677311E+02   3.9997637E-01   3.3203495E-01   3.6019762E-01
   8.5507246E-01   1.5411594E+02   5.1371979E+01   2.0548791E+02   2.9722348E-01   3.7980745E-01   3.1707986E-01
   8.6956522E-01   1.3891839E+02   8.8402613E+01   2.2732101E+02   3.3317556E-01   3.1674047E-01   3.2673633E-01
   8.8405797E-01   1.7390678E+02   1.2421913E+01   1.8632869E+02   3.5273904E-01   3.8612845E-01   3.5438534E-01
   8.9855072E-01   4.8886238E+01   3.6664678E+01   8.5550916E+01   3.8250520E-01   2.5065590E-01   3.2571559E-01
   9.1304348E-01   6.0137832E+01   4.8110266E+01   1.0824810E+02   3.9501391E-01   4.0530330E-01   3.9952509E-01
   9.2753623E-01   5.9198178E+01   3.5518907E+01   9.4717086E+01   3.2579450E-01   3.4290072E-01   3.3209411E-01
   9.4202899E-01   5.8287437E+01   0.0000000E+00   5.8287437E+01   2.9545828E-01   0.0000000E+00   2.9545828E-01
   9.5652174E-01   2.2961718E+01   1.1480859E+01   3.4442577E+01   4.1698284E-01   4.1362193E-01   4.1585235E-01
   9.7101449E-01   6.7857016E+01   3.3928508E+01   1.0178552E+02   1.2842423E-01   4.1234188E-01   2.2288072E-01
   9.8550725E-01   3.3429560E+01   0.0000000E+00   3.3429560E+01   2.6055640E-01   0.0000000E+00   2.6055640E-01
   1.0000000E+00   0.0000000E+00   0.0000000E+00   0.0000000E+00   0.0000000E+00   0.0000000E+00   0.0000000E+00
