   0.0000000E+00   6.5729111E+07   3.3443466E+07   9.9172577E+07   1.2816767E-03   1.6582225E-04   9.0501297E-04
   1.4492754E-02   6.6857381E+07   3.4230755E+07   1.0108814E+08   7.8625154E-04   5.2504286E-05   5.3809493E-04
   2.8985507E-02   6.8994577E+07   3.5073737E+07   1.0406718E+08   4.5694726E-04   4.3994754E-05   3.0113029E-04
   4.3478261E-02   7.1860464E+07   3.6337010E+07   1.0819596E+08   3.2427475E-04   1.1099736E-05   2.1966235E-04
   5.7971014E-02   7.3114581E+07   3.7085338E+07   1.1019784E+08   2.3494460E-04   2.1721403E-05   1.6040652E-04
   7.2463768E-02   7.2912152E+07   3.7018013E+07   1.0992683E+08   3.4521708E-04   6.5034844E-06   2.2730905E-04
   8.6956522E-02   7.0589865E+07   3.5769970E+07   1.0635870E+08   2.4811625E-04   2.5363554E-05   1.5359237E-04
   1.0144928E-01   6.6949175E+07   3.3952990E+07   1.0089892E+08   3.4719772E-04   5.1187317E-05   2.1600768E-04
   1.1594203E-01   6.2591986E+07   3.1772278E+07   9.4361707E+07   3.3057908E-04   8.7377644E-05   2.4796432E-04
   1.3043478E-01   5.8866458E+07   2.9744533E+07   8.8607286E+07   1.8923510E-04   1.1061122E-04   1.6238389E-04
   1.4492754E-01   5.5814354E+07   2.8195458E+07   8.4003219E+07   1.5739893E-04   1.4395014E-04   8.3567513E-05
   1.5942029E-01   4.7234825E+07   2.3750774E+07   7.0982775E+07   4.5560733E-04   3.0456740E-04   2.0300901E-04
   1.7391304E-01   2.0460911E+07   1.0167816E+07   3.0627906E+07   2.8461904E-03   1.2426729E-03   2.3100920E-03
   1.8840580E-01   9.4819089E+06   4.6659094E+06   1.4147702E+07   4.5645531E-03   3.0016453E-03   4.0470362E-03
   2.0289855E-01   6.8519963E+06   3.3311728E+06   1.0182899E+07   3.4397939E-03   3.5940707E-03   3.4863228E-03
   2.1739130E-01   5.4375184E+06   2.6499567E+06   8.0872731E+06   2.6756967E-03   3.9320394E-03   3.0825709E-03
   2.3188406E-01   4.5488827E+06   2.2145328E+06   6.7633682E+06   2.3786372E-03   3.9912176E-03   2.8846370E-03
   2.4637681E-01   3.8949448E+06   1.8797664E+06   5.7746667E+06   9.8081564E-04   3.1912210E-03   1.6586340E-03
   2.6086957E-01   3.4411349E+06   1.6624743E+06   5.1035250E+06   9.9248101E-04   3.2560654E-03   1.7042759E-03
   2.7536232E-01   3.1203995E+06   1.4816544E+06   4.6020539E+06   4.5917083E-04   2.4701231E-03   6.2033330E-04
   2.8985507E-01   2.7783552E+06   1.3388449E+06   4.1171623E+06   4.8682279E-04   1.8773393E-03   5.7237599E-04
   3.0434783E-01   2.3112051E+06   1.0968058E+06   3.4079749E+06   1.8438585E-03   1.2259071E-03   1.6364967E-03
   3.1884058E-01   1.2771996E+06   5.9837088E+05   1.8756049E+06   2.0958992E-03   8.2768326E-04   1.6362086E-03
   3.3333333E-01   1.9210272E+05   7.5312437E+04   2.6741516E+05   3.3643179E-02   2.1587000E-04   2.4205235E-02
   3.4782609E-01   5.7430126E+04   1.2786807E+04   7.0216933E+04   1.3363757E-01   1.2387771E-06   1.0930169E-01
   3.6231884E-01   5.7406131E+04   1.2851214E+04   7.0257345E+04   1.5631732E-01   8.8365011E-06   1.2772466E-01
   3.7681159E-01   5.3391293E+04   1.0346020E+04   6.3737313E+04   1.7715389E-01   3.2716677E-06   1.4839725E-01
   3.9130435E-01   4.4285500E+04   6.4267297E+03   5.0712229E+04   1.6872707E-01   7.4565633E-06   1.4734354E-01
   4.0579710E-01   3.4964136E+04   4.8441024E+03   3.9808238E+04   1.5377234E-01   1.3998970E-05   1.3505873E-01
   4.2028986E-01   2.8349804E+04   3.7886834E+03   3.2138487E+04   1.3543811E-01   1.5494225E-05   1.1947002E-01
   4.3478261E-01   2.3161485E+04   1.8690838E+03   2.5030568E+04   1.0408541E-01   1.7637420E-05   9.6314005E-02
   4.4927536E-01   2.1216627E+04   1.4177009E+03   2.2634328E+04   9.2040565E-02   5.2718160E-05   8.6278855E-02
   4.6376812E-01   1.7238510E+04   1.2550014E+03   1.8493511E+04   6.5707794E-02   5.8688649E-05   6.1252718E-02
   4.7826087E-01   1.5751738E+04   7.1181325E+02   1.6463552E+04   5.4877334E-02   1.1022447E-05   5.2504832E-02
   4.9275362E-01   1.5533602E+04   4.9030021E+02   1.6023902E+04   3.7886393E-02   3.8872773E-06   3.6727026E-02
   5.0724638E-01   1.4158851E+04   3.4639391E+02   1.4505245E+04   3.8981559E-02   9.7081662E-06   3.8050881E-02
   5.2173913E-01   1.3239344E+04   1.4733769E+02   1.3386681E+04   1.7113481E-02   3.4207439E-06   1.6925148E-02
   5.3623188E-01   1.1898514E+04   1.4335559E+02   1.2041869E+04   1.4458472E-02   5.8878005E-05   1.4287000E-02
   5.5072464E-01   1.1964263E+04   1.3958307E+02   1.2103847E+04   9.4759447E-03   8.3271592E-06   9.3667556E-03
   5.6521739E-01   1.1774062E+04   5.8287437E+01   1.1832350E+04   5.3948750E-03   3.8746948E-05   5.3683973E-03
   5.7971014E-01   1.0816691E+04   1.8943417E+01   1.0835635E+04   9.1884680E-03   1.9966616E-05   9.1723715E-03
   5.9420290E-01   1.0460463E+04   1.8481383E+01   1.0478944E+04   3.5159596E-03   7.1119297E-06   3.5097471E-03
   6.0869565E-01   1.0265528E+04   1.8041350E+01   1.0283569E+04   3.5850464E-03   8.3812819E-05   3.5789037E-03
   6.2318841E-01   1.0097282E+04   1.7621783E+01   1.0114904E+04   9.8788778E-04   2.0003650E-04   9.8582654E-04
   6.3768116E-01   9.1445041E+03   3.4442577E+01   9.1789467E+03   1.4586245E-03   4.6369811E-06   1.4531386E-03
   6.5217391E-01   8.9244543E+03   0.0000000E+00   8.9244543E+03   5.0660528E-06   0.0000000E+00   5.0660528E-06
   6.6666667E-01   8.1374331E+03   3.2945073E+01   8.1703782E+03   7.5009188E-04   2.6592026E-05   7.4696094E-04
   6.8115942E-01   7.8998080E+03   0.0000000E+00   7.8998080E+03   1.2478047E-03   0.0000000E+00   1.2478047E-03
   6.9565217E-01   7.2774294E+03   1.5786181E+01   7.2932156E+03   8.9096589E-07   4.2481186E-05   8.0630921E-07
   7.1014493E-01   6.5722059E+03   0.0000000E+00   6.5722059E+03   6.6873704E-06   0.0000000E+00   6.6873704E-06
   7.2463768E-01   5.8800367E+03   0.0000000E+00   5.8800367E+03   2.4874072E-06   0.0000000E+00   2.4874072E-06
   7.3913043E-01   5.3338720E+03   0.0000000E+00   5.3338720E+03   7.9201290E-06   0.0000000E+00   7.9201290E-06
   7.5362319E-01   4.2404111E+03   0.0000000E+00   4.2404111E+03   1.0961546E-03   0.0000000E+00   1.0961546E-03
   7.6811594E-01   4.0031372E+03   0.0000000E+00   4.0031372E+03   8.9129729E-07   0.0000000E+00   8.9129729E-07
   7.8260870E-01   3.3957829E+03   0.0000000E+00   3.3957829E+03   2.3368110E-05   0.0000000E+00   2.3368110E-05
   7.9710145E-01   2.9207305E+03   0.0000000E+00   2.9207305E+03   3.2502985E-06   0.0000000E+00   3.2502985E-06
   8.1159420E-01   2.5708923E+03   0.0000000E+00   2.5708923E+03   2.4858398E-05   0.0000000E+00   2.4858398E-05
   8.2608696E-01   2.0073375E+03   0.0000000E+00   2.0073375E+03   1.2816646E-04   0.0000000E+00   1.2816646E-04
   8.4057971E-01   1.6853109E+03   0.0000000E+00   1.6853109E+03   3.8228506E-05   0.0000000E+00   3.8228506E-05
   8.5507246E-01   1.9778212E+03   0.0000000E+00   1.9778212E+03   3.0640236E-05   0.0000000E+00   3.0640236E-05
   8.6956522E-01   1.2628945E+03   0.0000000E+00   1.2628945E+03   6.4260358E-05   0.0000000E+00   6.4260358E-05
   8.8405797E-01   8.9437773E+02   0.0000000E+00   8.9437773E+02   5.7300553E-06   0.0000000E+00   5.7300553E-06
   8.9855072E-01   7.2107201E+02   0.0000000E+00   7.2107201E+02   1.4437254E-05   0.0000000E+00   1.4437254E-05
   9.1304348E-01   6.1340589E+02   0.0000000E+00   6.1340589E+02   3.5005509E-04   0.0000000E+00   3.5005509E-04
   9.2753623E-01   3.1967016E+02   0.0000000E+00   3.1967016E+02   1.1017918E-05   0.0000000E+00   1.1017918E-05
   9.4202899E-01   1.9817729E+02   0.0000000E+00   1.9817729E+02   6.9534216E-03   0.0000000E+00   6.9534216E-03
   9.5652174E-01   1.8369374E+02   0.0000000E+00   1.8369374E+02   1.6320540E-05   0.0000000E+00   1.6320540E-05
   9.7101449E-01   1.2440453E+02   0.0000000E+00   1.2440453E+02   6.0847335E-06   0.0000000E+00   6.0847335E-06
   9.8550725E-01   5.5715933E+01   0.0000000E+00   5.5715933E+01   3.3057321E-07   0.0000000E+00   3.3057321E-07
   1.0000000E+00   0.0000000E+00   0.0000000E+00   0.0000000E+00   0.0000000E+00   0.0000000E+00   0.0000000E+00
