   0.0000000E+00   6.5965525E+07   3.1388484E+07   9.7354009E+07   1.9192479E-03   1.4899037E-04   1.3042068E-03
   1.4492754E-02   6.6239825E+07   3.3078237E+07   9.9318820E+07   5.9125772E-04   1.8888563E-04   3.6290490E-04
   2.8985507E-02   6.8714972E+07   3.4236438E+07   1.0294724E+08   4.3067212E-04   3.3877700E-04   3.9732997E-04
   4.3478261E-02   7.1727607E+07   3.5978348E+07   1.0770090E+08   2.4568999E-04   3.4088315E-04   6.0694973E-05
   5.7971014E-02   7.3075368E+07   3.6652671E+07   1.0972027E+08   2.2437247E-04   2.5503650E-04   2.1430722E-04
   7.2463768E-02   7.2539951E+07   3.6498661E+07   1.0903088E+08   3.1280674E-04   2.6299947E-04   2.8825490E-04
   8.6956522E-02   7.0271869E+07   3.5250795E+07   1.0551420E+08   3.9376181E-04   2.4653954E-04   3.0558825E-04
   1.0144928E-01   6.6295790E+07   3.3380358E+07   9.9664240E+07   6.2212601E-04   3.2162729E-04   5.0767138E-04
   1.1594203E-01   6.2155151E+07   3.1237032E+07   9.3381953E+07   9.1064970E-04   7.6658205E-04   8.6089298E-04
   1.3043478E-01   5.8301944E+07   2.9342511E+07   8.7636205E+07   1.4383576E-03   1.1079244E-03   1.3278514E-03
   1.4492754E-01   5.5816021E+07   2.8123549E+07   8.3927521E+07   2.1182777E-03   1.4263807E-03   1.8793793E-03
   1.5942029E-01   4.8259147E+07   2.4312050E+07   7.2563345E+07   3.2295964E-03   2.1922504E-03   2.8800931E-03
   1.7391304E-01   2.0607154E+07   1.0236896E+07   3.0842219E+07   8.9941653E-03   6.4343961E-03   8.1395930E-03
   1.8840580E-01   1.0265642E+07   5.0904168E+06   1.5355767E+07   1.9732595E-02   1.4392936E-02   1.7960669E-02
   2.0289855E-01   7.7248007E+06   3.7873303E+06   1.1511860E+07   2.5722400E-02   1.8907319E-02   2.3475156E-02
   2.1739130E-01   6.0849792E+06   2.9991218E+06   9.0839999E+06   3.1284684E-02   2.2182999E-02   2.8278211E-02
   2.3188406E-01   4.8974416E+06   2.4068085E+06   7.3041554E+06   3.4552876E-02   2.5891047E-02   3.1693833E-02
   2.4637681E-01   4.0157816E+06   1.9789854E+06   5.9947669E+06   3.5804318E-02   2.5290243E-02   3.2331790E-02
   2.6086957E-01   3.3935658E+06   1.6538445E+06   5.0473682E+06   3.5374870E-02   2.5341851E-02   3.2088085E-02
   2.7536232E-01   2.9052422E+06   1.4318830E+06   4.3370056E+06   3.1911226E-02   2.1291720E-02   2.8409389E-02
   2.8985507E-01   2.5544819E+06   1.2659507E+06   3.8204705E+06   2.5886649E-02   1.6839832E-02   2.2877830E-02
   3.0434783E-01   2.0988945E+06   1.0327951E+06   3.1316175E+06   1.9484999E-02   1.3480786E-02   1.7499900E-02
   3.1884058E-01   1.2014260E+06   5.9275674E+05   1.7941827E+06   1.6097153E-02   1.2100200E-02   1.4769322E-02
   3.3333333E-01   1.7019425E+05   8.1473166E+04   2.5166741E+05   2.1039105E-02   1.9116928E-02   2.0225883E-02
   3.4782609E-01   4.6411372E+03   1.3260392E+03   5.9671764E+03   5.7235678E-02   6.3885743E-02   5.5339655E-02
   3.6231884E-01   3.2734225E+03   1.5154734E+03   4.7888958E+03   8.9152106E-02   8.0185027E-02   8.5579367E-02
   3.7681159E-01   2.2440663E+03   9.6174271E+02   3.2058090E+03   8.1354138E-02   8.5941810E-02   8.0427788E-02
   3.9130435E-01   1.7680523E+03   9.8225126E+02   2.7503035E+03   1.4955619E-01   7.7157911E-02   1.2338849E-01
   4.0579710E-01   1.6237215E+03   6.2242656E+02   2.2461480E+03   1.3013715E-01   5.9178788E-02   1.1005454E-01
   4.2028986E-01   1.2280560E+03   4.4419047E+02   1.6722465E+03   1.3068087E-01   1.3487999E-01   1.2870194E-01
   4.3478261E-01   9.3454191E+02   5.0515779E+02   1.4396997E+03   1.2823446E-01   1.3012353E-01   1.1977452E-01
   4.4927536E-01   7.8217980E+02   2.1998807E+02   1.0021679E+03   1.2695320E-01   1.1461369E-01   1.2201544E-01
   4.6376812E-01   7.1037814E+02   1.6575490E+02   8.7613304E+02   1.8685139E-01   8.7910248E-02   1.6806100E-01
   4.7826087E-01   5.2811951E+02   1.8369374E+02   7.1181325E+02   1.0024776E-01   1.6401507E-01   1.1670352E-01
   4.9275362E-01   7.1316394E+02   1.1143187E+02   8.2459580E+02   1.0589329E-01   1.6717394E-01   1.1176153E-01
   5.0724638E-01   5.6289011E+02   1.2989772E+02   6.9278783E+02   1.1783643E-01   1.6180402E-01   1.2535005E-01
   5.2173913E-01   3.3677186E+02   1.8943417E+02   5.2620603E+02   1.2612416E-01   2.8243739E-02   9.0682024E-02
   5.3623188E-01   3.2766992E+02   1.0239685E+02   4.3006677E+02   1.8773691E-01   1.3784489E-01   1.6932608E-01
   5.5072464E-01   3.3898746E+02   1.7946395E+02   5.1845142E+02   1.1880201E-01   1.7002453E-01   1.3590793E-01
   5.6521739E-01   1.9429146E+02   1.1657487E+02   3.1086633E+02   1.1862489E-01   1.0383884E-01   8.4056447E-02
   5.7971014E-01   2.8415126E+02   1.7049075E+02   4.5464201E+02   1.3922435E-01   1.5683227E-01   1.4131630E-01
   5.9420290E-01   1.6633244E+02   9.2406913E+01   2.5873936E+02   8.3870095E-02   6.3192278E-02   7.0294100E-02
   6.0869565E-01   2.3453755E+02   5.4124049E+01   2.8866159E+02   1.1772762E-01   1.3520959E-01   1.1236471E-01
   6.2318841E-01   1.0573070E+02   1.2335248E+02   2.2908318E+02   5.0620752E-02   2.0063326E-01   1.2792327E-01
   6.3768116E-01   2.0665546E+02   1.2054902E+02   3.2720448E+02   1.6965480E-01   2.0810140E-01   1.8289113E-01
   6.5217391E-01   6.7354372E+01   8.4192965E+01   1.5154734E+02   2.8244272E-01   3.7513022E-01   3.3127949E-01
   6.6666667E-01   1.3178029E+02   6.5890146E+01   1.9767044E+02   1.2511379E-01   2.2481021E-01   1.5832719E-01
   6.8115942E-01   2.4183086E+02   1.4509851E+02   3.8692937E+02   1.4342018E-01   2.6523587E-01   1.8905767E-01
   6.9565217E-01   1.4207563E+02   1.5786181E+01   1.5786181E+02   2.2980158E-01   2.4629263E-01   2.3057388E-01
   7.1014493E-01   1.8556817E+02   1.5464014E+02   3.4020831E+02   1.3040631E-01   1.4028291E-01   1.3108756E-01
   7.2463768E-01   2.2732101E+02   1.2123787E+02   3.4855887E+02   2.0758022E-01   1.4747312E-01   1.8512582E-01
   7.3913043E-01   1.0400307E+02   1.4857582E+01   1.1886066E+02   7.3920242E-02   2.4959077E-05   6.4683284E-02
   7.5362319E-01   1.4571859E+02   8.7431156E+01   2.3314975E+02   1.1531659E-01   8.7413086E-02   1.0214832E-01
   7.6811594E-01   1.2867227E+02   4.2890756E+01   1.7156302E+02   3.3608303E-01   3.1792621E-01   3.2907657E-01
   7.8260870E-01   7.0160804E+01   4.2096482E+01   1.1225729E+02   1.2923858E-01   1.1709559E-06   8.0774107E-02
   7.9710145E-01   6.8885153E+01   4.1331092E+01   1.1021624E+02   2.5047144E-01   6.1354586E-06   1.5654541E-01
   8.1159420E-01   6.7655061E+01   4.0593037E+01   1.0824810E+02   1.2909801E-01   1.3742250E-01   1.2957475E-01
   8.2608696E-01   7.9761756E+01   0.0000000E+00   7.9761756E+01   1.3682101E-01   0.0000000E+00   1.3682101E-01
   8.4057971E-01   7.8386554E+01   1.3064426E+01   9.1450979E+01   1.3025572E-01   3.6501175E-01   1.6379221E-01
   8.5507246E-01   3.8528984E+01   3.8528984E+01   7.7057968E+01   3.1913109E-01   2.6536405E-01   2.9213365E-01
   8.6956522E-01   1.5154734E+02   3.7886834E+01   1.8943417E+02   2.0135819E-01   2.1856754E-05   1.6109082E-01
   8.8405797E-01   4.9687651E+01   1.2421913E+01   6.2109564E+01   3.8761761E-01   2.3339574E-05   3.1009061E-01
   8.9855072E-01   4.8886238E+01   1.2221559E+01   6.1107797E+01   2.9625140E-01   3.3535598E-06   2.3700179E-01
   9.1304348E-01   8.4192965E+01   6.0137832E+01   1.4433080E+02   1.9140494E-01   1.3844323E-01   1.6933286E-01
   9.2753623E-01   2.3679271E+01   2.3679271E+01   4.7358543E+01   3.1170349E-01   4.3807032E-01   3.7122712E-01
   9.4202899E-01   3.4972462E+01   1.1657487E+01   4.6629950E+01   2.1760861E-01   3.9043624E-01   2.6014432E-01
   9.5652174E-01   4.5923435E+01   3.4442577E+01   8.0366012E+01   3.1580218E-01   2.4688894E-01   2.8620915E-01
   9.7101449E-01   3.3928508E+01   1.1309503E+01   4.5238011E+01   1.8743361E-05   4.0072420E-01   1.0019458E-01
   9.8550725E-01   2.2286373E+01   1.1143187E+01   3.3429560E+01   3.8643676E-01   4.5345946E-01   3.8902608E-01
   1.0000000E+00   0.0000000E+00   0.0000000E+00   0.0000000E+00   0.0000000E+00   0.0000000E+00   0.0000000E+00
