   0.0000000E+00   6.8426654E+07   3.4522483E+07   1.0294914E+08   1.4261361E-03   9.7009323E-04   1.2615604E-03
   1.4492754E-02   6.8246312E+07   3.4094362E+07   1.0233689E+08   1.3900817E-04   2.6590081E-04   1.1288154E-05
   2.8985507E-02   7.1244676E+07   3.5758352E+07   1.0699318E+08   3.7626712E-04   1.8302121E-04   3.1206981E-04
   4.3478261E-02   7.5270026E+07   3.7721900E+07   1.1298435E+08   3.1449423E-05   1.3938820E-04   6.3179483E-05
   5.7971014E-02   7.7925451E+07   3.8920766E+07   1.1683125E+08   2.3476511E-05   1.0942591E-04   3.4250474E-05
   7.2463768E-02   7.7829256E+07   3.9031168E+07   1.1684406E+08   2.4067892E-04   1.8390083E-04   1.6019879E-04
   8.6956522E-02   7.5332792E+07   3.7887971E+07   1.1320043E+08   2.6575559E-05   1.4937345E-04   5.8435811E-05
   1.0144928E-01   7.1519735E+07   3.5902647E+07   1.0740008E+08   1.7996290E-04   4.5853631E-05   1.3566046E-04
   1.1594203E-01   6.7234260E+07   3.3700813E+07   1.0091651E+08   2.0193998E-04   2.3185402E-05   1.3077034E-04
   1.3043478E-01   6.3553986E+07   3.1934813E+07   9.5468676E+07   2.1425150E-06   7.2226488E-05   2.4500716E-05
   1.4492754E-01   6.0898540E+07   3.0622185E+07   9.1496477E+07   3.1461988E-04   2.0253169E-04   2.7844582E-04
   1.5942029E-01   5.1924044E+07   2.6019576E+07   7.7927707E+07   2.7167967E-04   2.2893525E-04   2.5768580E-04
   1.7391304E-01   1.8037164E+07   8.9828421E+06   2.7018112E+07   2.8060974E-03   2.2295044E-03   2.6145117E-03
   1.8840580E-01   5.9217705E+06   2.9013155E+06   8.8229694E+06   1.1805020E-02   1.0294085E-02   1.1286588E-02
   2.0289855E-01   3.7021391E+06   1.7942663E+06   5.4962972E+06   1.6111241E-02   1.2532817E-02   1.4931167E-02
   2.1739130E-01   2.8232764E+06   1.3685735E+06   4.1916983E+06   1.5538465E-02   1.0874121E-02   1.4015872E-02
   2.3188406E-01   2.4373548E+06   1.2006811E+06   3.6379412E+06   1.1368218E-02   9.2311886E-03   1.0662603E-02
   2.4637681E-01   2.2639835E+06   1.1133381E+06   3.3772324E+06   7.9730641E-03   5.8194679E-03   7.2581658E-03
   2.6086957E-01   2.1903221E+06   1.0901726E+06   3.2804947E+06   5.4803344E-03   4.2608479E-03   5.0743244E-03
   2.7536232E-01   2.1835977E+06   1.0820081E+06   3.2656058E+06   4.5711058E-03   2.9257346E-03   4.0038181E-03
   2.8985507E-01   2.1595495E+06   1.0737508E+06   3.2332245E+06   2.8638864E-03   2.9163156E-03   2.8775334E-03
   3.0434783E-01   1.9197439E+06   9.5507297E+05   2.8747808E+06   2.8539489E-03   2.2713246E-03   2.6537790E-03
   3.1884058E-01   1.0989593E+06   5.5676425E+05   1.6557235E+06   4.1598083E-03   2.6329600E-03   3.6426273E-03
   3.3333333E-01   1.2509244E+05   6.0684825E+04   1.8577727E+05   1.4668024E-02   1.1012937E-02   1.3451443E-02
   3.4782609E-01   4.1359794E+03   2.2416377E+03   6.3776171E+03   5.8763295E-02   6.9641029E-02   6.0510966E-02
   3.6231884E-01   3.7280645E+03   1.7882586E+03   5.5163231E+03   7.0911488E-02   7.2427025E-02   7.0608719E-02
   3.7681159E-01   3.7595397E+03   1.8943417E+03   5.6538814E+03   7.2481773E-02   5.1566867E-02   6.5427254E-02
   3.9130435E-01   3.4519116E+03   1.5996663E+03   5.0515779E+03   8.9862611E-02   1.0218136E-01   9.3756308E-02
   4.0579710E-01   3.7074973E+03   1.5966594E+03   5.3041568E+03   8.5519895E-02   8.5937232E-02   8.5445975E-02
   4.2028986E-01   3.5012661E+03   1.5938599E+03   5.0951260E+03   9.6746862E-02   8.4785093E-02   9.2842525E-02
   4.3478261E-01   3.1572362E+03   1.2881524E+03   4.4453885E+03   1.0686711E-01   1.0438772E-01   1.0604778E-01
   4.4927536E-01   3.5686954E+03   1.3199284E+03   4.8886238E+03   1.2534343E-01   1.1772779E-01   1.2314072E-01
   4.6376812E-01   2.6757577E+03   1.6101905E+03   4.2859481E+03   1.2751493E-01   1.3191688E-01   1.2916567E-01
   4.7826087E-01   3.2376022E+03   1.3088179E+03   4.5464201E+03   1.4331371E-01   1.1787892E-01   1.3586217E-01
   4.9275362E-01   2.4515010E+03   9.3602767E+02   3.3875287E+03   1.4391873E-01   1.2904634E-01   1.3980870E-01
   5.0724638E-01   3.0309467E+03   1.0824810E+03   4.1134277E+03   1.3841694E-01   1.1935906E-01   1.3324602E-01
   5.2173913E-01   2.8204643E+03   1.1787015E+03   3.9991658E+03   1.3815644E-01   8.1651430E-02   1.2097677E-01
   5.3623188E-01   2.6418387E+03   1.0444479E+03   3.6862866E+03   1.6741858E-01   1.2306455E-01   1.5485133E-01
   5.5072464E-01   2.2931505E+03   8.9731976E+02   3.1904702E+03   1.5777477E-01   8.3942825E-02   1.3684755E-01
   5.6521739E-01   2.6617930E+03   1.1074613E+03   3.7692543E+03   1.7728377E-01   1.4583931E-01   1.6802211E-01
   5.7971014E-01   2.4247574E+03   9.8505769E+02   3.4098151E+03   1.7334675E-01   1.7779770E-01   1.7423026E-01
   5.9420290E-01   2.7352446E+03   8.6862498E+02   3.6038696E+03   1.6423144E-01   1.7645198E-01   1.6617944E-01
   6.0869565E-01   2.4536235E+03   7.9381938E+02   3.2474429E+03   1.8257144E-01   1.5643182E-01   1.7610138E-01
   6.2318841E-01   1.8679090E+03   7.5773668E+02   2.6256457E+03   1.7828831E-01   1.4361504E-01   1.6807555E-01
   6.3768116E-01   1.9287843E+03   7.4051540E+02   2.6692997E+03   1.6298558E-01   1.3724074E-01   1.5582949E-01
   6.5217391E-01   1.9027610E+03   8.2509106E+02   2.7278521E+03   1.7745088E-01   1.5420339E-01   1.7038197E-01
   6.6666667E-01   1.8449241E+03   7.9068176E+02   2.6356059E+03   1.9250847E-01   1.3548611E-01   1.7540088E-01
   6.8115942E-01   1.4993513E+03   6.7712640E+02   2.1764777E+03   2.0675065E-01   2.0437456E-01   2.0598499E-01
   6.9565217E-01   1.5628319E+03   5.3673015E+02   2.0995621E+03   1.8794211E-01   2.1023153E-01   1.9356804E-01
   7.1014493E-01   1.4226893E+03   7.1134464E+02   2.1340339E+03   2.0302036E-01   2.2772884E-01   2.1095440E-01
   7.2463768E-01   1.4548544E+03   4.2433254E+02   1.8791870E+03   2.2945770E-01   1.7725438E-01   2.1766868E-01
   7.3913043E-01   1.5600461E+03   5.7944570E+02   2.1394918E+03   2.2644084E-01   1.2957589E-01   2.0019104E-01
   7.5362319E-01   1.2386080E+03   4.6629950E+02   1.7049075E+03   2.3821533E-01   1.9652590E-01   2.2669217E-01
   7.6811594E-01   1.2009412E+03   3.5742296E+02   1.5583641E+03   2.2464594E-01   1.4177981E-01   2.0559378E-01
   7.8260870E-01   8.8402613E+02   5.8935075E+02   1.4733769E+03   2.4885310E-01   2.1769425E-01   2.3612463E-01
   7.9710145E-01   9.3683808E+02   3.5820280E+02   1.2950409E+03   2.2145063E-01   2.3468172E-01   2.2510966E-01
   8.1159420E-01   8.2539175E+02   2.8415126E+02   1.1095430E+03   2.1708057E-01   1.9337790E-01   2.1098225E-01
   8.2608696E-01   8.6408569E+02   1.9940439E+02   1.0634901E+03   2.3472776E-01   2.0180748E-01   2.2821730E-01
   8.4057971E-01   7.7080111E+02   2.7435294E+02   1.0451540E+03   2.3828506E-01   2.1844671E-01   2.3307148E-01
   8.5507246E-01   7.5773668E+02   3.2107487E+02   1.0788116E+03   2.6066287E-01   2.2935625E-01   2.5134530E-01
   8.6956522E-01   6.5670513E+02   3.0309467E+02   9.5979980E+02   2.8177383E-01   2.4518598E-01   2.7015899E-01
   8.8405797E-01   5.4656417E+02   1.7390678E+02   7.2047095E+02   2.7376121E-01   2.3322343E-01   2.6393204E-01
   8.9855072E-01   4.5219770E+02   2.4443119E+02   6.9662889E+02   2.4124948E-01   2.1149692E-01   2.3062181E-01
   9.1304348E-01   3.8488213E+02   2.0446863E+02   5.8935075E+02   2.9000562E-01   1.5756240E-01   2.4403699E-01
   9.2753623E-01   3.4334943E+02   1.8943417E+02   5.3278361E+02   2.9921561E-01   2.6257374E-01   2.8586881E-01
   9.4202899E-01   2.4480724E+02   1.3988985E+02   3.8469709E+02   2.7770187E-01   1.9608772E-01   2.4797102E-01
   9.5652174E-01   2.0665546E+02   9.1846871E+01   2.9850233E+02   2.8763393E-01   1.0386246E-01   2.3081270E-01
   9.7101449E-01   1.3571403E+02   1.0178552E+02   2.3749956E+02   2.6749294E-01   1.7967361E-01   2.2881264E-01
   9.8550725E-01   1.4486142E+02   1.1143187E+01   1.5600461E+02   3.8016633E-01   4.1708858E-01   3.8167125E-01
   1.0000000E+00   6.5652276E+01   6.5652276E+01   1.3130455E+02   2.8013098E-01   2.8400401E-01   2.8173361E-01
