   0.0000000E+00   6.3807491E+07   3.1612774E+07   9.5420265E+07   1.4558800E-03   1.7960502E-03   1.2539279E-03
   1.4492754E-02   6.4144684E+07   3.2829700E+07   9.6973625E+07   2.1341462E-04   8.3602324E-04   3.6856488E-04
   2.8985507E-02   6.7445006E+07   3.4189837E+07   1.0163219E+08   2.0690386E-04   5.2548621E-04   3.0166062E-04
   4.3478261E-02   7.1822577E+07   3.6401923E+07   1.0822223E+08   5.6370598E-05   1.5716681E-04   7.4887550E-05
   5.7971014E-02   7.4480780E+07   3.7608934E+07   1.1208403E+08   1.5545737E-04   3.5329102E-04   3.1235547E-05
   7.2463768E-02   7.4373523E+07   3.7730437E+07   1.1209365E+08   2.0716352E-04   1.1214211E-04   1.7375899E-04
   8.6956522E-02   7.2295783E+07   3.6586811E+07   1.0887843E+08   2.1977690E-04   4.0464971E-05   1.4415133E-04
   1.0144928E-01   6.8651485E+07   3.4663098E+07   1.0330690E+08   8.2536481E-05   1.8066126E-04   5.9303948E-05
   1.1594203E-01   6.4683624E+07   3.2548011E+07   9.7223678E+07   4.0899523E-05   1.6211168E-05   3.1683180E-05
   1.3043478E-01   6.1364800E+07   3.0830959E+07   9.2186750E+07   8.8692780E-05   1.8475098E-04   8.9637924E-05
   1.4492754E-01   5.9676159E+07   3.0160421E+07   8.9821955E+07   1.0686006E-04   9.7866042E-05   9.6379035E-05
   1.5942029E-01   5.1666965E+07   2.6026671E+07   7.7685714E+07   3.8718091E-05   1.5698948E-04   6.1034704E-05
   1.7391304E-01   1.7805928E+07   8.8626145E+06   2.6667848E+07   5.8424567E-04   6.8497726E-04   6.0472437E-04
   1.8840580E-01   6.2679979E+06   3.0066409E+06   9.2741724E+06   1.8082471E-03   2.1065388E-03   1.8728801E-03
   2.0289855E-01   4.5618996E+06   2.1883435E+06   6.7499725E+06   2.2446460E-03   2.5855454E-03   2.3150995E-03
   2.1739130E-01   3.9513442E+06   1.8677704E+06   5.8189126E+06   2.3340472E-03   2.2507161E-03   2.3047958E-03
   2.3188406E-01   3.5794534E+06   1.6976617E+06   5.2769730E+06   2.3315694E-03   1.4622364E-03   1.9973198E-03
   2.4637681E-01   3.3149643E+06   1.5834914E+06   4.8983665E+06   2.2773746E-03   1.3876759E-03   1.9821743E-03
   2.6086957E-01   3.1497851E+06   1.5017499E+06   4.6515350E+06   2.4676869E-03   2.4303119E-03   2.4560219E-03
   2.7536232E-01   3.0452241E+06   1.4765098E+06   4.5218136E+06   2.0724156E-03   1.5980020E-03   1.9171064E-03
   2.8985507E-01   2.8764821E+06   1.3985167E+06   4.2749231E+06   1.8658202E-03   1.0417718E-03   1.5921107E-03
   3.0434783E-01   2.4741546E+06   1.2108993E+06   3.6849457E+06   1.8600346E-03   1.9603909E-03   1.8949221E-03
   3.1884058E-01   1.4160032E+06   6.9284687E+05   2.1088501E+06   3.7716547E-03   2.6779624E-03   3.4066298E-03
   3.3333333E-01   1.8567843E+05   8.6942048E+04   2.7262048E+05   3.3837355E-02   2.4280922E-02   3.0762451E-02
   3.4782609E-01   5.2346976E+04   2.3016252E+04   7.5363228E+04   1.3552745E-01   1.2629234E-01   1.3264276E-01
   3.6231884E-01   5.2890021E+04   2.4429431E+04   7.7319451E+04   1.5842046E-01   1.3324784E-01   1.5044282E-01
   3.7681159E-01   4.9194597E+04   2.1158340E+04   7.0352937E+04   1.6712421E-01   1.4288531E-01   1.5979876E-01
   3.9130435E-01   4.2517447E+04   1.8185680E+04   6.0703128E+04   1.7597997E-01   1.5618006E-01   1.7004821E-01
   4.0579710E-01   3.3232166E+04   1.3882819E+04   4.7114985E+04   1.7740279E-01   1.6658453E-01   1.7420218E-01
   4.2028986E-01   2.7383036E+04   1.1418308E+04   3.8801344E+04   1.7448382E-01   1.5461329E-01   1.6862040E-01
   4.3478261E-01   2.3742416E+04   9.3959349E+03   3.3138351E+04   1.7042967E-01   1.5126420E-01   1.6496155E-01
   4.4927536E-01   1.9432279E+04   8.2617742E+03   2.7694054E+04   1.7457945E-01   1.5471201E-01   1.6864725E-01
   4.6376812E-01   1.5273130E+04   7.5300083E+03   2.2803138E+04   1.7161557E-01   1.7459697E-01   1.7259464E-01
   4.7826087E-01   1.4351074E+04   5.9700466E+03   2.0321120E+04   1.7014111E-01   1.3957659E-01   1.6116148E-01
   4.9275362E-01   1.2146073E+04   3.9446880E+03   1.6090761E+04   1.6455728E-01   1.5850797E-01   1.6300219E-01
   5.0724638E-01   1.0976357E+04   4.3515735E+03   1.5327931E+04   1.6284210E-01   1.5541407E-01   1.6072044E-01
   5.2173913E-01   9.2612261E+03   3.2203809E+03   1.2481607E+04   1.6595807E-01   1.5556650E-01   1.6322657E-01
   5.3623188E-01   8.1712686E+03   3.6248485E+03   1.1796117E+04   1.6828394E-01   1.3970397E-01   1.5932185E-01
   5.5072464E-01   6.9990941E+03   3.1505894E+03   1.0149683E+04   1.5801745E-01   1.5728377E-01   1.5771075E-01
   5.6521739E-01   6.6641970E+03   2.2926392E+03   8.9568362E+03   1.5915097E-01   1.3689366E-01   1.5343865E-01
   5.7971014E-01   5.6451383E+03   2.1595495E+03   7.8046878E+03   1.4810023E-01   1.6184759E-01   1.5188328E-01
   5.9420290E-01   4.3985690E+03   1.8851010E+03   6.2836701E+03   1.6413542E-01   1.0333272E-01   1.4588549E-01
   6.0869565E-01   4.3660066E+03   1.4252666E+03   5.7912732E+03   1.4065679E-01   1.1873679E-01   1.3510548E-01
   6.2318841E-01   3.5596002E+03   1.2335248E+03   4.7931251E+03   1.7398990E-01   1.7165721E-01   1.7329312E-01
   6.3768116E-01   3.2548235E+03   1.1882689E+03   4.4430924E+03   1.7996331E-01   1.7007452E-01   1.7727319E-01
   6.5217391E-01   3.0477853E+03   9.0928402E+02   3.9570694E+03   1.6426213E-01   1.5288406E-01   1.6163613E-01
   6.6666667E-01   2.0425945E+03   8.8951698E+02   2.9321115E+03   1.7636966E-01   2.0623090E-01   1.8542424E-01
   6.8115942E-01   2.2248439E+03   8.2222491E+02   3.0470688E+03   1.9526564E-01   1.1867865E-01   1.7459897E-01
   6.9565217E-01   1.8943417E+03   7.2616432E+02   2.6205060E+03   1.6101095E-01   1.2860115E-01   1.5202785E-01
   7.1014493E-01   1.6237215E+03   6.3402457E+02   2.2577460E+03   1.9255223E-01   1.8076445E-01   1.8920283E-01
   7.2463768E-01   1.4093902E+03   5.9103461E+02   2.0004248E+03   2.0975118E-01   1.6177127E-01   1.9540475E-01
   7.3913043E-01   1.3223248E+03   4.6058504E+02   1.7829098E+03   2.1764102E-01   2.2003273E-01   2.1816532E-01
   7.5362319E-01   1.1366050E+03   4.8087136E+02   1.6174764E+03   2.3376394E-01   2.1090569E-01   2.2695979E-01
   7.6811594E-01   9.0070587E+02   3.1453221E+02   1.2152381E+03   1.8413320E-01   1.8996170E-01   1.8564093E-01
   7.8260870E-01   7.0160804E+02   3.7886834E+02   1.0804764E+03   2.1374406E-01   2.4562848E-01   2.2484679E-01
   7.9710145E-01   7.1640559E+02   3.0309467E+02   1.0195003E+03   2.7326766E-01   2.0893305E-01   2.5408387E-01
   8.1159420E-01   6.3595757E+02   3.6533733E+02   1.0012949E+03   2.5375529E-01   1.5442230E-01   2.1751216E-01
   8.2608696E-01   5.4503867E+02   1.5952351E+02   7.0456218E+02   2.1881586E-01   2.8882260E-01   2.3459055E-01
   8.4057971E-01   4.5725490E+02   1.3064426E+02   5.8789915E+02   3.2300449E-01   1.5517101E-01   2.8545962E-01
   8.5507246E-01   2.6970289E+02   1.1558695E+02   3.8528984E+02   3.4473419E-01   3.5820210E-01   3.4874513E-01
   8.6956522E-01   3.7886834E+02   7.5773668E+01   4.5464201E+02   2.7651381E-01   3.2891754E-01   2.8501063E-01
   8.8405797E-01   2.3601634E+02   9.9375303E+01   3.3539165E+02   3.0027550E-01   3.1569184E-01   3.0484072E-01
   8.9855072E-01   1.7110183E+02   9.7772475E+01   2.6887431E+02   3.7919747E-01   2.7903440E-01   3.4129167E-01
   9.1304348E-01   2.2852376E+02   4.8110266E+01   2.7663403E+02   3.3344680E-01   3.9494527E-01   3.4413308E-01
   9.2753623E-01   1.5391526E+02   5.9198178E+01   2.1311344E+02   3.6806464E-01   3.1826851E-01   3.5370175E-01
   9.4202899E-01   1.1657487E+02   5.8287437E+01   1.7486231E+02   4.0174731E-01   3.8316567E-01   3.9473342E-01
   9.5652174E-01   1.1480859E+02   4.5923435E+01   1.6073202E+02   4.0180445E-01   3.1703701E-01   3.7658381E-01
   9.7101449E-01   1.0178552E+02   4.5238011E+01   1.4702354E+02   3.6031924E-01   4.1560023E-01   3.7731027E-01
   9.8550725E-01   6.6859119E+01   1.1143187E+01   7.8002306E+01   4.1606626E-01   4.2524334E-01   4.1212569E-01
   1.0000000E+00   4.3768184E+01   0.0000000E+00   4.3768184E+01   2.1228332E-01   0.0000000E+00   2.1228332E-01
