   0.0000000E+00   5.5066240E+07   3.2097726E+07   8.7163966E+07   1.0541385E-03   1.9787876E-04   6.8787631E-04
   1.4492754E-02   5.5908086E+07   3.2261397E+07   8.8171756E+07   6.1598355E-04   2.3328439E-04   4.0334866E-04
   2.8985507E-02   5.7279968E+07   3.3128627E+07   9.0407458E+07   1.3672392E-04   2.1571023E-04   8.9594589E-05
   4.3478261E-02   5.9682372E+07   3.4857403E+07   9.4541038E+07   5.6716731E-04   2.6011563E-04   4.1998726E-04
   5.7971014E-02   6.1327608E+07   3.5709099E+07   9.7034055E+07   2.9062401E-04   1.1494530E-04   2.2597676E-04
   7.2463768E-02   6.1432895E+07   3.5641509E+07   9.7069100E+07   1.0997856E-04   1.2308673E-04   1.1632946E-04
   8.6956522E-02   6.0109862E+07   3.4534860E+07   9.4641943E+07   1.0339227E-04   1.5687247E-04   9.2756557E-06
   1.0144928E-01   5.7760102E+07   3.2816926E+07   9.0571292E+07   3.4164393E-04   1.1522802E-04   2.0051776E-04
   1.1594203E-01   5.4841193E+07   3.0857216E+07   8.5693294E+07   2.6910203E-04   3.1333126E-05   1.7377026E-04
   1.3043478E-01   5.2531106E+07   2.9051372E+07   8.1577931E+07   1.2539216E-04   1.2791869E-04   6.0907293E-05
   1.4492754E-01   5.0547629E+07   2.8038606E+07   7.8575703E+07   9.4518309E-05   1.4436015E-04   8.5460066E-05
   1.5942029E-01   4.4576340E+07   2.4270513E+07   6.8843064E+07   2.5651344E-04   1.7809162E-04   1.1661240E-04
   1.7391304E-01   2.1804631E+07   9.8525344E+06   3.1656344E+07   1.1754221E-03   7.7079741E-04   1.0497731E-03
   1.8840580E-01   1.2738778E+07   4.6013852E+06   1.7339755E+07   1.4559540E-03   1.6040791E-03   1.4953490E-03
   2.0289855E-01   1.0546720E+07   3.5173054E+06   1.4064188E+07   1.6812865E-03   1.4985058E-03   1.6353214E-03
   2.1739130E-01   9.1829604E+06   2.9495153E+06   1.2132021E+07   1.6901788E-03   1.3613125E-03   1.6023407E-03
   2.3188406E-01   8.0699430E+06   2.5546619E+06   1.0624605E+07   1.1545682E-03   1.3698549E-03   1.2044884E-03
   2.4637681E-01   7.2242615E+06   2.2488733E+06   9.4728229E+06   1.0977746E-03   1.5585357E-03   1.2117115E-03
   2.6086957E-01   6.4607155E+06   2.0500566E+06   8.5104354E+06   1.1978161E-03   8.9442284E-04   1.1125821E-03
   2.7536232E-01   5.7714410E+06   1.8653084E+06   7.6365501E+06   1.7778587E-03   8.0072666E-04   1.5217539E-03
   2.8985507E-01   5.0463369E+06   1.6820618E+06   6.7283987E+06   2.1509429E-03   5.3527270E-04   1.7257774E-03
   3.0434783E-01   4.0314478E+06   1.3789004E+06   5.4102399E+06   2.2385309E-03   5.2058218E-04   1.8040642E-03
   3.1884058E-01   2.3213263E+06   7.9672568E+05   3.1180520E+06   3.1874669E-03   8.3405234E-04   2.5861188E-03
   3.3333333E-01   4.3032855E+05   1.1082723E+05   5.4115577E+05   3.2896550E-02   2.6351862E-03   2.6692684E-02
   3.4782609E-01   1.5846168E+05   2.5321034E+04   1.8378272E+05   1.0693065E-01   1.4335863E-02   9.4167769E-02
   3.6231884E-01   1.5630592E+05   2.3611075E+04   1.7991700E+05   1.2042787E-01   2.0442813E-02   1.0727103E-01
   3.7681159E-01   1.2971869E+05   1.8506261E+04   1.4822495E+05   1.1963650E-01   1.9403276E-02   1.0710019E-01
   3.9130435E-01   1.0378186E+05   1.3751518E+04   1.1753338E+05   1.1362025E-01   2.1032046E-02   1.0277817E-01
   4.0579710E-01   8.6814974E+04   1.0689500E+04   9.7504474E+04   1.0608567E-01   2.3819334E-02   9.7066230E-02
   4.2028986E-01   6.9319842E+04   8.8315517E+03   7.8151394E+04   1.1422440E-01   2.0823942E-02   1.0366959E-01
   4.3478261E-01   5.6350351E+04   6.9206617E+03   6.3271013E+04   1.0250783E-01   1.4275829E-02   9.2856476E-02
   4.4927536E-01   4.4022057E+04   4.9130669E+03   4.8935124E+04   9.9343336E-02   1.3211544E-02   9.0686648E-02
   4.6376812E-01   3.8336740E+04   3.6466078E+03   4.1983348E+04   9.6603574E-02   2.8452478E-02   9.0684059E-02
   4.7826087E-01   2.8334760E+04   3.2376022E+03   3.1572362E+04   9.5563602E-02   2.0919883E-02   8.7842484E-02
   4.9275362E-01   2.3712701E+04   2.0057736E+03   2.5718475E+04   9.3188464E-02   2.6578667E-02   8.7955909E-02
   5.0724638E-01   1.9679504E+04   1.8835169E+03   2.1563021E+04   9.0618297E-02   2.9971871E-03   8.2963163E-02
   5.2173913E-01   1.6186098E+04   1.4523286E+03   1.7638426E+04   9.3599841E-02   5.0266673E-03   8.6295838E-02
   5.3623188E-01   1.2902003E+04   1.1878035E+03   1.4089806E+04   8.7910497E-02   7.1014992E-03   8.1073663E-02
   5.5072464E-01   1.0947301E+04   7.1785581E+02   1.1665157E+04   9.8452608E-02   1.0562054E-02   9.3033637E-02
   5.6521739E-01   9.4425648E+03   6.6059096E+02   1.0103156E+04   9.9995848E-02   2.2774521E-02   9.4849098E-02
   5.7971014E-01   7.4637063E+03   7.1984985E+02   8.1835562E+03   9.8327025E-02   9.5658761E-03   9.0501973E-02
   5.9420290E-01   5.5813775E+03   5.7292286E+02   6.1543004E+03   8.6410997E-02   1.3786674E-02   7.9631555E-02
   6.0869565E-01   4.7448750E+03   1.8041350E+02   4.9252884E+03   9.9100148E-02   9.4596285E-06   9.5470450E-02
   6.2318841E-01   3.5243567E+03   2.1146140E+02   3.7358181E+03   1.0579642E-01   3.0002840E-02   1.0149465E-01
   6.3768116E-01   2.4970868E+03   2.5831932E+02   2.7554061E+03   1.2028427E-01   4.6781381E-05   1.0900343E-01
   6.5217391E-01   2.2226943E+03   1.6838593E+02   2.3910802E+03   1.0374342E-01   1.1329792E-05   9.6438230E-02
   6.6666667E-01   1.7955065E+03   9.8835220E+01   1.8943417E+03   1.2294878E-01   1.9368019E-05   1.1653507E-01
   6.8115942E-01   1.3058866E+03   6.4488228E+01   1.3703749E+03   1.3660668E-01   1.0363686E-01   1.3495010E-01
   6.9565217E-01   9.7874322E+02   1.5786181E+01   9.9452940E+02   1.7238065E-01   2.0108510E-05   1.6964413E-01
   7.1014493E-01   8.1959274E+02   4.6392042E+01   8.6598478E+02   1.9701967E-01   6.5755007E-06   1.8646515E-01
   7.2463768E-01   6.2134408E+02   1.5154734E+01   6.3649881E+02   1.1401862E-01   1.3961087E-06   1.1130392E-01
   7.3913043E-01   4.3086988E+02   1.4857582E+01   4.4572746E+02   1.6797576E-01   3.7451500E-06   1.6237669E-01
   7.5362319E-01   6.2658995E+02   1.4571859E+01   6.4116181E+02   1.3651449E-01   5.4999135E-06   1.3341201E-01
   7.6811594E-01   4.0031372E+02   1.4296919E+01   4.1461064E+02   1.1333804E-01   1.0175569E-04   1.0943329E-01
   7.8260870E-01   3.3677186E+02   1.4032161E+01   3.5080402E+02   1.4596696E-01   3.1927049E-06   1.4012841E-01
   7.9710145E-01   3.4442577E+02   1.3777031E+01   3.5820280E+02   1.0129846E-01   1.6014276E-06   9.7402310E-02
   8.1159420E-01   2.3002721E+02   0.0000000E+00   2.3002721E+02   1.7779261E-01   0.0000000E+00   1.7779261E-01
   8.2608696E-01   1.3293626E+02   1.3293626E+01   1.4622989E+02   6.3438605E-02   2.3260342E-06   5.7671653E-02
   8.4057971E-01   1.9596638E+02   1.3064426E+01   2.0903081E+02   7.8580278E-06   5.1289319E-06   7.6081767E-06
   8.5507246E-01   1.7980193E+02   0.0000000E+00   1.7980193E+02   1.0319738E-01   0.0000000E+00   1.0319738E-01
   8.6956522E-01   2.0206312E+02   0.0000000E+00   2.0206312E+02   7.9685231E-02   0.0000000E+00   7.9685231E-02
   8.8405797E-01   1.4906295E+02   0.0000000E+00   1.4906295E+02   7.0936357E-02   0.0000000E+00   7.0936357E-02
   8.9855072E-01   1.8332339E+02   0.0000000E+00   1.8332339E+02   2.4294578E-02   0.0000000E+00   2.4294578E-02
   9.1304348E-01   1.9244106E+02   0.0000000E+00   1.9244106E+02   2.5246676E-02   0.0000000E+00   2.5246676E-02
   9.2753623E-01   1.8943417E+02   0.0000000E+00   1.8943417E+02   8.9961882E-05   0.0000000E+00   8.9961882E-05
   9.4202899E-01   1.5154734E+02   1.1657487E+01   1.6320482E+02   6.1424365E-02   2.7281036E-06   5.7036718E-02
   9.5652174E-01   9.1846871E+01   0.0000000E+00   9.1846871E+01   2.5547204E-05   0.0000000E+00   2.5547204E-05
   9.7101449E-01   9.0476022E+01   1.1309503E+01   1.0178552E+02   1.7593508E-05   2.2624563E-05   1.8141980E-05
   9.8550725E-01   2.2286373E+01   0.0000000E+00   2.2286373E+01   1.2724611E-05   0.0000000E+00   1.2724611E-05
   1.0000000E+00   0.0000000E+00   0.0000000E+00   0.0000000E+00   0.0000000E+00   0.0000000E+00   0.0000000E+00
