   0.0000000E+00   6.8347849E+07   3.4880135E+07   1.0322798E+08   1.9709812E-03   2.7906112E-04   1.2758600E-03
   1.4492754E-02   6.8831285E+07   3.4838460E+07   1.0366596E+08   6.5834430E-04   1.1616846E-04   4.6521720E-04
   2.8985507E-02   7.1215503E+07   3.5894366E+07   1.0710456E+08   4.5864379E-04   5.3112599E-04   2.5061599E-04
   4.3478261E-02   7.3777537E+07   3.7408197E+07   1.1117664E+08   1.5440384E-04   3.3030168E-04   1.9374172E-04
   5.7971014E-02   7.5604504E+07   3.8339203E+07   1.1393064E+08   1.4123779E-04   7.8005758E-05   1.0587940E-04
   7.2463768E-02   7.5274623E+07   3.7988219E+07   1.1324632E+08   3.1974209E-04   3.6387020E-04   1.6893862E-04
   8.6956522E-02   7.3173621E+07   3.6872225E+07   1.1002968E+08   2.4549286E-04   1.3793099E-04   1.7491009E-04
   1.0144928E-01   6.9583934E+07   3.5149998E+07   1.0471845E+08   3.0760993E-04   1.6931161E-04   2.6096602E-04
   1.1594203E-01   6.5373069E+07   3.2937393E+07   9.8292845E+07   3.7916032E-04   4.4363335E-04   4.0042948E-04
   1.3043478E-01   6.1269073E+07   3.0970298E+07   9.2222280E+07   4.5330689E-04   5.2876059E-04   4.7377994E-04
   1.4492754E-01   5.7528354E+07   2.9114592E+07   8.6623170E+07   4.6330283E-04   1.5271785E-04   3.4558522E-04
   1.5942029E-01   4.8704765E+07   2.4495560E+07   7.3189166E+07   5.2464143E-04   2.4184311E-04   4.1904097E-04
   1.7391304E-01   2.0315489E+07   1.0032813E+07   3.0346281E+07   4.5965798E-03   3.3846103E-03   4.1952238E-03
   1.8840580E-01   8.8644117E+06   4.2394785E+06   1.3103482E+07   1.4916936E-02   1.0067713E-02   1.3346768E-02
   2.0289855E-01   5.7502472E+06   2.6926714E+06   8.4423233E+06   2.0081966E-02   1.4843574E-02   1.8408127E-02
   2.1739130E-01   4.1769477E+06   1.9292481E+06   6.1060443E+06   1.9909494E-02   1.4648169E-02   1.8227053E-02
   2.3188406E-01   3.3552107E+06   1.5403366E+06   4.8954526E+06   1.5100601E-02   1.1153599E-02   1.3861786E-02
   2.4637681E-01   2.8829206E+06   1.3434226E+06   4.2262541E+06   1.1129198E-02   9.2027355E-03   1.0513905E-02
   2.6086957E-01   2.6188222E+06   1.2405833E+06   3.8593213E+06   7.9127287E-03   5.5809970E-03   7.1482504E-03
   2.7536232E-01   2.4322151E+06   1.1748109E+06   3.6069463E+06   6.1339292E-03   4.1590175E-03   5.3793991E-03
   2.8985507E-01   2.2672997E+06   1.0930352E+06   3.3603349E+06   5.0201419E-03   2.6359089E-03   4.2436952E-03
   3.0434783E-01   1.9324090E+06   9.4168628E+05   2.8740592E+06   5.5317493E-03   3.2988543E-03   4.7928120E-03
   3.1884058E-01   1.1409103E+06   5.5769420E+05   1.6985701E+06   7.9551057E-03   5.7792457E-03   7.2295012E-03
   3.3333333E-01   1.5895998E+05   7.6169009E+04   2.3512899E+05   2.2241725E-02   1.3921859E-02   1.9229309E-02
   3.4782609E-01   6.8512025E+03   2.4626442E+03   9.3138467E+03   6.1677211E-02   5.6585010E-02   6.0235398E-02
   3.6231884E-01   6.0012745E+03   2.4853763E+03   8.4866509E+03   8.4539902E-02   2.7457401E-02   6.7438164E-02
   3.7681159E-01   5.3333005E+03   1.8651980E+03   7.1984985E+03   7.7598746E-02   6.7340494E-02   7.4740003E-02
   3.9130435E-01   5.1357709E+03   1.6277307E+03   6.7635015E+03   7.1648740E-02   6.6759536E-02   7.0433848E-02
   4.0579710E-01   4.8170403E+03   1.7590316E+03   6.5760719E+03   9.4753248E-02   1.0596255E-01   9.7552661E-02
   4.2028986E-01   4.4941624E+03   1.2803137E+03   5.7744761E+03   9.9434492E-02   8.0593300E-02   9.5229323E-02
   4.3478261E-01   4.0412623E+03   1.2376366E+03   5.2788989E+03   1.0041625E-01   8.8769087E-02   9.7677972E-02
   4.4927536E-01   3.8131265E+03   1.4910302E+03   5.3041568E+03   1.2561212E-01   9.5113452E-02   1.1692560E-01
   4.6376812E-01   3.8360420E+03   1.3497185E+03   5.1857604E+03   1.2227730E-01   8.7161818E-02   1.1226920E-01
   4.7826087E-01   3.3294491E+03   1.2399328E+03   4.5693818E+03   1.3996226E-01   8.8511118E-02   1.2552710E-01
   4.9275362E-01   3.1869513E+03   1.4709006E+03   4.6578520E+03   1.3517098E-01   9.0166036E-02   1.2085397E-01
   5.0724638E-01   3.5938368E+03   1.2123787E+03   4.8062155E+03   1.3086895E-01   9.6123405E-02   1.2187032E-01
   5.2173913E-01   3.1572362E+03   1.1155568E+03   4.2727930E+03   1.4424151E-01   8.7305308E-02   1.2933753E-01
   5.3623188E-01   3.1333436E+03   8.8061290E+02   4.0139565E+03   1.3749846E-01   1.0849675E-01   1.3098231E-01
   5.5072464E-01   3.2104107E+03   1.0568433E+03   4.2672540E+03   1.4398438E-01   1.1550790E-01   1.3677209E-01
   5.6521739E-01   2.7395096E+03   9.5202814E+02   3.6915377E+03   1.6680404E-01   1.4130464E-01   1.6022656E-01
   5.7971014E-01   3.0877770E+03   1.1366050E+03   4.2243820E+03   1.7744146E-01   1.1764139E-01   1.6128857E-01
   5.9420290E-01   2.8646143E+03   6.8381115E+02   3.5484254E+03   1.7884734E-01   8.0789902E-02   1.5976663E-01
   6.0869565E-01   2.3994995E+03   1.1005223E+03   3.5000218E+03   1.6396958E-01   1.2464369E-01   1.5148343E-01
   6.2318841E-01   2.5551586E+03   1.0396852E+03   3.5948438E+03   1.6978451E-01   1.2987077E-01   1.5823757E-01
   6.3768116E-01   2.3076526E+03   9.8161343E+02   3.2892661E+03   1.8843444E-01   8.6207982E-02   1.5792472E-01
   6.5217391E-01   2.0037926E+03   7.4089809E+02   2.7446907E+03   1.8621575E-01   1.2831882E-01   1.7039576E-01
   6.6666667E-01   2.1743748E+03   7.0831907E+02   2.8826939E+03   2.1193203E-01   1.2149063E-01   1.8970418E-01
   6.8115942E-01   1.9991351E+03   9.6732343E+02   2.9664585E+03   1.4785966E-01   1.3978917E-01   1.4521581E-01
   6.9565217E-01   1.7680523E+03   7.2616432E+02   2.4942166E+03   1.7624123E-01   1.6985043E-01   1.7438017E-01
   7.1014493E-01   2.0876419E+03   5.4124049E+02   2.6288824E+03   1.9621243E-01   1.4082894E-01   1.8480505E-01
   7.2463768E-01   1.8943417E+03   6.8196302E+02   2.5763047E+03   1.9923166E-01   1.3962271E-01   1.8331831E-01
   7.3913043E-01   1.5451885E+03   4.9030021E+02   2.0354887E+03   1.8098761E-01   1.3997365E-01   1.7107326E-01
   7.5362319E-01   1.7340513E+03   6.4116181E+02   2.3752131E+03   1.8617702E-01   1.2294502E-01   1.6908973E-01
   7.6811594E-01   1.4153949E+03   5.1468907E+02   1.9300840E+03   2.0381046E-01   1.0100744E-01   1.7634843E-01
   7.8260870E-01   1.2909588E+03   3.6483618E+02   1.6557950E+03   1.7835107E-01   1.3956103E-01   1.6980114E-01
   7.9710145E-01   1.3225949E+03   3.8575686E+02   1.7083518E+03   1.8918045E-01   1.7082948E-01   1.8471740E-01
   8.1159420E-01   1.2177911E+03   3.3827531E+02   1.5560664E+03   2.0178040E-01   7.2206596E-02   1.7354099E-01
   8.2608696E-01   1.0236092E+03   3.0575340E+02   1.3293626E+03   2.1338024E-01   1.6042682E-01   2.0119526E-01
   8.4057971E-01   9.7983192E+02   2.7435294E+02   1.2541849E+03   2.2390420E-01   1.3236825E-01   2.0348674E-01
   8.5507246E-01   7.8342267E+02   2.9538888E+02   1.0788116E+03   1.7552293E-01   1.8332928E-01   1.7744744E-01
   8.6956522E-01   8.2088141E+02   2.2732101E+02   1.0482024E+03   2.0558644E-01   1.6178569E-01   1.9608550E-01
   8.8405797E-01   6.3351756E+02   2.3601634E+02   8.6953390E+02   2.4106380E-01   9.3959994E-02   2.0105832E-01
   8.9855072E-01   7.9440136E+02   1.0999403E+02   9.0439540E+02   2.1131998E-01   4.4164779E-02   1.9098826E-01
   9.1304348E-01   8.1787452E+02   1.5635836E+02   9.7423288E+02   1.8959176E-01   1.3881570E-01   1.8141980E-01
   9.2753623E-01   5.2094397E+02   1.4207563E+02   6.6301960E+02   2.5948690E-01   9.6163136E-02   2.2447965E-01
   9.4202899E-01   5.4790191E+02   2.3314975E+02   7.8105166E+02   2.3124654E-01   1.1882188E-01   1.9765288E-01
   9.5652174E-01   3.5590662E+02   1.6073202E+02   5.1663865E+02   2.3360069E-01   1.1517851E-01   1.9664079E-01
   9.7101449E-01   3.0535657E+02   9.0476022E+01   3.9583260E+02   2.2747959E-01   2.0417396E-01   2.2214621E-01
   9.8550725E-01   1.6714780E+02   5.5715933E+01   2.2286373E+02   3.0327369E-01   2.5244394E-01   2.9041988E-01
   1.0000000E+00   1.3130455E+02   4.3768184E+01   1.7507274E+02   1.4272051E-01   8.2430455E-06   1.0703854E-01
