   0.0000000E+00   6.6729323E+07   3.3764747E+07   1.0048801E+08   3.2862575E-04   9.5038161E-04   2.9398220E-04
   1.4492754E-02   6.6257253E+07   3.3932964E+07   1.0018794E+08   3.0909868E-04   8.2073915E-04   8.4692294E-05
   2.8985507E-02   6.8648670E+07   3.4807771E+07   1.0345190E+08   1.6912795E-04   5.3743916E-04   1.0950227E-04
   4.3478261E-02   7.1436384E+07   3.6521393E+07   1.0795096E+08   3.1828962E-04   2.3715093E-04   1.7821247E-04
   5.7971014E-02   7.3220285E+07   3.7471405E+07   1.1067881E+08   2.6720440E-04   2.9753899E-04   9.1037338E-05
   7.2463768E-02   7.3065214E+07   3.7477202E+07   1.1052635E+08   4.6878558E-04   3.5530778E-04   4.0510163E-04
   8.6956522E-02   7.1366040E+07   3.6473529E+07   1.0782391E+08   1.7197540E-04   5.5722573E-04   2.8875801E-04
   1.0144928E-01   6.8094657E+07   3.4864439E+07   1.0294102E+08   3.2346061E-04   1.4718202E-04   2.6070103E-04
   1.1594203E-01   6.4512659E+07   3.2795886E+07   9.7292159E+07   2.2592712E-04   5.3716704E-05   1.5803268E-04
   1.3043478E-01   6.0925566E+07   3.0968193E+07   9.1878520E+07   4.6334123E-04   2.7682001E-04   3.8224609E-04
   1.4492754E-01   5.7634513E+07   2.9364418E+07   8.6976881E+07   1.1131830E-03   4.6681660E-04   8.9220775E-04
   1.5942029E-01   4.8303923E+07   2.4611907E+07   7.2902949E+07   7.2258378E-04   8.5403813E-05   5.0527395E-04
   1.7391304E-01   2.0597809E+07   1.0023151E+07   3.0617866E+07   3.1015685E-03   3.0514719E-03   3.0794204E-03
   1.8840580E-01   8.9780140E+06   4.0641498E+06   1.3041639E+07   1.1174388E-02   8.6850741E-03   1.0383199E-02
   2.0289855E-01   5.8286729E+06   2.5669954E+06   8.3953436E+06   1.1803343E-02   9.2032830E-03   1.1000402E-02
   2.1739130E-01   4.5432881E+06   1.9868866E+06   6.5301242E+06   8.6647943E-03   6.9243172E-03   8.1269933E-03
   2.3188406E-01   3.8518597E+06   1.6977564E+06   5.5494740E+06   4.9959516E-03   3.9486529E-03   4.6629589E-03
   2.4637681E-01   3.4645058E+06   1.5247891E+06   4.9890275E+06   2.3903971E-03   2.1781481E-03   2.2793102E-03
   2.6086957E-01   3.1612353E+06   1.4111583E+06   4.5721411E+06   2.8719202E-03   2.4635922E-03   2.7470918E-03
   2.7536232E-01   2.9217928E+06   1.3314630E+06   4.2530564E+06   2.5122016E-03   2.5228698E-03   2.4759068E-03
   2.8985507E-01   2.6220720E+06   1.2213200E+06   3.8433541E+06   2.3271302E-03   1.4781018E-03   2.0347992E-03
   3.0434783E-01   2.1444309E+06   1.0133465E+06   3.1577413E+06   3.1663038E-03   2.0718531E-03   2.8181972E-03
   3.1884058E-01   1.2330787E+06   5.8238953E+05   1.8154682E+06   7.6841370E-03   3.5836178E-03   6.3656225E-03
   3.3333333E-01   1.8930239E+05   8.2329738E+04   2.7163213E+05   2.1200374E-02   1.2945942E-02   1.8646476E-02
   3.4782609E-01   1.4965300E+04   4.5779925E+03   1.9543292E+04   6.5539762E-02   5.2011983E-02   6.2364450E-02
   3.6231884E-01   1.4760711E+04   5.4253947E+03   2.0186105E+04   7.2741696E-02   5.3497437E-02   6.7231046E-02
   3.7681159E-01   1.4222135E+04   5.2458694E+03   1.9468004E+04   6.6814199E-02   3.8306645E-02   5.9079889E-02
   3.9130435E-01   1.4284740E+04   4.0412623E+03   1.8326002E+04   8.0012706E-02   8.7492409E-02   8.1654939E-02
   4.0579710E-01   1.2746214E+04   4.3028619E+03   1.7049075E+04   8.5366701E-02   6.1767634E-02   7.9348912E-02
   4.2028986E-01   1.3351843E+04   4.8077086E+03   1.8159552E+04   1.0036235E-01   6.7829713E-02   9.1721055E-02
   4.3478261E-01   1.2679461E+04   4.9000306E+03   1.7579491E+04   1.1808372E-01   8.0259837E-02   1.0751485E-01
   4.4927536E-01   1.3077069E+04   4.7664082E+03   1.7843477E+04   1.1508293E-01   8.0905191E-02   1.0590087E-01
   4.6376812E-01   1.2668410E+04   4.3333067E+03   1.7001717E+04   1.1652837E-01   8.3855582E-02   1.0820017E-01
   4.7826087E-01   1.1687514E+04   3.7886834E+03   1.5476198E+04   1.1302499E-01   9.0199816E-02   1.0735726E-01
   4.9275362E-01   1.2235219E+04   3.4321015E+03   1.5667320E+04   1.1919807E-01   8.9191901E-02   1.1261111E-01
   5.0724638E-01   1.1084605E+04   4.2433254E+03   1.5327931E+04   1.1020605E-01   8.0307064E-02   1.0192581E-01
   5.2173913E-01   1.0945085E+04   3.7255387E+03   1.4670624E+04   1.1742703E-01   8.9783008E-02   1.1034896E-01
   5.3623188E-01   1.0546875E+04   3.1947817E+03   1.3741657E+04   1.1971910E-01   9.0102910E-02   1.1281546E-01
   5.5072464E-01   1.0548492E+04   3.5693386E+03   1.4117831E+04   1.2892722E-01   8.0654095E-02   1.1670582E-01
   5.6521739E-01   9.9477226E+03   3.0309467E+03   1.2978669E+04   1.2928931E-01   8.0498083E-02   1.1775194E-01
   5.7971014E-01   8.5245377E+03   2.8225691E+03   1.1347107E+04   1.1770369E-01   9.0127100E-02   1.1083399E-01
   5.9420290E-01   7.6328110E+03   2.3286542E+03   9.9614652E+03   1.2220021E-01   7.8196787E-02   1.1191190E-01
   6.0869565E-01   7.9562352E+03   2.4536235E+03   1.0409859E+04   1.2231212E-01   9.5803810E-02   1.1603680E-01
   6.2318841E-01   7.4363926E+03   2.2027229E+03   9.6391155E+03   1.1758778E-01   1.1384379E-01   1.1668761E-01
   6.3768116E-01   6.5957534E+03   2.1698823E+03   8.7656357E+03   1.2489669E-01   9.0548262E-02   1.1639393E-01
   6.5217391E-01   5.6072515E+03   1.5323120E+03   7.1395634E+03   1.1348025E-01   1.1301310E-01   1.1337650E-01
   6.6666667E-01   5.3865195E+03   1.6307811E+03   7.0173006E+03   1.2227563E-01   6.0187725E-02   1.0784051E-01
   6.8115942E-01   5.0462039E+03   1.2897646E+03   6.3359684E+03   1.2375136E-01   9.5960016E-02   1.1802241E-01
   6.9565217E-01   4.0728347E+03   1.4049701E+03   5.4778048E+03   9.4401518E-02   9.0367188E-02   9.3366720E-02
   7.1014493E-01   3.8196114E+03   1.0051609E+03   4.8247724E+03   1.1936391E-01   8.0339657E-02   1.1113590E-01
   7.2463768E-01   3.4401245E+03   1.1517598E+03   4.5918843E+03   1.2126829E-01   1.2708121E-01   1.2270672E-01
   7.3913043E-01   2.8823709E+03   1.0103156E+03   3.8926865E+03   1.4002941E-01   1.0049137E-01   1.2976573E-01
   7.5362319E-01   2.5355035E+03   9.0345528E+02   3.4389588E+03   1.5352943E-01   8.5803130E-02   1.3561582E-01
   7.6811594E-01   2.1016470E+03   6.1476750E+02   2.7164145E+03   1.6060669E-01   1.0392158E-01   1.4774060E-01
   7.8260870E-01   2.2170814E+03   4.9112563E+02   2.7082070E+03   1.3957302E-01   1.2468052E-01   1.3687137E-01
   7.9710145E-01   1.6945748E+03   5.5108122E+02   2.2456560E+03   1.6390664E-01   7.8137349E-02   1.4273308E-01
   8.1159420E-01   1.4748803E+03   3.6533733E+02   1.8402177E+03   1.2757364E-01   7.5100155E-02   1.1714677E-01
   8.2608696E-01   1.2894817E+03   4.2539603E+02   1.7148778E+03   1.8960751E-01   1.5004048E-01   1.7978375E-01
   8.4057971E-01   1.2149916E+03   2.6128851E+02   1.4762801E+03   1.5497082E-01   1.1542907E-01   1.4795869E-01
   8.5507246E-01   9.1185262E+02   2.6970289E+02   1.1815555E+03   2.1007530E-01   1.7381779E-01   2.0178324E-01
   8.6956522E-01   8.0825246E+02   1.8943417E+02   9.9768663E+02   1.9523256E-01   1.1456563E-01   1.7975000E-01
   8.8405797E-01   7.9500242E+02   1.6148487E+02   9.5648729E+02   1.9339231E-01   2.1371801E-01   1.9681950E-01
   8.9855072E-01   5.4997017E+02   1.8332339E+02   7.3329357E+02   1.8550611E-01   2.9187882E-01   2.1205799E-01
   9.1304348E-01   4.6907509E+02   1.0824810E+02   5.7732319E+02   2.5465005E-01   1.2886115E-01   2.3091497E-01
   9.2753623E-01   3.5518907E+02   8.2877450E+01   4.3806652E+02   2.2697551E-01   6.0064910E-02   1.9482908E-01
   9.4202899E-01   2.4480724E+02   4.6629950E+01   2.9143719E+02   3.3168478E-01   2.9823579E-01   3.2631248E-01
   9.5652174E-01   2.8702147E+02   3.4442577E+01   3.2146405E+02   2.5979804E-01   2.6591864E-01   2.6039897E-01
   9.7101449E-01   1.9226155E+02   5.6547514E+01   2.4880906E+02   3.3042395E-01   7.4422157E-02   2.7222454E-01
   9.8550725E-01   1.5600461E+02   5.5715933E+01   2.1172054E+02   3.2490762E-01   4.1218959E-01   3.4777032E-01
   1.0000000E+00   4.3768184E+01   0.0000000E+00   4.3768184E+01   4.8171487E-06   0.0000000E+00   4.8171487E-06
