   0.0000000E+00   6.1885870E+07   3.2291707E+07   9.4177577E+07   6.2758061E-04   6.5020586E-04   2.9564219E-04
   1.4492754E-02   6.3121739E+07   3.2844854E+07   9.5967351E+07   2.2329783E-04   1.9974647E-04   9.4085454E-05
   2.8985507E-02   6.4914165E+07   3.3928039E+07   9.8833490E+07   6.1616351E-05   1.8936330E-04   7.8841218E-05
   4.3478261E-02   6.7485292E+07   3.5176915E+07   1.0265109E+08   3.4370766E-05   1.1066839E-04   5.6135010E-05
   5.7971014E-02   6.8056499E+07   3.5948733E+07   1.0399235E+08   9.3983316E-05   7.4051871E-05   6.8717040E-05
   7.2463768E-02   6.7420682E+07   3.5550732E+07   1.0295035E+08   7.7302163E-05   6.8032730E-05   6.1372501E-05
   8.6956522E-02   6.5049421E+07   3.4395184E+07   9.9427303E+07   1.2678685E-04   5.9496253E-05   1.0106663E-04
   1.0144928E-01   6.1472471E+07   3.2549121E+07   9.4002756E+07   3.2782173E-05   1.0676465E-04   3.2750707E-05
   1.1594203E-01   5.7676170E+07   3.0492650E+07   8.8148740E+07   1.1689377E-04   7.7931881E-05   9.7800366E-05
   1.3043478E-01   5.4448937E+07   2.8655328E+07   8.3084059E+07   9.2060616E-05   7.9883590E-05   6.9524780E-05
   1.4492754E-01   5.2005818E+07   2.7476745E+07   7.9458315E+07   6.3023845E-05   1.2206331E-04   6.6931259E-05
   1.5942029E-01   4.5102072E+07   2.3517047E+07   6.8603482E+07   1.2963130E-04   1.6729662E-04   1.3907389E-04
   1.7391304E-01   2.1345253E+07   1.0132771E+07   3.1474677E+07   3.0023050E-04   2.9603954E-04   2.8466047E-04
   1.8840580E-01   1.2044050E+07   5.0629051E+06   1.7105031E+07   3.0008180E-04   1.9572152E-04   2.5738818E-04
   2.0289855E-01   9.6591943E+06   3.9268080E+06   1.3584974E+07   6.5422207E-04   8.6968515E-04   7.0129657E-04
   2.1739130E-01   8.1993171E+06   3.2806462E+06   1.1478953E+07   4.1372737E-04   2.8434224E-04   3.4812591E-04
   2.3188406E-01   7.0088749E+06   2.8199644E+06   9.8284605E+06   8.7234270E-04   1.0117401E-03   9.1325722E-04
   2.4637681E-01   6.0088965E+06   2.4158428E+06   8.4243827E+06   1.4027494E-03   8.3942451E-04   1.2349360E-03
   2.6086957E-01   5.1547564E+06   2.0855439E+06   7.2398793E+06   1.1489229E-03   9.4315033E-04   1.0916821E-03
   2.7536232E-01   4.4681738E+06   1.8129448E+06   6.2807996E+06   1.0648044E-03   7.2924824E-04   9.3604987E-04
   2.8985507E-01   3.7596242E+06   1.5778351E+06   5.3371562E+06   1.6899613E-03   1.2283954E-03   1.5377907E-03
   3.0434783E-01   2.9415338E+06   1.2653842E+06   4.2068819E+06   1.2626946E-03   1.1265403E-03   1.2197364E-03
   3.1884058E-01   1.6040941E+06   6.9398347E+05   2.2981120E+06   3.8673083E-03   1.5451539E-03   3.1624440E-03
   3.3333333E-01   2.3954363E+05   9.3366338E+04   3.3290996E+05   2.9167336E-02   1.8646083E-02   2.6144795E-02
   3.4782609E-01   3.1698651E+04   9.4401362E+03   4.1138787E+04   1.4345434E-01   1.3605254E-01   1.4173329E-01
   3.6231884E-01   3.2279583E+04   8.5472698E+03   4.0826853E+04   1.7232001E-01   1.4680996E-01   1.6696520E-01
   3.7681159E-01   2.9522587E+04   7.9853789E+03   3.7507966E+04   1.9673436E-01   1.7680348E-01   1.9248148E-01
   3.9130435E-01   2.5819176E+04   6.2864080E+03   3.2105584E+04   2.1451172E-01   2.1588138E-01   2.1477971E-01
   4.0579710E-01   2.1189565E+04   5.0335365E+03   2.6223102E+04   2.2507818E-01   2.1162775E-01   2.2249610E-01
   4.2028986E-01   1.5363764E+04   4.1022296E+03   1.9465994E+04   2.3123420E-01   2.4694185E-01   2.3454179E-01
   4.3478261E-01   1.3033071E+04   2.6015626E+03   1.5634634E+04   2.3605533E-01   2.2409795E-01   2.3404825E-01
   4.4927536E-01   9.0683971E+03   1.9798926E+03   1.1048290E+04   2.4647155E-01   2.3528383E-01   2.4441014E-01
   4.6376812E-01   7.2221778E+03   1.7049075E+03   8.9270853E+03   2.6033193E-01   2.4628501E-01   2.5764742E-01
   4.7826087E-01   5.9470849E+03   1.5384351E+03   7.4855200E+03   2.6900359E-01   2.2704803E-01   2.6037849E-01
   4.9275362E-01   4.8584293E+03   1.0920323E+03   5.9504616E+03   2.4886079E-01   2.5525081E-01   2.5001842E-01
   5.0724638E-01   3.7886834E+03   9.9588250E+02   4.7845659E+03   2.7820299E-01   2.6947045E-01   2.7618529E-01
   5.2173913E-01   3.3256221E+03   7.5773668E+02   4.0833588E+03   2.5874407E-01   2.1083401E-01   2.4979208E-01
   5.3623188E-01   2.8671118E+03   6.5533983E+02   3.5224516E+03   2.6860807E-01   2.3454601E-01   2.6220530E-01
   5.5072464E-01   2.4127931E+03   5.3839185E+02   2.9511850E+03   2.5584782E-01   2.5014159E-01   2.5479937E-01
   5.6521739E-01   1.9429146E+03   4.8572864E+02   2.4286432E+03   2.3516969E-01   2.5755716E-01   2.3961223E-01
   5.7971014E-01   1.9701154E+03   3.5992492E+02   2.3300403E+03   2.1393861E-01   2.0405517E-01   2.1231727E-01
   5.9420290E-01   1.6263617E+03   2.4025797E+02   1.8666196E+03   2.2297874E-01   2.8578896E-01   2.3094320E-01
   6.0869565E-01   1.6958869E+03   3.9690969E+02   2.0927966E+03   2.1515520E-01   2.1689612E-01   2.1440725E-01
   6.2318841E-01   1.3921209E+03   4.4054458E+02   1.8326655E+03   1.5997595E-01   1.8388344E-01   1.6568115E-01
   6.3768116E-01   1.2399328E+03   3.9608963E+02   1.6360224E+03   1.9436376E-01   5.4044061E-02   1.6038786E-01
   6.5217391E-01   1.2123787E+03   1.8522452E+02   1.3976032E+03   1.9819958E-01   1.4675518E-01   1.9126829E-01
   6.6666667E-01   9.7187966E+02   2.1414298E+02   1.1860226E+03   1.8134498E-01   1.6528940E-01   1.7844594E-01
   6.8115942E-01   8.3834697E+02   2.5795291E+02   1.0962999E+03   1.2980217E-01   1.4451408E-01   1.3317668E-01
   6.9565217E-01   6.6301960E+02   4.7358543E+01   7.1037814E+02   1.4490983E-01   1.3084463E-01   1.4332391E-01
   7.1014493E-01   6.8041661E+02   1.3917613E+02   8.1959274E+02   1.6441168E-01   9.2358854E-02   1.5167548E-01
   7.2463768E-01   4.3948728E+02   9.0928402E+01   5.3041568E+02   1.5073189E-01   1.0974257E-01   1.4345342E-01
   7.3913043E-01   5.7944570E+02   1.1886066E+02   6.9830636E+02   1.6524479E-01   1.5366332E-01   1.6283223E-01
   7.5362319E-01   5.2458694E+02   1.1657487E+02   6.4116181E+02   1.7325149E-01   5.2374152E-02   1.5113233E-01
   7.6811594E-01   3.2882913E+02   7.1484593E+01   4.0031372E+02   2.5831963E-01   3.2099796E-01   2.6951078E-01
   7.8260870E-01   2.3854673E+02   9.8225126E+01   3.3677186E+02   2.1069733E-01   1.5909159E-01   1.9540641E-01
   7.9710145E-01   2.4798655E+02   2.7554061E+01   2.7554061E+02   1.2494060E-01   2.0645358E-01   1.3283586E-01
   8.1159420E-01   3.1121328E+02   4.0593037E+01   3.5180632E+02   1.5697098E-01   1.9517655E-01   1.6072291E-01
   8.2608696E-01   2.7916615E+02   0.0000000E+00   2.7916615E+02   1.1448562E-01   0.0000000E+00   1.1448562E-01
   8.4057971E-01   1.5677311E+02   3.9193277E+01   1.9596638E+02   1.5453652E-01   1.4183713E-01   1.5128480E-01
   8.5507246E-01   1.2842995E+02   3.8528984E+01   1.6695893E+02   2.3768971E-01   1.1345837E-01   2.0895970E-01
   8.6956522E-01   1.5154734E+02   1.2628945E+01   1.6417628E+02   2.1043126E-01   6.6833390E-07   1.9424419E-01
   8.8405797E-01   8.6953390E+01   0.0000000E+00   8.6953390E+01   1.6981268E-01   0.0000000E+00   1.6981268E-01
   8.9855072E-01   1.0999403E+02   1.2221559E+01   1.2221559E+02   1.6255793E-01   6.4101594E-06   1.4630278E-01
   9.1304348E-01   6.0137832E+01   1.2027566E+01   7.2165398E+01   2.2146256E-01   1.0716405E-05   1.8455392E-01
   9.2753623E-01   4.7358543E+01   1.1839636E+01   5.9198178E+01   1.0076541E-06   4.2717737E-01   8.5435521E-02
   9.4202899E-01   5.8287437E+01   0.0000000E+00   5.8287437E+01   3.1882952E-01   0.0000000E+00   3.1882952E-01
   9.5652174E-01   4.5923435E+01   0.0000000E+00   4.5923435E+01   4.8941029E-06   0.0000000E+00   4.8941029E-06
   9.7101449E-01   2.2619005E+01   0.0000000E+00   2.2619005E+01   1.0905818E-05   0.0000000E+00   1.0905818E-05
   9.8550725E-01   1.1143187E+01   1.1143187E+01   2.2286373E+01   8.1716192E-05   2.0848335E-05   3.0911301E-05
   1.0000000E+00   2.1884092E+01   0.0000000E+00   2.1884092E+01   4.2856713E-01   0.0000000E+00   4.2856713E-01
