   0.0000000E+00   6.5910968E+07   3.3207052E+07   9.9118020E+07   5.4084479E-04   8.8897986E-04   1.7529423E-04
   1.4492754E-02   6.6772514E+07   3.3712463E+07   1.0048119E+08   2.3188941E-04   2.9536107E-04   2.5184148E-04
   2.8985507E-02   7.0050104E+07   3.5227936E+07   1.0527728E+08   1.5832752E-04   1.9863322E-04   7.7580007E-05
   4.3478261E-02   7.4608775E+07   3.7441538E+07   1.1205107E+08   1.1652590E-04   1.0799603E-04   6.5050180E-05
   5.7971014E-02   7.7568747E+07   3.8838551E+07   1.1640825E+08   1.1295220E-04   1.2799609E-04   3.3758736E-05
   7.2463768E-02   7.7725447E+07   3.8989947E+07   1.1670873E+08   7.3439105E-05   9.1775273E-05   3.6740956E-05
   8.6956522E-02   7.5425867E+07   3.7816744E+07   1.1323983E+08   5.3096562E-05   7.6171940E-05   6.0655230E-05
   1.0144928E-01   7.1275419E+07   3.5867682E+07   1.0713910E+08   1.5296688E-04   1.0938720E-04   1.3268835E-04
   1.1594203E-01   6.7151856E+07   3.3684332E+07   1.0083003E+08   1.3824205E-04   1.4447270E-04   1.3380328E-04
   1.3043478E-01   6.3787537E+07   3.1987602E+07   9.5770424E+07   1.2422893E-04   6.9433417E-05   1.0507631E-04
   1.4492754E-01   6.1956113E+07   3.1169726E+07   9.3116746E+07   1.9091740E-04   1.4205606E-04   1.5655776E-04
   1.5942029E-01   5.3135941E+07   2.6745832E+07   7.9877777E+07   1.5507254E-04   1.0618033E-04   1.3683757E-04
   1.7391304E-01   1.7139183E+07   8.5336937E+06   2.5672813E+07   2.0895691E-03   1.8954300E-03   2.0194841E-03
   1.8840580E-01   4.8115697E+06   2.3766120E+06   7.1880068E+06   8.3620727E-03   6.5418239E-03   7.7574612E-03
   2.0289855E-01   3.1395196E+06   1.5112517E+06   4.6504465E+06   9.7876147E-03   9.0283605E-03   9.5379257E-03
   2.1739130E-01   2.6617269E+06   1.2899204E+06   3.9516473E+06   9.6421046E-03   7.1644615E-03   8.8255617E-03
   2.3188406E-01   2.4355551E+06   1.1833005E+06   3.6187136E+06   8.9366025E-03   7.5880173E-03   8.4959005E-03
   2.4637681E-01   2.3450613E+06   1.1347330E+06   3.4797497E+06   7.7551687E-03   5.2083785E-03   6.8804584E-03
   2.6086957E-01   2.3093709E+06   1.1335320E+06   3.4428608E+06   6.0256774E-03   5.2639624E-03   5.7602760E-03
   2.7536232E-01   2.3287242E+06   1.1612115E+06   3.4898959E+06   4.1305784E-03   3.6458581E-03   3.9693282E-03
   2.8985507E-01   2.3208717E+06   1.1571018E+06   3.4779735E+06   3.9090897E-03   2.6860317E-03   3.4326695E-03
   3.0434783E-01   2.0361828E+06   9.9801138E+05   3.0341220E+06   3.1137217E-03   2.4951964E-03   2.9100680E-03
   3.1884058E-01   1.1386716E+06   5.7853196E+05   1.7172035E+06   3.6068091E-03   2.5930267E-03   3.2376784E-03
   3.3333333E-01   1.1919527E+05   5.9432912E+04   1.7862819E+05   1.5899716E-02   1.1806347E-02   1.4514222E-02
   3.4782609E-01   1.5849326E+04   6.6933407E+03   2.2542666E+04   9.4941098E-02   6.3717544E-02   8.5612336E-02
   3.6231884E-01   1.6730826E+04   7.6379858E+03   2.4368812E+04   9.9149986E-02   8.8187075E-02   9.5684441E-02
   3.7681159E-01   1.6699351E+04   7.4607920E+03   2.4160143E+04   1.0737201E-01   9.0147359E-02   1.0204771E-01
   3.9130435E-01   1.8129552E+04   6.7635015E+03   2.4893053E+04   1.2066886E-01   9.9545293E-02   1.1492812E-01
   4.0579710E-01   1.8564549E+04   6.9820023E+03   2.5546551E+04   1.3873561E-01   1.1979002E-01   1.3354869E-01
   4.2028986E-01   1.6931496E+04   7.4205937E+03   2.4352089E+04   1.5477037E-01   1.1185006E-01   1.4166840E-01
   4.3478261E-01   1.7756296E+04   7.1479827E+03   2.4904279E+04   1.6092428E-01   1.4234201E-01   1.5546863E-01
   4.4927536E-01   1.6596878E+04   7.4307081E+03   2.4027586E+04   1.6290431E-01   1.3425467E-01   1.5402965E-01
   4.6376812E-01   1.4444356E+04   6.2276484E+03   2.0672004E+04   1.8427878E-01   1.4903897E-01   1.7363373E-01
   4.7826087E-01   1.3639260E+04   5.9700466E+03   1.9609307E+04   1.9913389E-01   1.4776701E-01   1.8337825E-01
   4.9275362E-01   1.1588914E+04   5.1481522E+03   1.6737066E+04   1.9293960E-01   1.8228448E-01   1.8958770E-01
   5.0724638E-01   1.1236153E+04   4.5680697E+03   1.5804222E+04   1.9926780E-01   1.4744227E-01   1.8428764E-01
   5.2173913E-01   1.0566217E+04   4.3148895E+03   1.4881107E+04   2.0173936E-01   1.6104130E-01   1.8990779E-01
   5.3623188E-01   8.6422941E+03   3.6862866E+03   1.2328581E+04   2.2093659E-01   1.5783563E-01   2.0205979E-01
   5.5072464E-01   7.6970095E+03   3.5493982E+03   1.1246408E+04   2.0890869E-01   1.5249730E-01   1.9098486E-01
   5.6521739E-01   7.2276422E+03   2.8366553E+03   1.0064297E+04   2.1805305E-01   1.8354631E-01   2.0827592E-01
   5.7971014E-01   6.1755540E+03   2.5194745E+03   8.6950284E+03   2.2268724E-01   1.6431438E-01   2.0576263E-01
   5.9420290E-01   5.4889706E+03   2.4025797E+03   7.8915503E+03   2.2433926E-01   1.6426705E-01   2.0602927E-01
   6.0869565E-01   4.6005442E+03   1.9845485E+03   6.5850926E+03   2.1609487E-01   1.5614984E-01   1.9796756E-01
   6.2318841E-01   4.5992855E+03   1.5683387E+03   6.1676242E+03   2.1228995E-01   1.6404667E-01   2.0001121E-01
   6.3768116E-01   3.4098151E+03   1.3949244E+03   4.8047394E+03   2.0395786E-01   1.8306887E-01   1.9769888E-01
   6.5217391E-01   3.6708133E+03   1.6838593E+03   5.3546726E+03   2.2422341E-01   1.8227897E-01   2.1101792E-01
   6.6666667E-01   2.9321115E+03   1.0048247E+03   3.9369362E+03   2.1155948E-01   1.9893754E-01   2.0815075E-01
   6.8115942E-01   2.4344306E+03   1.0156896E+03   3.4501202E+03   2.1579878E-01   2.0305562E-01   2.1204395E-01
   6.9565217E-01   2.7783678E+03   9.4717086E+02   3.7255387E+03   2.0049164E-01   1.7951240E-01   1.9503321E-01
   7.1014493E-01   2.0257858E+03   7.2680866E+02   2.7525945E+03   1.8766194E-01   2.3029632E-01   1.9886995E-01
   7.2463768E-01   1.9094964E+03   7.1227248E+02   2.6217689E+03   2.4083088E-01   2.4202882E-01   2.4109462E-01
   7.3913043E-01   1.6640492E+03   8.1716701E+02   2.4812162E+03   2.0675464E-01   1.6997407E-01   1.9464106E-01
   7.5362319E-01   1.5154734E+03   5.3915879E+02   2.0546322E+03   2.4216807E-01   1.2487795E-01   2.1079226E-01
   7.6811594E-01   1.3582073E+03   5.0039215E+02   1.8585994E+03   2.2880893E-01   2.2388964E-01   2.2748185E-01
   7.8260870E-01   1.3330553E+03   4.2096482E+02   1.7540201E+03   2.6046618E-01   1.6444142E-01   2.3737813E-01
   7.9710145E-01   1.2261557E+03   5.3730419E+02   1.7634599E+03   2.5653778E-01   2.0173239E-01   2.3982528E-01
   8.1159420E-01   9.0657782E+02   4.6005442E+02   1.3666322E+03   2.1523804E-01   1.7726748E-01   2.0237793E-01
   8.2608696E-01   8.1091119E+02   3.7222153E+02   1.1831327E+03   2.4508691E-01   1.8735238E-01   2.2690453E-01
   8.4057971E-01   7.8386554E+02   3.3967507E+02   1.1235406E+03   2.6087469E-01   2.0525460E-01   2.4404370E-01
   8.5507246E-01   8.8616663E+02   3.0823187E+02   1.1943985E+03   2.2642880E-01   1.5076951E-01   2.0690287E-01
   8.6956522E-01   5.8093146E+02   2.0206312E+02   7.8299457E+02   2.4328772E-01   2.1560788E-01   2.3613608E-01
   8.8405797E-01   6.0867373E+02   1.1179722E+02   7.2047095E+02   2.9085052E-01   1.5417478E-01   2.6930300E-01
   8.9855072E-01   5.3774861E+02   2.0776651E+02   7.4551512E+02   2.3100255E-01   1.8159664E-01   2.1700837E-01
   9.1304348E-01   4.6907509E+02   7.2165398E+01   5.4124049E+02   2.1582827E-01   1.3575027E-01   2.0491587E-01
   9.2753623E-01   4.0254761E+02   1.6575490E+02   5.6830251E+02   2.8016940E-01   2.7822384E-01   2.7957548E-01
   9.4202899E-01   3.4972462E+02   1.3988985E+02   4.8961447E+02   2.3285844E-01   2.3582139E-01   2.3364501E-01
   9.5652174E-01   2.7554061E+02   1.0332773E+02   3.7886834E+02   3.3420763E-01   1.3457777E-01   2.7943816E-01
   9.7101449E-01   1.9226155E+02   1.1309503E+02   3.0535657E+02   2.3914645E-01   2.4531090E-01   2.4121195E-01
   9.8550725E-01   1.7829098E+02   4.4572746E+01   2.2286373E+02   2.3024873E-01   1.8927396E-01   2.2197651E-01
   1.0000000E+00   2.1884092E+01   4.3768184E+01   6.5652276E+01   8.6991437E-06   2.1384471E-01   1.4256598E-01
