   0.0000000E+00   6.6074639E+07   3.3795056E+07   9.9869695E+07   2.1846257E-03   2.2557323E-04   1.5216353E-03
   1.4492754E-02   6.7721201E+07   3.4657360E+07   1.0237553E+08   1.4033044E-03   3.9693621E-04   9.1808165E-04
   2.8985507E-02   6.9305249E+07   3.5746607E+07   1.0504769E+08   3.8819249E-04   2.9523949E-04   3.1325658E-04
   4.3478261E-02   7.1768777E+07   3.6997504E+07   1.0875921E+08   4.0146957E-04   2.1660338E-04   2.1411534E-04
   5.7971014E-02   7.3006035E+07   3.7676752E+07   1.1067180E+08   2.9972710E-04   1.8287684E-04   2.5960151E-04
   7.2463768E-02   7.2514491E+07   3.7550702E+07   1.1005095E+08   2.9962965E-04   4.0003321E-04   2.8032715E-04
   8.6956522E-02   7.0559809E+07   3.6489947E+07   1.0703751E+08   6.5402069E-04   1.4641213E-04   4.7287473E-04
   1.0144928E-01   6.7484679E+07   3.4742768E+07   1.0221251E+08   4.5794184E-05   1.8205226E-04   3.2428279E-05
   1.1594203E-01   6.3842347E+07   3.2784614E+07   9.6612943E+07   5.0978815E-04   2.2019186E-04   3.9548301E-04
   1.3043478E-01   5.9900432E+07   3.0752154E+07   9.0639704E+07   8.4137283E-04   1.2740135E-04   5.8823510E-04
   1.4492754E-01   5.5994847E+07   2.8806800E+07   8.4784673E+07   9.8453088E-04   3.6839876E-04   7.7074595E-04
   1.5942029E-01   4.6532059E+07   2.3890749E+07   7.0412406E+07   3.1204378E-04   1.5709123E-04   2.5223535E-04
   1.7391304E-01   2.1833109E+07   1.0499957E+07   3.2329972E+07   5.4056048E-03   3.1555942E-03   4.6643179E-03
   1.8840580E-01   1.0587272E+07   4.6309369E+06   1.5216752E+07   1.5512327E-02   8.6229666E-03   1.3411308E-02
   2.0289855E-01   6.8423623E+06   2.8777216E+06   9.7198673E+06   1.7403938E-02   1.0966765E-02   1.5491290E-02
   2.1739130E-01   5.0723904E+06   2.0827656E+06   7.1551054E+06   1.4836796E-02   8.5983858E-03   1.3017400E-02
   2.3188406E-01   4.1299017E+06   1.7113483E+06   5.8411079E+06   1.0398039E-02   6.0331573E-03   9.1096941E-03
   2.4637681E-01   3.5721044E+06   1.4689394E+06   5.0408210E+06   6.2075916E-03   2.5672069E-03   5.1454700E-03
   2.6086957E-01   3.2037949E+06   1.3406467E+06   4.5443574E+06   3.7870700E-03   1.7796644E-03   3.1943837E-03
   2.7536232E-01   2.8646834E+06   1.2446423E+06   4.1093257E+06   4.3118208E-03   9.3564661E-04   3.0452794E-03
   2.8985507E-01   2.5370540E+06   1.1495244E+06   3.6865026E+06   3.3918209E-03   3.8266661E-04   2.4416751E-03
   3.0434783E-01   2.0571468E+06   9.6326374E+05   3.0204106E+06   5.2043729E-03   9.8880807E-04   3.8419424E-03
   3.1884058E-01   1.2093477E+06   5.5301001E+05   1.7623578E+06   1.0064896E-02   3.2024583E-03   7.9073880E-03
   3.3333333E-01   1.9668209E+05   8.2296793E+04   2.7897888E+05   2.9623693E-02   1.1631144E-02   2.4314238E-02
   3.4782609E-01   1.4302280E+04   3.8834005E+03   1.8185680E+04   6.6903186E-02   3.3138889E-02   5.9640172E-02
   3.6231884E-01   1.2063168E+04   2.3944479E+03   1.4457616E+04   7.4078511E-02   6.4821215E-02   7.2535768E-02
   3.7681159E-01   1.0987182E+04   3.0309467E+03   1.4018129E+04   8.4818423E-02   3.5170705E-02   7.3786321E-02
   3.9130435E-01   1.1674758E+04   2.6099819E+03   1.4284740E+04   9.8345713E-02   3.8487094E-02   8.7404495E-02
   4.0579710E-01   1.0878934E+04   2.7873885E+03   1.3666322E+04   1.0425242E-01   3.6343900E-02   9.0357962E-02
   4.2028986E-01   1.0451540E+04   2.5867563E+03   1.3038297E+04   8.5126069E-02   3.9855397E-02   7.5573840E-02
   4.3478261E-01   1.0684087E+04   2.5257889E+03   1.3209876E+04   1.0720125E-01   4.2008243E-02   9.4711290E-02
   4.4927536E-01   9.7772475E+03   2.6398568E+03   1.2417104E+04   1.0973737E-01   5.0309463E-02   9.7050225E-02
   4.6376812E-01   8.9034060E+03   2.4152857E+03   1.1318692E+04   1.2140282E-01   5.6903593E-02   1.0759340E-01
   4.7826087E-01   9.4143043E+03   1.9058226E+03   1.1320127E+04   1.2993793E-01   5.1899794E-02   1.1669144E-01
   4.9275362E-01   8.8922629E+03   2.4069283E+03   1.1299191E+04   1.2524762E-01   7.4290080E-02   1.1438849E-01
   5.0724638E-01   9.0495410E+03   2.1216627E+03   1.1171204E+04   1.3502029E-01   4.9287940E-02   1.1872556E-01
   5.2173913E-01   9.5559015E+03   1.7680523E+03   1.1323954E+04   1.3358405E-01   6.3410678E-02   1.2253655E-01
   5.3623188E-01   9.0928402E+03   1.6997877E+03   1.0792628E+04   1.4462499E-01   6.6873068E-02   1.3237922E-01
   5.5072464E-01   8.1356991E+03   2.2333292E+03   1.0369028E+04   1.5325907E-01   9.0132484E-02   1.3965335E-01
   5.6521739E-01   7.7716583E+03   1.7874814E+03   9.5591397E+03   1.4150550E-01   7.6393086E-02   1.2930525E-01
   5.7971014E-01   7.6152537E+03   1.7049075E+03   9.3201612E+03   1.4555288E-01   5.9600237E-02   1.2982832E-01
   5.9420290E-01   7.4110344E+03   1.4785106E+03   8.8895450E+03   1.5772210E-01   6.0470859E-02   1.4154683E-01
   6.0869565E-01   6.7835475E+03   1.4433080E+03   8.2268554E+03   1.5430065E-01   7.6194298E-02   1.4059695E-01
   6.2318841E-01   6.8548737E+03   1.3216338E+03   8.1765075E+03   1.4815035E-01   5.9787561E-02   1.3384098E-01
   6.3768116E-01   6.4407618E+03   1.5154734E+03   7.9562352E+03   1.4335702E-01   9.4166447E-02   1.3393688E-01
   6.5217391E-01   5.6072515E+03   1.2123787E+03   6.8196302E+03   1.2808032E-01   4.6958186E-02   1.1364537E-01
   6.6666667E-01   5.2382666E+03   1.0871874E+03   6.3254541E+03   1.4508303E-01   8.2520664E-02   1.3431212E-01
   6.8115942E-01   5.2235465E+03   9.9956754E+02   6.2231140E+03   1.4407685E-01   4.8820467E-02   1.2877603E-01
   6.9565217E-01   4.7989990E+03   8.5245377E+02   5.6514528E+03   1.3913949E-01   5.0533507E-02   1.2571719E-01
   7.1014493E-01   4.3299239E+03   1.1288730E+03   5.4587969E+03   1.5485416E-01   7.2871841E-02   1.3788588E-01
   7.2463768E-01   4.2736349E+03   1.1062956E+03   5.3799305E+03   1.3866157E-01   7.3191714E-02   1.2516996E-01
   7.3913043E-01   4.1155502E+03   7.4287910E+02   4.8584293E+03   1.3230681E-01   3.7293792E-02   1.1775772E-01
   7.5362319E-01   3.7012523E+03   6.8487739E+02   4.3861297E+03   1.0962600E-01   7.1927743E-02   1.0373733E-01
   7.6811594E-01   3.2311036E+03   5.8617366E+02   3.8172773E+03   1.3753267E-01   2.7367876E-02   1.2061392E-01
   7.8260870E-01   3.3957829E+03   7.2967236E+02   4.1254553E+03   1.1075520E-01   5.1298862E-02   1.0023846E-01
   7.9710145E-01   2.7278521E+03   5.7863529E+02   3.3064873E+03   1.1657291E-01   9.3449288E-02   1.1249421E-01
   8.1159420E-01   2.8279816E+03   5.8183353E+02   3.4098151E+03   1.1329313E-01   6.0801971E-02   1.0431778E-01
   8.2608696E-01   2.5922571E+03   5.3174504E+02   3.1240021E+03   1.0712295E-01   4.2320568E-02   9.6089021E-02
   8.4057971E-01   2.2209523E+03   5.2257702E+02   2.7435294E+03   1.1835461E-01   2.5578212E-02   1.0059924E-01
   8.5507246E-01   1.9521352E+03   4.6234781E+02   2.4144830E+03   1.1632601E-01   6.6448327E-02   1.0664398E-01
   8.6956522E-01   1.7301654E+03   3.4098151E+02   2.0711469E+03   9.7514624E-02   1.5130957E-02   8.3947500E-02
   8.8405797E-01   1.4782076E+03   3.4781356E+02   1.8260212E+03   1.2346324E-01   6.1670833E-02   1.1168015E-01
   8.9855072E-01   1.3443715E+03   2.5665275E+02   1.6010243E+03   1.2354071E-01   5.5440941E-02   1.1258454E-01
   9.1304348E-01   1.2869496E+03   2.2852376E+02   1.5154734E+03   1.0857190E-01   8.4326249E-02   1.0472916E-01
   9.2753623E-01   1.1958032E+03   2.2495308E+02   1.4207563E+03   1.0686304E-01   2.1843673E-02   9.3396514E-02
   9.4202899E-01   8.7431156E+02   1.5154734E+02   1.0258589E+03   1.0033451E-01   3.1532530E-02   9.0015473E-02
   9.5652174E-01   7.4625583E+02   1.3777031E+02   8.8402613E+02   9.2941684E-02   6.5691030E-02   8.8677564E-02
   9.7101449E-01   6.1071315E+02   7.9166519E+01   6.8987967E+02   1.4893255E-01   5.6926274E-05   1.3183540E-01
   9.8550725E-01   3.9001153E+02   6.6859119E+01   4.5687065E+02   1.2686565E-01   7.3313837E-02   1.1857790E-01
   1.0000000E+00   1.5318864E+02   4.3768184E+01   1.9695683E+02   1.7767445E-01   1.2879160E-05   1.3819410E-01
