   0.0000000E+00   4.5191416E+07   3.4067841E+07   7.9259257E+07   2.4931095E-03   1.6061863E-04   1.4351084E-03
   1.4492754E-02   4.4931512E+07   3.4668727E+07   7.9600239E+07   7.5503378E-04   5.1358729E-05   4.1905292E-04
   2.8985507E-02   4.5171715E+07   3.6370224E+07   8.1541939E+07   4.5215417E-04   4.1431871E-05   2.6704574E-04
   4.3478261E-02   4.6522254E+07   3.8610725E+07   8.5132979E+07   3.6099107E-04   5.9801948E-05   1.9706346E-04
   5.7971014E-02   4.7389610E+07   3.9993342E+07   8.7382194E+07   2.0344874E-04   1.1219865E-05   1.1059507E-04
   7.2463768E-02   4.7688461E+07   4.0010770E+07   8.7698928E+07   1.0692899E-04   5.4809825E-05   6.4123166E-05
   8.6956522E-02   4.6689966E+07   3.8935289E+07   8.5625508E+07   3.2897296E-04   2.5600237E-05   1.9067252E-04
   1.0144928E-01   4.5276824E+07   3.6918555E+07   8.2195379E+07   2.3513036E-04   3.4488421E-05   1.4246498E-04
   1.1594203E-01   4.2962628E+07   3.4531860E+07   7.7493731E+07   2.4810845E-04   7.1103503E-05   1.6004106E-04
   1.3043478E-01   3.9483722E+07   3.2886277E+07   7.2369578E+07   3.2076277E-04   5.0482173E-05   1.7532160E-04
   1.4492754E-01   3.3989719E+07   3.1506994E+07   6.5496334E+07   8.0823590E-05   3.5671901E-05   4.8368873E-05
   1.5942029E-01   2.7491720E+07   2.6360213E+07   5.3852071E+07   3.7138185E-04   1.4906721E-04   2.6184621E-04
   1.7391304E-01   2.3469820E+07   8.8355255E+06   3.2305156E+07   2.3867364E-04   7.4674344E-04   3.7341908E-04
   1.8840580E-01   2.0953110E+07   2.0808032E+06   2.3033680E+07   1.0038880E-04   3.5850026E-03   3.9838172E-04
   2.0289855E-01   1.9061137E+07   1.0634293E+06   2.0124512E+07   1.6155954E-04   5.5059711E-03   4.1054693E-04
   2.1739130E-01   1.7185114E+07   8.2360926E+05   1.8008673E+07   1.2418314E-04   5.2014367E-03   3.4677462E-04
   2.3188406E-01   1.5413832E+07   7.9003521E+05   1.6203867E+07   1.8148276E-04   4.4227717E-03   2.8012089E-04
   2.4637681E-01   1.3717664E+07   8.1902421E+05   1.4536733E+07   2.0983359E-04   3.2123176E-03   3.7700599E-04
   2.6086957E-01   1.2022040E+07   8.7021849E+05   1.2892300E+07   1.8736330E-04   1.7935450E-03   2.4656044E-04
   2.7536232E-01   1.0349686E+07   9.4952383E+05   1.1299210E+07   1.7362689E-04   1.1471822E-03   2.4900967E-04
   2.8985507E-01   8.7025300E+06   9.9695416E+05   9.6994842E+06   8.7597890E-05   8.8971964E-04   5.3661566E-05
   3.0434783E-01   6.8705789E+06   9.0080459E+05   7.7713474E+06   2.2780943E-04   2.6552089E-04   1.8921413E-04
   3.1884058E-01   4.0450051E+06   5.1012900E+05   4.5550996E+06   4.9375258E-04   1.4384209E-04   4.2310284E-04
   3.3333333E-01   7.6706014E+05   5.5545393E+04   8.2260553E+05   8.5032677E-04   9.8653467E-05   7.8976956E-04
   3.4782609E-01   8.6508271E+04   4.1044070E+02   8.6918712E+04   3.1120890E-03   1.6943145E-06   3.0973872E-03
   3.6231884E-01   5.5223850E+04   1.8185680E+02   5.5405706E+04   1.1315168E-03   1.1252178E-04   1.1274591E-03
   3.7681159E-01   3.2291240E+04   2.9143719E+01   3.2320384E+04   7.3027569E-04   4.1360748E-06   7.2961574E-04
   3.9130435E-01   1.4509254E+04   0.0000000E+00   1.4509254E+04   5.0196400E-05   0.0000000E+00   5.0196400E-05
   4.0579710E-01   5.8724593E+03   0.0000000E+00   5.8724593E+03   9.0552988E-06   0.0000000E+00   9.0552988E-06
   4.2028986E-01   2.5344986E+03   0.0000000E+00   2.5344986E+03   1.8755803E-05   0.0000000E+00   1.8755803E-05
   4.3478261E-01   1.5154734E+03   0.0000000E+00   1.5154734E+03   9.4216144E-06   0.0000000E+00   9.4216144E-06
   4.4927536E-01   1.6376890E+03   0.0000000E+00   1.6376890E+03   9.1496405E-06   0.0000000E+00   9.1496405E-06
   4.6376812E-01   1.0182087E+03   0.0000000E+00   1.0182087E+03   3.7711640E-06   0.0000000E+00   3.7711640E-06
   4.7826087E-01   9.8735386E+02   0.0000000E+00   9.8735386E+02   8.1787408E-06   0.0000000E+00   8.1787408E-06
   4.9275362E-01   5.1258658E+02   0.0000000E+00   5.1258658E+02   2.2888246E-05   0.0000000E+00   2.2888246E-05
   5.0724638E-01   4.1134277E+02   0.0000000E+00   4.1134277E+02   9.5109958E-06   0.0000000E+00   9.5109958E-06
   5.2173913E-01   1.6838593E+02   0.0000000E+00   1.6838593E+02   5.0726812E-06   0.0000000E+00   5.0726812E-06
   5.3623188E-01   1.0239685E+02   0.0000000E+00   1.0239685E+02   1.2049746E-05   0.0000000E+00   1.2049746E-05
   5.5072464E-01   7.9761756E+01   0.0000000E+00   7.9761756E+01   5.4497324E-06   0.0000000E+00   5.4497324E-06
   5.6521739E-01   7.7716583E+01   0.0000000E+00   7.7716583E+01   2.1036616E-06   0.0000000E+00   2.1036616E-06
   5.7971014E-01   1.8943417E+01   0.0000000E+00   1.8943417E+01   2.6419143E-05   0.0000000E+00   2.6419143E-05
   5.9420290E-01   1.8481383E+01   0.0000000E+00   1.8481383E+01   5.0868431E-06   0.0000000E+00   5.0868431E-06
   6.0869565E-01   1.8041350E+01   0.0000000E+00   1.8041350E+01   4.0747388E-05   0.0000000E+00   4.0747388E-05
   6.2318841E-01   0.0000000E+00   0.0000000E+00   0.0000000E+00   0.0000000E+00   0.0000000E+00   0.0000000E+00
   6.3768116E-01   0.0000000E+00   0.0000000E+00   0.0000000E+00   0.0000000E+00   0.0000000E+00   0.0000000E+00
   6.5217391E-01   0.0000000E+00   0.0000000E+00   0.0000000E+00   0.0000000E+00   0.0000000E+00   0.0000000E+00
   6.6666667E-01   0.0000000E+00   0.0000000E+00   0.0000000E+00   0.0000000E+00   0.0000000E+00   0.0000000E+00
   6.8115942E-01   0.0000000E+00   0.0000000E+00   0.0000000E+00   0.0000000E+00   0.0000000E+00   0.0000000E+00
   6.9565217E-01   0.0000000E+00   0.0000000E+00   0.0000000E+00   0.0000000E+00   0.0000000E+00   0.0000000E+00
   7.1014493E-01   0.0000000E+00   0.0000000E+00   0.0000000E+00   0.0000000E+00   0.0000000E+00   0.0000000E+00
   7.2463768E-01   0.0000000E+00   0.0000000E+00   0.0000000E+00   0.0000000E+00   0.0000000E+00   0.0000000E+00
   7.3913043E-01   0.0000000E+00   0.0000000E+00   0.0000000E+00   0.0000000E+00   0.0000000E+00   0.0000000E+00
   7.5362319E-01   0.0000000E+00   0.0000000E+00   0.0000000E+00   0.0000000E+00   0.0000000E+00   0.0000000E+00
   7.6811594E-01   0.0000000E+00   0.0000000E+00   0.0000000E+00   0.0000000E+00   0.0000000E+00   0.0000000E+00
   7.8260870E-01   0.0000000E+00   0.0000000E+00   0.0000000E+00   0.0000000E+00   0.0000000E+00   0.0000000E+00
   7.9710145E-01   0.0000000E+00   0.0000000E+00   0.0000000E+00   0.0000000E+00   0.0000000E+00   0.0000000E+00
   8.1159420E-01   0.0000000E+00   0.0000000E+00   0.0000000E+00   0.0000000E+00   0.0000000E+00   0.0000000E+00
   8.2608696E-01   0.0000000E+00   0.0000000E+00   0.0000000E+00   0.0000000E+00   0.0000000E+00   0.0000000E+00
   8.4057971E-01   0.0000000E+00   0.0000000E+00   0.0000000E+00   0.0000000E+00   0.0000000E+00   0.0000000E+00
   8.5507246E-01   0.0000000E+00   0.0000000E+00   0.0000000E+00   0.0000000E+00   0.0000000E+00   0.0000000E+00
   8.6956522E-01   0.0000000E+00   0.0000000E+00   0.0000000E+00   0.0000000E+00   0.0000000E+00   0.0000000E+00
   8.8405797E-01   0.0000000E+00   0.0000000E+00   0.0000000E+00   0.0000000E+00   0.0000000E+00   0.0000000E+00
   8.9855072E-01   0.0000000E+00   0.0000000E+00   0.0000000E+00   0.0000000E+00   0.0000000E+00   0.0000000E+00
   9.1304348E-01   0.0000000E+00   0.0000000E+00   0.0000000E+00   0.0000000E+00   0.0000000E+00   0.0000000E+00
   9.2753623E-01   0.0000000E+00   0.0000000E+00   0.0000000E+00   0.0000000E+00   0.0000000E+00   0.0000000E+00
   9.4202899E-01   0.0000000E+00   0.0000000E+00   0.0000000E+00   0.0000000E+00   0.0000000E+00   0.0000000E+00
   9.5652174E-01   0.0000000E+00   0.0000000E+00   0.0000000E+00   0.0000000E+00   0.0000000E+00   0.0000000E+00
   9.7101449E-01   0.0000000E+00   0.0000000E+00   0.0000000E+00   0.0000000E+00   0.0000000E+00   0.0000000E+00
   9.8550725E-01   0.0000000E+00   0.0000000E+00   0.0000000E+00   0.0000000E+00   0.0000000E+00   0.0000000E+00
   1.0000000E+00   0.0000000E+00   0.0000000E+00   0.0000000E+00   0.0000000E+00   0.0000000E+00   0.0000000E+00
