   0.0000000E+00   3.4950223E+10   1.7567822E+10   5.2518045E+10   1.5120647E-06   6.6686149E-06   3.0511051E-06
   1.4492754E-02   3.1801451E+07   1.5745011E+07   4.7546461E+07   3.1138850E-02   2.8310569E-02   3.0202192E-02
   2.8985507E-02   3.0619761E+07   1.5275214E+07   4.5894974E+07   2.9125461E-02   2.8026449E-02   2.8753263E-02
   4.3478261E-02   1.7897740E+07   8.8165189E+06   2.6714259E+07   4.9297180E-03   6.0382549E-03   5.2943638E-03
   5.7971014E-02   1.1107473E+07   5.4769208E+06   1.6584393E+07   1.6730808E-03   1.5557117E-03   1.5619684E-03
   7.2463768E-02   8.1834046E+06   4.0363118E+06   1.2219716E+07   7.7104288E-04   1.6447124E-03   9.2630567E-04
   8.6956522E-02   6.4554114E+06   3.1769373E+06   9.6323487E+06   1.7115672E-03   2.1730859E-03   1.4402807E-03
   1.0144928E-01   5.2910588E+06   2.6046657E+06   7.8957245E+06   1.7566200E-03   1.9193463E-03   1.8030524E-03
   1.1594203E-01   4.4342751E+06   2.2055821E+06   6.6398571E+06   2.7700657E-03   2.9902513E-03   2.8246640E-03
   1.3043478E-01   3.8037540E+06   1.8398689E+06   5.6436228E+06   2.0519332E-03   3.9541612E-03   2.6370828E-03
   1.4492754E-01   3.2972154E+06   1.6113271E+06   4.9085425E+06   3.7317675E-03   4.7746706E-03   4.0730137E-03
   1.5942029E-01   2.8485389E+06   1.3813540E+06   4.2298928E+06   3.5649280E-03   4.5371821E-03   3.8823282E-03
   1.7391304E-01   2.4476158E+06   1.1962768E+06   3.6438926E+06   4.5736240E-03   3.5114451E-03   4.2229805E-03
   1.8840580E-01   2.1489412E+06   1.0548860E+06   3.2038273E+06   5.6895689E-03   3.8807960E-03   5.0494375E-03
   2.0289855E-01   1.9118779E+06   9.1253146E+05   2.8244094E+06   4.2154017E-03   4.2071397E-03   3.7852605E-03
   2.1739130E-01   1.6912683E+06   8.1764840E+05   2.5089167E+06   2.4914991E-03   3.9299742E-03   2.9508384E-03
   2.3188406E-01   1.5248504E+06   7.3334703E+05   2.2581974E+06   2.3831523E-03   2.3849227E-03   2.3643472E-03
   2.4637681E-01   1.3303628E+06   6.3890574E+05   1.9692685E+06   4.2336709E-03   3.2861961E-03   3.9166253E-03
   2.6086957E-01   1.1381205E+06   5.4729637E+05   1.6854169E+06   3.9556952E-03   4.2183026E-03   3.5923751E-03
   2.7536232E-01   9.5215596E+05   4.6201997E+05   1.4141759E+06   4.5577576E-03   4.3384923E-03   4.4858690E-03
   2.8985507E-01   7.6266197E+05   3.7125309E+05   1.1339151E+06   6.4301828E-03   5.4126329E-03   6.0965098E-03
   3.0434783E-01   5.7566338E+05   2.7076458E+05   8.4642796E+05   6.6620188E-03   5.3789557E-03   6.1789238E-03
   3.1884058E-01   3.1156755E+05   1.5140957E+05   4.6297711E+05   1.2826487E-02   1.3884830E-02   1.3107709E-02
   3.3333333E-01   7.3599294E+04   3.6437251E+04   1.1003654E+05   6.1553783E-02   6.0680577E-02   6.1189962E-02
   3.4782609E-01   3.6402933E+04   1.6701779E+04   5.3104713E+04   1.5913709E-01   1.5486974E-01   1.5779284E-01
   3.6231884E-01   3.5734862E+04   1.5730614E+04   5.1465476E+04   1.6742421E-01   1.7377902E-01   1.6936651E-01
   3.7681159E-01   3.1941516E+04   1.4396997E+04   4.6338513E+04   1.7280899E-01   1.6483951E-01   1.7033210E-01
   3.9130435E-01   2.5538533E+04   1.2067658E+04   3.7606191E+04   1.6697897E-01   1.6994505E-01   1.6792941E-01
   4.0579710E-01   1.9674092E+04   9.7964528E+03   2.9470545E+04   1.6500493E-01   1.4279916E-01   1.5762326E-01
   4.2028986E-01   1.7245042E+04   7.2899495E+03   2.4534991E+04   1.5317077E-01   1.6346067E-01   1.5622729E-01
   4.3478261E-01   1.4624318E+04   7.2237564E+03   2.1848074E+04   1.7625776E-01   1.4051942E-01   1.6444057E-01
   4.4927536E-01   1.1781583E+04   5.6463605E+03   1.7427944E+04   1.4253331E-01   1.4233928E-01   1.4247025E-01
   4.6376812E-01   1.0300483E+04   4.8542506E+03   1.5154734E+04   1.5975604E-01   1.3138949E-01   1.5066711E-01
   4.7826087E-01   7.9677160E+03   4.2249561E+03   1.2192672E+04   1.5661211E-01   1.4420294E-01   1.5231212E-01
   4.9275362E-01   6.3739027E+03   2.8749421E+03   9.2488448E+03   1.8017765E-01   1.6968145E-01   1.7691454E-01
   5.0724638E-01   4.5680697E+03   2.3165093E+03   6.8845790E+03   1.9814785E-01   1.7876596E-01   1.9162627E-01
   5.2173913E-01   3.3887668E+03   1.7891005E+03   5.1778673E+03   2.2382108E-01   2.0890007E-01   2.1866522E-01
   5.3623188E-01   3.1538230E+03   1.3106797E+03   4.4645026E+03   2.3876309E-01   2.4422160E-01   2.4036559E-01
   5.5072464E-01   2.3130909E+03   1.2961285E+03   3.6092195E+03   2.6338163E-01   2.1590371E-01   2.4632418E-01
   5.6521739E-01   2.2537809E+03   8.5488241E+02   3.1086633E+03   2.6182694E-01   2.6808252E-01   2.6354722E-01
   5.7971014E-01   1.8564549E+03   6.8196302E+02   2.5384179E+03   2.6570381E-01   2.8922243E-01   2.7202054E-01
   5.9420290E-01   1.9035824E+03   8.3166221E+02   2.7352446E+03   2.5742166E-01   2.8484852E-01   2.6575956E-01
   6.0869565E-01   1.0103156E+03   5.2319914E+02   1.5335147E+03   2.8370482E-01   3.0515620E-01   2.9102353E-01
   6.2318841E-01   9.1633273E+02   4.5816637E+02   1.3744991E+03   2.2567248E-01   2.6153909E-01   2.3762802E-01
   6.3768116E-01   9.4717086E+02   4.1331092E+02   1.3604818E+03   2.6901016E-01   2.9159851E-01   2.7587244E-01
   6.5217391E-01   9.9347699E+02   3.8728764E+02   1.3807646E+03   2.6128668E-01   2.6470559E-01   2.6224564E-01
   6.6666667E-01   8.5657190E+02   3.9534088E+02   1.2519128E+03   3.0889749E-01   3.3561671E-01   3.1733408E-01
   6.8115942E-01   5.8039406E+02   3.0631909E+02   8.8671314E+02   2.8425380E-01   2.5300027E-01   2.7345713E-01
   6.9565217E-01   4.7358543E+02   3.1572362E+02   7.8930905E+02   3.0980260E-01   3.3432898E-01   3.1961315E-01
   7.1014493E-01   6.3402457E+02   1.8556817E+02   8.1959274E+02   3.1454492E-01   3.1381160E-01   3.1437888E-01
   7.2463768E-01   5.3041568E+02   2.8793994E+02   8.1835562E+02   3.2021323E-01   3.1177768E-01   3.1724517E-01
   7.3913043E-01   2.9715164E+02   1.6343340E+02   4.6058504E+02   2.7778017E-01   3.1464494E-01   2.9086122E-01
   7.5362319E-01   3.3515276E+02   1.4571859E+02   4.8087136E+02   2.9936171E-01   2.4858134E-01   2.8397372E-01
   7.6811594E-01   4.0031372E+02   1.4296919E+02   5.4328291E+02   2.9863463E-01   3.2747302E-01   3.0622368E-01
   7.8260870E-01   2.9467538E+02   1.8241809E+02   4.7709347E+02   2.6976022E-01   2.6642040E-01   2.6848323E-01
   7.9710145E-01   2.4798655E+02   2.2043249E+02   4.6841904E+02   3.1588880E-01   3.9041775E-01   3.5096125E-01
   8.1159420E-01   3.2474429E+02   6.7655061E+01   3.9239935E+02   2.5839805E-01   2.9212725E-01   2.6421343E-01
   8.2608696E-01   2.1269802E+02   9.3055382E+01   3.0575340E+02   3.0781592E-01   3.3290642E-01   3.1545216E-01
   8.4057971E-01   2.0903081E+02   6.5322128E+01   2.7435294E+02   2.0018550E-01   4.1367565E-01   2.5101649E-01
   8.5507246E-01   4.3666182E+02   1.1558695E+02   5.5224877E+02   2.5410653E-01   2.5740814E-01   2.5479756E-01
   8.6956522E-01   2.0206312E+02   1.5154734E+02   3.5361045E+02   2.3340121E-01   2.0303913E-01   2.2038889E-01
   8.8405797E-01   2.4843826E+02   1.1179722E+02   3.6023547E+02   2.5635163E-01   2.9433853E-01   2.6814067E-01
   8.9855072E-01   1.8332339E+02   7.3329357E+01   2.5665275E+02   1.8917229E-01   1.3405805E-01   1.7342536E-01
   9.1304348E-01   1.3230323E+02   6.0137832E+01   1.9244106E+02   1.8421162E-01   2.4491928E-01   2.0318276E-01
   9.2753623E-01   1.8943417E+02   2.3679271E+01   2.1311344E+02   2.4579470E-01   2.1345038E-01   2.4220088E-01
   9.4202899E-01   2.3314975E+01   3.4972462E+01   5.8287437E+01   3.0239306E-06   4.1653922E-01   2.4992232E-01
   9.5652174E-01   8.0366012E+01   3.4442577E+01   1.1480859E+02   3.5671774E-01   2.7991655E-01   3.3367738E-01
   9.7101449E-01   7.9166519E+01   2.2619005E+01   1.0178552E+02   2.9396178E-01   2.0866267E-01   2.7500642E-01
   9.8550725E-01   5.5715933E+01   0.0000000E+00   5.5715933E+01   1.6633756E-01   0.0000000E+00   1.6633756E-01
   1.0000000E+00   2.1884092E+01   0.0000000E+00   2.1884092E+01   4.2699314E-01   0.0000000E+00   4.2699314E-01
