   0.0000000E+00   3.2503770E+10   1.6554692E+10   4.9058461E+10   3.1780020E-06   9.3334847E-06   5.2000697E-06
   1.4492754E-02   5.6597626E+07   2.7302768E+07   8.3900394E+07   2.6663258E-02   2.3492181E-02   2.5629951E-02
   2.8985507E-02   5.0052676E+07   2.4420338E+07   7.4473013E+07   2.6127940E-02   2.2646310E-02   2.4977629E-02
   4.3478261E-02   2.8416894E+07   1.3887293E+07   4.2304186E+07   9.9183868E-03   9.1948247E-03   9.6784491E-03
   5.7971014E-02   1.6705063E+07   8.1291886E+06   2.4834252E+07   2.9257863E-03   1.6962777E-03   2.5219454E-03
   7.2463768E-02   1.2128182E+07   5.6913602E+06   1.7819542E+07   1.8606145E-03   1.7690983E-03   1.8110624E-03
   8.6956522E-02   9.4655204E+06   4.4744351E+06   1.3939955E+07   1.1852728E-03   3.1156744E-03   1.8018567E-03
   1.0144928E-01   7.7650690E+06   3.6722085E+06   1.1437278E+07   1.7065927E-03   2.4494103E-03   1.7659364E-03
   1.1594203E-01   6.4908672E+06   3.0632453E+06   9.5541124E+06   3.2019372E-03   2.6928752E-03   2.9374004E-03
   1.3043478E-01   5.5537889E+06   2.5626655E+06   8.1164544E+06   3.5228110E-03   1.8886546E-03   3.0066843E-03
   1.4492754E-01   4.7597230E+06   2.2200927E+06   6.9798157E+06   4.5932788E-03   4.4086217E-03   4.4430337E-03
   1.5942029E-01   4.0749012E+06   1.8548016E+06   5.9297029E+06   5.6935235E-03   5.6414214E-03   5.6750870E-03
   1.7391304E-01   3.4345678E+06   1.5772921E+06   5.0118599E+06   6.1149897E-03   6.0734711E-03   6.0952997E-03
   1.8840580E-01   2.9779052E+06   1.3574561E+06   4.3353613E+06   4.9241984E-03   4.5857267E-03   4.8180927E-03
   2.0289855E-01   2.5645598E+06   1.1794171E+06   3.7439770E+06   5.2157848E-03   6.0298786E-03   5.4600495E-03
   2.1739130E-01   2.2457295E+06   1.0274404E+06   3.2731699E+06   3.5421855E-03   5.0645038E-03   4.0109767E-03
   2.3188406E-01   1.9222359E+06   8.6798737E+05   2.7902233E+06   3.5462970E-03   2.1151934E-03   2.9784492E-03
   2.4637681E-01   1.6681350E+06   7.4793068E+05   2.4160657E+06   5.8462537E-03   3.8247000E-03   5.1967426E-03
   2.6086957E-01   1.4136841E+06   6.3910880E+05   2.0527929E+06   5.5532291E-03   3.1469991E-03   4.7143154E-03
   2.7536232E-01   1.1571038E+06   5.1685618E+05   1.6739600E+06   5.1679454E-03   3.7334264E-03   4.7075856E-03
   2.8985507E-01   9.1231497E+05   4.0523758E+05   1.3175525E+06   6.7063400E-03   5.6380990E-03   6.3426642E-03
   3.0434783E-01   6.4292154E+05   2.8220279E+05   9.2512433E+05   1.1063678E-02   7.3106601E-03   9.9187138E-03
   3.1884058E-01   3.3064873E+05   1.4620874E+05   4.7685747E+05   1.6944821E-02   1.0973545E-02   1.5101424E-02
   3.3333333E-01   8.3186310E+04   3.9830594E+04   1.2301690E+05   8.3777658E-02   7.0725570E-02   7.9551053E-02
   3.4782609E-01   4.4959043E+04   1.8753983E+04   6.3713026E+04   1.6887400E-01   1.5319464E-01   1.6425462E-01
   3.6231884E-01   4.9919693E+04   2.0640747E+04   7.0560440E+04   1.8505743E-01   1.7621458E-01   1.8246940E-01
   3.7681159E-01   4.6629950E+04   1.7661093E+04   6.4291043E+04   1.9896579E-01   1.8445213E-01   1.9497677E-01
   3.9130435E-01   3.8448121E+04   1.5575699E+04   5.4023819E+04   2.0293215E-01   1.8308157E-01   1.9720867E-01
   4.0579710E-01   3.1608445E+04   1.2746214E+04   4.4354658E+04   2.0400035E-01   1.8309611E-01   1.9799264E-01
   4.2028986E-01   2.4953053E+04   1.1261535E+04   3.6214588E+04   2.0123348E-01   1.8418210E-01   1.9593071E-01
   4.3478261E-01   2.1898590E+04   9.3454191E+03   3.1244009E+04   1.9930469E-01   1.8630377E-01   1.9541407E-01
   4.4927536E-01   1.8430112E+04   7.1618338E+03   2.5591945E+04   1.9229188E-01   1.8311857E-01   1.8972296E-01
   4.6376812E-01   1.5202092E+04   6.3460447E+03   2.1548137E+04   1.8502201E-01   1.8314176E-01   1.8446823E-01
   4.7826087E-01   1.3455567E+04   5.4419271E+03   1.8897494E+04   1.9357185E-01   1.6311628E-01   1.8480150E-01
   4.9275362E-01   1.1031755E+04   5.2150113E+03   1.6246766E+04   1.7705733E-01   1.7046803E-01   1.7494219E-01
   5.0724638E-01   1.0781511E+04   4.2649751E+03   1.5046486E+04   1.8884674E-01   1.5355683E-01   1.7884340E-01
   5.2173913E-01   8.6718754E+03   3.7676352E+03   1.2439511E+04   1.6714849E-01   1.5202989E-01   1.6256576E-01
   5.3623188E-01   7.2292176E+03   2.8056737E+03   1.0034891E+04   1.7159001E-01   1.6121212E-01   1.6868805E-01
   5.5072464E-01   6.4008809E+03   3.2303511E+03   9.6312321E+03   1.7272960E-01   1.5970968E-01   1.6836255E-01
   5.6521739E-01   6.0813226E+03   2.6423638E+03   8.7236864E+03   1.5966910E-01   1.6655555E-01   1.6175466E-01
   5.7971014E-01   5.1526095E+03   2.3300403E+03   7.4826498E+03   1.6219074E-01   1.4933037E-01   1.5818612E-01
   5.9420290E-01   4.7497153E+03   1.7187686E+03   6.4684839E+03   1.6754660E-01   1.5584289E-01   1.6443232E-01
   6.0869565E-01   4.6366269E+03   1.5515561E+03   6.1881829E+03   1.6532062E-01   1.6322518E-01   1.6479523E-01
   6.2318841E-01   3.4362478E+03   1.5859605E+03   5.0222083E+03   1.5990754E-01   1.4943613E-01   1.5660067E-01
   6.3768116E-01   3.9781176E+03   1.3088179E+03   5.2869355E+03   1.5963133E-01   1.2567454E-01   1.5122509E-01
   6.5217391E-01   2.9635924E+03   1.0103156E+03   3.9739079E+03   1.5426383E-01   1.7924859E-01   1.6061589E-01
   6.6666667E-01   3.0144742E+03   1.1201325E+03   4.1346067E+03   1.6138529E-01   1.0838240E-01   1.4702592E-01
   6.8115942E-01   2.1281115E+03   1.0318117E+03   3.1599232E+03   1.5883051E-01   1.4265424E-01   1.5354846E-01
   6.9565217E-01   2.2732101E+03   8.0509523E+02   3.0783053E+03   1.6238212E-01   1.6250069E-01   1.6241313E-01
   7.1014493E-01   1.7319696E+03   7.5773668E+02   2.4897062E+03   2.0361187E-01   2.0861378E-01   2.0513396E-01
   7.2463768E-01   1.4093902E+03   4.6979674E+02   1.8791870E+03   2.0469259E-01   1.9742192E-01   2.0287492E-01
   7.3913043E-01   1.1440338E+03   3.2686680E+02   1.4709006E+03   2.1547925E-01   1.5678667E-01   2.0243646E-01
   7.5362319E-01   1.0200302E+03   3.4972462E+02   1.3697548E+03   2.6028088E-01   2.2012630E-01   2.5002865E-01
   7.6811594E-01   6.4336134E+02   2.0015686E+02   8.4351820E+02   3.0865005E-01   3.3687606E-01   3.1534775E-01
   7.8260870E-01   6.7354372E+02   3.0870754E+02   9.8225126E+02   2.3326693E-01   2.2865279E-01   2.3181677E-01
   7.9710145E-01   5.9241232E+02   2.2043249E+02   8.1284481E+02   2.9397793E-01   2.2037996E-01   2.7401916E-01
   8.1159420E-01   6.9008162E+02   2.4355822E+02   9.3363984E+02   2.7134643E-01   2.8768623E-01   2.7560880E-01
   8.2608696E-01   4.3868966E+02   1.4622989E+02   5.8491955E+02   3.2460483E-01   1.4623764E-01   2.8001303E-01
   8.4057971E-01   2.4822409E+02   1.3064426E+02   3.7886834E+02   2.9374734E-01   3.3788768E-01   3.0896815E-01
   8.5507246E-01   3.4676086E+02   8.9900963E+01   4.3666182E+02   3.3048045E-01   2.2154844E-01   3.0805327E-01
   8.6956522E-01   2.7783678E+02   7.5773668E+01   3.5361045E+02   3.1257145E-01   2.7363659E-01   3.0422826E-01
   8.8405797E-01   2.4843826E+02   9.9375303E+01   3.4781356E+02   3.7744871E-01   2.8374217E-01   3.5067541E-01
   8.9855072E-01   2.8109587E+02   7.3329357E+01   3.5442522E+02   3.4184783E-01   3.9090145E-01   3.5199686E-01
   9.1304348E-01   1.0824810E+02   6.0137832E+01   1.6838593E+02   3.8399589E-01   3.9889322E-01   3.8931636E-01
   9.2753623E-01   2.0127381E+02   1.1839636E+01   2.1311344E+02   3.3430717E-01   3.6530512E-01   3.3602928E-01
   9.4202899E-01   1.3988985E+02   1.1657487E+01   1.5154734E+02   3.7297266E-01   3.9681132E-01   3.7480640E-01
   9.5652174E-01   1.3777031E+02   5.7404294E+01   1.9517460E+02   3.7840268E-01   4.1609683E-01   3.8948920E-01
   9.7101449E-01   1.3571403E+02   4.5238011E+01   1.8095204E+02   3.8255377E-01   3.1172102E-01   3.6484558E-01
   9.8550725E-01   5.5715933E+01   6.6859119E+01   1.2257505E+02   4.2204176E-01   4.2370997E-01   4.2295169E-01
   1.0000000E+00   2.1884092E+01   0.0000000E+00   2.1884092E+01   4.2851558E-01   0.0000000E+00   4.2851558E-01
