   0.0000000E+00   2.1889152E+10   1.2454972E+10   3.4344124E+10   1.7569913E-06   8.5620185E-07   8.4299073E-07
   1.4492754E-02   6.7144563E+07   3.3551065E+07   1.0069563E+08   8.2726578E-05   4.7556357E-05   4.3641040E-05
   2.8985507E-02   6.9947052E+07   3.5147995E+07   1.0509505E+08   1.2696047E-04   9.0604113E-05   9.5440796E-05
   4.3478261E-02   5.9070879E+07   2.8920536E+07   8.7991415E+07   5.1348562E-05   5.4341761E-05   5.2328908E-05
   5.7971014E-02   4.2190210E+07   1.9900817E+07   6.2091028E+07   1.3218023E-04   1.0719739E-04   1.0604110E-04
   7.2463768E-02   3.1579434E+07   1.4158916E+07   4.5738350E+07   1.0154416E-04   1.6857272E-04   1.2113128E-04
   8.6956522E-02   2.6284749E+07   1.1413788E+07   3.7698537E+07   2.4900760E-04   7.6809082E-05   1.5098972E-04
   1.0144928E-01   2.3335584E+07   9.9029690E+06   3.3238553E+07   2.5534059E-04   2.5343935E-04   2.4622447E-04
   1.1594203E-01   2.1258492E+07   8.7733595E+06   3.0031852E+07   3.9696979E-04   5.2570627E-04   4.3395608E-04
   1.3043478E-01   1.9229505E+07   7.9085820E+06   2.7138087E+07   3.3394519E-04   4.6197572E-04   3.6485951E-04
   1.4492754E-01   1.7211989E+07   6.9913333E+06   2.4203322E+07   4.5254077E-04   5.2759799E-04   4.7420702E-04
   1.5942029E-01   1.4432335E+07   5.7736780E+06   2.0206013E+07   6.1630173E-04   5.9983983E-04   6.1117820E-04
   1.7391304E-01   1.1164745E+07   4.4206358E+06   1.5585381E+07   7.4674412E-04   1.1168562E-03   8.4838003E-04
   1.8840580E-01   8.1310392E+06   3.1114417E+06   1.1242481E+07   1.0284082E-03   1.3141641E-03   1.0982228E-03
   2.0289855E-01   5.6809143E+06   2.0871857E+06   7.7681000E+06   1.1319922E-03   2.3262678E-03   1.4204388E-03
   2.1739130E-01   4.1066297E+06   1.4396997E+06   5.5463294E+06   2.4391800E-03   2.3496532E-03   2.4100999E-03
   2.3188406E-01   3.1055364E+06   1.0695453E+06   4.1750818E+06   2.6183638E-03   2.7971840E-03   2.6200566E-03
   2.4637681E-01   2.5416717E+06   8.5757964E+05   3.3992513E+06   2.9423349E-03   4.0133450E-03   3.2058351E-03
   2.6086957E-01   2.0630223E+06   6.9252923E+05   2.7555515E+06   3.4488993E-03   3.1481410E-03   3.3095103E-03
   2.7536232E-01   1.6749171E+06   5.4357637E+05   2.2184935E+06   4.3890560E-03   3.9441751E-03   4.2767987E-03
   2.8985507E-01   1.2961844E+06   4.2255186E+05   1.7187362E+06   4.9058860E-03   4.1313290E-03   4.7146221E-03
   3.0434783E-01   9.2122739E+05   2.9468740E+05   1.2159148E+06   3.9483703E-03   5.2841297E-03   4.2318802E-03
   3.1884058E-01   4.6528477E+05   1.4634651E+05   6.1163127E+05   1.1791080E-02   1.2297584E-02   1.1908408E-02
   3.3333333E-01   1.0012008E+05   3.1528435E+04   1.3164851E+05   5.5851023E-02   4.4281135E-02   5.3075748E-02
   3.4782609E-01   2.2763673E+04   5.7461699E+03   2.8509843E+04   1.9714987E-01   1.8197368E-01   1.9407822E-01
   3.6231884E-01   2.4126336E+04   6.8802491E+03   3.1006585E+04   2.2728304E-01   2.3004025E-01   2.2789375E-01
   3.7681159E-01   2.3868706E+04   6.3824744E+03   3.0251180E+04   2.5779648E-01   2.6300437E-01   2.5889475E-01
   3.9130435E-01   1.9280189E+04   5.6409286E+03   2.4921118E+04   2.6376318E-01   2.5859531E-01   2.6259240E-01
   4.0579710E-01   1.5831284E+04   4.9794125E+03   2.0810697E+04   2.7853970E-01   2.8622222E-01   2.8037788E-01
   4.2028986E-01   1.2829266E+04   4.3112604E+03   1.7140526E+04   2.9203873E-01   2.9508342E-01   2.9280454E-01
   4.3478261E-01   1.0987182E+04   2.7783678E+03   1.3765550E+04   3.0044986E-01   3.0912820E-01   3.0220145E-01
   4.4927536E-01   8.0417861E+03   2.1998807E+03   1.0241667E+04   3.0344239E-01   3.2516809E-01   3.0810901E-01
   4.6376812E-01   6.5828374E+03   1.7522661E+03   8.3351035E+03   3.0213551E-01   3.1259793E-01   3.0433499E-01
   4.7826087E-01   4.9826927E+03   1.4925117E+03   6.4752044E+03   3.0081710E-01   2.9682981E-01   2.9989804E-01
   4.9275362E-01   4.3458427E+03   1.0697459E+03   5.4155887E+03   3.0604235E-01   3.0146986E-01   3.0513855E-01
   5.0724638E-01   3.8319827E+03   8.8763440E+02   4.7196171E+03   3.2610571E-01   2.9944320E-01   3.2109007E-01
   5.2173913E-01   3.2624774E+03   6.9459196E+02   3.9570694E+03   3.1426769E-01   2.9316793E-01   3.1056401E-01
   5.3623188E-01   2.8671118E+03   7.9869542E+02   3.6658072E+03   3.1467810E-01   2.2658302E-01   2.9548420E-01
   5.5072464E-01   2.2532696E+03   5.1845142E+02   2.7717210E+03   3.0539783E-01   3.4232958E-01   3.1230593E-01
   5.6521739E-01   1.9817729E+03   5.0515779E+02   2.4869307E+03   2.7733730E-01   2.8687708E-01   2.7927507E-01
   5.7971014E-01   2.0080022E+03   3.0309467E+02   2.3110969E+03   2.7130830E-01   2.7743531E-01   2.7211184E-01
   5.9420290E-01   1.4600292E+03   3.6962765E+02   1.8296569E+03   2.7677900E-01   2.3966477E-01   2.6928117E-01
   6.0869565E-01   1.4974320E+03   2.8866159E+02   1.7860936E+03   2.0518622E-01   1.9751001E-01   2.0394562E-01
   6.2318841E-01   1.5330952E+03   4.0530102E+02   1.9383962E+03   2.1948913E-01   1.7800303E-01   2.1081412E-01
   6.3768116E-01   1.0849412E+03   2.9276190E+02   1.3777031E+03   1.8453835E-01   1.0988669E-01   1.6867487E-01
   6.5217391E-01   9.5979980E+02   2.3574030E+02   1.1955401E+03   1.3767377E-01   2.4978296E-01   1.5977981E-01
   6.6666667E-01   1.0542423E+03   1.9767044E+02   1.2519128E+03   1.7971026E-01   1.3191153E-01   1.7216309E-01
   6.8115942E-01   5.8039406E+02   1.6122057E+02   7.4161463E+02   1.8982022E-01   2.9589975E-01   2.1288099E-01
   6.9565217E-01   7.4195050E+02   1.4207563E+02   8.8402613E+02   1.6137578E-01   1.5754654E-01   1.6076037E-01
   7.1014493E-01   6.6495260E+02   9.2784084E+01   7.5773668E+02   1.3027316E-01   1.0740774E-01   1.2747331E-01
   7.2463768E-01   6.2134408E+02   1.6670207E+02   7.8804615E+02   1.9664853E-01   1.7938269E-01   1.9299614E-01
   7.3913043E-01   5.6458812E+02   1.3371824E+02   6.9830636E+02   1.7027586E-01   2.3087279E-01   1.8187953E-01
   7.5362319E-01   3.7886834E+02   5.8287437E+01   4.3715578E+02   1.7007903E-01   7.4712170E-02   1.5736344E-01
   7.6811594E-01   3.1453221E+02   1.0007843E+02   4.1461064E+02   1.9418035E-01   9.2095164E-02   1.6953910E-01
   7.8260870E-01   3.7886834E+02   5.6128643E+01   4.3499699E+02   1.8953180E-01   1.8847491E-01   1.8939543E-01
   7.9710145E-01   2.4798655E+02   8.2662184E+01   3.3064873E+02   1.0463863E-01   1.3944931E-01   1.1334130E-01
   8.1159420E-01   1.7590316E+02   2.7062024E+01   2.0296518E+02   1.5269817E-01   1.9021803E-01   1.5770082E-01
   8.2608696E-01   1.9940439E+02   6.6468130E+01   2.6587252E+02   1.8192974E-01   1.4218393E-01   1.7199329E-01
   8.4057971E-01   2.6128851E+02   3.9193277E+01   3.0048179E+02   1.5309077E-01   1.3783250E-01   1.5110056E-01
   8.5507246E-01   1.0274396E+02   2.5685989E+01   1.2842995E+02   1.5176251E-01   3.5349177E-01   1.9210836E-01
   8.6956522E-01   1.1366050E+02   2.5257889E+01   1.3891839E+02   2.0559546E-01   1.5575969E-01   1.9653441E-01
   8.8405797E-01   7.4531477E+01   0.0000000E+00   7.4531477E+01   1.3489460E-01   0.0000000E+00   1.3489460E-01
   8.9855072E-01   1.2221559E+02   6.1107797E+01   1.8332339E+02   1.9795132E-01   1.4820252E-01   1.8136839E-01
   9.1304348E-01   1.2027566E+02   2.4055133E+01   1.4433080E+02   1.1398481E-01   2.1085555E-01   1.3012994E-01
   9.2753623E-01   8.2877450E+01   0.0000000E+00   8.2877450E+01   2.3490030E-01   0.0000000E+00   2.3490030E-01
   9.4202899E-01   6.9944925E+01   1.1657487E+01   8.1602412E+01   7.1190332E-02   3.1856782E-07   6.1020239E-02
   9.5652174E-01   6.8885153E+01   2.2961718E+01   9.1846871E+01   2.1122298E-01   4.2647117E-01   2.6503503E-01
   9.7101449E-01   3.3928508E+01   1.1309503E+01   4.5238011E+01   1.4286124E-01   4.1418688E-01   2.1069265E-01
   9.8550725E-01   1.1143187E+01   1.1143187E+01   2.2286373E+01   4.2841914E-01   4.2197440E-01   4.2519677E-01
   1.0000000E+00   2.1884092E+01   0.0000000E+00   2.1884092E+01   4.2782158E-01   0.0000000E+00   4.2782158E-01
