   0.0000000E+00   3.0608495E+10   1.5591226E+10   4.6199721E+10   9.7453706E-07   1.2896985E-06   1.0661207E-06
   1.4492754E-02   3.5463592E+07   1.7781807E+07   5.3245399E+07   1.6387727E-04   1.1021416E-04   1.3718954E-04
   2.8985507E-02   3.6893063E+07   1.8408076E+07   5.5301139E+07   4.1681142E-05   1.3562570E-04   5.7446680E-05
   4.3478261E-02   3.1191473E+07   1.5378266E+07   4.6569739E+07   1.6313848E-04   2.6993794E-04   1.8638812E-04
   5.7971014E-02   2.2118902E+07   1.0737508E+07   3.2856410E+07   3.9596955E-05   2.8690759E-04   6.7148815E-05
   7.2463768E-02   1.6333924E+07   7.9319876E+06   2.4265911E+07   2.1595234E-04   3.9472028E-04   1.2477504E-04
   8.6956522E-02   1.3559067E+07   6.5688193E+06   2.0127886E+07   4.1782720E-04   3.2127915E-05   2.7980303E-04
   1.0144928E-01   1.2109173E+07   5.7888918E+06   1.7898065E+07   2.1834134E-04   3.0501938E-04   2.4635471E-04
   1.1594203E-01   1.0992770E+07   5.2574613E+06   1.6250231E+07   2.0423300E-04   5.8901942E-04   3.2828787E-04
   1.3043478E-01   9.9863801E+06   4.7579128E+06   1.4744293E+07   7.9029479E-04   6.2671601E-04   7.1579326E-04
   1.4492754E-01   8.9262139E+06   4.2316563E+06   1.3157870E+07   1.1711309E-03   4.5902205E-04   9.4142356E-04
   1.5942029E-01   7.5363113E+06   3.5702486E+06   1.1106560E+07   8.4640146E-04   9.3062029E-04   8.7202497E-04
   1.7391304E-01   5.8402555E+06   2.7512156E+06   8.5914711E+06   7.9661644E-04   1.6542355E-03   1.0707482E-03
   1.8840580E-01   4.2962504E+06   2.0128401E+06   6.3090905E+06   1.1527976E-03   1.3926490E-03   1.1890088E-03
   2.0289855E-01   3.0504314E+06   1.4190243E+06   4.4694557E+06   2.2926315E-03   2.2053541E-03   2.2485076E-03
   2.1739130E-01   2.2236036E+06   1.0296631E+06   3.2532667E+06   2.9572344E-03   4.8082344E-03   3.5265706E-03
   2.3188406E-01   1.7342698E+06   7.9368182E+05   2.5279517E+06   2.8224698E-03   3.7324570E-03   3.0917610E-03
   2.4637681E-01   1.4143378E+06   6.4282814E+05   2.0571660E+06   3.6057193E-03   2.1519036E-03   3.1407317E-03
   2.6086957E-01   1.1832900E+06   5.2797408E+05   1.7112641E+06   4.8547647E-03   3.5962857E-03   4.4375663E-03
   2.7536232E-01   9.5032144E+05   4.2409326E+05   1.3744147E+06   5.4861553E-03   3.2048503E-03   4.7464372E-03
   2.8985507E-01   7.5031086E+05   3.3957969E+05   1.0898906E+06   5.5167854E-03   2.2496618E-03   4.4612709E-03
   3.0434783E-01   5.4066317E+05   2.4132109E+05   7.8198426E+05   6.4791632E-03   7.4870671E-03   6.7575918E-03
   3.1884058E-01   2.8163695E+05   1.2137564E+05   4.0301259E+05   1.3594305E-02   1.6397207E-02   1.3941497E-02
   3.3333333E-01   6.2529749E+04   2.7673862E+04   9.0203610E+04   5.8717552E-02   6.1509269E-02   5.9566306E-02
   3.4782609E-01   1.3702405E+04   6.4723342E+03   2.0174739E+04   2.0491404E-01   2.1103485E-01   2.0686166E-01
   3.6231884E-01   1.5427519E+04   6.9408680E+03   2.2368387E+04   2.1720762E-01   2.2236540E-01   2.1879118E-01
   3.7681159E-01   1.4601003E+04   6.6447678E+03   2.1245771E+04   2.4823157E-01   2.5183420E-01   2.4935708E-01
   3.9130435E-01   1.3835711E+04   6.0057648E+03   1.9841475E+04   2.8081811E-01   2.6903225E-01   2.7724993E-01
   4.0579710E-01   1.0040011E+04   4.3840480E+03   1.4424059E+04   2.7378587E-01   3.0428957E-01   2.8305714E-01
   4.2028986E-01   8.7009074E+03   3.7102969E+03   1.2411204E+04   2.7647219E-01   2.8401705E-01   2.7872759E-01
   4.3478261E-01   7.5015932E+03   3.0814625E+03   1.0583056E+04   3.0358680E-01   3.0575159E-01   3.0421663E-01
   4.4927536E-01   6.0863366E+03   2.2976532E+03   8.3839898E+03   2.9651294E-01   3.1862074E-01   3.0257164E-01
   4.6376812E-01   4.9726470E+03   2.1548137E+03   7.1274607E+03   3.0709494E-01   2.8941008E-01   3.0174803E-01
   4.7826087E-01   4.5923435E+03   1.7680523E+03   6.3603958E+03   2.9887136E-01   3.2852324E-01   3.0711329E-01
   4.9275362E-01   3.5658197E+03   1.2480369E+03   4.8138566E+03   2.9144851E-01   3.1599741E-01   2.9781298E-01
   5.0724638E-01   3.1175452E+03   1.2556779E+03   4.3732231E+03   3.0833365E-01   3.0343420E-01   3.0692673E-01
   5.2173913E-01   2.2732101E+03   1.1366050E+03   3.4098151E+03   3.1468709E-01   3.1060526E-01   3.1332648E-01
   5.3623188E-01   2.0274576E+03   7.5773668E+02   2.7851943E+03   2.8777530E-01   3.1201762E-01   2.9437064E-01
   5.5072464E-01   1.9142821E+03   8.5743888E+02   2.7717210E+03   3.1183264E-01   2.8921153E-01   3.0483474E-01
   5.6521739E-01   1.6903357E+03   7.5773668E+02   2.4480724E+03   2.7965020E-01   3.2627485E-01   2.9408164E-01
   5.7971014E-01   1.2123787E+03   5.1147226E+02   1.7238510E+03   3.0787759E-01   2.3359128E-01   2.8583660E-01
   5.9420290E-01   9.9799466E+02   5.5444148E+02   1.5524361E+03   3.0651671E-01   3.0204934E-01   3.0492122E-01
   6.0869565E-01   1.1726877E+03   5.2319914E+02   1.6958869E+03   2.6739701E-01   1.8507871E-01   2.4200094E-01
   6.2318841E-01   1.0396852E+03   3.1719210E+02   1.3568773E+03   2.4733841E-01   2.0473591E-01   2.3737939E-01
   6.3768116E-01   9.2994957E+02   4.1331092E+02   1.3432605E+03   2.6574608E-01   1.7930766E-01   2.3914965E-01
   6.5217391E-01   1.0608314E+03   4.0412623E+02   1.4649576E+03   2.4802439E-01   2.3494118E-01   2.4441523E-01
   6.6666667E-01   1.0212973E+03   4.2828595E+02   1.4495832E+03   2.0686423E-01   2.3770187E-01   2.1597535E-01
   6.8115942E-01   7.0937051E+02   3.8692937E+02   1.0962999E+03   2.5541617E-01   2.5516105E-01   2.5532613E-01
   6.9565217E-01   7.1037814E+02   2.0522035E+02   9.1559849E+02   2.7841366E-01   1.6890719E-01   2.5386911E-01
   7.1014493E-01   5.8763253E+02   2.7835225E+02   8.6598478E+02   2.4683161E-01   2.4274858E-01   2.4551921E-01
   7.2463768E-01   4.6979674E+02   2.4247574E+02   7.1227248E+02   2.3695882E-01   2.0558923E-01   2.2627981E-01
   7.3913043E-01   6.2401845E+02   1.7829098E+02   8.0230943E+02   2.3294762E-01   1.8328486E-01   2.2191145E-01
   7.5362319E-01   3.7886834E+02   1.0200302E+02   4.8087136E+02   1.4849752E-01   3.4848195E-01   1.9091846E-01
   7.6811594E-01   5.0039215E+02   1.2867227E+02   6.2906442E+02   2.3284570E-01   1.5646034E-01   2.1722142E-01
   7.8260870E-01   3.6483618E+02   2.8064322E+01   3.9290050E+02   2.5593771E-01   4.5525407E-07   2.3765647E-01
   7.9710145E-01   3.4442577E+02   1.5154734E+02   4.9597310E+02   2.8644873E-01   1.5336826E-01   2.4578525E-01
   8.1159420E-01   2.7062024E+02   1.2177911E+02   3.9239935E+02   2.5682901E-01   2.1245728E-01   2.4305847E-01
   8.2608696E-01   2.2599164E+02   1.4622989E+02   3.7222153E+02   2.0433536E-01   2.4238807E-01   2.1928464E-01
   8.4057971E-01   2.7435294E+02   1.3064426E+02   4.0499719E+02   1.9119955E-01   2.1181584E-01   1.9784996E-01
   8.5507246E-01   2.8254588E+02   1.2842995E+02   4.1097583E+02   2.6451987E-01   1.4752609E-01   2.2795931E-01
   8.6956522E-01   1.2628945E+02   8.8402613E+01   2.1469206E+02   2.3229543E-01   2.8775046E-01   2.5512985E-01
   8.8405797E-01   2.8570400E+02   4.9687651E+01   3.3539165E+02   2.0692944E-01   1.0715705E-01   1.9214835E-01
   8.9855072E-01   9.7772475E+01   9.7772475E+01   1.9554495E+02   3.0941599E-01   3.1312165E-01   3.1126882E-01
   9.1304348E-01   1.3230323E+02   2.4055133E+01   1.5635836E+02   2.4880508E-01   2.0823935E-01   2.4256420E-01
   9.2753623E-01   8.2877450E+01   3.5518907E+01   1.1839636E+02   2.3092761E-01   2.9225658E-05   1.6164056E-01
   9.4202899E-01   8.1602412E+01   0.0000000E+00   8.1602412E+01   2.8316943E-01   0.0000000E+00   2.8316943E-01
   9.5652174E-01   4.5923435E+01   5.7404294E+01   1.0332773E+02   3.0375766E-01   3.2396397E-01   3.1498339E-01
   9.7101449E-01   1.1309503E+01   1.1309503E+01   2.2619005E+01   8.9144419E-06   1.9623335E-06   5.4383877E-06
   9.8550725E-01   4.4572746E+01   1.1143187E+01   5.5715933E+01   3.1015094E-01   4.2368970E-01   3.3285869E-01
   1.0000000E+00   0.0000000E+00   2.1884092E+01   2.1884092E+01   0.0000000E+00   1.2519997E-06   1.2519997E-06
