   0.0000000E+00   3.7160050E+10   1.8637576E+10   5.5797626E+10   8.2153782E-07   2.5321687E-06   1.0364180E-06
   1.4492754E-02   9.8967988E+06   4.9730259E+06   1.4869825E+07   2.9690717E-03   3.3584235E-03   2.0243841E-03
   2.8985507E-02   9.5315697E+06   4.8036717E+06   1.4335241E+07   3.7888453E-03   3.3662566E-03   3.5708816E-03
   4.3478261E-02   9.0961237E+06   4.5744564E+06   1.3670580E+07   8.8937831E-03   7.2713621E-03   8.1901727E-03
   5.7971014E-02   8.3750741E+06   4.1605427E+06   1.2535617E+07   1.1516476E-02   1.1333518E-02   1.1449239E-02
   7.2463768E-02   7.5388738E+06   3.7871679E+06   1.1326042E+07   1.6366380E-02   1.6187441E-02   1.6297025E-02
   8.6956522E-02   6.5722291E+06   3.2602884E+06   9.8325175E+06   1.9762427E-02   1.9597635E-02   1.9698856E-02
   1.0144928E-01   5.5267149E+06   2.7701771E+06   8.2968919E+06   2.5932948E-02   2.4771754E-02   2.5544661E-02
   1.1594203E-01   4.5933998E+06   2.3134648E+06   6.9068646E+06   3.0994545E-02   2.9112593E-02   3.0359804E-02
   1.3043478E-01   3.7421247E+06   1.8632745E+06   5.6053992E+06   3.6114727E-02   3.4772146E-02   3.5665725E-02
   1.4492754E-01   3.0557247E+06   1.5100177E+06   4.5657424E+06   4.3249882E-02   4.0442711E-02   4.2321400E-02
   1.5942029E-01   2.3271471E+06   1.1619548E+06   3.4891019E+06   4.9184248E-02   4.5787271E-02   4.8044287E-02
   1.7391304E-01   1.6663893E+06   8.1595612E+05   2.4823454E+06   5.5768601E-02   5.3376408E-02   5.4982231E-02
   1.8840580E-01   1.0946381E+06   5.4825163E+05   1.6428897E+06   6.0067403E-02   5.9000749E-02   5.9709631E-02
   2.0289855E-01   7.2309729E+05   3.5245581E+05   1.0755531E+06   6.4611670E-02   5.9173665E-02   6.2823054E-02
   2.1739130E-01   4.7919268E+05   2.3515095E+05   7.1434363E+05   6.4538767E-02   6.0407043E-02   6.3172299E-02
   2.3188406E-01   3.3378301E+05   1.6783868E+05   5.0162168E+05   6.0661711E-02   5.4969145E-02   5.8725746E-02
   2.4637681E-01   2.3342747E+05   1.1825150E+05   3.5167897E+05   6.1441383E-02   5.7403637E-02   6.0083577E-02
   2.6086957E-01   1.6745981E+05   8.3098456E+04   2.5055826E+05   5.4673130E-02   5.8481410E-02   5.5894222E-02
   2.7536232E-01   1.1720990E+05   5.7508226E+04   1.7471813E+05   6.3053460E-02   5.8025823E-02   6.1397810E-02
   2.8985507E-01   8.5055943E+04   3.9970610E+04   1.2502655E+05   6.0745816E-02   6.8935964E-02   6.3357655E-02
   3.0434783E-01   5.2680741E+04   2.6629032E+04   7.9309773E+04   6.6791509E-02   6.7665854E-02   6.6983295E-02
   3.1884058E-01   2.8621781E+04   1.4913636E+04   4.3535417E+04   7.3893787E-02   8.6603664E-02   7.8045459E-02
   3.3333333E-01   6.8525752E+03   3.8545736E+03   1.0707149E+04   6.0987305E-02   7.5737393E-02   6.5976046E-02
   3.4782609E-01   3.4729598E+02   1.5786181E+02   5.0515779E+02   9.5217920E-02   2.1409553E-02   7.1854959E-02
   3.6231884E-01   3.9402308E+02   6.0618935E+01   4.5464201E+02   9.0657609E-02   3.3848642E-06   7.8570355E-02
   3.7681159E-01   2.6229347E+02   1.7486231E+02   4.3715578E+02   1.1277393E-01   4.9879626E-06   6.7662384E-02
   3.9130435E-01   2.2451457E+02   8.4192965E+01   3.0870754E+02   7.3724700E-02   1.3121639E-01   7.2812575E-02
   4.0579710E-01   2.4355822E+02   1.0824810E+02   3.5180632E+02   1.2774285E-01   1.2250886E-01   1.2547977E-01
   4.2028986E-01   2.0903081E+02   1.5677311E+02   3.6580392E+02   8.6918654E-02   5.1316118E-02   6.5712868E-02
   4.3478261E-01   7.5773668E+01   7.5773668E+01   1.5154734E+02   5.3886522E-02   7.0300649E-02   6.2093585E-02
   4.4927536E-01   2.4443119E+02   1.4665871E+02   3.9108990E+02   1.1383807E-01   1.1765191E-01   1.0837327E-01
   4.6376812E-01   1.4207563E+02   1.1839636E+02   2.6047199E+02   6.4957433E-02   1.5879226E-01   1.0752200E-01
   4.7826087E-01   1.6073202E+02   1.1480859E+02   2.7554061E+02   1.6129368E-01   1.5727788E-01   1.5561439E-01
   4.9275362E-01   1.3371824E+02   4.4572746E+01   1.7829098E+02   3.4575552E-02   2.4878138E-05   2.5937521E-02
   5.0724638E-01   2.8144505E+02   8.6598478E+01   3.6804353E+02   1.1341128E-01   2.6757515E-01   1.4953284E-01
   5.2173913E-01   2.5257889E+02   1.2628945E+02   3.7886834E+02   1.5849170E-01   7.0353070E-02   1.2893372E-01
   5.3623188E-01   2.2527307E+02   6.1438110E+01   2.8671118E+02   1.4446011E-01   9.9056067E-02   1.3432659E-01
   5.5072464E-01   1.9940439E+02   5.9821317E+01   2.5922571E+02   1.4640168E-01   2.6814573E-01   1.7418573E-01
   5.6521739E-01   1.3600402E+02   3.8858291E+01   1.7486231E+02   1.1775590E-01   5.8143028E-02   1.0450800E-01
   5.7971014E-01   1.1366050E+02   1.1366050E+02   2.2732101E+02   2.1641249E-01   1.8785077E-01   1.9861612E-01
   5.9420290E-01   2.7722074E+02   5.5444148E+01   3.3266489E+02   1.7121143E-01   1.7969967E-01   1.7248570E-01
   6.0869565E-01   2.1649620E+02   9.0206748E+01   3.0670294E+02   1.6327550E-01   9.7039427E-02   1.4344790E-01
   6.2318841E-01   7.0487133E+01   1.0573070E+02   1.7621783E+02   4.8794429E-02   1.3492958E-01   9.9520306E-02
   6.3768116E-01   2.9276190E+02   6.8885153E+01   3.6164705E+02   1.8134547E-01   5.9957995E-02   1.5822399E-01
   6.5217391E-01   1.6838593E+02   8.4192965E+01   2.5257889E+02   1.9082667E-01   1.5558783E-01   1.7873119E-01
   6.6666667E-01   2.3061551E+02   8.2362683E+01   3.1297820E+02   2.4788636E-01   2.5491121E-01   2.4967531E-01
   6.8115942E-01   1.1285440E+02   4.8366171E+01   1.6122057E+02   2.5348389E-01   2.2636790E-01   2.4517225E-01
   6.9565217E-01   1.5786181E+02   9.4717086E+01   2.5257889E+02   2.3844994E-01   2.2285474E-01   2.3230438E-01
   7.1014493E-01   9.2784084E+01   1.3917613E+02   2.3196021E+02   1.0737297E-01   1.6139800E-01   1.3976898E-01
   7.2463768E-01   1.5154734E+02   4.5464201E+01   1.9701154E+02   1.0158866E-01   2.1597574E-01   1.2777341E-01
   7.3913043E-01   8.9145492E+01   1.3371824E+02   2.2286373E+02   2.6503370E-01   6.6755393E-02   1.4378936E-01
   7.5362319E-01   1.1657487E+02   5.8287437E+01   1.7486231E+02   1.5627760E-01   6.7457563E-02   9.3300099E-02
   7.6811594E-01   1.1437535E+02   8.5781511E+01   2.0015686E+02   2.7029612E-01   1.7661620E-01   2.3011432E-01
   7.8260870E-01   1.5435377E+02   5.6128643E+01   2.1048241E+02   1.3516727E-01   5.8413526E-02   1.1469960E-01
   7.9710145E-01   6.8885153E+01   8.2662184E+01   1.5154734E+02   2.4130911E-01   3.2323104E-01   2.8591739E-01
   8.1159420E-01   8.1186073E+01   1.3531012E+01   9.4717086E+01   1.7244915E-01   2.7121999E-01   1.8637273E-01
   8.2608696E-01   7.9761756E+01   3.9880878E+01   1.1964263E+02   2.5009112E-01   8.7145330E-02   1.9577585E-01
   8.4057971E-01   6.5322128E+01   3.9193277E+01   1.0451540E+02   3.3228120E-01   1.3230609E-01   2.5729053E-01
   8.5507246E-01   1.1558695E+02   1.2842995E+01   1.2842995E+02   1.6427010E-01   4.2641317E-01   1.8966005E-01
   8.6956522E-01   1.2628945E+02   2.5257889E+01   1.5154734E+02   2.5497547E-01   2.0898832E-01   2.4731094E-01
   8.8405797E-01   8.6953390E+01   2.4843826E+01   1.1179722E+02   2.9569647E-01   1.7007451E-01   2.6653040E-01
   8.9855072E-01   2.4443119E+01   2.4443119E+01   4.8886238E+01   3.8513055E-01   2.1416915E-01   2.9964985E-01
   9.1304348E-01   6.0137832E+01   1.2027566E+01   7.2165398E+01   2.8815686E-01   4.2278852E-01   3.1029085E-01
   9.2753623E-01   8.2877450E+01   2.3679271E+01   1.0655672E+02   2.9445793E-01   4.7828334E-06   2.2902178E-01
   9.4202899E-01   3.4972462E+01   0.0000000E+00   3.4972462E+01   2.8290005E-01   0.0000000E+00   2.8290005E-01
   9.5652174E-01   6.8885153E+01   1.1480859E+01   8.0366012E+01   3.2041765E-01   2.4392930E-06   2.7464405E-01
   9.7101449E-01   1.1309503E+01   2.2619005E+01   3.3928508E+01   4.0222888E-01   1.9635257E-04   1.3394539E-01
   9.8550725E-01   1.1143187E+01   0.0000000E+00   1.1143187E+01   4.2801229E-01   0.0000000E+00   4.2801229E-01
   1.0000000E+00   0.0000000E+00   0.0000000E+00   0.0000000E+00   0.0000000E+00   0.0000000E+00   0.0000000E+00
