   0.0000000E+00   3.8116441E+10   1.9098917E+10   5.7215357E+10   2.0235724E-06   5.4323533E-06   3.1605641E-06
   1.4492754E-02   2.1628078E+07   1.0583308E+07   3.2211386E+07   1.0486415E-02   8.1997130E-03   9.7323762E-03
   2.8985507E-02   1.7827271E+07   8.9280325E+06   2.6755303E+07   1.8182509E-02   2.0061602E-02   1.8801530E-02
   4.3478261E-02   1.1251379E+07   5.5741636E+06   1.6825543E+07   2.2994917E-02   2.1871471E-02   2.2622506E-02
   5.7971014E-02   5.9224699E+06   2.9585829E+06   8.8810528E+06   2.0876838E-02   1.9962759E-02   2.0563370E-02
   7.2463768E-02   3.5365087E+06   1.7309737E+06   5.2674823E+06   1.4682346E-02   1.0991757E-02   1.3454085E-02
   8.6956522E-02   2.5111394E+06   1.2545594E+06   3.7656987E+06   8.8150328E-03   9.8102898E-03   9.1233432E-03
   1.0144928E-01   2.0129816E+06   1.0081145E+06   3.0210962E+06   1.0556048E-02   8.9615314E-03   1.0004576E-02
   1.1594203E-01   1.6728932E+06   8.3152129E+05   2.5044145E+06   9.9812898E-03   9.9850460E-03   9.9796983E-03
   1.3043478E-01   1.4189882E+06   7.1614536E+05   2.1351336E+06   1.4450210E-02   1.1751192E-02   1.3506589E-02
   1.4492754E-01   1.2281396E+06   6.2467812E+05   1.8528177E+06   1.8254200E-02   1.7774420E-02   1.8087326E-02
   1.5942029E-01   1.0583515E+06   5.2648923E+05   1.5848407E+06   2.2571569E-02   2.3852733E-02   2.2994027E-02
   1.7391304E-01   8.8970916E+05   4.3759294E+05   1.3273021E+06   2.7922910E-02   2.7448171E-02   2.7766395E-02
   1.8840580E-01   7.2591174E+05   3.6091581E+05   1.0868276E+06   2.4209477E-02   2.4461849E-02   2.4293249E-02
   2.0289855E-01   6.2036985E+05   3.0758697E+05   9.2795682E+05   2.5849597E-02   2.4845697E-02   2.5504544E-02
   2.1739130E-01   5.1904963E+05   2.5909543E+05   7.7814506E+05   2.2027966E-02   2.1732221E-02   2.1915487E-02
   2.3188406E-01   4.4583332E+05   2.1879647E+05   6.6462979E+05   2.0358789E-02   1.7567818E-02   1.9418861E-02
   2.4637681E-01   3.7088982E+05   1.8421916E+05   5.5510898E+05   1.9976041E-02   1.8678863E-02   1.9446591E-02
   2.6086957E-01   3.1391347E+05   1.5672520E+05   4.7063867E+05   1.8969575E-02   1.7496505E-02   1.8475442E-02
   2.7536232E-01   2.4781978E+05   1.2379025E+05   3.7161002E+05   2.2689863E-02   2.6570904E-02   2.3982275E-02
   2.8985507E-01   1.8890376E+05   9.4338217E+04   2.8324197E+05   1.9962599E-02   1.9550110E-02   1.9825203E-02
   3.0434783E-01   1.2358324E+05   6.0258108E+04   1.8384135E+05   2.2373126E-02   2.3665821E-02   2.2783984E-02
   3.1884058E-01   5.5349221E+04   2.6934095E+04   8.2283315E+04   3.8229998E-02   3.3941317E-02   3.6804965E-02
   3.3333333E-01   1.4825283E+04   7.8409274E+03   2.2666210E+04   7.8367054E-02   8.1908469E-02   7.9476709E-02
   3.4782609E-01   8.9981231E+03   4.2622688E+03   1.3260392E+04   1.2305112E-01   1.2567531E-01   1.2389349E-01
   3.6231884E-01   1.0578004E+04   4.3342538E+03   1.4912258E+04   1.2944871E-01   1.3959017E-01   1.3236019E-01
   3.7681159E-01   9.9671518E+03   4.9252884E+03   1.4892440E+04   1.4330715E-01   1.4870280E-01   1.4505340E-01
   3.9130435E-01   9.7383196E+03   5.1077065E+03   1.4846026E+04   1.6073816E-01   1.7478726E-01   1.6553573E-01
   4.0579710E-01   1.0121197E+04   4.6005442E+03   1.4721741E+04   1.8544889E-01   1.6861030E-01   1.8017671E-01
   4.2028986E-01   1.0033479E+04   4.9383529E+03   1.4971832E+04   1.9291737E-01   2.1524020E-01   2.0027693E-01
   4.3478261E-01   9.0170665E+03   4.4959043E+03   1.3512971E+04   1.8490068E-01   2.1255945E-01   1.9410169E-01
   4.4927536E-01   7.9195705E+03   4.0820008E+03   1.2001571E+04   2.2915578E-01   2.0816842E-01   2.2201307E-01
   4.6376812E-01   7.1984985E+03   3.0072675E+03   1.0205766E+04   2.0809927E-01   2.1250087E-01   2.0939033E-01
   4.7826087E-01   5.4419271E+03   2.6865210E+03   8.1284481E+03   2.2921355E-01   2.1265422E-01   2.2373848E-01
   4.9275362E-01   5.3041568E+03   2.3400692E+03   7.6442260E+03   2.0935748E-01   2.2196219E-01   2.1321553E-01
   5.0724638E-01   4.6330186E+03   2.1649620E+03   6.7979805E+03   2.1342631E-01   1.9059046E-01   2.0613870E-01
   5.2173913E-01   3.7044905E+03   1.8943417E+03   5.5988322E+03   2.2446076E-01   1.9373065E-01   2.1406318E-01
   5.3623188E-01   3.2357404E+03   1.4745146E+03   4.7102551E+03   2.0843303E-01   1.9773282E-01   2.0508340E-01
   5.5072464E-01   2.7118997E+03   1.2761881E+03   3.9880878E+03   2.2025178E-01   2.3191257E-01   2.2398298E-01
   5.6521739E-01   2.4869307E+03   1.1074613E+03   3.5943920E+03   2.1955770E-01   2.3114636E-01   2.2312760E-01
   5.7971014E-01   2.3489837E+03   1.1744919E+03   3.5234756E+03   2.0834787E-01   2.2382245E-01   2.1349000E-01
   5.9420290E-01   2.1992845E+03   1.0349574E+03   3.2342419E+03   2.1498523E-01   2.6816714E-01   2.3200339E-01
   6.0869565E-01   1.8763004E+03   7.5773668E+02   2.6340370E+03   1.8655126E-01   2.0471697E-01   1.9177701E-01
   6.2318841E-01   1.4978516E+03   8.6346738E+02   2.3613190E+03   2.1935030E-01   1.9946658E-01   2.1206515E-01
   6.3768116E-01   1.4810308E+03   6.8885153E+02   2.1698823E+03   2.0335704E-01   2.1463166E-01   2.0693521E-01
   6.5217391E-01   1.2292173E+03   5.8935075E+02   1.8185680E+03   2.0164383E-01   2.2433033E-01   2.0897254E-01
   6.6666667E-01   1.1530776E+03   3.9534088E+02   1.5484184E+03   2.4634068E-01   2.2505427E-01   2.4089945E-01
   6.8115942E-01   8.7059108E+02   4.6753966E+02   1.3381307E+03   2.5169636E-01   2.3379204E-01   2.4544060E-01
   6.9565217E-01   7.8930905E+02   3.4729598E+02   1.1366050E+03   2.0517771E-01   2.2207261E-01   2.1031503E-01
   7.1014493E-01   1.0515529E+03   4.4845640E+02   1.5000094E+03   2.1897537E-01   2.2211511E-01   2.1991404E-01
   7.2463768E-01   6.8196302E+02   3.4855887E+02   1.0305219E+03   2.2287476E-01   1.3993182E-01   1.9482053E-01
   7.3913043E-01   5.4973054E+02   2.8229406E+02   8.3202459E+02   2.7398497E-01   2.2074959E-01   2.5592297E-01
   7.5362319E-01   6.1201809E+02   2.0400603E+02   8.1602412E+02   2.3859778E-01   1.8420268E-01   2.2499900E-01
   7.6811594E-01   4.0031372E+02   2.2875070E+02   6.2906442E+02   1.8882315E-01   2.3001153E-01   2.0380075E-01
   7.8260870E-01   3.3677186E+02   2.9467538E+02   6.3144724E+02   2.2525310E-01   2.0920487E-01   2.1776392E-01
   7.9710145E-01   4.4086498E+02   1.9287843E+02   6.3374341E+02   1.9426230E-01   2.7775360E-01   2.1967270E-01
   8.1159420E-01   2.8415126E+02   2.4355822E+02   5.2770948E+02   2.7729355E-01   2.6625356E-01   2.7219817E-01
   8.2608696E-01   2.9245977E+02   2.2599164E+02   5.1845142E+02   2.2228906E-01   2.5175507E-01   2.3512231E-01
   8.4057971E-01   3.1354621E+02   7.8386554E+01   3.9193277E+02   2.6391506E-01   2.0877579E-01   2.5288721E-01
   8.5507246E-01   2.0548791E+02   1.1558695E+02   3.2107487E+02   2.8088342E-01   2.6758338E-01   2.7609540E-01
   8.6956522E-01   2.7783678E+02   1.0103156E+02   3.7886834E+02   2.6098661E-01   3.3831347E-01   2.8160711E-01
   8.8405797E-01   1.6148487E+02   1.2421913E+02   2.8570400E+02   2.5499381E-01   3.0245973E-01   2.7563117E-01
   8.9855072E-01   1.9554495E+02   9.7772475E+01   2.9331743E+02   1.9776161E-01   1.9364402E-01   1.9638908E-01
   9.1304348E-01   2.0446863E+02   2.4055133E+01   2.2852376E+02   2.8561764E-01   1.9133351E-01   2.7569300E-01
   9.2753623E-01   1.0655672E+02   5.9198178E+01   1.6575490E+02   3.6173963E-01   2.5234040E-01   3.2266847E-01
   9.4202899E-01   1.1657487E+02   1.1657487E+02   2.3314975E+02   1.1589560E-01   2.4928712E-01   1.8259136E-01
   9.5652174E-01   8.0366012E+01   5.7404294E+01   1.3777031E+02   4.0851809E-01   2.4465655E-01   3.4024244E-01
   9.7101449E-01   1.1309503E+02   4.5238011E+01   1.5833304E+02   1.2412084E-01   3.1277347E-01   1.7802160E-01
   9.8550725E-01   6.6859119E+01   2.2286373E+01   8.9145492E+01   2.0789583E-01   4.1800402E-01   2.6042287E-01
   1.0000000E+00   0.0000000E+00   0.0000000E+00   0.0000000E+00   0.0000000E+00   0.0000000E+00   0.0000000E+00
