   0.0000000E+00   3.7412012E+10   1.8758196E+10   5.6170208E+10   2.1935270E-06   1.6847155E-06   1.6599884E-06
   1.4492754E-02   7.9327453E+06   4.0008497E+06   1.1933595E+07   1.6329613E-03   1.0314640E-03   1.4298122E-03
   2.8985507E-02   7.8793249E+06   3.9254549E+06   1.1804780E+07   3.8455199E-03   3.4470881E-03   3.5344877E-03
   4.3478261E-02   7.5591812E+06   3.7641833E+06   1.1323364E+07   9.9607367E-03   5.4509130E-03   8.3337145E-03
   5.7971014E-02   6.9863322E+06   3.4842627E+06   1.0470595E+07   1.1565833E-02   8.5354582E-03   1.0557245E-02
   7.2463768E-02   6.4098462E+06   3.1180865E+06   9.5279326E+06   1.4614963E-02   1.2330475E-02   1.3866386E-02
   8.6956522E-02   5.7116928E+06   2.8397445E+06   8.5514373E+06   1.9495313E-02   1.9373286E-02   1.9439948E-02
   1.0144928E-01   4.9671805E+06   2.4598298E+06   7.4270102E+06   2.2410853E-02   2.1540986E-02   2.2122189E-02
   1.1594203E-01   4.2412417E+06   2.0938159E+06   6.3350575E+06   2.7233684E-02   2.7729805E-02   2.7392406E-02
   1.3043478E-01   3.5523538E+06   1.7724303E+06   5.3247841E+06   3.4992342E-02   3.3903525E-02   3.4617386E-02
   1.4492754E-01   2.9585829E+06   1.4678117E+06   4.4263946E+06   4.0624886E-02   3.7600030E-02   3.9620971E-02
   1.5942029E-01   2.3269405E+06   1.1716676E+06   3.4986080E+06   4.8265049E-02   4.6545017E-02   4.7686998E-02
   1.7391304E-01   1.7266293E+06   8.5346409E+05   2.5800934E+06   5.6811448E-02   5.4941548E-02   5.6186510E-02
   1.8840580E-01   1.1786886E+06   5.9138434E+05   1.7700729E+06   6.2859199E-02   6.2188382E-02   6.2634986E-02
   2.0289855E-01   7.8966987E+05   3.8357713E+05   1.1732470E+06   6.8557345E-02   7.2688605E-02   6.9907954E-02
   2.1739130E-01   5.4087245E+05   2.6935013E+05   8.1022258E+05   7.3918211E-02   7.5159975E-02   7.4251970E-02
   2.3188406E-01   3.7621626E+05   1.8441417E+05   5.6063043E+05   7.7484364E-02   7.7660155E-02   7.7525645E-02
   2.4637681E-01   2.6730276E+05   1.2961755E+05   3.9692030E+05   8.2729998E-02   7.5525625E-02   8.0375680E-02
   2.6086957E-01   1.8282502E+05   8.8360517E+04   2.7118554E+05   8.2567681E-02   7.4631761E-02   7.9976270E-02
   2.7536232E-01   1.2722000E+05   6.0060602E+04   1.8728060E+05   8.6516258E-02   8.1639016E-02   8.4918513E-02
   2.8985507E-01   8.7935342E+04   4.1031441E+04   1.2896678E+05   8.9196561E-02   8.0253683E-02   8.6346695E-02
   3.0434783E-01   5.6469424E+04   2.7964092E+04   8.4433516E+04   9.9634990E-02   8.8091237E-02   9.5640394E-02
   3.1884058E-01   2.7864044E+04   1.3742588E+04   4.1606632E+04   8.8303817E-02   9.2609594E-02   8.9683654E-02
   3.3333333E-01   5.1064863E+03   2.1743748E+03   7.2808612E+03   8.4253968E-02   8.6491334E-02   8.3920639E-02
   3.4782609E-01   2.2100653E+02   9.4717086E+01   3.1572362E+02   1.2949967E-01   1.2533035E-01   1.0475590E-01
   3.6231884E-01   1.8185680E+02   6.0618935E+01   2.4247574E+02   9.2809536E-02   1.2973680E-05   6.9604888E-02
   3.7681159E-01   2.0400603E+02   2.9143719E+01   2.3314975E+02   1.2387917E-01   2.3669179E-01   1.3544094E-01
   3.9130435E-01   1.9645025E+02   1.1225729E+02   3.0870754E+02   4.8545150E-02   3.4123483E-02   3.0072889E-02
   4.0579710E-01   1.8943417E+02   2.7062024E+01   2.1649620E+02   1.2277466E-01   1.0589480E-01   1.1309833E-01
   4.2028986E-01   2.0903081E+02   1.0451540E+02   3.1354621E+02   8.5124019E-02   1.4556705E-02   6.1516955E-02
   4.3478261E-01   5.0515779E+01   7.5773668E+01   1.2628945E+02   3.4814337E-06   1.8873257E-01   1.1323815E-01
   4.4927536E-01   9.7772475E+01   7.3329357E+01   1.7110183E+02   2.0338962E-02   1.8691932E-01   9.1599399E-02
   4.6376812E-01   1.1839636E+02   7.1037814E+01   1.8943417E+02   1.5817291E-02   1.2494896E-01   4.9146140E-02
   4.7826087E-01   1.1480859E+02   2.2961718E+01   1.3777031E+02   9.6095495E-02   2.2373340E-01   1.0893579E-01
   4.9275362E-01   8.9145492E+01   2.2286373E+01   1.1143187E+02   1.8998779E-01   1.3727396E-01   1.7926425E-01
   5.0724638E-01   1.5154734E+02   8.6598478E+01   2.3814581E+02   1.1877710E-01   7.2040175E-02   9.4528865E-02
   5.2173913E-01   1.2628945E+02   1.0524121E+02   2.3153065E+02   1.1442657E-01   1.5627832E-01   1.2909944E-01
   5.3623188E-01   8.1917479E+01   6.1438110E+01   1.4335559E+02   2.3598527E-01   2.0060559E-01   2.1697421E-01
   5.5072464E-01   1.5952351E+02   3.9880878E+01   1.9940439E+02   1.0905094E-01   1.8316417E-01   1.2276970E-01
   5.6521739E-01   9.7145729E+01   9.7145729E+01   1.9429146E+02   2.3782261E-01   5.9149901E-06   1.1891412E-01
   5.7971014E-01   3.7886834E+01   3.7886834E+01   7.5773668E+01   6.9857130E-02   1.3155857E-01   9.0561416E-02
   5.9420290E-01   7.3925530E+01   0.0000000E+00   7.3925530E+01   7.2766443E-02   0.0000000E+00   7.2766443E-02
   6.0869565E-01   1.2628945E+02   1.8041350E+01   1.4433080E+02   1.6895740E-01   2.7438380E-01   1.8198847E-01
   6.2318841E-01   1.5859605E+02   5.2865350E+01   2.1146140E+02   1.3758122E-01   1.8786451E-01   1.4289647E-01
   6.3768116E-01   1.5499159E+02   3.4442577E+01   1.8943417E+02   1.7794182E-01   5.1634040E-05   1.4557945E-01
   6.5217391E-01   1.3470874E+02   6.7354372E+01   2.0206312E+02   1.2607407E-01   1.9139957E-01   1.4586898E-01
   6.6666667E-01   1.1530776E+02   4.9417610E+01   1.6472537E+02   1.2019533E-01   1.5479903E-01   1.3015594E-01
   6.8115942E-01   9.6732343E+01   1.6122057E+01   1.1285440E+02   1.8295573E-01   5.5526573E-06   1.5681999E-01
   6.9565217E-01   1.1050327E+02   3.1572362E+01   1.4207563E+02   1.1708162E-01   1.3114957E-01   1.1679812E-01
   7.1014493E-01   1.2371211E+02   6.1856056E+01   1.8556817E+02   1.8265698E-01   2.7085366E-01   2.1066468E-01
   7.2463768E-01   6.0618935E+01   3.0309467E+01   9.0928402E+01   1.6190676E-01   1.6084980E-01   1.5979184E-01
   7.3913043E-01   1.1886066E+02   4.4572746E+01   1.6343340E+02   2.1397773E-01   2.1761700E-01   2.1495909E-01
   7.5362319E-01   4.3715578E+01   7.2859297E+01   1.1657487E+02   1.8329978E-01   1.2134186E-01   1.4199366E-01
   7.6811594E-01   1.4296919E+02   7.1484593E+01   2.1445378E+02   1.9896584E-01   1.8919885E-01   1.9567606E-01
   7.8260870E-01   1.1225729E+02   1.4032161E+01   1.2628945E+02   2.0749377E-01   4.3470835E-01   2.3158785E-01
   7.9710145E-01   5.5108122E+01   8.2662184E+01   1.3777031E+02   2.8822705E-01   2.0353387E-01   2.3741023E-01
   8.1159420E-01   2.7062024E+01   0.0000000E+00   2.7062024E+01   1.7508043E-01   0.0000000E+00   1.7508043E-01
   8.2608696E-01   5.3174504E+01   3.9880878E+01   9.3055382E+01   2.0636733E-01   2.0260933E-01   2.0469187E-01
   8.4057971E-01   7.8386554E+01   1.3064426E+01   9.1450979E+01   1.9930254E-01   4.8884985E-06   1.7083144E-01
   8.5507246E-01   3.8528984E+01   1.2842995E+01   5.1371979E+01   3.8659076E-01   4.2855176E-01   3.9708101E-01
   8.6956522E-01   2.5257889E+01   3.7886834E+01   6.3144724E+01   1.7694072E-01   2.7526240E-01   2.3401466E-01
   8.8405797E-01   2.4843826E+01   4.9687651E+01   7.4531477E+01   4.8563180E-06   1.2098240E-01   8.0656550E-02
   8.9855072E-01   7.3329357E+01   1.2221559E+01   8.5550916E+01   1.3971770E-01   1.8902030E-01   1.4566588E-01
   9.1304348E-01   3.6082699E+01   1.2027566E+01   4.8110266E+01   1.4044892E-01   8.0061180E-06   1.0533869E-01
   9.2753623E-01   4.7358543E+01   1.1839636E+01   5.9198178E+01   9.4074955E-02   3.7692450E-01   1.5064486E-01
   9.4202899E-01   1.1657487E+01   1.1657487E+01   2.3314975E+01   4.5160729E-06   3.5989455E-05   1.5736691E-05
   9.5652174E-01   1.1480859E+01   3.4442577E+01   4.5923435E+01   4.2679001E-01   1.4202410E-01   2.1321558E-01
   9.7101449E-01   4.5238011E+01   1.1309503E+01   5.6547514E+01   3.0424603E-01   2.7774832E-05   2.4340238E-01
   9.8550725E-01   2.2286373E+01   1.1143187E+01   3.3429560E+01   2.1246025E-01   4.2330643E-01   2.8274231E-01
   1.0000000E+00   0.0000000E+00   0.0000000E+00   0.0000000E+00   0.0000000E+00   0.0000000E+00   0.0000000E+00
