   0.0000000E+00   1.6815692E+07   9.1110259E+06   2.5926718E+07   3.2281416E-03   3.1136474E-03   1.0052723E-03
   1.4492754E-02   1.6433793E+07   9.0322213E+06   2.5466014E+07   5.6495952E-04   4.6256499E-04   5.2236254E-04
   2.8985507E-02   1.6688393E+07   9.1129202E+06   2.5801313E+07   3.8354564E-04   8.4253072E-04   5.4209954E-04
   4.3478261E-02   1.6725269E+07   9.1453766E+06   2.5870141E+07   1.0372702E-03   6.0143733E-04   4.7894789E-04
   5.7971014E-02   1.7039035E+07   9.4165832E+06   2.6455429E+07   2.2185751E-04   5.9371411E-04   3.5380946E-04
   7.2463768E-02   1.7430672E+07   9.6003722E+06   2.7030589E+07   1.4969476E-04   4.6755575E-04   2.5287365E-04
   8.6956522E-02   1.7844825E+07   9.8226669E+06   2.7667366E+07   1.0220475E-03   6.0833607E-04   8.0413613E-04
   1.0144928E-01   1.8469940E+07   1.0094568E+07   2.8564183E+07   3.4593540E-04   3.3739278E-04   3.4300489E-04
   1.1594203E-01   1.9039271E+07   1.0367353E+07   2.9406151E+07   1.2342366E-04   4.9272560E-04   1.5467308E-04
   1.3043478E-01   1.9701575E+07   1.0700252E+07   3.0401238E+07   5.2486806E-04   1.7915888E-04   3.5472905E-04
   1.4492754E-01   2.0317194E+07   1.0973467E+07   3.1290357E+07   5.5398534E-04   8.5462528E-05   3.7988610E-04
   1.5942029E-01   2.1039592E+07   1.1306947E+07   3.2346264E+07   9.1058037E-04   3.5831134E-04   7.0947476E-04
   1.7391304E-01   2.1696906E+07   1.1683289E+07   3.3379690E+07   1.2376279E-03   5.1710605E-04   9.7408177E-04
   1.8840580E-01   2.2049729E+07   1.1881311E+07   3.3930458E+07   1.5170147E-03   7.4799135E-04   1.2381952E-03
   2.0289855E-01   2.1891175E+07   1.1722836E+07   3.3613091E+07   1.5086032E-03   5.0150419E-04   1.1374575E-03
   2.1739130E-01   2.0616399E+07   1.0894738E+07   3.1510379E+07   1.2281245E-03   3.6939505E-04   9.2088513E-04
   2.3188406E-01   1.8225320E+07   9.5222875E+06   2.7746991E+07   4.7201886E-04   6.5605215E-04   5.0795178E-04
   2.4637681E-01   1.5628185E+07   7.9969301E+06   2.3624893E+07   1.9334757E-04   3.1879049E-04   2.3440207E-04
   2.6086957E-01   1.3359613E+07   6.6812590E+06   2.0040578E+07   1.7388820E-03   6.4571311E-04   1.3723797E-03
   2.7536232E-01   1.1447208E+07   5.6728555E+06   1.7119904E+07   1.5507687E-03   5.3075671E-04   1.2005770E-03
   2.8985507E-01   1.0007239E+07   4.8273131E+06   1.4834325E+07   1.4342192E-03   9.3055083E-04   1.2696416E-03
   3.0434783E-01   8.7881940E+06   4.1448557E+06   1.2932761E+07   1.3357377E-03   1.0096695E-03   1.2202295E-03
   3.1884058E-01   7.7388681E+06   3.6035546E+06   1.1342216E+07   1.4891538E-03   7.5192845E-04   1.2444768E-03
   3.3333333E-01   6.8270757E+06   3.1342625E+06   9.9613382E+06   1.4634933E-03   7.2757340E-04   1.2053798E-03
   3.4782609E-01   6.0224280E+06   2.7070143E+06   8.7294423E+06   1.1324688E-03   8.2323735E-04   1.0325828E-03
   3.6231884E-01   5.3173717E+06   2.3408305E+06   7.6581416E+06   1.5550498E-03   4.7908629E-04   1.2199207E-03
   3.7681159E-01   4.6029006E+06   1.9883593E+06   6.5912017E+06   1.2778003E-03   8.6092366E-04   1.1516954E-03
   3.9130435E-01   3.9831411E+06   1.6845609E+06   5.6677020E+06   2.4521391E-03   9.5761549E-04   1.9734347E-03
   4.0579710E-01   3.3427824E+06   1.3947767E+06   4.7375592E+06   1.8781696E-03   6.0115102E-04   1.5016121E-03
   4.2028986E-01   2.7860410E+06   1.1346454E+06   3.9206341E+06   1.7463569E-03   9.9609330E-04   1.5266817E-03
   4.3478261E-01   2.2346665E+06   8.8301582E+05   3.1176823E+06   1.9918388E-03   1.2139672E-03   1.6873178E-03
   4.4927536E-01   1.7029765E+06   6.6179744E+05   2.3647740E+06   3.3679247E-03   1.0714865E-03   2.7218415E-03
   4.6376812E-01   1.2030254E+06   4.4905370E+05   1.6520791E+06   5.0033704E-03   2.1541319E-03   4.1565164E-03
   4.7826087E-01   7.4662321E+05   2.7177489E+05   1.0183751E+06   7.7407994E-03   3.9091834E-03   6.6282829E-03
   4.9275362E-01   3.8178786E+05   1.2640831E+05   5.0819616E+05   1.8275802E-02   6.9065835E-03   1.5328467E-02
   5.0724638E-01   1.3602456E+05   4.0398190E+04   1.7642275E+05   2.6367398E-02   1.2605589E-02   2.3204884E-02
   5.2173913E-01   2.1700737E+04   5.0094814E+03   2.6710218E+04   4.2416477E-02   2.5019341E-02   3.9026861E-02
   5.3623188E-01   1.5973908E+04   3.3790960E+03   1.9353004E+04   5.2897343E-02   1.9863619E-02   4.7071656E-02
   5.5072464E-01   1.5274376E+04   2.8116019E+03   1.8085978E+04   6.0449439E-02   2.9358291E-02   5.5582016E-02
   5.6521739E-01   1.5621033E+04   2.9143719E+03   1.8535405E+04   5.8987772E-02   5.0831198E-02   5.7701497E-02
   5.7971014E-01   1.5438885E+04   3.7318532E+03   1.9170738E+04   6.0642184E-02   2.8792648E-02   5.4440799E-02
   5.9420290E-01   1.5875508E+04   3.2342419E+03   1.9109750E+04   6.8727075E-02   2.7232440E-02   6.1210822E-02
   6.0869565E-01   1.5569685E+04   3.5000218E+03   1.9069707E+04   7.8581389E-02   3.2660560E-02   7.0033453E-02
   6.2318841E-01   1.6176797E+04   3.2952735E+03   1.9472071E+04   8.0561361E-02   3.5172075E-02   7.2876642E-02
   6.3768116E-01   1.6670207E+04   2.9448403E+03   1.9615047E+04   7.6948863E-02   3.1953657E-02   7.0166993E-02
   6.5217391E-01   1.6687046E+04   3.8391992E+03   2.0526245E+04   8.6373871E-02   5.0018861E-02   7.9497911E-02
   6.6666667E-01   1.5039426E+04   3.4427602E+03   1.8482186E+04   8.1749730E-02   4.8051125E-02   7.5372073E-02
   6.8115942E-01   1.5412687E+04   3.4662423E+03   1.8878929E+04   9.2397142E-02   5.3831498E-02   8.5313990E-02
   6.9565217E-01   1.6417628E+04   2.6362922E+03   1.9053920E+04   8.9078938E-02   4.2908663E-02   8.2687269E-02
   7.1014493E-01   1.5958862E+04   3.2629069E+03   1.9221769E+04   1.0476751E-01   4.4001575E-02   9.4431265E-02
   7.2463768E-01   1.4927413E+04   3.3946603E+03   1.8322073E+04   9.5141110E-02   4.9003480E-02   8.6578365E-02
   7.3913043E-01   1.4857582E+04   2.9120861E+03   1.7769668E+04   1.0531537E-01   4.7224753E-02   9.5793179E-02
   7.5362319E-01   1.3435254E+04   2.6229347E+03   1.6058189E+04   1.0639505E-01   3.9455824E-02   9.5456807E-02
   7.6811594E-01   1.3253244E+04   2.3732885E+03   1.5626532E+04   1.0597750E-01   5.0279705E-02   9.7518337E-02
   7.8260870E-01   1.2278141E+04   2.5538533E+03   1.4831994E+04   1.1194080E-01   3.8745752E-02   9.9318379E-02
   7.9710145E-01   1.1531375E+04   2.1905479E+03   1.3721922E+04   1.0721916E-01   3.8562455E-02   9.6258146E-02
   8.1159420E-01   1.0513596E+04   2.2461480E+03   1.2759745E+04   1.1765680E-01   4.5423872E-02   1.0491523E-01
   8.2608696E-01   1.0555139E+04   2.1402738E+03   1.2695413E+04   1.1748041E-01   4.2647325E-02   1.0483602E-01
   8.4057971E-01   9.7068682E+03   2.1033725E+03   1.1810241E+04   1.2389170E-01   6.1083235E-02   1.1269247E-01
   8.5507246E-01   8.8488233E+03   1.8493912E+03   1.0698215E+04   1.1937716E-01   4.8309224E-02   1.0708429E-01
   8.6956522E-01   7.9941220E+03   1.3386681E+03   9.3327902E+03   1.2489860E-01   6.4102989E-02   1.1615039E-01
   8.8405797E-01   7.6146326E+03   1.5775829E+03   9.1922155E+03   1.2467420E-01   3.3500900E-02   1.0902676E-01
   8.9855072E-01   6.7829655E+03   1.0999403E+03   7.8829058E+03   1.2738278E-01   6.2993240E-02   1.1832609E-01
   9.1304348E-01   5.8814800E+03   1.0584258E+03   6.9399058E+03   1.1517442E-01   5.6653053E-02   1.0616047E-01
   9.2753623E-01   5.3041568E+03   1.0063690E+03   6.3105258E+03   1.2377979E-01   4.5317796E-02   1.1116610E-01
   9.4202899E-01   4.4648177E+03   8.2768161E+02   5.2924993E+03   1.1277264E-01   5.2891913E-02   1.0340620E-01
   9.5652174E-01   3.3409299E+03   5.8552380E+02   3.9264537E+03   1.2520738E-01   5.3053876E-02   1.1414580E-01
   9.7101449E-01   2.7029712E+03   4.7499912E+02   3.1779703E+03   1.1669784E-01   3.9517763E-02   1.0471004E-01
   9.8550725E-01   1.6046189E+03   4.2344109E+02   2.0280599E+03   1.2302233E-01   5.2101247E-02   1.0821101E-01
   1.0000000E+00   5.6898639E+02   1.3130455E+02   7.0029094E+02   7.8389467E-02   5.9812207E-06   6.3690359E-02
