   0.0000000E+00   1.1747950E+07   9.5535441E+06   2.1301494E+07   9.5925813E-03   7.4736494E-04   5.0537151E-03
   1.4492754E-02   1.1876007E+07   9.9104381E+06   2.1786445E+07   3.2491122E-03   1.2202776E-04   1.7194712E-03
   2.8985507E-02   1.1855548E+07   9.8570177E+06   2.1712187E+07   1.5537794E-04   1.2578369E-04   1.2184384E-04
   4.3478261E-02   1.2086153E+07   9.9084175E+06   2.1994570E+07   1.0456995E-03   4.8886852E-05   5.5268175E-04
   5.7971014E-02   1.2361716E+07   1.0089643E+07   2.2451170E+07   2.1278069E-03   5.9352281E-05   1.1542985E-03
   7.2463768E-02   1.2862429E+07   1.0267635E+07   2.3129912E+07   1.2619647E-03   3.7906896E-05   7.0853284E-04
   8.6956522E-02   1.3325052E+07   1.0475962E+07   2.3800762E+07   1.3364307E-03   2.0589112E-05   7.4505714E-04
   1.0144928E-01   1.3938675E+07   1.0801428E+07   2.4739994E+07   1.3082837E-03   1.3786318E-05   7.3815256E-04
   1.1594203E-01   1.4611058E+07   1.1173680E+07   2.5784453E+07   5.0381418E-04   5.4189669E-05   2.6842874E-04
   1.3043478E-01   1.5416995E+07   1.1427764E+07   2.6844590E+07   1.1986649E-03   8.2969521E-05   7.1876651E-04
   1.4492754E-01   1.6403560E+07   1.1902225E+07   2.8305557E+07   1.2143253E-03   1.9354914E-05   6.9972996E-04
   1.5942029E-01   1.7474303E+07   1.2231799E+07   2.9705965E+07   8.2509599E-04   7.5200574E-06   4.8231758E-04
   1.7391304E-01   1.8861960E+07   1.2483775E+07   3.1345420E+07   1.7490682E-03   4.7987600E-05   1.0451474E-03
   1.8840580E-01   1.9932613E+07   1.2571668E+07   3.2503756E+07   2.7410549E-03   5.1634211E-05   1.6912617E-03
   2.0289855E-01   2.0405308E+07   1.2238205E+07   3.2642755E+07   4.4232226E-03   3.4276094E-05   2.7568680E-03
   2.1739130E-01   1.9873463E+07   1.1317100E+07   3.1190159E+07   3.5937855E-03   3.5839803E-05   2.2999801E-03
   2.3188406E-01   1.8234554E+07   9.8573018E+06   2.8091525E+07   1.3148099E-03   3.0030220E-05   8.4256027E-04
   2.4637681E-01   1.6118174E+07   8.3269467E+06   2.4444764E+07   1.2874220E-03   1.4604166E-04   8.9808746E-04
   2.6086957E-01   1.3953637E+07   6.8836168E+06   2.0837043E+07   2.6978171E-03   1.9498545E-04   1.8698977E-03
   2.7536232E-01   1.2203987E+07   5.6522770E+06   1.7856145E+07   2.4014740E-03   2.0645104E-04   1.7038067E-03
   2.8985507E-01   1.0758838E+07   4.6895187E+06   1.5448205E+07   3.2215964E-03   3.4442219E-04   2.3479531E-03
   3.0434783E-01   9.6832253E+06   3.9472669E+06   1.3630348E+07   2.0412013E-03   4.0890688E-04   1.5664654E-03
   3.1884058E-01   8.7668412E+06   3.3167168E+06   1.2083420E+07   2.0261327E-03   4.9888246E-04   1.6051093E-03
   3.3333333E-01   7.9456269E+06   2.8040870E+06   1.0749681E+07   1.5336890E-03   6.4297652E-04   1.2967688E-03
   3.4782609E-01   7.1966673E+06   2.3581713E+06   9.5546491E+06   1.2131276E-03   6.0396051E-04   1.0614257E-03
   3.6231884E-01   6.5018354E+06   1.9992731E+06   8.5011388E+06   8.4647716E-04   7.1110316E-04   8.1412301E-04
   3.7681159E-01   5.8069151E+06   1.6622994E+06   7.4692145E+06   7.7139486E-04   7.9065999E-04   7.6592216E-04
   3.9130435E-01   5.1282216E+06   1.3568819E+06   6.4850754E+06   9.5698584E-04   8.3515810E-04   9.1918507E-04
   4.0579710E-01   4.4560329E+06   1.0973922E+06   5.5533980E+06   1.0000560E-03   8.9845523E-04   9.7577606E-04
   4.2028986E-01   3.7346751E+06   8.5025895E+05   4.5849079E+06   1.2793015E-03   9.4648513E-04   1.2175127E-03
   4.3478261E-01   3.0366803E+06   6.4564217E+05   3.6823224E+06   1.1378667E-03   1.1069658E-03   1.1160943E-03
   4.4927536E-01   2.3133212E+06   4.6036170E+05   2.7736829E+06   1.2247947E-03   1.6189921E-03   1.2801010E-03
   4.6376812E-01   1.6508004E+06   2.9750637E+05   1.9483068E+06   1.8268978E-03   1.9273421E-03   1.8371232E-03
   4.7826087E-01   1.0336676E+06   1.6711538E+05   1.2007830E+06   3.0939888E-03   2.2878378E-03   2.9642469E-03
   4.9275362E-01   5.4441152E+05   7.3589604E+04   6.1800112E+05   5.6987893E-03   2.2267910E-03   5.2853228E-03
   5.0724638E-01   2.0541159E+05   1.7211448E+04   2.2262304E+05   7.8112330E-03   1.5552762E-03   7.3235120E-03
   5.2173913E-01   3.2140664E+04   4.8410955E+02   3.2624774E+04   5.1598328E-03   5.5754103E-06   5.0833208E-03
   5.3623188E-01   2.4022301E+04   2.0479370E+01   2.4042780E+04   1.6983960E-03   1.9437126E-05   1.6969654E-03
   5.5072464E-01   2.3230611E+04   1.7946395E+02   2.3410075E+04   9.4447447E-04   1.5319929E-05   9.3731594E-04
   5.6521739E-01   2.2712671E+04   1.9429146E+01   2.2732101E+04   8.7500680E-04   4.6608680E-07   8.7425889E-04
   5.7971014E-01   2.4929537E+04   5.6830251E+01   2.4986367E+04   1.4632391E-03   5.7633131E-06   1.4599228E-03
   5.9420290E-01   2.4062760E+04   1.8481383E+01   2.4081241E+04   7.8851550E-04   4.4263232E-06   7.8790838E-04
   6.0869565E-01   2.5546551E+04   1.8041350E+01   2.5564592E+04   7.1189596E-04   1.1340843E-06   7.1139289E-04
   6.2318841E-01   2.5657317E+04   1.7621783E+01   2.5674938E+04   3.2380335E-04   2.4219464E-06   3.2358246E-04
   6.3768116E-01   2.5056974E+04   5.1663865E+01   2.5108638E+04   6.0687168E-04   1.1545374E-05   6.0560116E-04
   6.5217391E-01   2.4668539E+04   3.3677186E+01   2.4702216E+04   3.3200376E-04   2.5579827E-05   3.3152634E-04
   6.6666667E-01   2.5054728E+04   1.6472537E+01   2.5071201E+04   2.7201922E-04   4.4157205E-05   2.7184254E-04
   6.8115942E-01   2.4973066E+04   3.2244114E+01   2.5005311E+04   2.6219342E-04   3.4017912E-06   2.6185324E-04
   6.9565217E-01   2.3742416E+04   0.0000000E+00   2.3742416E+04   3.8999827E-04   0.0000000E+00   3.8999827E-04
   7.1014493E-01   2.2701172E+04   0.0000000E+00   2.2701172E+04   7.4892985E-06   0.0000000E+00   7.4892985E-06
   7.2463768E-01   2.1580341E+04   0.0000000E+00   2.1580341E+04   4.4455510E-05   0.0000000E+00   4.4455510E-05
   7.3913043E-01   2.1038336E+04   0.0000000E+00   2.1038336E+04   2.6847201E-04   0.0000000E+00   2.6847201E-04
   7.5362319E-01   1.8855986E+04   0.0000000E+00   1.8855986E+04   4.4792139E-06   0.0000000E+00   4.4792139E-06
   7.6811594E-01   1.7799664E+04   0.0000000E+00   1.7799664E+04   1.0119407E-05   0.0000000E+00   1.0119407E-05
   7.8260870E-01   1.6782464E+04   0.0000000E+00   1.6782464E+04   7.7351305E-06   0.0000000E+00   7.7351305E-06
   7.9710145E-01   1.5333835E+04   0.0000000E+00   1.5333835E+04   4.1128179E-04   0.0000000E+00   4.1128179E-04
   8.1159420E-01   1.3098020E+04   0.0000000E+00   1.3098020E+04   4.5538390E-06   0.0000000E+00   4.5538390E-06
   8.2608696E-01   1.2628945E+04   0.0000000E+00   1.2628945E+04   7.4341473E-05   0.0000000E+00   7.4341473E-05
   8.4057971E-01   1.1797176E+04   0.0000000E+00   1.1797176E+04   2.2528538E-06   0.0000000E+00   2.2528538E-06
   8.5507246E-01   9.8120479E+03   0.0000000E+00   9.8120479E+03   3.3308816E-06   0.0000000E+00   3.3308816E-06
   8.6956522E-01   8.5750535E+03   0.0000000E+00   8.5750535E+03   1.4395952E-04   0.0000000E+00   1.4395952E-04
   8.8405797E-01   7.9376023E+03   0.0000000E+00   7.9376023E+03   3.7568566E-05   0.0000000E+00   3.7568566E-05
   8.9855072E-01   6.4896481E+03   0.0000000E+00   6.4896481E+03   9.0634819E-06   0.0000000E+00   9.0634819E-06
   9.1304348E-01   5.8935075E+03   0.0000000E+00   5.8935075E+03   1.7182782E-06   0.0000000E+00   1.7182782E-06
   9.2753623E-01   5.0200055E+03   0.0000000E+00   5.0200055E+03   3.1045230E-05   0.0000000E+00   3.1045230E-05
   9.4202899E-01   3.9518882E+03   0.0000000E+00   3.9518882E+03   1.4660494E-04   0.0000000E+00   1.4660494E-04
   9.5652174E-01   3.1572362E+03   0.0000000E+00   3.1572362E+03   1.2365875E-05   0.0000000E+00   1.2365875E-05
   9.7101449E-01   2.4202336E+03   0.0000000E+00   2.4202336E+03   2.6964582E-05   0.0000000E+00   2.6964582E-05
   9.8550725E-01   1.6491916E+03   0.0000000E+00   1.6491916E+03   2.4249283E-05   0.0000000E+00   2.4249283E-05
   1.0000000E+00   6.7840685E+02   0.0000000E+00   6.7840685E+02   1.0788920E-04   0.0000000E+00   1.0788920E-04
