   0.0000000E+00   1.8028071E+07   9.0019118E+06   2.7029983E+07   1.8162390E-03   1.3288175E-03   1.5784676E-03
   1.4492754E-02   1.7878797E+07   9.0716236E+06   2.6950421E+07   4.3076824E-04   4.4223196E-04   1.5657152E-04
   2.8985507E-02   1.8249330E+07   9.0231284E+06   2.7272459E+07   5.3014951E-04   5.9448386E-04   1.9723040E-04
   4.3478261E-02   1.8468316E+07   9.3072797E+06   2.7775596E+07   4.3431604E-04   1.7547297E-04   2.4504437E-04
   5.7971014E-02   1.8879009E+07   9.4783387E+06   2.8357348E+07   7.5103176E-04   2.8681972E-04   5.7617102E-04
   7.2463768E-02   1.9321225E+07   9.7341885E+06   2.9055262E+07   5.6806634E-04   5.0445423E-04   5.3523289E-04
   8.6956522E-02   1.9841461E+07   1.0007176E+07   2.9848511E+07   3.5151552E-05   4.8609463E-04   1.7247223E-04
   1.0144928E-01   2.0483246E+07   1.0277507E+07   3.0760645E+07   3.0317976E-04   1.2164856E-04   1.6994920E-04
   1.1594203E-01   2.1143695E+07   1.0627636E+07   3.1771141E+07   2.0821783E-04   2.6715841E-04   1.8731150E-04
   1.3043478E-01   2.1881331E+07   1.1019344E+07   3.2900253E+07   1.8200650E-04   2.9416388E-04   1.0079589E-04
   1.4492754E-01   2.2632231E+07   1.1401361E+07   3.4032834E+07   1.6596526E-04   1.5609697E-04   1.5996068E-04
   1.5942029E-01   2.3449815E+07   1.1795343E+07   3.5244744E+07   2.6165763E-04   2.6838810E-04   1.7786060E-04
   1.7391304E-01   2.4275484E+07   1.2300845E+07   3.6575508E+07   2.2500041E-04   2.5706602E-04   2.3393423E-04
   1.8840580E-01   2.4996159E+07   1.2627507E+07   3.7622850E+07   1.3780655E-04   2.0019105E-05   9.4872965E-05
   2.0289855E-01   2.4954867E+07   1.2589146E+07   3.7543146E+07   9.6674957E-05   2.2631692E-05   5.7389682E-05
   2.1739130E-01   2.3131125E+07   1.1689200E+07   3.4819870E+07   6.6766574E-05   3.4779000E-04   1.6110533E-04
   2.3188406E-01   1.9642761E+07   9.8882269E+06   2.9530467E+07   1.9440114E-04   4.3339964E-05   1.4030995E-04
   2.4637681E-01   1.5987308E+07   8.0162747E+06   2.4003226E+07   1.8111148E-04   2.5009151E-04   1.9129049E-04
   2.6086957E-01   1.3058076E+07   6.5559378E+06   1.9613635E+07   4.2772555E-04   3.0850346E-04   3.8417643E-04
   2.7536232E-01   1.0860361E+07   5.4384756E+06   1.6298438E+07   3.7464379E-04   3.1954093E-04   2.4509916E-04
   2.8985507E-01   9.2273006E+06   4.5875652E+06   1.3814601E+07   7.9991454E-04   8.1093177E-04   8.0183852E-04
   3.0434783E-01   7.8626727E+06   3.9126636E+06   1.1775192E+07   6.7318194E-04   5.9148991E-04   6.3622120E-04
   3.1884058E-01   6.7870130E+06   3.3923871E+06   1.0179331E+07   8.8837499E-04   5.1512019E-04   7.6391298E-04
   3.3333333E-01   5.8129934E+06   2.8914902E+06   8.7044507E+06   7.3120744E-04   8.1464804E-04   7.5356520E-04
   3.4782609E-01   4.9922219E+06   2.4872391E+06   7.4794609E+06   1.3354378E-03   7.0248350E-04   1.1170007E-03
   3.6231884E-01   4.2786057E+06   2.1202988E+06   6.3989044E+06   1.0746462E-03   1.2723030E-03   1.1368649E-03
   3.7681159E-01   3.6191836E+06   1.7997412E+06   5.4189248E+06   1.3764126E-03   1.6225188E-03   1.4563068E-03
   3.9130435E-01   3.0368683E+06   1.4972596E+06   4.5340999E+06   1.5076430E-03   1.7114286E-03   1.5735133E-03
   4.0579710E-01   2.4845103E+06   1.2269651E+06   3.7114755E+06   1.9422425E-03   1.3548437E-03   1.7275731E-03
   4.2028986E-01   2.0188979E+06   9.8942121E+05   3.0082930E+06   1.7079773E-03   1.6599500E-03   1.6633149E-03
   4.3478261E-01   1.5652567E+06   7.5566554E+05   2.3209222E+06   1.5977004E-03   2.4164801E-03   1.8611140E-03
   4.4927536E-01   1.1611459E+06   5.6497825E+05   1.7260997E+06   2.9210700E-03   1.8486337E-03   2.5697764E-03
   4.6376812E-01   7.8416275E+05   3.8026542E+05   1.1644282E+06   3.5227985E-03   1.4251034E-03   2.7098521E-03
   4.7826087E-01   4.5211622E+05   2.1535795E+05   6.6747417E+05   6.0013206E-03   3.6591958E-03   5.2387916E-03
   4.9275362E-01   1.8836443E+05   9.1574707E+04   2.7993913E+05   1.5649198E-02   6.9675382E-03   1.2787122E-02
   5.0724638E-01   4.7607513E+04   2.0978481E+04   6.8585995E+04   4.0280035E-02   2.8704034E-02   3.6726618E-02
   5.2173913E-01   1.8922369E+04   6.9038231E+03   2.5826192E+04   8.7885938E-02   6.9865188E-02   8.2951841E-02
   5.3623188E-01   1.7468902E+04   6.4305221E+03   2.3899425E+04   1.0818289E-01   7.0491006E-02   9.8038476E-02
   5.5072464E-01   1.8424966E+04   6.7598088E+03   2.5184775E+04   1.2011601E-01   8.6659891E-02   1.1111484E-01
   5.6521739E-01   1.8496547E+04   6.5864804E+03   2.5083027E+04   1.2504417E-01   8.4363430E-02   1.1431843E-01
   5.7971014E-01   1.8886587E+04   6.8575170E+03   2.5744104E+04   1.3132567E-01   9.2752948E-02   1.2095994E-01
   5.9420290E-01   2.0237114E+04   8.3535849E+03   2.8590699E+04   1.4413666E-01   1.0236472E-01   1.3177106E-01
   6.0869565E-01   2.0585180E+04   7.8299457E+03   2.8415126E+04   1.6017379E-01   1.1860162E-01   1.4868699E-01
   6.2318841E-01   1.9771641E+04   7.2425530E+03   2.7014194E+04   1.6180551E-01   9.8488765E-02   1.4479355E-01
   6.3768116E-01   1.8771204E+04   7.5773668E+03   2.6348571E+04   1.6335212E-01   1.2068288E-01   1.5107440E-01
   6.5217391E-01   1.7865747E+04   6.7522758E+03   2.4618023E+04   1.7307763E-01   1.3495811E-01   1.6260360E-01
   6.6666667E-01   1.7922120E+04   7.3302788E+03   2.5252399E+04   1.8077422E-01   1.4001755E-01   1.6878755E-01
   6.8115942E-01   1.4977391E+04   6.0618935E+03   2.1039285E+04   1.8525049E-01   1.4173854E-01   1.7271371E-01
   6.9565217E-01   1.3828694E+04   5.5725219E+03   1.9401216E+04   1.8353585E-01   1.3206565E-01   1.6874973E-01
   7.1014493E-01   1.2850596E+04   4.7474523E+03   1.7598048E+04   1.9924793E-01   1.5515716E-01   1.8733525E-01
   7.2463768E-01   1.2608738E+04   4.3039444E+03   1.6912683E+04   1.8953757E-01   1.5427417E-01   1.8054620E-01
   7.3913043E-01   1.1202617E+04   4.0115472E+03   1.5214164E+04   1.8919338E-01   1.5541263E-01   1.8017835E-01
   7.5362319E-01   9.8505769E+03   3.3806714E+03   1.3231248E+04   2.0624914E-01   1.5469250E-01   1.9289520E-01
   7.6811594E-01   8.5209635E+03   3.6171204E+03   1.2138084E+04   2.0156421E-01   1.4827709E-01   1.8564736E-01
   7.8260870E-01   8.3351035E+03   2.8906251E+03   1.1225729E+04   2.0894018E-01   1.5143836E-01   1.9410580E-01
   7.9710145E-01   7.4533736E+03   2.8656224E+03   1.0318996E+04   1.9666566E-01   1.5574853E-01   1.8529949E-01
   8.1159420E-01   6.8602232E+03   2.5032373E+03   9.3634605E+03   1.9761969E-01   1.5120802E-01   1.8504060E-01
   8.2608696E-01   5.6497911E+03   2.1003929E+03   7.7501840E+03   2.1020124E-01   1.6790173E-01   1.9872055E-01
   8.4057971E-01   5.0820616E+03   1.9727283E+03   7.0547898E+03   2.3004852E-01   1.6171271E-01   2.1090300E-01
   8.5507246E-01   4.5721061E+03   1.8237052E+03   6.3958113E+03   2.2131821E-01   1.6342044E-01   2.0480879E-01
   8.6956522E-01   3.7255387E+03   1.6038760E+03   5.3294147E+03   2.3134303E-01   1.6377500E-01   2.1091183E-01
   8.8405797E-01   3.8756368E+03   1.4657857E+03   5.3414225E+03   2.0539410E-01   1.4187048E-01   1.8764948E-01
   8.9855072E-01   3.3120426E+03   1.1610481E+03   4.4730907E+03   2.2688191E-01   1.7933371E-01   2.1453217E-01
   9.1304348E-01   3.0550019E+03   1.0343707E+03   4.0893726E+03   2.3946871E-01   1.4554157E-01   2.1567380E-01
   9.2753623E-01   2.6165595E+03   9.5901049E+02   3.5755700E+03   2.3650884E-01   1.9335712E-01   2.2476960E-01
   9.4202899E-01   2.0633753E+03   9.7922895E+02   3.0426042E+03   2.4940072E-01   1.7978589E-01   2.2699534E-01
   9.5652174E-01   1.6991671E+03   7.2329411E+02   2.4224612E+03   2.3665725E-01   1.8678558E-01   2.2174496E-01
   9.7101449E-01   1.1761883E+03   4.4107061E+02   1.6172589E+03   2.6505691E-01   1.4729948E-01   2.3291211E-01
   9.8550725E-01   9.5831404E+02   3.9001153E+02   1.3483256E+03   2.4701843E-01   1.8636095E-01   2.2882535E-01
   1.0000000E+00   3.2826138E+02   1.5318864E+02   4.8145002E+02   2.2841904E-01   1.7738486E-01   2.1052001E-01
