   0.0000000E+00   1.8343290E+07   9.0140356E+06   2.7357325E+07   8.2808926E-04   1.5146348E-03   1.0320441E-03
   1.4492754E-02   1.8150825E+07   9.1072372E+06   2.7258819E+07   4.9535625E-04   2.0034937E-04   2.6717254E-04
   2.8985507E-02   1.8328514E+07   9.2250653E+06   2.7552821E+07   3.2569214E-04   8.9657187E-05   2.0221144E-04
   4.3478261E-02   1.8551415E+07   9.3204138E+06   2.7871828E+07   4.7383741E-04   2.3744232E-04   3.1406112E-04
   5.7971014E-02   1.9101784E+07   9.5575222E+06   2.8659306E+07   2.3382741E-04   5.8219250E-04   3.0298269E-04
   7.2463768E-02   1.9654932E+07   9.8834627E+06   2.9538546E+07   1.9416005E-04   3.1730278E-04   2.3398445E-04
   8.6956522E-02   2.0302923E+07   1.0209365E+07   3.0511909E+07   1.3339284E-04   4.5131365E-05   1.0005040E-04
   1.0144928E-01   2.0868177E+07   1.0510566E+07   3.1378526E+07   5.5394645E-05   2.6931103E-04   9.5463734E-05
   1.1594203E-01   2.1720996E+07   1.0867460E+07   3.2587792E+07   1.3104653E-04   2.2073122E-04   1.5348294E-04
   1.3043478E-01   2.2455611E+07   1.1264008E+07   3.3719367E+07   6.2153895E-05   2.4141204E-04   9.1029090E-05
   1.4492754E-01   2.3261001E+07   1.1704759E+07   3.4964623E+07   1.3337406E-04   1.0825152E-04   5.4169642E-05
   1.5942029E-01   2.4165463E+07   1.2146381E+07   3.6310466E+07   1.4119035E-04   4.0944327E-05   1.0735024E-04
   1.7391304E-01   2.5106153E+07   1.2584807E+07   3.7689949E+07   1.5683568E-04   1.3301338E-04   6.3597886E-05
   1.8840580E-01   2.5972591E+07   1.3040648E+07   3.9012423E+07   1.5432618E-04   8.6663988E-05   1.2759931E-04
   2.0289855E-01   2.5916435E+07   1.2990205E+07   3.8905395E+07   1.4819891E-04   1.6946438E-04   1.5044066E-04
   2.1739130E-01   2.3912705E+07   1.2007601E+07   3.5918840E+07   1.5674317E-04   1.9647373E-04   1.1176885E-04
   2.3188406E-01   2.0189515E+07   1.0104087E+07   3.0292087E+07   1.3416281E-04   1.6258131E-04   1.4197373E-04
   2.4637681E-01   1.6202149E+07   8.1273054E+06   2.4328652E+07   6.6684584E-05   4.9920250E-05   5.7649919E-05
   2.6086957E-01   1.3117180E+07   6.5817850E+06   1.9698249E+07   2.5925733E-04   2.4645663E-04   2.5244884E-04
   2.7536232E-01   1.0789094E+07   5.4389542E+06   1.6227769E+07   2.2715030E-04   3.6122514E-04   2.7152495E-04
   2.8985507E-01   9.0466562E+06   4.5465717E+06   1.3592925E+07   2.8304883E-04   2.3117509E-04   2.4364357E-04
   3.0434783E-01   7.6630993E+06   3.8450807E+06   1.1508108E+07   1.7784457E-04   2.6045822E-04   1.6687813E-04
   3.1884058E-01   6.5356856E+06   3.2838241E+06   9.8193375E+06   2.9889282E-04   3.6994772E-04   3.1152158E-04
   3.3333333E-01   5.5761513E+06   2.7994417E+06   8.3753624E+06   2.2380953E-04   2.0963182E-04   2.2042571E-04
   3.4782609E-01   4.7476308E+06   2.3858287E+06   7.1333016E+06   1.9299189E-04   2.4641767E-04   2.0503148E-04
   3.6231884E-01   4.0138525E+06   2.0110029E+06   6.0247341E+06   2.6239258E-04   3.5082158E-04   1.3804732E-04
   3.7681159E-01   3.3831194E+06   1.6770753E+06   5.0601947E+06   3.5106028E-04   2.1680071E-04   2.9545369E-04
   3.9130435E-01   2.7836720E+06   1.3855075E+06   4.1691234E+06   4.1048946E-04   2.5696334E-04   3.4679211E-04
   4.0579710E-01   2.2466351E+06   1.1286759E+06   3.3752569E+06   3.2375225E-04   6.3943536E-04   2.7207383E-04
   4.2028986E-01   1.7806028E+06   8.8994867E+05   2.6705515E+06   8.4056305E-04   4.3174039E-04   6.9341241E-04
   4.3478261E-01   1.3525095E+06   6.7716402E+05   2.0296735E+06   8.7033114E-04   2.6734093E-04   6.3831841E-04
   4.4927536E-01   9.8136678E+05   4.8575810E+05   1.4671004E+06   9.6267750E-04   5.3254410E-04   8.1994150E-04
   4.6376812E-01   6.3263909E+05   3.1817837E+05   9.5081746E+05   1.6713827E-03   1.2931011E-03   1.5437472E-03
   4.7826087E-01   3.4516054E+05   1.7480756E+05   5.1996810E+05   1.9016825E-03   2.8719318E-03   2.2155508E-03
   4.9275362E-01   1.2482598E+05   6.1666394E+04   1.8649237E+05   4.5153038E-03   8.3724860E-03   5.7892906E-03
   5.0724638E-01   2.0480540E+04   1.1149554E+04   3.1630094E+04   2.8534671E-02   2.8081057E-02   2.8372705E-02
   5.2173913E-01   2.5257889E+03   1.2418462E+03   3.7676352E+03   9.5287158E-02   8.0590128E-02   8.7032891E-02
   5.3623188E-01   2.0888957E+03   9.4205101E+02   3.0309467E+03   9.2789334E-02   8.1093611E-02   8.9044352E-02
   5.5072464E-01   2.2133887E+03   9.9702195E+02   3.2104107E+03   1.0639856E-01   5.7997460E-02   9.1367096E-02
   5.6521739E-01   2.3509266E+03   9.9088643E+02   3.3418131E+03   9.9397926E-02   1.2128101E-01   1.0563487E-01
   5.7971014E-01   2.1595495E+03   1.1934353E+03   3.3529848E+03   9.5718222E-02   8.8731920E-02   9.2774104E-02
   5.9420290E-01   2.5134680E+03   9.4255051E+02   3.4560185E+03   1.2346092E-01   1.0552035E-01   1.1824440E-01
   6.0869565E-01   2.2190860E+03   1.1546464E+03   3.3737324E+03   1.2862759E-01   1.5276232E-01   1.3686368E-01
   6.2318841E-01   2.0969922E+03   1.1630377E+03   3.2600299E+03   1.2957236E-01   1.1279165E-01   1.2336319E-01
   6.3768116E-01   2.1182185E+03   1.3604818E+03   3.4787002E+03   1.4219504E-01   1.2639725E-01   1.3552036E-01
   6.5217391E-01   2.4079188E+03   9.7663839E+02   3.3845572E+03   1.6086146E-01   1.2330240E-01   1.4960449E-01
   6.6666667E-01   2.7509136E+03   1.1860226E+03   3.9369362E+03   1.3664658E-01   1.8027262E-01   1.4966088E-01
   6.8115942E-01   2.1764777E+03   1.4348631E+03   3.6113408E+03   1.7258264E-01   1.6060810E-01   1.6758311E-01
   6.9565217E-01   2.0837759E+03   1.2628945E+03   3.3466704E+03   1.4306661E-01   1.8064476E-01   1.5724160E-01
   7.1014493E-01   2.1804260E+03   1.2371211E+03   3.4175471E+03   1.6403434E-01   1.9118230E-01   1.7362526E-01
   7.2463768E-01   2.5005311E+03   9.5474822E+02   3.4552793E+03   1.5460718E-01   1.6326315E-01   1.5690054E-01
   7.3913043E-01   2.0949191E+03   6.9830636E+02   2.7932254E+03   1.7972482E-01   1.7696483E-01   1.7892412E-01
   7.5362319E-01   1.9234854E+03   1.1511769E+03   3.0746623E+03   1.8042199E-01   1.8443702E-01   1.8192283E-01
   7.6811594E-01   1.7442241E+03   9.0070587E+02   2.6449299E+03   1.7930942E-01   1.8976671E-01   1.8267024E-01
   7.8260870E-01   1.7399879E+03   8.6999397E+02   2.6099819E+03   1.9741972E-01   1.9553734E-01   1.9678324E-01
   7.9710145E-01   1.3088179E+03   5.3730419E+02   1.8461221E+03   2.0745992E-01   2.0549080E-01   2.0684573E-01
   8.1159420E-01   1.4207563E+03   5.5477150E+02   1.9755278E+03   2.1271300E-01   1.9954041E-01   2.0900564E-01
   8.2608696E-01   1.2894817E+03   6.2480042E+02   1.9142821E+03   2.2763412E-01   2.3219514E-01   2.2911887E-01
   8.4057971E-01   1.2411204E+03   6.2709243E+02   1.8682129E+03   2.1621885E-01   2.1155270E-01   2.1464959E-01
   8.5507246E-01   1.3485144E+03   3.9813283E+02   1.7466473E+03   1.9633535E-01   1.7416472E-01   1.9115583E-01
   8.6956522E-01   1.0103156E+03   5.5567357E+02   1.5659891E+03   1.9587924E-01   2.3932674E-01   2.1076022E-01
   8.8405797E-01   6.3351756E+02   4.8445460E+02   1.1179722E+03   2.3513828E-01   2.4175362E-01   2.3800014E-01
   8.9855072E-01   7.4551512E+02   3.5442522E+02   1.0999403E+03   2.3455646E-01   2.2003438E-01   2.2984217E-01
   9.1304348E-01   7.4570912E+02   2.6460646E+02   1.0103156E+03   2.1551185E-01   2.9158076E-01   2.3425371E-01
   9.2753623E-01   6.9853851E+02   2.4863235E+02   9.4717086E+02   2.3878971E-01   2.0749411E-01   2.3006400E-01
   9.4202899E-01   3.9635457E+02   2.7977970E+02   6.7613427E+02   1.9460146E-01   2.6071661E-01   2.2036709E-01
   9.5652174E-01   4.3627264E+02   1.6073202E+02   5.9700466E+02   1.9867411E-01   2.3840191E-01   2.0903509E-01
   9.7101449E-01   2.4880906E+02   1.0178552E+02   3.5059459E+02   2.8553570E-01   3.3780668E-01   3.0045825E-01
   9.8550725E-01   2.2286373E+02   1.0028868E+02   3.2315241E+02   2.4208087E-01   1.7199961E-01   2.2029238E-01
   1.0000000E+00   1.0942046E+02   1.5318864E+02   2.6260910E+02   3.9626583E-01   3.3686937E-01   3.6055901E-01
