   0.0000000E+00   1.6985426E+07   9.0685926E+06   2.6054018E+07   1.0633317E-03   2.1874177E-03   2.0550823E-04
   1.4492754E-02   1.6773259E+07   8.6268321E+06   2.5400091E+07   1.4785931E-03   9.3748022E-04   7.1930320E-04
   2.8985507E-02   1.7201759E+07   8.7886089E+06   2.5990368E+07   2.5984091E-04   2.9444009E-04   2.6232831E-04
   4.3478261E-02   1.7425418E+07   8.8405139E+06   2.6265174E+07   1.6991765E-04   4.9028856E-04   2.7113433E-04
   5.7971014E-02   1.7662463E+07   9.0303269E+06   2.6692980E+07   2.2345382E-04   6.2011269E-04   2.0745064E-04
   7.2463768E-02   1.8127335E+07   9.2751517E+06   2.7402335E+07   4.2410886E-04   4.2431738E-04   2.1166363E-04
   8.6956522E-02   1.8698037E+07   9.5202037E+06   2.8218114E+07   2.9353275E-04   8.3627361E-05   1.8625083E-04
   1.0144928E-01   1.9255605E+07   9.8240561E+06   2.9079228E+07   8.4490798E-05   3.3526228E-05   4.8361979E-05
   1.1594203E-01   1.9885000E+07   1.0093526E+07   2.9978336E+07   1.0115266E-04   6.4183434E-05   5.2370476E-05
   1.3043478E-01   2.0418562E+07   1.0421153E+07   3.0839546E+07   8.0754015E-05   3.7419971E-04   7.6349143E-05
   1.4492754E-01   2.1132821E+07   1.0800551E+07   3.1932615E+07   1.2620486E-04   1.7943719E-04   1.4076521E-04
   1.5942029E-01   2.1943779E+07   1.1191564E+07   3.3134930E+07   3.8195339E-05   1.9237748E-04   4.5118287E-05
   1.7391304E-01   2.2762284E+07   1.1595644E+07   3.4357423E+07   1.9434539E-04   2.8775098E-04   2.0187201E-04
   1.8840580E-01   2.3461568E+07   1.1960116E+07   3.5420751E+07   2.1567187E-04   9.5823334E-05   1.5075394E-04
   2.0289855E-01   2.3447999E+07   1.1921471E+07   3.5368496E+07   3.6810223E-04   1.8025904E-04   2.3167328E-04
   2.1739130E-01   2.1891215E+07   1.1092053E+07   3.2982510E+07   1.7593837E-04   8.5084613E-05   1.2972259E-04
   2.3188406E-01   1.8822890E+07   9.5282073E+06   2.8350387E+07   9.3793600E-05   1.9196767E-05   5.5853665E-05
   2.4637681E-01   1.5545726E+07   7.8831359E+06   2.3428193E+07   2.1749769E-04   4.7179105E-05   1.4297336E-04
   2.6086957E-01   1.2989712E+07   6.5438561E+06   1.9532852E+07   2.0866402E-04   4.1180246E-04   2.7365734E-04
   2.7536232E-01   1.0993164E+07   5.5083469E+06   1.6501272E+07   1.6759947E-04   4.3428004E-04   1.6217393E-04
   2.8985507E-01   9.4950847E+06   4.7011878E+06   1.4196159E+07   1.5050661E-04   6.9755829E-04   2.9908587E-04
   3.0434783E-01   8.3005363E+06   4.1094586E+06   1.2409887E+07   1.8038543E-04   8.5152686E-04   3.9343766E-04
   3.1884058E-01   7.2638016E+06   3.5675276E+06   1.0831226E+07   1.4866546E-04   1.4612305E-04   1.3710444E-04
   3.3333333E-01   6.3701935E+06   3.1390066E+06   9.5090353E+06   8.5248780E-06   5.2604672E-04   1.6790153E-04
   3.4782609E-01   5.6101561E+06   2.7335351E+06   8.3436596E+06   2.7944876E-04   3.7068551E-04   1.0225836E-04
   3.6231884E-01   4.9091638E+06   2.3680787E+06   7.2772425E+06   4.8543476E-04   6.5987788E-05   3.1501462E-04
   3.7681159E-01   4.2639883E+06   2.0397980E+06   6.3037572E+06   1.0980239E-03   4.6560708E-04   8.8960528E-04
   3.9130435E-01   3.6551814E+06   1.7495859E+06   5.4047113E+06   5.4251899E-04   7.7900886E-04   6.0465064E-04
   4.0579710E-01   3.0872628E+06   1.4656792E+06   4.5529962E+06   1.0974910E-03   7.3678566E-05   7.2622725E-04
   4.2028986E-01   2.5497317E+06   1.2097919E+06   3.7595236E+06   8.3481894E-04   1.4065089E-03   9.0857213E-04
   4.3478261E-01   2.0661964E+06   9.7018079E+05   3.0363772E+06   1.1695832E-04   1.0052179E-03   3.0380756E-04
   4.4927536E-01   1.5963801E+06   7.3449128E+05   2.3308225E+06   1.4769250E-03   1.2227973E-03   1.3675293E-03
   4.6376812E-01   1.1289566E+06   5.1698953E+05   1.6459462E+06   2.5078258E-03   6.8277039E-04   1.9206027E-03
   4.7826087E-01   6.9801326E+05   3.1296821E+05   1.0110044E+06   3.8211396E-03   1.8535813E-03   3.1434933E-03
   4.9275362E-01   3.1004802E+05   1.3632574E+05   4.4637377E+05   7.9293841E-03   5.3510261E-03   7.1402510E-03
   5.0724638E-01   8.4714961E+04   3.9120863E+04   1.2383582E+05   2.5357063E-02   2.6009094E-02   2.5526298E-02
   5.2173913E-01   2.2458473E+04   8.6297789E+03   3.1088252E+04   6.9849364E-02   6.0321212E-02   6.7152833E-02
   5.3623188E-01   2.0192659E+04   8.2122273E+03   2.8404886E+04   7.8451639E-02   8.1922178E-02   7.9453697E-02
   5.5072464E-01   1.9800856E+04   8.4547462E+03   2.8255602E+04   9.9522695E-02   9.3018039E-02   9.7537726E-02
   5.6521739E-01   2.3023538E+04   8.6071116E+03   3.1630649E+04   1.0476857E-01   9.3426799E-02   1.0168232E-01
   5.7971014E-01   2.2921535E+04   8.0320089E+03   3.0953544E+04   1.1348437E-01   8.8733221E-02   1.0703407E-01
   5.9420290E-01   2.1808031E+04   9.4439865E+03   3.1252018E+04   1.1332988E-01   1.0856628E-01   1.1189031E-01
   6.0869565E-01   2.2389315E+04   9.0026335E+03   3.1391948E+04   1.2373465E-01   1.1520664E-01   1.2127955E-01
   6.2318841E-01   2.0934679E+04   7.4540144E+03   2.8388693E+04   1.3529273E-01   1.1422925E-01   1.2970312E-01
   6.3768116E-01   1.8891753E+04   7.3362688E+03   2.6228022E+04   1.3675369E-01   1.1494239E-01   1.3062454E-01
   6.5217391E-01   1.7057495E+04   6.9038231E+03   2.3961318E+04   1.2744441E-01   1.1970107E-01   1.2521279E-01
   6.6666667E-01   1.5797163E+04   5.3371019E+03   2.1134264E+04   1.4556959E-01   1.1017054E-01   1.3649179E-01
   6.8115942E-01   1.3494162E+04   5.1268142E+03   1.8620976E+04   1.3515659E-01   1.2686858E-01   1.3278713E-01
   6.9565217E-01   1.2565800E+04   4.5622063E+03   1.7128006E+04   1.4450709E-01   1.3775403E-01   1.4254453E-01
   7.1014493E-01   1.0639242E+04   4.1134277E+03   1.4752669E+04   1.5264722E-01   1.2710323E-01   1.4551639E-01
   7.2463768E-01   9.7748032E+03   4.1220876E+03   1.3896891E+04   1.4825557E-01   1.4523665E-01   1.4724525E-01
   7.3913043E-01   9.4939949E+03   3.0903771E+03   1.2584372E+04   1.4616064E-01   1.3599189E-01   1.4365360E-01
   7.5362319E-01   7.9125196E+03   3.1912372E+03   1.1103757E+04   1.4232396E-01   1.4534071E-01   1.4312460E-01
   7.6811594E-01   7.1913500E+03   2.5305546E+03   9.7219046E+03   1.5882761E-01   1.4600505E-01   1.5548638E-01
   7.8260870E-01   6.5810834E+03   2.5678854E+03   9.1489689E+03   1.5738448E-01   1.5579612E-01   1.5693462E-01
   7.9710145E-01   5.6623596E+03   2.1629938E+03   7.8253534E+03   1.6346316E-01   1.5669132E-01   1.6159097E-01
   8.1159420E-01   4.8170403E+03   1.8537487E+03   6.6707890E+03   1.6696288E-01   1.5599140E-01   1.6390574E-01
   8.2608696E-01   4.7857054E+03   1.6085288E+03   6.3942341E+03   1.7939604E-01   1.4796657E-01   1.7148626E-01
   8.4057971E-01   4.2459383E+03   1.5807955E+03   5.8267338E+03   1.7776905E-01   1.6243728E-01   1.7320409E-01
   8.5507246E-01   3.6217245E+03   1.3228284E+03   4.9445529E+03   1.8725891E-01   1.4778201E-01   1.7668480E-01
   8.6956522E-01   3.4098151E+03   1.3007813E+03   4.7105964E+03   1.8518177E-01   1.5902355E-01   1.7771651E-01
   8.8405797E-01   2.8073523E+03   9.0679964E+02   3.7141519E+03   2.0174908E-01   1.8048375E-01   1.9655486E-01
   8.9855072E-01   2.4565334E+03   8.6773072E+02   3.3242642E+03   2.0179058E-01   1.4510442E-01   1.8698289E-01
   9.1304348E-01   2.2250998E+03   5.2921292E+02   2.7543127E+03   1.9912928E-01   2.1534941E-01   2.0224501E-01
   9.2753623E-01   1.3970770E+03   5.6830251E+02   1.9653795E+03   2.2058757E-01   1.7948488E-01   2.0857669E-01
   9.4202899E-01   1.5387883E+03   5.7121688E+02   2.1100052E+03   2.2505460E-01   1.9156612E-01   2.1595563E-01
   9.5652174E-01   1.1251242E+03   4.9367693E+02   1.6188011E+03   1.9690347E-01   1.5814737E-01   1.8507285E-01
   9.7101449E-01   8.7083171E+02   2.7142807E+02   1.1422598E+03   2.5695476E-01   2.7091553E-01   2.6006531E-01
   9.8550725E-01   4.9030021E+02   2.3400692E+02   7.2430712E+02   2.7477179E-01   2.2717888E-01   2.5939465E-01
   1.0000000E+00   2.1884092E+02   1.3130455E+02   3.5014547E+02   3.3885729E-01   6.9665293E-02   2.3694896E-01
