   0.0000000E+00   1.8034133E+07   8.8503645E+06   2.6884498E+07   1.9812065E-03   2.3150930E-03   2.0335034E-03
   1.4492754E-02   1.8081113E+07   8.9246227E+06   2.7005735E+07   1.6080983E-04   4.0507049E-04   7.0754836E-05
   2.8985507E-02   1.8181134E+07   9.0769277E+06   2.7258062E+07   4.4939058E-05   2.9384928E-04   8.0513502E-05
   4.3478261E-02   1.8527672E+07   9.3580480E+06   2.7885720E+07   1.8562658E-04   1.4778035E-04   1.7237194E-04
   5.7971014E-02   1.8800963E+07   9.5156573E+06   2.8316430E+07   8.7491107E-05   9.6307485E-05   2.5901347E-05
   7.2463768E-02   1.9420640E+07   9.7049399E+06   2.9125125E+07   1.5772652E-04   1.2713041E-04   1.4498295E-04
   8.6956522E-02   1.9896397E+07   9.9481986E+06   2.9844343E+07   1.9233740E-04   6.2911085E-05   1.0949068E-04
   1.0144928E-01   2.0372725E+07   1.0277507E+07   3.0650124E+07   9.5805398E-05   1.2715337E-04   7.9942996E-05
   1.1594203E-01   2.1047747E+07   1.0610682E+07   3.1657670E+07   1.2288463E-04   2.0235067E-04   1.3636387E-04
   1.3043478E-01   2.1704525E+07   1.0910651E+07   3.2614418E+07   1.2329790E-04   2.4012135E-04   9.3179536E-05
   1.4492754E-01   2.2421656E+07   1.1241024E+07   3.3662149E+07   9.3699154E-05   1.1043854E-04   3.6864249E-05
   1.5942029E-01   2.3166904E+07   1.1604048E+07   3.4770263E+07   4.4951237E-05   1.7494790E-04   8.5239572E-05
   1.7391304E-01   2.3932608E+07   1.2063736E+07   3.5995208E+07   7.0262881E-05   1.1525867E-04   3.0137326E-05
   1.8840580E-01   2.4626151E+07   1.2375006E+07   3.6999933E+07   6.2766677E-05   5.0334370E-05   5.8385620E-05
   2.0289855E-01   2.4504338E+07   1.2274577E+07   3.6777670E+07   8.6415617E-05   4.4689504E-05   4.6381280E-05
   2.1739130E-01   2.2570450E+07   1.1327204E+07   3.3895987E+07   4.7593860E-05   1.9887686E-04   8.8478290E-05
   2.3188406E-01   1.9226905E+07   9.6859112E+06   2.8912011E+07   4.2283510E-05   3.9273609E-05   1.5854549E-05
   2.4637681E-01   1.5736141E+07   7.9286447E+06   2.3663938E+07   1.6242602E-04   1.0950784E-04   1.3802061E-04
   2.6086957E-01   1.2919916E+07   6.4740601E+06   1.9393344E+07   2.3197499E-04   1.3957530E-04   1.9704633E-04
   2.7536232E-01   1.0831806E+07   5.4422643E+06   1.6273711E+07   1.9510351E-04   2.6739999E-05   1.2651620E-04
   2.8985507E-01   9.2340066E+06   4.6433346E+06   1.3877000E+07   1.8617606E-04   1.7711148E-04   7.6428135E-05
   3.0434783E-01   7.9401062E+06   3.9942826E+06   1.1934100E+07   4.2400510E-05   1.7869957E-04   8.6682653E-05
   3.1884058E-01   6.8947839E+06   3.4357503E+06   1.0330500E+07   2.0417288E-04   8.4542901E-05   1.6278660E-04
   3.3333333E-01   5.9946526E+06   2.9873933E+06   8.9818483E+06   1.4451799E-04   6.3059049E-04   3.0002212E-04
   3.4782609E-01   5.1504625E+06   2.5643704E+06   7.7147698E+06   4.0961949E-04   2.0859687E-04   3.4183966E-04
   3.6231884E-01   4.4489449E+06   2.2228963E+06   6.6717806E+06   2.5447818E-04   3.6024558E-04   2.7617379E-04
   3.7681159E-01   3.7856816E+06   1.8966441E+06   5.6822674E+06   5.7180320E-04   7.0095026E-04   5.1412698E-04
   3.9130435E-01   3.2169851E+06   1.6189746E+06   4.8359036E+06   3.3959623E-04   6.9643921E-04   4.5903865E-04
   4.0579710E-01   2.6729703E+06   1.3293678E+06   4.0022840E+06   5.9727770E-04   3.6711295E-04   5.0881278E-04
   4.2028986E-01   2.1845549E+06   1.0909579E+06   3.2754344E+06   3.0374002E-04   9.0545260E-04   4.3129669E-04
   4.3478261E-01   1.7326660E+06   8.5826308E+05   2.5909290E+06   8.9802377E-04   7.8920098E-04   8.3063943E-04
   4.4927536E-01   1.3126688E+06   6.6206632E+05   1.9747351E+06   5.9200973E-04   1.3532400E-03   8.2737140E-04
   4.6376812E-01   9.1378308E+05   4.4983512E+05   1.3635945E+06   1.6587454E-03   1.6255455E-03   1.6452298E-03
   4.7826087E-01   5.3819970E+05   2.6114362E+05   7.9934332E+05   2.8973310E-03   2.0199498E-03   2.6036096E-03
   4.9275362E-01   2.2540438E+05   1.0944838E+05   3.3485276E+05   7.3675478E-03   7.6718783E-03   7.4084071E-03
   5.0724638E-01   5.5899318E+04   2.7473367E+04   8.3372685E+04   2.2609291E-02   2.5429947E-02   2.3434107E-02
   5.2173913E-01   1.0061059E+04   4.1465035E+03   1.4207563E+04   6.8618525E-02   7.4695902E-02   7.0375291E-02
   5.3623188E-01   8.5603766E+03   3.2357404E+03   1.1796117E+04   8.4008592E-02   6.7399531E-02   7.9452464E-02
   5.5072464E-01   7.8964139E+03   3.9083261E+03   1.1804740E+04   1.0778515E-01   1.1630183E-01   1.1001307E-01
   5.6521739E-01   7.8882332E+03   3.5943920E+03   1.1482625E+04   1.1596652E-01   1.1995939E-01   1.1716913E-01
   5.7971014E-01   8.2972167E+03   4.0538913E+03   1.2351108E+04   1.1844103E-01   1.1615189E-01   1.1753271E-01
   5.9420290E-01   7.9100317E+03   3.7702020E+03   1.1680234E+04   1.2344765E-01   1.0392053E-01   1.1663204E-01
   6.0869565E-01   7.6134495E+03   3.1752775E+03   1.0788727E+04   1.2881239E-01   1.2526125E-01   1.2731949E-01
   6.2318841E-01   7.2601747E+03   3.5772220E+03   1.0837397E+04   1.2987073E-01   1.4120387E-01   1.3356086E-01
   6.3768116E-01   7.4051540E+03   3.6164705E+03   1.1021624E+04   1.4817269E-01   1.4457311E-01   1.4695883E-01
   6.5217391E-01   6.2976338E+03   2.8793994E+03   9.1770332E+03   1.5737326E-01   1.5154597E-01   1.5534441E-01
   6.6666667E-01   5.5018272E+03   2.7014960E+03   8.2033232E+03   1.7568824E-01   1.7490081E-01   1.7532795E-01
   6.8115942E-01   4.8688612E+03   2.4666747E+03   7.3355360E+03   1.7723341E-01   1.7451634E-01   1.7601373E-01
   6.9565217E-01   5.2094397E+03   2.1311344E+03   7.3405741E+03   1.8757548E-01   1.8430152E-01   1.8661282E-01
   7.1014493E-01   3.6649713E+03   1.6082575E+03   5.2732288E+03   1.6991455E-01   1.9653942E-01   1.7798456E-01
   7.2463768E-01   4.0463139E+03   1.5306281E+03   5.5769420E+03   1.9349084E-01   1.9982660E-01   1.9501616E-01
   7.3913043E-01   3.1498074E+03   1.6491916E+03   4.7989990E+03   2.0745779E-01   2.1493560E-01   2.1002724E-01
   7.5362319E-01   2.9726593E+03   1.1511769E+03   4.1238362E+03   2.1312585E-01   2.1946599E-01   2.1489186E-01
   7.6811594E-01   2.4733669E+03   1.1008627E+03   3.5742296E+03   2.3259978E-01   2.0473628E-01   2.2400392E-01
   7.8260870E-01   2.0486955E+03   1.0524121E+03   3.1011075E+03   2.4629863E-01   2.3008985E-01   2.4046857E-01
   7.9710145E-01   1.8598991E+03   8.9550699E+02   2.7554061E+03   2.4212854E-01   2.4466652E-01   2.4288482E-01
   8.1159420E-01   1.7049075E+03   6.9008162E+02   2.3949892E+03   2.5903868E-01   2.6911372E-01   2.6194078E-01
   8.2608696E-01   1.2761881E+03   6.3809405E+02   1.9142821E+03   2.4562256E-01   2.4407358E-01   2.4485377E-01
   8.4057971E-01   1.2541849E+03   6.6628570E+02   1.9204706E+03   2.8730967E-01   3.0055641E-01   2.9183497E-01
   8.5507246E-01   9.5038160E+02   4.7519080E+02   1.4255724E+03   3.0750309E-01   3.1925547E-01   3.1142048E-01
   8.6956522E-01   1.0355735E+03   4.4201307E+02   1.4775865E+03   3.0935016E-01   2.7844854E-01   3.0009412E-01
   8.8405797E-01   8.0742434E+02   3.3539165E+02   1.1428160E+03   2.9552945E-01   3.0789295E-01   2.9912944E-01
   8.9855072E-01   6.1107797E+02   4.3997614E+02   1.0510541E+03   2.7962811E-01   3.2476210E-01   2.9847285E-01
   9.1304348E-01   6.8557129E+02   4.0893726E+02   1.0945085E+03   3.3149156E-01   2.9650589E-01   3.1833370E-01
   9.2753623E-01   5.4462324E+02   3.1967016E+02   8.6429341E+02   3.3232170E-01   3.2263637E-01   3.2658878E-01
   9.4202899E-01   5.1292945E+02   2.4480724E+02   7.5773668E+02   3.4969615E-01   3.0679374E-01   3.3523055E-01
   9.5652174E-01   4.1331092E+02   1.6073202E+02   5.7404294E+02   3.4176524E-01   3.3572660E-01   3.4007224E-01
   9.7101449E-01   2.6011856E+02   6.7857016E+01   3.2797558E+02   3.6502835E-01   3.7725433E-01   3.6742913E-01
   9.8550725E-01   1.7829098E+02   7.8002306E+01   2.5629329E+02   3.4992773E-01   4.0070557E-01   3.6140041E-01
   1.0000000E+00   6.5652276E+01   2.1884092E+01   8.7536368E+01   3.8931122E-01   4.2803575E-01   3.9501787E-01
