   0.0000000E+00   1.8416032E+07   9.4686776E+06   2.7884710E+07   3.8730109E-03   6.6971769E-04   2.6617590E-03
   1.4492754E-02   1.8420579E+07   9.5308120E+06   2.7951391E+07   3.1893426E-03   1.7950165E-04   2.1575295E-03
   2.8985507E-02   1.8606603E+07   9.5861268E+06   2.8192730E+07   1.4428142E-03   1.1611951E-04   9.1377997E-04
   4.3478261E-02   1.9008077E+07   9.7293390E+06   2.8737416E+07   6.9188955E-04   8.1750049E-05   4.7786342E-04
   5.7971014E-02   1.9294628E+07   9.9079754E+06   2.9202604E+07   1.3112569E-03   2.9682943E-05   8.6866563E-04
   7.2463768E-02   1.9757075E+07   1.0091537E+07   2.9848309E+07   1.1501141E-03   5.8457029E-05   7.7602690E-04
   8.6956522E-02   2.0294335E+07   1.0409029E+07   3.0703364E+07   1.0765394E-03   4.2235179E-05   6.9862247E-04
   1.0144928E-01   2.0933991E+07   1.0819506E+07   3.1753172E+07   4.9804737E-04   2.8690352E-05   3.1932032E-04
   1.1594203E-01   2.1715597E+07   1.1013987E+07   3.2729394E+07   4.7121658E-04   5.0131101E-05   3.0573251E-04
   1.3043478E-01   2.2423617E+07   1.1347865E+07   3.3771061E+07   3.7192361E-04   8.0432115E-05   2.5086241E-04
   1.4492754E-01   2.3244482E+07   1.1805159E+07   3.5049565E+07   7.9673364E-04   3.2524503E-05   5.3488728E-04
   1.5942029E-01   2.4161812E+07   1.2169113E+07   3.6330443E+07   2.4599933E-04   6.1559093E-05   1.6987533E-04
   1.7391304E-01   2.4886472E+07   1.2503034E+07   3.7389127E+07   1.0694120E-03   5.3053060E-05   7.0445422E-04
   1.8840580E-01   2.5332595E+07   1.2741459E+07   3.8073004E+07   2.1028320E-03   9.6771146E-06   1.4012849E-03
   2.0289855E-01   2.4895385E+07   1.2514887E+07   3.7409514E+07   2.5516441E-03   7.2796044E-06   1.6966155E-03
   2.1739130E-01   2.3035953E+07   1.1549726E+07   3.4584870E+07   2.4786311E-03   6.2194953E-05   1.6305598E-03
   2.3188406E-01   1.9894282E+07   9.9936944E+06   2.9887597E+07   3.8445004E-04   1.3227186E-04   2.1605649E-04
   2.4637681E-01   1.6505511E+07   8.2785407E+06   2.4783517E+07   9.5708301E-04   1.3445666E-04   6.8274031E-04
   2.6086957E-01   1.3461361E+07   6.7456245E+06   2.0206606E+07   2.4087973E-03   2.9374165E-04   1.7020429E-03
   2.7536232E-01   1.1072447E+07   5.5718771E+06   1.6644284E+07   1.7628877E-03   4.2836661E-04   1.3161751E-03
   2.8985507E-01   9.2735225E+06   4.6493965E+06   1.3922805E+07   2.5185374E-03   5.2788114E-04   1.8539719E-03
   3.0434783E-01   7.8165591E+06   3.9150450E+06   1.1731460E+07   1.6261658E-03   6.8135980E-04   1.2799281E-03
   3.1884058E-01   6.6263040E+06   3.2992889E+06   9.9255584E+06   1.4086401E-03   7.0659531E-04   1.1596293E-03
   3.3333333E-01   5.6159490E+06   2.8127845E+06   8.4286675E+06   1.4537096E-03   7.5517523E-04   1.1571028E-03
   3.4782609E-01   4.7724466E+06   2.3712107E+06   7.1435942E+06   1.4598379E-03   9.0715547E-04   1.2218596E-03
   3.6231884E-01   4.0357056E+06   1.9967877E+06   6.0324933E+06   6.0124878E-04   1.1483492E-03   7.8048128E-04
   3.7681159E-01   3.3592507E+06   1.6523614E+06   5.0115830E+06   7.6118254E-04   1.2696824E-03   7.7172517E-04
   3.9130435E-01   2.7808375E+06   1.3672657E+06   4.1480471E+06   2.9049982E-04   1.3119278E-03   5.4245274E-04
   4.0579710E-01   2.2507486E+06   1.0996112E+06   3.3503327E+06   5.4848742E-04   1.4315670E-03   4.6588857E-04
   4.2028986E-01   1.7853060E+06   8.6110242E+05   2.6464084E+06   1.1163026E-03   1.7360045E-03   1.0139987E-03
   4.3478261E-01   1.3633704E+06   6.5268912E+05   2.0160595E+06   2.0634206E-03   1.8806035E-03   1.9937598E-03
   4.4927536E-01   9.8276004E+05   4.5742853E+05   1.4401886E+06   7.8594653E-04   2.1768916E-03   1.1325135E-03
   4.6376812E-01   6.5030383E+05   2.9871401E+05   9.4901784E+05   1.9144496E-03   2.7021986E-03   7.7583058E-04
   4.7826087E-01   3.6405803E+05   1.6543918E+05   5.2949721E+05   3.0383226E-03   2.6456629E-03   2.8944312E-03
   4.9275362E-01   1.5221593E+05   6.6301960E+04   2.1851789E+05   1.6364313E-02   5.5959694E-03   1.3046802E-02
   5.0724638E-01   3.8103330E+04   1.3487713E+04   5.1591043E+04   3.4241230E-02   2.5601463E-03   2.5853879E-02
   5.2173913E-01   8.5876824E+03   8.2088141E+02   9.4085638E+03   1.5355183E-02   1.1089774E-02   1.4977614E-02
   5.3623188E-01   8.4784591E+03   3.8910803E+02   8.8675671E+03   8.6849927E-03   5.8500743E-06   8.3041025E-03
   5.5072464E-01   7.8764734E+03   2.3928527E+02   8.1157587E+03   8.9940244E-03   2.4464622E-02   9.4025094E-03
   5.6521739E-01   8.7236864E+03   1.1657487E+02   8.8402613E+03   9.3120796E-03   1.8443975E-05   9.1894839E-03
   5.7971014E-01   8.9034060E+03   2.4626442E+02   9.1496705E+03   1.0128007E-02   4.5226298E-06   9.8553115E-03
   5.9420290E-01   9.2406913E+03   2.7722074E+02   9.5179120E+03   1.5343862E-02   1.4846653E-05   1.4897119E-02
   6.0869565E-01   9.3815018E+03   1.8041350E+02   9.5619153E+03   1.3138656E-02   1.5878827E-05   1.2890506E-02
   6.2318841E-01   9.0399749E+03   8.8108917E+01   9.1280838E+03   8.2007164E-03   1.0227302E-05   8.1214850E-03
   6.3768116E-01   1.0659977E+04   8.6106441E+01   1.0746084E+04   9.2236499E-03   4.1161127E-06   9.1497226E-03
   6.5217391E-01   9.8674155E+03   1.5154734E+02   1.0018963E+04   6.3431027E-03   4.3301090E-06   6.2471181E-03
   6.6666667E-01   1.0690676E+04   1.6472537E+01   1.0707149E+04   8.6899365E-03   4.3419677E-06   8.6765707E-03
   6.8115942E-01   1.0624436E+04   3.2244114E+01   1.0656680E+04   7.2734854E-03   7.1538993E-07   7.2514760E-03
   6.9565217E-01   1.0639886E+04   6.3144724E+01   1.0703031E+04   4.7089376E-03   1.9486837E-05   4.6812634E-03
   7.1014493E-01   1.0407281E+04   0.0000000E+00   1.0407281E+04   3.2186336E-03   0.0000000E+00   3.2186336E-03
   7.2463768E-01   9.9566600E+03   6.0618935E+01   1.0017279E+04   1.4161994E-03   1.4073684E-05   1.4077090E-03
   7.3913043E-01   1.0548883E+04   1.4857582E+01   1.0563741E+04   2.5845456E-03   9.3228657E-06   2.5809224E-03
   7.5362319E-01   1.0768604E+04   1.4571859E+01   1.0783176E+04   1.5056370E-03   9.4420479E-06   1.5036151E-03
   7.6811594E-01   1.0422454E+04   2.8593837E+01   1.0451047E+04   1.7057134E-03   3.4241312E-06   1.7010375E-03
   7.8260870E-01   1.0832828E+04   1.4032161E+01   1.0846860E+04   9.0010321E-04   7.5740650E-06   8.9892981E-04
   7.9710145E-01   1.0718530E+04   0.0000000E+00   1.0718530E+04   4.4191340E-04   0.0000000E+00   4.4191340E-04
   8.1159420E-01   1.0256507E+04   0.0000000E+00   1.0256507E+04   5.4572241E-04   0.0000000E+00   5.4572241E-04
   8.2608696E-01   9.4650617E+03   0.0000000E+00   9.4650617E+03   9.0051361E-06   0.0000000E+00   9.0051361E-06
   8.4057971E-01   9.5762240E+03   0.0000000E+00   9.5762240E+03   8.6886726E-05   0.0000000E+00   8.6886726E-05
   8.5507246E-01   8.8745093E+03   0.0000000E+00   8.8745093E+03   4.4089010E-04   0.0000000E+00   4.4089010E-04
   8.6956522E-01   8.4740219E+03   0.0000000E+00   8.4740219E+03   3.6153997E-06   0.0000000E+00   3.6153997E-06
   8.8405797E-01   7.5773668E+03   0.0000000E+00   7.5773668E+03   6.0610141E-06   0.0000000E+00   6.0610141E-06
   8.9855072E-01   8.0540077E+03   0.0000000E+00   8.0540077E+03   1.9756462E-05   0.0000000E+00   1.9756462E-05
   9.1304348E-01   6.9639610E+03   0.0000000E+00   6.9639610E+03   1.6644731E-05   0.0000000E+00   1.6644731E-05
   9.2753623E-01   6.1921295E+03   0.0000000E+00   6.1921295E+03   8.2074862E-07   0.0000000E+00   8.2074862E-07
   9.4202899E-01   5.5256490E+03   0.0000000E+00   5.5256490E+03   1.0579323E-05   0.0000000E+00   1.0579323E-05
   9.5652174E-01   4.9597310E+03   0.0000000E+00   4.9597310E+03   5.2767193E-07   0.0000000E+00   5.2767193E-07
   9.7101449E-01   3.8678499E+03   0.0000000E+00   3.8678499E+03   5.1670312E-06   0.0000000E+00   5.1670312E-06
   9.8550725E-01   2.2732101E+03   0.0000000E+00   2.2732101E+03   1.0151315E-05   0.0000000E+00   1.0151315E-05
   1.0000000E+00   9.6290005E+02   0.0000000E+00   9.6290005E+02   3.2295998E-06   0.0000000E+00   3.2295998E-06
