   0.0000000E+00   1.7876524E+07   8.9291691E+06   2.6805693E+07   2.6476358E-03   1.2703910E-03   1.3442128E-03
   1.4492754E-02   1.7972756E+07   9.0534379E+06   2.7024679E+07   2.7046398E-04   8.3322402E-04   1.1052471E-04
   2.8985507E-02   1.8131881E+07   8.9943344E+06   2.7126216E+07   1.3806932E-04   3.4878689E-04   3.2462998E-05
   4.3478261E-02   1.8310454E+07   9.2683825E+06   2.7578837E+07   5.2928935E-04   4.1812872E-04   4.9145696E-04
   5.7971014E-02   1.8800015E+07   9.5537335E+06   2.8353749E+07   1.2441854E-04   2.1661335E-05   8.4127754E-05
   7.2463768E-02   1.9418063E+07   9.7213070E+06   2.9138764E+07   1.0878204E-04   1.3548766E-04   5.0262433E-05
   8.6956522E-02   2.0146703E+07   1.0108839E+07   3.0255163E+07   2.2374179E-04   1.0187661E-04   1.7621980E-04
   1.0144928E-01   2.0743908E+07   1.0314203E+07   3.1057029E+07   6.2568595E-05   2.6508374E-04   9.7226347E-05
   1.1594203E-01   2.1415154E+07   1.0738550E+07   3.2153230E+07   1.2099189E-04   9.7819270E-05   8.6539529E-05
   1.3043478E-01   2.2243445E+07   1.1123743E+07   3.3366430E+07   9.3899829E-05   1.6404170E-04   8.4401920E-05
   1.4492754E-01   2.3018677E+07   1.1515324E+07   3.4532485E+07   1.9309326E-05   1.9385707E-05   1.9023907E-05
   1.5942029E-01   2.3871599E+07   1.1987188E+07   3.5857684E+07   1.5329625E-04   1.5406934E-04   1.5256838E-04
   1.7391304E-01   2.4819791E+07   1.2445130E+07   3.7263596E+07   7.4455412E-05   7.0704988E-05   2.6780888E-05
   1.8840580E-01   2.5677540E+07   1.2811754E+07   3.8486262E+07   6.8294956E-05   5.9155472E-05   6.4154991E-05
   2.0289855E-01   2.5608469E+07   1.2844665E+07   3.8451348E+07   1.2755668E-04   5.3463535E-05   9.0686106E-05
   2.1739130E-01   2.3667299E+07   1.1936474E+07   3.5601298E+07   7.9685526E-05   9.0560223E-05   8.2888049E-05
   2.3188406E-01   2.0024613E+07   1.0052182E+07   3.0075421E+07   1.2277270E-05   7.1988575E-05   3.1743494E-05
   2.4637681E-01   1.6120402E+07   8.1169199E+06   2.4236119E+07   1.9753778E-04   1.9846120E-04   1.9554153E-04
   2.6086957E-01   1.3091880E+07   6.5637677E+06   1.9654848E+07   1.0092111E-04   1.1434659E-04   1.0460984E-04
   2.7536232E-01   1.0811028E+07   5.4136298E+06   1.6224060E+07   2.0370437E-04   3.3994908E-04   2.3429925E-04
   2.8985507E-01   9.0959469E+06   4.5641511E+06   1.3659757E+07   6.0681842E-05   3.0869043E-04   1.1127668E-04
   3.0434783E-01   7.7685691E+06   3.8971119E+06   1.1665464E+07   2.3646464E-04   8.4189782E-05   1.7565394E-04
   3.1884058E-01   6.6499660E+06   3.3361768E+06   9.9860051E+06   8.7206281E-05   2.0744255E-04   1.1457346E-04
   3.3333333E-01   5.6566032E+06   2.8447412E+06   8.5012126E+06   6.4033503E-05   1.3776189E-04   1.1936825E-05
   3.4782609E-01   4.8606598E+06   2.4319875E+06   7.2925526E+06   2.6049225E-04   3.4323055E-04   2.8755770E-04
   3.6231884E-01   4.1152073E+06   2.0469499E+06   6.1620056E+06   4.8037193E-04   5.3545548E-04   4.6818426E-04
   3.7681159E-01   3.4717746E+06   1.7260076E+06   5.1976948E+06   5.5425394E-04   1.9368713E-04   4.2804095E-04
   3.9130435E-01   2.8925616E+06   1.4378194E+06   4.3303529E+06   5.6436868E-04   5.3223457E-04   4.9176545E-04
   4.0579710E-01   2.3735290E+06   1.1869133E+06   3.5604423E+06   5.4880042E-04   4.5534031E-04   4.5889507E-04
   4.2028986E-01   1.8701725E+06   9.4359120E+05   2.8137637E+06   7.5892128E-04   2.7827725E-04   5.8157047E-04
   4.3478261E-01   1.4521266E+06   7.2265348E+05   2.1747801E+06   5.8024062E-04   9.3737928E-04   6.2533753E-04
   4.4927536E-01   1.0606114E+06   5.2679810E+05   1.5874095E+06   1.4413003E-03   7.5241844E-04   1.1004487E-03
   4.6376812E-01   7.0048021E+05   3.4893774E+05   1.0494179E+06   1.7561590E-03   1.3990984E-03   1.6167783E-03
   4.7826087E-01   3.8456285E+05   1.9719523E+05   5.8173512E+05   1.9520652E-03   1.1503153E-03   1.6670744E-03
   4.9275362E-01   1.5154734E+05   7.2765008E+04   2.2431234E+05   6.2754460E-03   6.2382357E-03   6.2546287E-03
   5.0724638E-01   2.8945541E+04   1.3162969E+04   4.2108510E+04   2.5330480E-02   2.1802470E-02   2.4056932E-02
   5.2173913E-01   5.9777005E+03   3.3256221E+03   9.3033226E+03   7.2173221E-02   6.9142218E-02   7.0702294E-02
   5.3623188E-01   5.4475124E+03   2.5394419E+03   7.9869542E+03   8.4157326E-02   6.9953854E-02   7.9639779E-02
   5.5072464E-01   5.3839185E+03   2.2133887E+03   7.5973073E+03   9.5002435E-02   1.1009046E-01   9.9297530E-02
   5.6521739E-01   5.8676020E+03   2.9532302E+03   8.8208322E+03   1.1359728E-01   1.0373187E-01   1.1026814E-01
   5.7971014E-01   6.1187237E+03   3.0498902E+03   9.1686139E+03   1.0673715E-01   1.2686710E-01   1.1341683E-01
   5.9420290E-01   5.8585983E+03   3.0124654E+03   8.8710636E+03   1.1599177E-01   1.1079537E-01   1.1413025E-01
   6.0869565E-01   5.9716867E+03   2.1288793E+03   8.1005660E+03   1.1544228E-01   1.2100599E-01   1.1687058E-01
   6.2318841E-01   5.2865350E+03   2.4141843E+03   7.7007193E+03   1.1796625E-01   1.1193115E-01   1.1591049E-01
   6.3768116E-01   5.5108122E+03   2.5659720E+03   8.0767842E+03   1.4145121E-01   1.5033145E-01   1.4424403E-01
   6.5217391E-01   4.9505463E+03   2.6099819E+03   7.5605282E+03   1.2531817E-01   1.3133369E-01   1.2730600E-01
   6.6666667E-01   4.6287828E+03   2.4544080E+03   7.0831907E+03   1.3846567E-01   1.4022910E-01   1.3851348E-01
   6.8115942E-01   4.2401010E+03   2.4344306E+03   6.6745316E+03   1.4759646E-01   1.2869068E-01   1.4068733E-01
   6.9565217E-01   4.1359794E+03   2.3994995E+03   6.5354789E+03   1.2670861E-01   1.5131307E-01   1.3545780E-01
   7.1014493E-01   3.7113634E+03   1.6391855E+03   5.3505488E+03   1.4264747E-01   1.3431099E-01   1.3994564E-01
   7.2463768E-01   3.4855887E+03   1.6973302E+03   5.1829189E+03   1.5737502E-01   1.6833794E-01   1.6086821E-01
   7.3913043E-01   3.2092377E+03   1.6194764E+03   4.8287142E+03   1.4078811E-01   1.2595680E-01   1.3558101E-01
   7.5362319E-01   2.9580874E+03   1.4426141E+03   4.4007015E+03   1.5661591E-01   1.6062072E-01   1.5790048E-01
   7.6811594E-01   2.7164145E+03   1.1866442E+03   3.9030588E+03   1.6557769E-01   1.7325965E-01   1.6756392E-01
   7.8260870E-01   2.2872422E+03   1.1366050E+03   3.4238472E+03   1.4948658E-01   1.7251899E-01   1.5586801E-01
   7.9710145E-01   2.0390005E+03   1.0883854E+03   3.1273860E+03   1.5622376E-01   1.5000879E-01   1.5378172E-01
   8.1159420E-01   1.8266866E+03   8.7951579E+02   2.7062024E+03   1.5122159E-01   1.8669702E-01   1.6267418E-01
   8.2608696E-01   1.8611076E+03   7.9761756E+02   2.6587252E+03   1.9114007E-01   1.6516212E-01   1.8286823E-01
   8.4057971E-01   1.6069243E+03   6.0096358E+02   2.2078879E+03   1.4695383E-01   1.8362469E-01   1.5620980E-01
   8.5507246E-01   1.4255724E+03   7.0636471E+02   2.1319371E+03   1.6449866E-01   1.5671552E-01   1.6191789E-01
   8.6956522E-01   1.1492340E+03   6.3144724E+02   1.7806812E+03   1.9400382E-01   2.2489448E-01   2.0473122E-01
   8.8405797E-01   1.0682845E+03   6.7078329E+02   1.7390678E+03   1.8554289E-01   1.8343193E-01   1.8466824E-01
   8.9855072E-01   8.5550916E+02   3.6664678E+02   1.2221559E+03   1.9040967E-01   1.9582991E-01   1.8947164E-01
   9.1304348E-01   8.6598478E+02   4.3299239E+02   1.2989772E+03   1.6004440E-01   1.8922560E-01   1.6878062E-01
   9.2753623E-01   7.6957632E+02   3.5518907E+02   1.1247654E+03   2.0957952E-01   2.3799584E-01   2.1645958E-01
   9.4202899E-01   5.8287437E+02   2.9143719E+02   8.7431156E+02   1.8889397E-01   1.9523242E-01   1.9055710E-01
   9.5652174E-01   4.1331092E+02   2.8702147E+02   7.0033239E+02   1.8555693E-01   2.0410915E-01   1.9281693E-01
   9.7101449E-01   4.2976110E+02   1.3571403E+02   5.6547514E+02   2.3089664E-01   1.8743637E-01   2.2029361E-01
   9.8550725E-01   2.1172054E+02   1.4486142E+02   3.5658197E+02   2.8801080E-01   1.0432706E-01   2.1203243E-01
   1.0000000E+00   8.7536368E+01   6.5652276E+01   1.5318864E+02   5.4497367E-05   2.7590218E-01   1.1826663E-01
