   0.0000000E+00   1.7312768E+07   9.3110684E+06   2.6623836E+07   2.8328567E-03   2.7352966E-03   2.7946749E-03
   1.4492754E-02   1.7728765E+07   8.7867146E+06   2.6515480E+07   7.5407102E-04   3.4020936E-04   5.4351402E-04
   2.8985507E-02   1.7937143E+07   9.0469971E+06   2.6983761E+07   1.9796914E-04   6.5837446E-04   2.5434037E-04
   4.3478261E-02   1.8249835E+07   9.2082688E+06   2.7457599E+07   1.6614060E-04   3.2748712E-04   2.0962348E-04
   5.7971014E-02   1.8678399E+07   9.3714979E+06   2.8049518E+07   2.1626208E-04   2.5998966E-04   1.5426998E-04
   7.2463768E-02   1.9095571E+07   9.6141630E+06   2.8709582E+07   6.2555555E-05   1.6222172E-04   6.7154418E-05
   8.6956522E-02   1.9730832E+07   9.8861905E+06   2.9616391E+07   1.3632881E-04   1.0187851E-04   1.2273654E-04
   1.0144928E-01   2.0262637E+07   1.0244708E+07   3.0506695E+07   6.2449982E-05   2.3391836E-05   3.6292165E-05
   1.1594203E-01   2.0943274E+07   1.0567301E+07   3.1509533E+07   7.1098356E-05   2.4148124E-04   7.2230783E-05
   1.3043478E-01   2.1655862E+07   1.0909219E+07   3.2563987E+07   1.6670471E-04   1.1342285E-04   1.4103453E-04
   1.4492754E-01   2.2302388E+07   1.1264210E+07   3.3566144E+07   4.7249233E-05   3.5831642E-04   1.2079914E-04
   1.5942029E-01   2.3219325E+07   1.1681751E+07   3.4900456E+07   5.7499703E-05   1.9842967E-04   1.0428250E-04
   1.7391304E-01   2.4057003E+07   1.2121135E+07   3.6177254E+07   5.3907512E-05   7.6683679E-05   3.6092835E-05
   1.8840580E-01   2.4845428E+07   1.2504229E+07   3.7348783E+07   6.4129217E-05   2.8666392E-05   5.1528040E-05
   2.0289855E-01   2.4781021E+07   1.2408588E+07   3.7188363E+07   1.6235254E-04   2.9081700E-05   1.1734431E-04
   2.1739130E-01   2.3015999E+07   1.1536036E+07   3.4550772E+07   3.0633317E-05   5.3958527E-05   3.7388123E-05
   2.3188406E-01   1.9527679E+07   9.7976300E+06   2.9323747E+07   1.2821882E-04   1.1591870E-04   1.2092393E-04
   2.4637681E-01   1.5961456E+07   7.9808839E+06   2.3941983E+07   1.0194629E-04   3.9279859E-05   7.1728375E-05
   2.6086957E-01   1.3032734E+07   6.5641466E+06   1.9596418E+07   3.3688485E-04   1.0128511E-04   2.4390663E-04
   2.7536232E-01   1.0864827E+07   5.4482065E+06   1.6312715E+07   1.2964724E-04   1.1571497E-04   1.2401687E-04
   2.8985507E-01   9.2813272E+06   4.6509878E+06   1.3931936E+07   4.0461609E-04   1.5431721E-04   3.1287745E-04
   3.0434783E-01   7.9458073E+06   3.9801382E+06   1.1925693E+07   2.1047191E-04   3.1550256E-04   2.4395439E-04
   3.1884058E-01   6.8701230E+06   3.4352337E+06   1.0305184E+07   2.2434463E-04   5.6277369E-04   1.8164880E-04
   3.3333333E-01   5.9340995E+06   2.9696030E+06   8.9036696E+06   1.6121634E-04   3.1126784E-04   1.7574695E-04
   3.4782609E-01   5.1258361E+06   2.5584032E+06   7.6839551E+06   5.2075438E-04   2.6657517E-04   3.7895617E-04
   3.6231884E-01   4.3766871E+06   2.1932234E+06   6.5698801E+06   2.4197150E-04   4.9387702E-04   2.6501105E-04
   3.7681159E-01   3.7507383E+06   1.8607681E+06   5.6113899E+06   2.9718087E-04   3.8444890E-04   3.1465797E-04
   3.9130435E-01   3.1460946E+06   1.5808352E+06   4.7269018E+06   5.1748749E-04   1.2694536E-04   3.8690966E-04
   4.0579710E-01   2.6269919E+06   1.2972993E+06   3.9242371E+06   3.7039468E-04   2.8312508E-04   3.2696063E-04
   4.2028986E-01   2.1404232E+06   1.0633920E+06   3.2037891E+06   9.9803749E-04   3.4462089E-04   7.4417126E-04
   4.3478261E-01   1.6706326E+06   8.2547834E+05   2.4960857E+06   1.2880611E-04   6.1552399E-04   2.1546034E-04
   4.4927536E-01   1.2268979E+06   6.0726484E+05   1.8341628E+06   1.1432923E-03   1.2962004E-03   1.1932643E-03
   4.6376812E-01   8.3351035E+05   4.1109583E+05   1.2445588E+06   1.7922494E-03   2.9281926E-03   2.1672991E-03
   4.7826087E-01   4.6823535E+05   2.3508207E+05   7.0331741E+05   3.0372191E-03   2.9753518E-03   3.0090026E-03
   4.9275362E-01   2.0068879E+05   9.8171473E+04   2.9886026E+05   7.3381941E-03   5.6247454E-03   6.7669408E-03
   5.0724638E-01   5.1114752E+04   2.4875413E+04   7.5990165E+04   2.2382434E-02   2.3893652E-02   2.2862855E-02
   5.2173913E-01   7.9351869E+03   3.4308633E+03   1.1366050E+04   5.2687259E-02   6.1143128E-02   5.4937802E-02
   5.3623188E-01   6.6148365E+03   2.8056737E+03   9.4205101E+03   7.0414518E-02   6.2781290E-02   6.8139013E-02
   5.5072464E-01   6.5205236E+03   3.1107085E+03   9.6312321E+03   7.8830549E-02   8.3143018E-02   7.9831735E-02
   5.6521739E-01   7.1110673E+03   2.7977970E+03   9.9088643E+03   9.0294310E-02   8.3024406E-02   8.8195049E-02
   5.7971014E-01   6.7438565E+03   2.5763047E+03   9.3201612E+03   8.3194095E-02   7.5463128E-02   8.0886611E-02
   5.9420290E-01   6.4500025E+03   3.2712047E+03   9.7212072E+03   9.3331764E-02   9.6364127E-02   9.4222368E-02
   6.0869565E-01   6.8015888E+03   3.5721872E+03   1.0373776E+04   8.8113922E-02   9.9150654E-02   9.1640705E-02
   6.2318841E-01   7.1015787E+03   3.1542992E+03   1.0255878E+04   1.2295111E-01   9.8511316E-02   1.1541037E-01
   6.3768116E-01   6.2168851E+03   3.1859383E+03   9.4028234E+03   1.2687263E-01   1.1183360E-01   1.2134286E-01
   6.5217391E-01   6.0787321E+03   3.1151397E+03   9.1938718E+03   1.2086836E-01   1.2455628E-01   1.2201837E-01
   6.6666667E-01   6.2925090E+03   2.7509136E+03   9.0434226E+03   1.2354512E-01   1.0692478E-01   1.1848872E-01
   6.8115942E-01   6.0618935E+03   2.7407497E+03   8.8026432E+03   1.3107749E-01   1.3167231E-01   1.3124346E-01
   6.9565217E-01   5.9198178E+03   2.3994995E+03   8.3193173E+03   1.3271359E-01   1.5100287E-01   1.3778077E-01
   7.1014493E-01   4.4227080E+03   2.2113540E+03   6.6340620E+03   1.3444646E-01   1.5069684E-01   1.3981568E-01
   7.2463768E-01   4.6221938E+03   2.3338290E+03   6.9560228E+03   1.3259929E-01   1.4747366E-01   1.3757521E-01
   7.3913043E-01   4.2046957E+03   1.9463432E+03   6.1510390E+03   1.3729631E-01   1.5940075E-01   1.4428342E-01
   7.5362319E-01   3.7886834E+03   1.7486231E+03   5.5373065E+03   1.6657654E-01   1.4437064E-01   1.5955186E-01
   7.6811594E-01   3.1739159E+03   1.7013333E+03   4.8752492E+03   1.7953654E-01   1.4051960E-01   1.6585717E-01
   7.8260870E-01   3.0730432E+03   1.2909588E+03   4.3640020E+03   1.7515324E-01   1.8222491E-01   1.7724081E-01
   7.9710145E-01   2.5900818E+03   1.2261557E+03   3.8162375E+03   1.7684391E-01   1.6844332E-01   1.7413710E-01
   8.1159420E-01   2.4626442E+03   1.1771981E+03   3.6398423E+03   1.9025851E-01   1.8049495E-01   1.8709575E-01
   8.2608696E-01   2.2067419E+03   1.1432518E+03   3.3499938E+03   1.9031035E-01   1.8293611E-01   1.8779143E-01
   8.4057971E-01   2.2078879E+03   1.0843473E+03   3.2922352E+03   1.8148538E-01   1.9073241E-01   1.8452568E-01
   8.5507246E-01   1.4641014E+03   7.7057968E+02   2.2346811E+03   1.6389592E-01   1.7980800E-01   1.6935783E-01
   8.6956522E-01   1.1871208E+03   7.5773668E+02   1.9448575E+03   2.1950693E-01   1.8569738E-01   2.0622163E-01
   8.8405797E-01   1.0061749E+03   5.0929843E+02   1.5154734E+03   2.0439152E-01   2.3062971E-01   2.1249957E-01
   8.9855072E-01   1.3932578E+03   6.3552109E+02   2.0287789E+03   2.5048772E-01   2.0152816E-01   2.3488928E-01
   9.1304348E-01   1.0223431E+03   4.0893726E+02   1.4312804E+03   2.8217013E-01   2.7801055E-01   2.8032064E-01
   9.2753623E-01   7.9325559E+02   4.2622688E+02   1.2194825E+03   2.2823631E-01   2.6969802E-01   2.4217161E-01
   9.4202899E-01   5.1292945E+02   1.9817729E+02   7.1110673E+02   2.6211329E-01   2.6292689E-01   2.6125295E-01
   9.5652174E-01   5.5108122E+02   2.9850233E+02   8.4958355E+02   2.6408269E-01   2.7573803E-01   2.6787736E-01
   9.7101449E-01   3.8452309E+02   2.4880906E+02   6.3333215E+02   2.3060063E-01   2.4628902E-01   2.3584570E-01
   9.8550725E-01   3.0086604E+02   7.8002306E+01   3.7886834E+02   3.0302945E-01   4.0169880E-01   3.2168128E-01
   1.0000000E+00   1.3130455E+02   8.7536368E+01   2.1884092E+02   3.3736867E-01   2.0636051E-01   2.8315360E-01
