   0.0000000E+00   1.3899922E+07   8.9776642E+06   2.2877586E+07   3.3496955E-03   3.5201083E-04   2.1075383E-03
   1.4492754E-02   1.3320253E+07   9.0284326E+06   2.2348686E+07   2.2004557E-03   1.0901744E-04   1.3201501E-03
   2.8985507E-02   1.3610466E+07   9.4849689E+06   2.3095435E+07   1.1158422E-03   6.2497144E-05   6.7378166E-04
   4.3478261E-02   1.3853195E+07   9.5032809E+06   2.3356476E+07   8.5183031E-04   4.2275544E-05   5.1693907E-04
   5.7971014E-02   1.4034041E+07   9.7880636E+06   2.3821726E+07   1.0025426E-03   7.1956774E-05   5.6147463E-04
   7.2463768E-02   1.4177708E+07   1.0011823E+07   2.4189380E+07   9.2259736E-04   3.0571547E-05   5.2966492E-04
   8.6956522E-02   1.4632274E+07   1.0279582E+07   2.4911478E+07   1.2491658E-03   4.0572997E-05   7.2611459E-04
   1.0144928E-01   1.4989222E+07   1.0583525E+07   2.5572639E+07   6.4593932E-04   3.9121988E-05   3.6491977E-04
   1.1594203E-01   1.5461238E+07   1.0980931E+07   2.6442169E+07   1.2580118E-03   2.2235668E-05   7.4446941E-04
   1.3043478E-01   1.5897737E+07   1.1338182E+07   2.7235582E+07   4.0880197E-04   2.0173031E-05   2.4124005E-04
   1.4492754E-01   1.6461072E+07   1.1759846E+07   2.8220615E+07   6.4400312E-04   2.2927293E-05   3.6800046E-04
   1.5942029E-01   1.6947883E+07   1.2246954E+07   2.9194423E+07   3.5705113E-04   3.5787429E-05   1.9896476E-04
   1.7391304E-01   1.7500686E+07   1.2710338E+07   3.0210646E+07   1.7827318E-04   8.2349168E-05   1.1869098E-04
   1.8840580E-01   1.8083852E+07   1.3054870E+07   3.1138140E+07   1.2891812E-03   2.9776279E-05   7.4244954E-04
   2.0289855E-01   1.8372841E+07   1.2945552E+07   3.1317961E+07   5.4055608E-04   2.4773496E-05   3.1198402E-04
   2.1739130E-01   1.7849245E+07   1.1907377E+07   2.9756067E+07   7.2332289E-04   5.6313360E-05   4.5411448E-04
   2.3188406E-01   1.6469975E+07   1.0131981E+07   2.6601341E+07   2.4455608E-04   2.1649462E-05   1.4352488E-04
   2.4637681E-01   1.4707758E+07   8.2805911E+06   2.2987859E+07   3.5931916E-04   1.0907821E-04   2.5925405E-04
   2.6086957E-01   1.3027851E+07   6.6381943E+06   1.9665666E+07   2.4384499E-04   1.3058405E-04   1.8996168E-04
   2.7536232E-01   1.1760831E+07   5.4488047E+06   1.7209357E+07   6.3538804E-04   2.6069901E-04   4.9584148E-04
   2.8985507E-01   1.0626954E+07   4.5536565E+06   1.5180421E+07   5.2631488E-04   3.2607330E-04   4.5994225E-04
   3.0434783E-01   9.7211483E+06   3.8423384E+06   1.3563234E+07   2.5483856E-04   3.1898884E-04   1.9969235E-04
   3.1884058E-01   8.9004440E+06   3.2618153E+06   1.2162156E+07   4.2314553E-04   5.1841855E-04   4.4608830E-04
   3.3333333E-01   8.1222454E+06   2.7643552E+06   1.0886337E+07   1.6546020E-04   5.4903723E-04   2.6144653E-04
   3.4782609E-01   7.4450155E+06   2.3326292E+06   9.7774869E+06   4.4705778E-04   6.0851267E-04   4.7629028E-04
   3.6231884E-01   6.7759239E+06   1.9658114E+06   8.7416444E+06   6.2527802E-04   5.9037704E-04   6.1120060E-04
   3.7681159E-01   6.1186946E+06   1.6317859E+06   7.7504514E+06   5.8804209E-04   7.4308061E-04   3.4636535E-04
   3.9130435E-01   5.5151163E+06   1.3349637E+06   6.8500799E+06   2.4693767E-04   6.8130918E-04   8.9243598E-05
   4.0579710E-01   4.8834506E+06   1.0800454E+06   5.9634960E+06   1.7063215E-04   7.0588711E-04   1.3180620E-04
   4.2028986E-01   4.2518957E+06   8.4631349E+05   5.0982092E+06   3.4273927E-04   9.7809252E-04   4.4545617E-04
   4.3478261E-01   3.6098828E+06   6.4043905E+05   4.2502966E+06   3.0304508E-04   8.8732727E-04   1.2599526E-04
   4.4927536E-01   2.9066290E+06   4.5366429E+05   3.3602933E+06   1.0511281E-04   9.4535300E-04   7.2305462E-05
   4.6376812E-01   2.1868044E+06   2.9333881E+05   2.4801432E+06   1.5481792E-04   1.6668334E-03   3.3192982E-04
   4.7826087E-01   1.4525353E+06   1.5540491E+05   1.6079402E+06   2.5526205E-04   1.8630324E-03   2.9690658E-04
   4.9275362E-01   7.0948669E+05   5.6741106E+04   7.6622779E+05   8.7463941E-04   2.7731056E-03   1.0150206E-03
   5.0724638E-01   2.1807662E+05   9.1361394E+03   2.2721276E+05   1.9808078E-03   3.4765764E-03   2.0374016E-03
   5.2173913E-01   5.1126178E+04   4.4201307E+02   5.1568191E+04   2.0749714E-03   6.1386569E-05   2.0575532E-03
   5.3623188E-01   4.2330857E+04   6.1438110E+01   4.2392296E+04   2.2785042E-03   2.1006883E-05   2.2752298E-03
   5.5072464E-01   4.3131170E+04   9.9702195E+01   4.3230872E+04   6.0399742E-04   5.7995216E-07   6.0260321E-04
   5.6521739E-01   4.4609319E+04   9.7145729E+01   4.4706464E+04   7.0629621E-04   6.0950218E-06   7.0477348E-04
   5.7971014E-01   4.5653635E+04   7.5773668E+01   4.5729409E+04   6.5356899E-04   5.6284059E-06   6.5247701E-04
   5.9420290E-01   4.2525661E+04   5.5444148E+01   4.2581105E+04   2.6107589E-04   1.2465560E-05   2.6073289E-04
   6.0869565E-01   3.7399718E+04   0.0000000E+00   3.7399718E+04   6.1958107E-04   0.0000000E+00   6.1958107E-04
   6.2318841E-01   3.5278810E+04   1.7621783E+01   3.5296432E+04   3.1098231E-04   3.5552378E-06   3.1082880E-04
   6.3768116E-01   3.0361131E+04   0.0000000E+00   3.0361131E+04   2.4467291E-04   0.0000000E+00   2.4467291E-04
   6.5217391E-01   2.5712531E+04   0.0000000E+00   2.5712531E+04   3.3446573E-07   0.0000000E+00   3.3446573E-07
   6.6666667E-01   2.2633265E+04   0.0000000E+00   2.2633265E+04   1.3065882E-05   0.0000000E+00   1.3065882E-05
   6.8115942E-01   1.9427079E+04   0.0000000E+00   1.9427079E+04   1.4758417E-06   0.0000000E+00   1.4758417E-06
   6.9565217E-01   1.7364799E+04   0.0000000E+00   1.7364799E+04   8.5009220E-06   0.0000000E+00   8.5009220E-06
   7.1014493E-01   1.4335141E+04   0.0000000E+00   1.4335141E+04   9.0997661E-06   0.0000000E+00   9.0997661E-06
   7.2463768E-01   1.1805538E+04   0.0000000E+00   1.1805538E+04   8.6802755E-06   0.0000000E+00   8.6802755E-06
   7.3913043E-01   9.8208617E+03   0.0000000E+00   9.8208617E+03   2.6347450E-06   0.0000000E+00   2.6347450E-06
   7.5362319E-01   7.7959447E+03   0.0000000E+00   7.7959447E+03   2.7744355E-05   0.0000000E+00   2.7744355E-05
   7.6811594E-01   5.9475181E+03   0.0000000E+00   5.9475181E+03   5.1188489E-06   0.0000000E+00   5.1188489E-06
   7.8260870E-01   4.7989990E+03   0.0000000E+00   4.7989990E+03   1.3191248E-05   0.0000000E+00   1.3191248E-05
   7.9710145E-01   3.8988997E+03   0.0000000E+00   3.8988997E+03   1.2999840E-05   0.0000000E+00   1.2999840E-05
   8.1159420E-01   3.2339119E+03   0.0000000E+00   3.2339119E+03   5.4915448E-06   0.0000000E+00   5.4915448E-06
   8.2608696E-01   2.1668610E+03   0.0000000E+00   2.1668610E+03   7.2336221E-06   0.0000000E+00   7.2336221E-06
   8.4057971E-01   2.1556302E+03   0.0000000E+00   2.1556302E+03   9.7819963E-06   0.0000000E+00   9.7819963E-06
   8.5507246E-01   1.2586135E+03   0.0000000E+00   1.2586135E+03   2.1842474E-06   0.0000000E+00   2.1842474E-06
   8.6956522E-01   1.2502655E+03   0.0000000E+00   1.2502655E+03   4.6321381E-06   0.0000000E+00   4.6321381E-06
   8.8405797E-01   8.5711199E+02   0.0000000E+00   8.5711199E+02   3.1243058E-06   0.0000000E+00   3.1243058E-06
   8.9855072E-01   9.2883852E+02   0.0000000E+00   9.2883852E+02   2.4455402E-06   0.0000000E+00   2.4455402E-06
   9.1304348E-01   4.6907509E+02   0.0000000E+00   4.6907509E+02   1.1777252E-05   0.0000000E+00   1.1777252E-05
   9.2753623E-01   3.0783053E+02   0.0000000E+00   3.0783053E+02   2.4832822E-05   0.0000000E+00   2.4832822E-05
   9.4202899E-01   3.2640965E+02   0.0000000E+00   3.2640965E+02   1.5656643E-05   0.0000000E+00   1.5656643E-05
   9.5652174E-01   2.0665546E+02   0.0000000E+00   2.0665546E+02   2.6935935E-06   0.0000000E+00   2.6935935E-06
   9.7101449E-01   1.0178552E+02   0.0000000E+00   1.0178552E+02   2.3523798E-06   0.0000000E+00   2.3523798E-06
   9.8550725E-01   5.5715933E+01   0.0000000E+00   5.5715933E+01   1.0564621E-04   0.0000000E+00   1.0564621E-04
   1.0000000E+00   4.3768184E+01   0.0000000E+00   4.3768184E+01   4.7925645E-06   0.0000000E+00   4.7925645E-06
