   0.0000000E+00   1.7815905E+07   9.2383257E+06   2.7054231E+07   2.1617159E-03   1.5226382E-03   1.7775753E-03
   1.4492754E-02   1.7865158E+07   8.9185608E+06   2.6783719E+07   5.3401301E-04   4.9787705E-04   2.2146283E-04
   2.8985507E-02   1.7984122E+07   9.1057217E+06   2.7089465E+07   2.9023166E-04   4.2757694E-04   4.9269298E-05
   4.3478261E-02   1.8183912E+07   9.1693716E+06   2.7353284E+07   4.5955770E-04   3.8873593E-04   4.0019912E-04
   5.7971014E-02   1.8649036E+07   9.3493341E+06   2.7998181E+07   3.8865897E-04   4.7951132E-04   2.8603862E-04
   7.2463768E-02   1.9187408E+07   9.6685685E+06   2.8855825E+07   3.8728742E-04   8.4132819E-05   2.6091044E-04
   8.6956522E-02   1.9619571E+07   9.9442837E+06   2.9563476E+07   5.3866269E-04   3.3264541E-04   2.9463357E-04
   1.0144928E-01   2.0178095E+07   1.0230852E+07   3.0408839E+07   2.3402254E-04   1.1932726E-04   1.7303077E-04
   1.1594203E-01   2.0865795E+07   1.0503367E+07   3.1369067E+07   2.8126811E-04   2.3129915E-04   1.6092264E-04
   1.3043478E-01   2.1531004E+07   1.0844391E+07   3.2375058E+07   2.1654803E-04   1.2280066E-04   1.3911114E-04
   1.4492754E-01   2.2267835E+07   1.1228824E+07   3.3496356E+07   2.9772901E-04   2.0448004E-04   2.6604279E-04
   1.5942029E-01   2.3079971E+07   1.1646137E+07   3.4725695E+07   1.2741502E-04   2.4213175E-04   7.7665847E-05
   1.7391304E-01   2.3844205E+07   1.2024523E+07   3.5868729E+07   1.6750548E-04   5.3019719E-04   6.7597891E-05
   1.8840580E-01   2.4587565E+07   1.2401993E+07   3.6988508E+07   1.1944543E-04   1.1238196E-04   1.1642217E-04
   2.0289855E-01   2.4614697E+07   1.2369672E+07   3.6983612E+07   1.0820201E-04   6.3912131E-05   5.9508201E-05
   2.1739130E-01   2.2779838E+07   1.1488753E+07   3.4268338E+07   1.0399044E-04   4.7954744E-05   8.3827802E-05
   2.3188406E-01   1.9363487E+07   9.7421732E+06   2.9105187E+07   2.2580240E-04   1.7652901E-04   1.7243693E-04
   2.4637681E-01   1.5878818E+07   7.9544077E+06   2.3833047E+07   3.8150962E-04   1.7365932E-04   2.8624845E-04
   2.6086957E-01   1.2986260E+07   6.5319007E+06   1.9517992E+07   2.3117312E-04   4.9684952E-04   2.8803029E-04
   2.7536232E-01   1.0889873E+07   5.4573791E+06   1.6347012E+07   2.9074887E-04   2.9736430E-04   2.4334322E-04
   2.8985507E-01   9.2654147E+06   4.6276495E+06   1.3892799E+07   2.0293141E-04   1.2154380E-04   1.6223736E-04
   3.0434783E-01   7.9733384E+06   3.9730660E+06   1.1946260E+07   4.3969045E-04   4.5260837E-04   3.7482169E-04
   3.1884058E-01   6.8738428E+06   3.4406067E+06   1.0314243E+07   2.1112326E-04   1.9048569E-04   2.0295988E-04
   3.3333333E-01   5.9566999E+06   2.9617291E+06   8.9184290E+06   4.3721967E-04   1.9702105E-04   3.3566288E-04
   3.4782609E-01   5.1394438E+06   2.5459321E+06   7.6852496E+06   4.0338662E-04   6.7543311E-04   4.8620088E-04
   3.6231884E-01   4.4323050E+06   2.1807056E+06   6.6130105E+06   4.7703113E-04   9.3000571E-04   5.5203194E-04
   3.7681159E-01   3.7560425E+06   1.8644694E+06   5.6204827E+06   1.4068785E-04   8.1703773E-04   3.0225396E-04
   3.9130435E-01   3.1739906E+06   1.5570366E+06   4.7309711E+06   6.9777823E-04   3.5008626E-04   5.7632566E-04
   4.0579710E-01   2.6492098E+06   1.3044708E+06   3.9536535E+06   3.7635736E-04   5.8258206E-04   4.4063371E-04
   4.2028986E-01   2.1530696E+06   1.0556840E+06   3.2087274E+06   9.7521232E-04   9.1649899E-04   8.6065554E-04
   4.3478261E-01   1.7050338E+06   8.3040363E+05   2.5354375E+06   1.6935647E-03   1.1095477E-03   1.5008197E-03
   4.4927536E-01   1.2831171E+06   6.2063523E+05   1.9037523E+06   2.1664910E-03   1.6575379E-03   1.9918050E-03
   4.6376812E-01   8.9810740E+05   4.2939991E+05   1.3275310E+06   2.9139875E-03   2.8162471E-03   2.8607945E-03
   4.7826087E-01   5.4889986E+05   2.6024811E+05   8.0914797E+05   3.3367126E-03   2.5600581E-03   3.0128915E-03
   4.9275362E-01   2.4671015E+05   1.1484168E+05   3.6155183E+05   1.0492228E-02   6.8109838E-03   9.3183688E-03
   5.0724638E-01   6.3844728E+04   2.8404301E+04   9.2249029E+04   3.9509879E-02   2.9195331E-02   3.6323833E-02
   5.2173913E-01   2.3279355E+04   1.0566217E+04   3.3845572E+04   1.0887138E-01   1.0417089E-01   1.0737681E-01
   5.3623188E-01   2.4165656E+04   1.0260164E+04   3.4425821E+04   1.1912315E-01   1.2023951E-01   1.1944755E-01
   5.5072464E-01   2.5065132E+04   1.0369028E+04   3.5434160E+04   1.3946156E-01   1.2128903E-01   1.3413949E-01
   5.6521739E-01   2.5937910E+04   1.0122585E+04   3.6060495E+04   1.5333612E-01   1.2799820E-01   1.4616366E-01
   5.7971014E-01   2.3906592E+04   1.0002124E+04   3.3908717E+04   1.5084458E-01   1.4709573E-01   1.4973835E-01
   5.9420290E-01   2.1937401E+04   9.4070237E+03   3.1344425E+04   1.5590303E-01   1.4674397E-01   1.5312214E-01
   6.0869565E-01   2.0639304E+04   9.2191297E+03   2.9858434E+04   1.6335527E-01   1.4903828E-01   1.5891472E-01
   6.2318841E-01   1.7251726E+04   7.4892579E+03   2.4740984E+04   1.6235139E-01   1.4745014E-01   1.5783689E-01
   6.3768116E-01   1.5981356E+04   6.4924257E+03   2.2473781E+04   1.7685557E-01   1.4074651E-01   1.6642351E-01
   6.5217391E-01   1.4531706E+04   5.6746058E+03   2.0206312E+04   1.7396111E-01   1.3300305E-01   1.6245012E-01
   6.6666667E-01   1.3523953E+04   5.4688822E+03   1.8992835E+04   1.7519543E-01   1.5939970E-01   1.7064406E-01
   6.8115942E-01   1.1430538E+04   4.6915186E+03   1.6122057E+04   1.8235066E-01   1.5370451E-01   1.7401284E-01
   6.9565217E-01   1.0750389E+04   4.2306965E+03   1.4981086E+04   1.8535974E-01   1.5048491E-01   1.7549559E-01
   7.1014493E-01   9.7732568E+03   4.0515717E+03   1.3824828E+04   1.7448564E-01   1.6300453E-01   1.7111420E-01
   7.2463768E-01   8.4714961E+03   3.2128035E+03   1.1684300E+04   1.8216071E-01   1.5098917E-01   1.7351386E-01
   7.3913043E-01   8.0379519E+03   3.3875287E+03   1.1425481E+04   1.7875737E-01   1.6009782E-01   1.7319190E-01
   7.5362319E-01   7.2276422E+03   2.4480724E+03   9.6757146E+03   1.8948227E-01   1.4341451E-01   1.7777786E-01
   7.6811594E-01   6.2620503E+03   2.6163361E+03   8.8783864E+03   1.8259562E-01   1.6881600E-01   1.7852562E-01
   7.8260870E-01   6.1881829E+03   2.5398211E+03   8.7280040E+03   1.7690333E-01   1.6245141E-01   1.7268658E-01
   7.9710145E-01   5.4557041E+03   2.2869871E+03   7.7426912E+03   1.7479253E-01   1.6375265E-01   1.7151351E-01
   8.1159420E-01   5.2635638E+03   2.2326170E+03   7.4961808E+03   1.8893089E-01   1.5960714E-01   1.8019452E-01
   8.2608696E-01   4.3736030E+03   1.7547586E+03   6.1283616E+03   1.6590932E-01   1.4677562E-01   1.6039127E-01
   8.4057971E-01   4.1806162E+03   1.6983753E+03   5.8789915E+03   1.9016206E-01   1.4369397E-01   1.7662136E-01
   8.5507246E-01   3.8657414E+03   1.4384154E+03   5.3041568E+03   1.8096588E-01   1.5563733E-01   1.7409375E-01
   8.6956522E-01   3.4855887E+03   1.1997497E+03   4.6853385E+03   1.8526298E-01   1.5237538E-01   1.7678732E-01
   8.8405797E-01   2.8446180E+03   1.1303941E+03   3.9750121E+03   1.8489146E-01   1.7133406E-01   1.8089722E-01
   8.9855072E-01   2.4687550E+03   1.0388326E+03   3.5075876E+03   1.7146917E-01   1.8625773E-01   1.7584892E-01
   9.1304348E-01   2.5137614E+03   9.6220531E+02   3.4759667E+03   1.9785161E-01   1.8098417E-01   1.9313336E-01
   9.2753623E-01   1.9535399E+03   8.2877450E+02   2.7823144E+03   1.9941105E-01   1.5953104E-01   1.8753075E-01
   9.4202899E-01   1.9234854E+03   5.2458694E+02   2.4480724E+03   1.7626289E-01   1.4658380E-01   1.6971206E-01
   9.5652174E-01   1.4006648E+03   5.3960037E+02   1.9402651E+03   1.8160714E-01   1.7768919E-01   1.8049412E-01
   9.7101449E-01   1.2440453E+03   4.9761812E+02   1.7416634E+03   2.0489500E-01   1.3381059E-01   1.8445068E-01
   9.8550725E-01   8.1345262E+02   3.5658197E+02   1.1700346E+03   2.1932582E-01   1.4443650E-01   1.9650001E-01
   1.0000000E+00   3.5014547E+02   6.5652276E+01   4.1579775E+02   1.7369625E-01   1.2063505E-01   1.6498321E-01
