   0.0000000E+00   1.8143247E+07   9.4626157E+06   2.7605863E+07   1.5310028E-03   1.8969254E-03   3.5602300E-04
   1.4492754E-02   1.8085659E+07   9.1042063E+06   2.7189865E+07   6.7363201E-04   6.2690803E-04   5.8632383E-04
   2.8985507E-02   1.8076187E+07   9.2405989E+06   2.7316407E+07   2.8580105E-04   8.3653864E-04   4.6742858E-04
   4.3478261E-02   1.8352130E+07   9.4464507E+06   2.7798581E+07   2.1592244E-04   5.9360248E-05   1.2874253E-04
   5.7971014E-02   1.8622326E+07   9.5260762E+06   2.8148213E+07   4.8354898E-04   1.7625206E-04   2.6053449E-04
   7.2463768E-02   1.8936294E+07   9.7066069E+06   2.8642447E+07   1.1554529E-04   4.0195402E-04   5.9632583E-05
   8.6956522E-02   1.9190818E+07   9.8973040E+06   2.9087996E+07   2.6576771E-04   1.6499617E-04   2.0346446E-04
   1.0144928E-01   1.9697582E+07   1.0175429E+07   2.9872470E+07   6.5930540E-05   2.9758550E-04   1.3945051E-04
   1.1594203E-01   2.0028875E+07   1.0316585E+07   3.0344986E+07   7.3849574E-05   1.5611239E-04   4.8680463E-05
   1.3043478E-01   2.0516310E+07   1.0588276E+07   3.1103996E+07   3.3589936E-04   1.9054100E-04   2.7516522E-04
   1.4492754E-01   2.0873372E+07   1.0772288E+07   3.1645509E+07   4.0670475E-05   6.6257943E-05   5.8158847E-06
   1.5942029E-01   2.1316028E+07   1.1069224E+07   3.2384701E+07   1.0806434E-04   8.7796099E-05   4.1168229E-05
   1.7391304E-01   2.1757272E+07   1.1382973E+07   3.3139803E+07   1.6051911E-04   1.8209303E-04   1.6771231E-04
   1.8840580E-01   2.2043901E+07   1.1559973E+07   3.3603349E+07   1.3037694E-04   1.4457591E-04   7.6837445E-05
   2.0289855E-01   2.1689563E+07   1.1388079E+07   3.3076505E+07   1.5943884E-04   4.5017699E-05   1.0718133E-04
   2.1739130E-01   2.0225558E+07   1.0583460E+07   3.0808311E+07   5.8757359E-05   2.9624648E-04   1.3808970E-04
   2.3188406E-01   1.7612831E+07   9.1792695E+06   2.6791485E+07   2.1240212E-04   1.7944437E-04   1.9702863E-04
   2.4637681E-01   1.4971718E+07   7.6571521E+06   2.2628513E+07   1.5656927E-04   2.3017670E-04   4.7018364E-05
   2.6086957E-01   1.2724967E+07   6.4233760E+06   1.9147964E+07   1.2185128E-04   1.5113519E-04   1.1713892E-04
   2.7536232E-01   1.0946503E+07   5.4737702E+06   1.6419915E+07   3.4590426E-04   7.6547982E-05   2.3022076E-04
   2.8985507E-01   9.6204523E+06   4.7570330E+06   1.4377144E+07   2.1004473E-04   2.0482475E-04   1.0864007E-04
   3.0434783E-01   8.4653982E+06   4.1627528E+06   1.2627790E+07   4.9588911E-04   3.8837876E-04   4.5503681E-04
   3.1884058E-01   7.4944980E+06   3.6092376E+06   1.1103598E+07   4.0162537E-04   3.1728067E-04   3.7246430E-04
   3.3333333E-01   6.7034658E+06   3.2034471E+06   9.9067153E+06   3.7570217E-04   3.4615326E-04   2.9716070E-04
   3.4782609E-01   5.9054840E+06   2.7909336E+06   8.6963229E+06   3.2939411E-04   2.3311159E-04   2.7750017E-04
   3.6231884E-01   5.2208058E+06   2.4375480E+06   7.6582325E+06   7.0415525E-04   6.1569149E-04   5.6235522E-04
   3.7681159E-01   4.5704928E+06   2.1307847E+06   6.7011318E+06   1.2261548E-03   1.1297542E-03   1.1888547E-03
   3.9130435E-01   3.9925427E+06   1.8222445E+06   5.8147310E+06   9.9013580E-04   2.6112483E-04   7.3684899E-04
   4.0579710E-01   3.4180961E+06   1.5334696E+06   4.9515657E+06   8.1408021E-04   7.6777452E-04   7.9928132E-04
   4.2028986E-01   2.8945541E+06   1.2931168E+06   4.1876710E+06   8.6170548E-04   3.3553281E-04   6.9793036E-04
   4.3478261E-01   2.3794447E+06   1.0501725E+06   3.4295920E+06   1.3054378E-03   7.9266135E-04   1.1363615E-03
   4.4927536E-01   1.8890864E+06   8.0437415E+05   2.6934606E+06   9.2564188E-04   7.3306680E-05   6.2790087E-04
   4.6376812E-01   1.3686145E+06   5.7218591E+05   1.9408004E+06   2.6355941E-03   1.9523738E-03   2.3710910E-03
   4.7826087E-01   8.4053664E+05   3.4153259E+05   1.1820692E+06   3.0468020E-03   2.3062006E-03   2.8279486E-03
   4.9275362E-01   3.9400079E+05   1.5631662E+05   5.5031741E+05   8.2505624E-03   5.6181097E-03   7.4984354E-03
   5.0724638E-01   1.1952755E+05   4.4901311E+04   1.6442886E+05   2.4678802E-02   1.6602722E-02   2.2469477E-02
   5.2173913E-01   2.2100653E+04   7.5352704E+03   2.9635924E+04   6.1920139E-02   5.3842140E-02   5.9571639E-02
   5.3623188E-01   1.7059315E+04   5.9594966E+03   2.3018812E+04   8.7284917E-02   7.0272413E-02   8.2851906E-02
   5.5072464E-01   1.7527646E+04   6.0818339E+03   2.3609480E+04   9.6783229E-02   7.8832756E-02   9.2155573E-02
   5.6521739E-01   1.8127393E+04   5.6344523E+03   2.3761845E+04   1.0145989E-01   8.7947675E-02   9.8163150E-02
   5.7971014E-01   1.7124849E+04   5.9671764E+03   2.3092025E+04   1.0790052E-01   8.6689902E-02   1.0231433E-01
   5.9420290E-01   1.8425938E+04   5.6368217E+03   2.4062760E+04   1.1730033E-01   9.8668471E-02   1.1293548E-01
   6.0869565E-01   1.7012993E+04   6.0618935E+03   2.3074886E+04   1.2985271E-01   1.0436914E-01   1.2313042E-01
   6.2318841E-01   1.6370637E+04   5.4803746E+03   2.1851011E+04   1.3790555E-01   1.1313612E-01   1.3169297E-01
   6.3768116E-01   1.5171955E+04   5.1491652E+03   2.0321120E+04   1.3803846E-01   1.1016422E-01   1.3086443E-01
   6.5217391E-01   1.4750607E+04   4.4453885E+03   1.9195996E+04   1.3984837E-01   1.3724483E-01   1.3909225E-01
   6.6666667E-01   1.2337930E+04   3.6733757E+03   1.6011306E+04   1.5448225E-01   1.4896166E-01   1.5321489E-01
   6.8115942E-01   1.0979121E+04   3.3695099E+03   1.4348631E+04   1.7316811E-01   1.3189231E-01   1.6346911E-01
   6.9565217E-01   9.1244126E+03   3.1414500E+03   1.2265863E+04   1.7117007E-01   1.5278790E-01   1.6645736E-01
   7.1014493E-01   8.5825277E+03   2.4897062E+03   1.1072234E+04   1.8434950E-01   1.6323365E-01   1.7957831E-01
   7.2463768E-01   7.6531405E+03   2.0761985E+03   9.7293390E+03   1.8698460E-01   1.5834444E-01   1.8080852E-01
   7.3913043E-01   6.7156271E+03   1.9909160E+03   8.7065431E+03   2.1626612E-01   1.9644525E-01   2.1172381E-01
   7.5362319E-01   5.3478724E+03   1.7777668E+03   7.1256392E+03   2.0750532E-01   1.8806304E-01   2.0262910E-01
   7.6811594E-01   5.1468907E+03   1.2581288E+03   6.4050195E+03   2.1637829E-01   1.7346713E-01   2.0794894E-01
   7.8260870E-01   4.0131980E+03   1.1646693E+03   5.1778673E+03   2.1739135E-01   1.7207719E-01   2.0659754E-01
   7.9710145E-01   3.6646901E+03   1.1159395E+03   4.7806296E+03   2.4555825E-01   2.1959253E-01   2.3944295E-01
   8.1159420E-01   3.2745050E+03   1.0824810E+03   4.3569859E+03   2.5260166E-01   2.3283791E-01   2.4765401E-01
   8.2608696E-01   2.9910659E+03   7.9761756E+02   3.7886834E+03   2.3201714E-01   2.1983736E-01   2.2944895E-01
   8.4057971E-01   2.7304649E+03   7.3160783E+02   3.4620728E+03   2.5217154E-01   2.6085894E-01   2.5374056E-01
   8.5507246E-01   2.1319371E+03   5.5224877E+02   2.6841859E+03   2.5512466E-01   2.3278885E-01   2.5017845E-01
   8.6956522E-01   2.2984679E+03   5.0515779E+02   2.8036257E+03   2.8319878E-01   2.7153908E-01   2.8099651E-01
   8.8405797E-01   1.6396925E+03   4.8445460E+02   2.1241471E+03   2.9673909E-01   2.7820026E-01   2.9249676E-01
   8.9855072E-01   1.5032518E+03   3.2998210E+02   1.8332339E+03   3.1772551E-01   3.1593685E-01   3.1739423E-01
   9.1304348E-01   1.1185637E+03   3.4879943E+02   1.4673631E+03   3.0169271E-01   2.6058314E-01   2.9192062E-01
   9.2753623E-01   8.5245377E+02   2.8415126E+02   1.1366050E+03   3.0315060E-01   3.5192905E-01   3.1533598E-01
   9.4202899E-01   8.6265407E+02   1.9817729E+02   1.0608314E+03   3.3636312E-01   3.7225820E-01   3.4236478E-01
   9.5652174E-01   6.1996638E+02   1.3777031E+02   7.5773668E+02   3.5517458E-01   2.6872065E-01   3.3941500E-01
   9.7101449E-01   5.2023713E+02   7.9166519E+01   5.9940365E+02   3.7553218E-01   3.0237566E-01   3.6498183E-01
   9.8550725E-01   3.5658197E+02   7.8002306E+01   4.3458427E+02   3.4441367E-01   3.8534110E-01   3.5166321E-01
   1.0000000E+00   2.1884092E+02   0.0000000E+00   2.1884092E+02   3.6857243E-01   0.0000000E+00   3.6857243E-01
