   0.0000000E+00   1.6742950E+07   8.5412079E+06   2.5284158E+07   2.7639861E-03   3.9517416E-03   1.5271972E-03
   1.4492754E-02   1.7093024E+07   8.6882088E+06   2.5781233E+07   1.0025408E-03   9.3415057E-04   9.7944791E-04
   2.8985507E-02   1.7310495E+07   8.9128777E+06   2.6223372E+07   3.7737394E-04   2.7674956E-04   1.8787773E-04
   4.3478261E-02   1.7518114E+07   8.9892829E+06   2.6507397E+07   5.4399798E-05   7.2737271E-04   2.1270410E-04
   5.7971014E-02   1.7832575E+07   9.1676667E+06   2.7000242E+07   1.8827762E-04   1.8288555E-04   1.0271660E-04
   7.2463768E-02   1.8123546E+07   9.3971473E+06   2.7520693E+07   2.5706412E-04   5.3262238E-04   9.0303215E-05
   8.6956522E-02   1.8765854E+07   9.5425569E+06   2.8307653E+07   1.5637579E-04   5.6283387E-04   1.1100046E-04
   1.0144928E-01   1.9263290E+07   9.8686543E+06   2.9131945E+07   1.3437370E-04   1.9840704E-04   1.3021065E-04
   1.1594203E-01   1.9882158E+07   1.0191937E+07   3.0074001E+07   2.6275551E-04   1.4508983E-04   2.2253851E-04
   1.3043478E-01   2.0524645E+07   1.0464175E+07   3.0988568E+07   1.0652562E-04   2.2956325E-04   5.1677389E-05
   1.4492754E-01   2.1280050E+07   1.0861170E+07   3.2140387E+07   1.6561228E-04   2.0402556E-04   4.3327611E-05
   1.5942029E-01   2.1990483E+07   1.1275260E+07   3.3265192E+07   1.9491585E-04   9.1380494E-05   1.3529390E-04
   1.7391304E-01   2.2768409E+07   1.1654685E+07   3.4422462E+07   1.7343820E-04   1.7651296E-04   1.5628957E-04
   1.8840580E-01   2.3416045E+07   1.1946360E+07   3.5361531E+07   4.7874285E-04   3.8576925E-04   4.4677549E-04
   2.0289855E-01   2.3439069E+07   1.1902582E+07   3.5340677E+07   4.6011411E-04   6.4280705E-04   5.1858257E-04
   2.1739130E-01   2.1892882E+07   1.1091952E+07   3.2984328E+07   1.4485116E-04   3.9434800E-04   2.2768683E-04
   2.3188406E-01   1.8950237E+07   9.5904364E+06   2.8540105E+07   2.4861688E-04   3.3445275E-04   2.7155156E-04
   2.4637681E-01   1.5749914E+07   7.9406347E+06   2.3690370E+07   1.2382441E-04   2.6446714E-04   1.7021631E-04
   2.6086957E-01   1.3152751E+07   6.6015283E+06   1.9753943E+07   5.1241214E-04   7.3501205E-04   5.8676654E-04
   2.7536232E-01   1.1177214E+07   5.5522159E+06   1.6729311E+07   7.0642995E-04   3.7494738E-04   5.9406520E-04
   2.8985507E-01   9.6094272E+06   4.7629812E+06   1.4372181E+07   8.6405561E-04   5.6084711E-04   7.5917835E-04
   3.0434783E-01   8.3654852E+06   4.1104689E+06   1.2475774E+07   8.7831472E-04   6.6154900E-04   8.0334266E-04
   3.1884058E-01   7.2907357E+06   3.5932562E+06   1.0883923E+07   8.3698437E-04   7.7408471E-04   7.8902169E-04
   3.3333333E-01   6.4009312E+06   3.1264874E+06   9.5273198E+06   6.7744396E-04   8.1522457E-04   7.2201452E-04
   3.4782609E-01   5.5932965E+06   2.7267155E+06   8.3199804E+06   6.4769520E-04   5.0810678E-04   5.9270859E-04
   3.6231884E-01   4.8884018E+06   2.3596527E+06   7.2479939E+06   6.0264537E-04   6.2656474E-04   6.0006133E-04
   3.7681159E-01   4.2329794E+06   2.0289857E+06   6.2619068E+06   1.2875675E-03   6.6575719E-04   1.0555978E-03
   3.9130435E-01   3.5977338E+06   1.7384725E+06   5.3361221E+06   1.3034214E-03   8.1702392E-04   1.1367635E-03
   4.0579710E-01   3.0441801E+06   1.4397538E+06   4.4839068E+06   1.2552791E-03   5.5939135E-04   9.0257552E-04
   4.2028986E-01   2.4962982E+06   1.1899079E+06   3.6861799E+06   1.1392526E-03   7.5376528E-04   1.0121948E-03
   4.3478261E-01   1.9884273E+06   9.2335267E+05   2.9117800E+06   1.5061640E-03   1.3709456E-03   1.4315069E-03
   4.4927536E-01   1.4934990E+06   6.9007813E+05   2.1835527E+06   2.2198082E-03   9.2127437E-04   1.8024025E-03
   4.6376812E-01   1.0278225E+06   4.7306448E+05   1.5008869E+06   2.6113339E-03   2.8847542E-03   2.6955628E-03
   4.7826087E-01   6.1330748E+05   2.7276224E+05   8.8606972E+05   5.9172971E-03   3.6080118E-03   5.1977138E-03
   4.9275362E-01   2.8252435E+05   1.2513798E+05   4.0766234E+05   1.2440972E-02   9.7059284E-03   1.1454532E-02
   5.0724638E-01   8.9001586E+04   3.6674456E+04   1.2567604E+05   2.6510011E-02   2.2704258E-02   2.5320009E-02
   5.2173913E-01   1.4375949E+04   5.8093146E+03   2.0185263E+04   4.3303592E-02   4.2556082E-02   4.3082718E-02
   5.3623188E-01   1.0710710E+04   4.1982708E+03   1.4908981E+04   5.9334975E-02   5.3801027E-02   5.7677799E-02
   5.5072464E-01   1.1047003E+04   4.2074326E+03   1.5254436E+04   7.1598995E-02   6.5603525E-02   6.9654540E-02
   5.6521739E-01   1.1307763E+04   4.8184281E+03   1.6126191E+04   6.8800290E-02   6.4059437E-02   6.7313783E-02
   5.7971014E-01   1.1119786E+04   4.3001557E+03   1.5419942E+04   7.5581200E-02   6.6021465E-02   7.2913573E-02
   5.9420290E-01   1.1236681E+04   4.2322366E+03   1.5468917E+04   8.1108072E-02   7.0933107E-02   7.8317880E-02
   6.0869565E-01   1.2015539E+04   4.5283788E+03   1.6543918E+04   8.9550969E-02   8.5951497E-02   8.8467685E-02
   6.2318841E-01   1.1401294E+04   4.4406894E+03   1.5841983E+04   9.3164580E-02   8.1823349E-02   8.9915632E-02
   6.3768116E-01   1.1572706E+04   4.2881008E+03   1.5860807E+04   9.5948293E-02   8.6950332E-02   9.3459109E-02
   6.5217391E-01   1.1231342E+04   4.7989990E+03   1.6030341E+04   1.0074188E-01   7.5255573E-02   9.3062748E-02
   6.6666667E-01   1.1563721E+04   4.1346067E+03   1.5698327E+04   1.1197926E-01   9.7179805E-02   1.0806033E-01
   6.8115942E-01   1.0769534E+04   4.5625422E+03   1.5332076E+04   1.1174152E-01   9.7908442E-02   1.0761353E-01
   6.9565217E-01   1.0608314E+04   4.1833379E+03   1.4791652E+04   1.1407026E-01   8.4638899E-02   1.0562968E-01
   7.1014493E-01   1.0299033E+04   3.9433236E+03   1.4242357E+04   1.2135832E-01   1.0518479E-01   1.1681466E-01
   7.2463768E-01   9.3201612E+03   3.9553855E+03   1.3275547E+04   1.2810383E-01   9.6153834E-02   1.1857291E-01
   7.3913043E-01   9.4048494E+03   3.6401076E+03   1.3044957E+04   1.2831061E-01   1.1694008E-01   1.2513099E-01
   7.5362319E-01   8.4953940E+03   3.0746623E+03   1.1570056E+04   1.2943334E-01   1.2065668E-01   1.2705831E-01
   7.6811594E-01   8.3208066E+03   3.1024313E+03   1.1423238E+04   1.2860487E-01   1.0245439E-01   1.2144349E-01
   7.8260870E-01   7.4510774E+03   2.8204643E+03   1.0271542E+04   1.5236744E-01   1.1551763E-01   1.4224675E-01
   7.9710145E-01   5.9241232E+03   2.4523115E+03   8.3764346E+03   1.4608448E-01   1.4054467E-01   1.4443507E-01
   8.1159420E-01   5.4935910E+03   2.1784930E+03   7.6720839E+03   1.3638930E-01   1.3206029E-01   1.3510567E-01
   8.2608696E-01   5.2908632E+03   1.7281714E+03   7.0190345E+03   1.4629319E-01   1.1998649E-01   1.3978828E-01
   8.4057971E-01   4.9775461E+03   1.6069243E+03   6.5844705E+03   1.5347154E-01   1.3580086E-01   1.4906094E-01
   8.5507246E-01   4.2510312E+03   1.4127294E+03   5.6637606E+03   1.4931275E-01   1.5119093E-01   1.4956498E-01
   8.6956522E-01   3.8518281E+03   1.2502655E+03   5.1020937E+03   1.5788455E-01   1.3463237E-01   1.5200506E-01
   8.8405797E-01   3.4657137E+03   1.1925036E+03   4.6582173E+03   1.6055909E-01   1.5543431E-01   1.5917520E-01
   8.9855072E-01   2.7498509E+03   1.0021679E+03   3.7520187E+03   1.4983436E-01   1.3737656E-01   1.4650632E-01
   9.1304348E-01   2.4656511E+03   8.1787452E+02   3.2835256E+03   1.7400724E-01   1.4877042E-01   1.6766207E-01
   9.2753623E-01   2.3324082E+03   8.9981231E+02   3.2322205E+03   1.8051283E-01   1.6492940E-01   1.7566688E-01
   9.4202899E-01   1.8185680E+03   4.7795699E+02   2.2965250E+03   1.8128807E-01   1.6633697E-01   1.7817501E-01
   9.5652174E-01   1.5384351E+03   5.7404294E+02   2.1124780E+03   1.8687270E-01   2.0434289E-01   1.9161557E-01
   9.7101449E-01   1.0065457E+03   4.7499912E+02   1.4815449E+03   1.9229528E-01   2.0037104E-01   1.9485337E-01
   9.8550725E-01   7.0202075E+02   2.2286373E+02   9.2488448E+02   2.1700401E-01   1.3916968E-01   1.9787638E-01
   1.0000000E+00   3.2826138E+02   8.7536368E+01   4.1579775E+02   2.8123865E-01   2.0830109E-01   2.6517041E-01
