   0.0000000E+00   1.8682756E+07   9.5353584E+06   2.8218114E+07   5.0286965E-04   6.3089237E-04   4.7795056E-04
   1.4492754E-02   1.8508476E+07   9.8445150E+06   2.8352991E+07   1.6285535E-03   4.6959991E-05   1.0737286E-03
   2.8985507E-02   1.8651310E+07   9.7998085E+06   2.8451118E+07   7.0901148E-04   6.9790869E-05   4.8557040E-04
   4.3478261E-02   1.8739333E+07   9.9281186E+06   2.8667452E+07   4.3463829E-04   1.0307272E-04   3.0779780E-04
   5.7971014E-02   1.8705867E+07   1.0026561E+07   2.8732428E+07   4.0065284E-04   1.3474950E-04   2.1555957E-04
   7.2463768E-02   1.8858854E+07   1.0146397E+07   2.9005251E+07   3.1098398E-04   2.2967493E-05   1.9557002E-04
   8.6956522E-02   1.8785934E+07   1.0432392E+07   2.9218327E+07   1.7140386E-04   1.1668468E-04   1.5075541E-04
   1.0144928E-01   1.8834520E+07   1.0658865E+07   2.9493277E+07   1.4397268E-04   2.5796567E-04   9.6063860E-05
   1.1594203E-01   1.8685597E+07   1.0952326E+07   2.9637734E+07   4.3314231E-04   1.6242958E-04   2.5780363E-04
   1.3043478E-01   1.8592080E+07   1.1175101E+07   2.9767096E+07   3.4768918E-04   1.5297651E-04   2.3651693E-04
   1.4492754E-01   1.8312980E+07   1.1457206E+07   2.9769883E+07   3.6525064E-04   1.8619036E-05   2.1893215E-04
   1.5942029E-01   1.7990529E+07   1.1726388E+07   2.9716986E+07   5.3288841E-04   1.3658063E-04   3.7262824E-04
   1.7391304E-01   1.7443793E+07   1.1978744E+07   2.9422158E+07   2.5649509E-04   9.6488630E-05   1.1270473E-04
   1.8840580E-01   1.6811904E+07   1.2123729E+07   2.8935283E+07   4.4663403E-05   1.3855739E-04   8.3796655E-05
   2.0289855E-01   1.6080850E+07   1.1881203E+07   2.7961891E+07   5.1588032E-04   7.9239545E-05   3.2029014E-04
   2.1739130E-01   1.5099419E+07   1.1008904E+07   2.6108070E+07   2.2431160E-04   4.6246164E-05   1.3664680E-04
   2.3188406E-01   1.4065487E+07   9.5706879E+06   2.3635891E+07   2.4851797E-04   5.3592354E-05   1.6807080E-04
   2.4637681E-01   1.3017872E+07   8.0202862E+06   2.1038024E+07   3.5058894E-04   5.9744367E-05   2.3879230E-04
   2.6086957E-01   1.2033448E+07   6.6234185E+06   1.8656656E+07   1.3306699E-04   1.4163547E-04   8.3410912E-05
   2.7536232E-01   1.1165370E+07   5.5991556E+06   1.6764406E+07   5.8194341E-04   2.2451209E-04   4.1148989E-04
   2.8985507E-01   1.0319540E+07   4.7547977E+06   1.5074262E+07   4.5469133E-04   1.9756093E-04   3.7073280E-04
   3.0434783E-01   9.5501523E+06   4.0739893E+06   1.3624033E+07   2.1004190E-04   3.4128617E-04   2.3551890E-04
   3.1884058E-01   8.8245325E+06   3.4853132E+06   1.2309742E+07   7.9725946E-05   3.1467591E-04   3.4121844E-05
   3.3333333E-01   8.1117359E+06   2.9858120E+06   1.1097515E+07   2.9288793E-04   4.1624474E-04   3.2227288E-04
   3.4782609E-01   7.4266088E+06   2.5676223E+06   9.9942627E+06   8.5717508E-04   3.0803812E-04   7.1615269E-04
   3.6231884E-01   6.7976558E+06   2.1774321E+06   8.9749970E+06   6.5525549E-04   4.5455474E-04   6.0511645E-04
   3.7681159E-01   6.1401152E+06   1.8488484E+06   7.9888470E+06   4.1036184E-04   6.8136522E-04   3.9959933E-04
   3.9130435E-01   5.5036099E+06   1.5403384E+06   7.0438360E+06   4.8718169E-04   4.8653305E-04   4.8378214E-04
   4.0579710E-01   4.9022857E+06   1.2637154E+06   6.1659740E+06   6.5975104E-04   8.3849049E-04   6.9284339E-04
   4.2028986E-01   4.2655088E+06   1.0094359E+06   5.2749186E+06   7.3667470E-04   3.7731457E-04   6.6794178E-04
   4.3478261E-01   3.6156416E+06   7.7988785E+05   4.3955295E+06   7.2580722E-04   2.8597436E-04   6.4730241E-04
   4.4927536E-01   2.9377696E+06   5.7949746E+05   3.5172426E+06   5.1864222E-04   7.4288475E-04   5.5532402E-04
   4.6376812E-01   2.1894328E+06   3.8701401E+05   2.5764231E+06   7.2757535E-04   7.4096343E-04   7.2158132E-04
   4.7826087E-01   1.3940977E+06   2.2449671E+05   1.6185944E+06   1.3217762E-03   1.5630923E-03   1.3549555E-03
   4.9275362E-01   6.8483796E+05   9.3847917E+04   7.7868587E+05   4.9008098E-03   9.0259758E-04   4.3858022E-03
   5.0724638E-01   2.2231994E+05   2.3251691E+04   2.4557163E+05   1.0515949E-02   1.4078618E-03   9.6520540E-03
   5.2173913E-01   3.6392409E+04   2.1258724E+03   3.8518281E+04   2.0789827E-02   2.4321667E-04   1.9651470E-02
   5.3623188E-01   2.6008800E+04   1.2287622E+03   2.7237562E+04   2.9425968E-02   1.1715203E-05   2.8097955E-02
   5.5072464E-01   2.6421082E+04   1.3758903E+03   2.7796972E+04   3.1487409E-02   5.5643481E-06   2.9928593E-02
   5.6521739E-01   2.7161946E+04   1.4377568E+03   2.8599703E+04   3.4418786E-02   3.6321335E-03   3.2850428E-02
   5.7971014E-01   2.8358295E+04   1.3828694E+03   2.9741165E+04   3.6902324E-02   1.1525900E-04   3.5191831E-02
   5.9420290E-01   2.6391414E+04   1.5154734E+03   2.7906888E+04   4.0601970E-02   5.3794109E-06   3.8397353E-02
   6.0869565E-01   2.5763047E+04   9.3815018E+02   2.6701197E+04   4.1770734E-02   9.4334780E-06   4.0302808E-02
   6.2318841E-01   2.5111041E+04   9.6919808E+02   2.6080239E+04   4.3224374E-02   2.0254179E-05   4.1617311E-02
   6.3768116E-01   2.1974364E+04   7.9217926E+02   2.2766543E+04   4.3834937E-02   2.0319487E-05   4.2310332E-02
   6.5217391E-01   1.8892901E+04   9.2612261E+02   1.9819024E+04   4.6595588E-02   7.7738817E-03   4.4755370E-02
   6.6666667E-01   1.6423119E+04   7.5773668E+02   1.7180856E+04   4.4227365E-02   5.7715414E-06   4.2276622E-02
   6.8115942E-01   1.3284575E+04   5.1590583E+02   1.3800481E+04   4.0956321E-02   2.4600927E-05   3.9426125E-02
   6.9565217E-01   1.1381836E+04   3.1572362E+02   1.1697560E+04   4.7476848E-02   6.3857157E-06   4.6195573E-02
   7.1014493E-01   9.2629444E+03   2.6288824E+02   9.5258326E+03   5.2792277E-02   6.7620616E-06   5.1335161E-02
   7.2463768E-01   7.0014870E+03   2.4247574E+02   7.2439627E+03   5.0905883E-02   7.9987060E-07   4.9201947E-02
   7.3913043E-01   6.6710543E+03   2.0800615E+02   6.8790605E+03   5.4004993E-02   3.2959736E-06   5.2371924E-02
   7.5362319E-01   4.7795699E+03   1.4571859E+02   4.9252884E+03   5.1812638E-02   6.8200670E-06   5.0279890E-02
   7.6811594E-01   3.9030588E+03   1.0007843E+02   4.0031372E+03   6.8980110E-02   1.6070738E-05   6.7256009E-02
   7.8260870E-01   3.1572362E+03   1.1225729E+02   3.2694935E+03   4.6131417E-02   3.2897300E-06   4.4547394E-02
   7.9710145E-01   2.2869871E+03   8.2662184E+01   2.3696493E+03   3.6742971E-02   3.3853615E-06   3.5461334E-02
   8.1159420E-01   1.5560664E+03   6.7655061E+01   1.6237215E+03   6.5469939E-02   3.2263416E-06   6.2742051E-02
   8.2608696E-01   1.5952351E+03   5.3174504E+01   1.6484096E+03   4.3879876E-02   2.7215980E-06   4.2464309E-02
   8.4057971E-01   1.2933781E+03   0.0000000E+00   1.2933781E+03   5.4032720E-02   0.0000000E+00   5.4032720E-02
   8.5507246E-01   7.9626567E+02   2.5685989E+01   8.2195166E+02   4.4416752E-02   9.6145367E-06   4.3028428E-02
   8.6956522E-01   7.1984985E+02   1.2628945E+01   7.3247879E+02   5.1638714E-02   1.4759080E-05   5.0748194E-02
   8.8405797E-01   6.2109564E+02   0.0000000E+00   6.2109564E+02   5.2656998E-02   0.0000000E+00   5.2656998E-02
   8.9855072E-01   3.2998210E+02   0.0000000E+00   3.2998210E+02   3.4134166E-02   0.0000000E+00   3.4134166E-02
   9.1304348E-01   3.3677186E+02   0.0000000E+00   3.3677186E+02   1.1036755E-01   0.0000000E+00   1.1036755E-01
   9.2753623E-01   2.1311344E+02   0.0000000E+00   2.1311344E+02   1.0269738E-01   0.0000000E+00   1.0269738E-01
   9.4202899E-01   1.8651980E+02   0.0000000E+00   1.8651980E+02   7.4895002E-02   0.0000000E+00   7.4895002E-02
   9.5652174E-01   3.4442577E+01   0.0000000E+00   3.4442577E+01   8.9831328E-06   0.0000000E+00   8.9831328E-06
   9.7101449E-01   7.9166519E+01   0.0000000E+00   7.9166519E+01   5.4907889E-02   0.0000000E+00   5.4907889E-02
   9.8550725E-01   1.1143187E+01   0.0000000E+00   1.1143187E+01   1.0569751E-04   0.0000000E+00   1.0569751E-04
   1.0000000E+00   0.0000000E+00   0.0000000E+00   0.0000000E+00   0.0000000E+00   0.0000000E+00   0.0000000E+00
