   0.0000000E+00   1.9579916E+07   9.6687201E+06   2.9248636E+07   1.7334997E-03   7.3907023E-04   9.4076732E-04
   1.4492754E-02   1.9616287E+07   9.7323700E+06   2.9348657E+07   1.9492378E-03   3.0724150E-04   1.2009904E-03
   2.8985507E-02   1.9530284E+07   9.8111746E+06   2.9341459E+07   5.8345751E-04   1.5839106E-04   4.3642886E-04
   4.3478261E-02   1.9709489E+07   9.8311283E+06   2.9540365E+07   4.3553198E-04   5.8360072E-04   1.0362958E-04
   5.7971014E-02   1.9813678E+07   9.7933678E+06   2.9607045E+07   1.2388842E-03   9.9840689E-05   8.1425429E-04
   7.2463768E-02   1.9900439E+07   9.9090742E+06   2.9809361E+07   6.5353806E-05   1.8664031E-04   9.1696004E-05
   8.6956522E-02   2.0051860E+07   1.0046326E+07   3.0098059E+07   8.7031861E-04   1.8680813E-04   5.1898375E-04
   1.0144928E-01   2.0193574E+07   1.0093053E+07   3.0286735E+07   6.2967937E-04   2.1018435E-04   3.6976471E-04
   1.1594203E-01   2.0273719E+07   1.0117300E+07   3.0390924E+07   3.1212867E-04   1.3442006E-04   1.9841428E-04
   1.3043478E-01   2.0364426E+07   1.0187686E+07   3.0552027E+07   7.8427756E-04   1.6554638E-04   4.8024916E-04
   1.4492754E-01   2.0382435E+07   1.0286351E+07   3.0668862E+07   1.0911081E-03   1.4524636E-04   6.9163160E-04
   1.5942029E-01   2.0516547E+07   1.0270776E+07   3.0787324E+07   9.9455328E-04   5.9035484E-05   6.7509344E-04
   1.7391304E-01   2.0556386E+07   1.0380677E+07   3.0937063E+07   1.4311716E-03   1.7476569E-04   9.8948558E-04
   1.8840580E-01   2.0569928E+07   1.0405823E+07   3.0975809E+07   2.0399525E-03   1.2648573E-04   1.3964577E-03
   2.0289855E-01   2.0193358E+07   1.0196808E+07   3.0390220E+07   2.2243201E-03   1.9576476E-04   1.5429149E-03
   2.1739130E-01   1.8848043E+07   9.5505637E+06   2.8398708E+07   3.5149804E-03   1.9250846E-04   2.3975880E-03
   2.3188406E-01   1.6834352E+07   8.4780790E+06   2.5312525E+07   4.9194289E-03   4.5837376E-04   3.4249270E-03
   2.4637681E-01   1.4686140E+07   7.3587821E+06   2.2044878E+07   5.9988861E-03   7.2554833E-04   4.2337060E-03
   2.6086957E-01   1.2824609E+07   6.4234602E+06   1.9248111E+07   8.0250097E-03   8.6782129E-04   5.6272794E-03
   2.7536232E-01   1.1353807E+07   5.6425062E+06   1.6996353E+07   1.0059100E-02   1.0576228E-03   7.0678825E-03
   2.8985507E-01   1.0076723E+07   5.0121630E+06   1.5088924E+07   1.2818220E-02   1.1433372E-03   8.9400053E-03
   3.0434783E-01   8.9733704E+06   4.4692753E+06   1.3442682E+07   1.5017866E-02   1.3595781E-03   1.0476805E-02
   3.1884058E-01   7.9999773E+06   3.9962688E+06   1.1996281E+07   1.7494141E-02   1.5922263E-03   1.2187557E-02
   3.3333333E-01   7.0807858E+06   3.5211694E+06   1.0601988E+07   2.0607471E-02   1.5692936E-03   1.4277619E-02
   3.4782609E-01   6.2549269E+06   3.1048576E+06   9.3598161E+06   2.2802456E-02   1.9128499E-03   1.5871439E-02
   3.6231884E-01   5.4419436E+06   2.7093936E+06   8.1513675E+06   2.6362946E-02   2.0276834E-03   1.8265830E-02
   3.7681159E-01   4.7665135E+06   2.3816538E+06   7.1481382E+06   2.9100095E-02   2.0885239E-03   2.0098501E-02
   3.9130435E-01   4.0951177E+06   2.0487235E+06   6.1438413E+06   3.2715793E-02   2.7936435E-03   2.2731639E-02
   4.0579710E-01   3.4927872E+06   1.7315095E+06   5.2243238E+06   3.7073268E-02   2.7629412E-03   2.5702285E-02
   4.2028986E-01   2.9315787E+06   1.4641302E+06   4.3957089E+06   4.1015605E-02   2.9709292E-03   2.8343356E-02
   4.3478261E-01   2.3786112E+06   1.1956832E+06   3.5742945E+06   4.4818610E-02   3.4105419E-03   3.0963722E-02
   4.4927536E-01   1.8916530E+06   9.5450379E+05   2.8461568E+06   5.1285200E-02   3.7347463E-03   3.5335767E-02
   4.6376812E-01   1.4363609E+06   7.2671684E+05   2.1630778E+06   5.7291965E-02   3.6871204E-03   3.9271228E-02
   4.7826087E-01   9.9557416E+05   5.0249423E+05   1.4980454E+06   6.4309646E-02   4.1087686E-03   4.4116903E-02
   4.9275362E-01   5.5606729E+05   2.8758336E+05   8.4365065E+05   7.2345197E-02   3.9641060E-03   4.9034517E-02
   5.0724638E-01   1.7306706E+05   8.4433516E+04   2.5752222E+05   7.8800852E-02   4.5790829E-03   5.4458860E-02
   5.2173913E-01   7.5984151E+03   3.0309467E+03   1.0629362E+04   8.8715706E-02   5.8121219E-03   6.4227083E-02
   5.3623188E-01   2.0069782E+03   8.6013353E+02   2.8671118E+03   9.7550203E-02   7.1730087E-03   7.0407203E-02
   5.5072464E-01   2.0937461E+03   7.1785581E+02   2.8116019E+03   1.1138498E-01   6.0738902E-03   8.3727479E-02
   5.6521739E-01   1.5154734E+03   4.4687035E+02   1.9623437E+03   1.1494544E-01   3.9419620E-06   8.8769754E-02
   5.7971014E-01   1.3070958E+03   5.6830251E+02   1.8753983E+03   1.3645968E-01   2.3960778E-05   9.5115518E-02
   5.9420290E-01   1.0349574E+03   4.2507180E+02   1.4600292E+03   1.6054752E-01   3.7710554E-06   1.1380602E-01
   6.0869565E-01   1.0283569E+03   5.4124049E+02   1.5695974E+03   1.4844701E-01   4.0702178E-06   9.7257024E-02
   6.2318841E-01   8.2822382E+02   2.6432675E+02   1.0925506E+03   1.6436315E-01   2.6808906E-05   1.2460236E-01
   6.3768116E-01   7.9217926E+02   2.5831932E+02   1.0504986E+03   1.6605884E-01   3.3511043E-05   1.2521680E-01
   6.5217391E-01   7.0722091E+02   2.8625608E+02   9.9347699E+02   1.6890178E-01   1.5781960E-05   1.2023654E-01
   6.6666667E-01   6.5890146E+02   1.3178029E+02   7.9068176E+02   1.4099646E-01   9.4677629E-07   1.1749692E-01
   6.8115942E-01   5.6427200E+02   3.2244114E+02   8.8671314E+02   1.4564010E-01   6.6906338E-06   9.2681519E-02
   6.9565217E-01   3.4729598E+02   1.5786181E+02   5.0515779E+02   1.8162473E-01   4.1151354E-06   1.2486657E-01
   7.1014493E-01   5.2577647E+02   1.7010415E+02   6.9588063E+02   1.7068546E-01   1.0000460E-05   1.2896202E-01
   7.2463768E-01   3.6371361E+02   1.6670207E+02   5.3041568E+02   1.8821222E-01   6.9564086E-06   1.2905790E-01
   7.3913043E-01   4.0115472E+02   1.7829098E+02   5.7944570E+02   2.2573755E-01   2.5286973E-02   1.5643466E-01
   7.5362319E-01   4.3715578E+02   1.7486231E+02   6.1201809E+02   2.2913791E-01   5.7551773E-06   1.6366845E-01
   7.6811594E-01   3.1453221E+02   1.4296919E+02   4.5750139E+02   1.6463276E-01   6.7622661E-06   1.1318713E-01
   7.8260870E-01   2.3854673E+02   1.2628945E+02   3.6483618E+02   2.7903930E-01   3.8709012E-06   1.8244752E-01
   7.9710145E-01   2.6176358E+02   1.2399328E+02   3.8575686E+02   1.5194035E-01   2.6449590E-05   1.0310893E-01
   8.1159420E-01   2.5708923E+02   5.4124049E+01   3.1121328E+02   2.3521954E-01   5.7803108E-06   1.9431258E-01
   8.2608696E-01   2.6587252E+02   5.3174504E+01   3.1904702E+02   2.2451743E-01   2.0793961E-06   1.8709761E-01
   8.4057971E-01   5.2257702E+01   7.8386554E+01   1.3064426E+02   3.2671175E-01   7.5752287E-06   1.3068236E-01
   8.5507246E-01   1.4127294E+02   5.1371979E+01   1.9264492E+02   2.6384615E-01   6.1354937E-06   1.9348878E-01
   8.6956522E-01   2.1469206E+02   8.8402613E+01   3.0309467E+02   2.1740980E-01   8.4630280E-06   1.5399622E-01
   8.8405797E-01   7.4531477E+01   3.7265739E+01   1.1179722E+02   3.2169224E-01   1.2578052E-05   2.1445733E-01
   8.9855072E-01   1.2221559E+02   7.3329357E+01   1.9554495E+02   3.3975728E-01   1.0855408E-06   2.1234801E-01
   9.1304348E-01   6.0137832E+01   3.6082699E+01   9.6220531E+01   2.9707731E-01   1.0101196E-05   1.8566955E-01
   9.2753623E-01   1.1839636E+02   4.7358543E+01   1.6575490E+02   2.3075101E-01   2.0269693E-05   1.6481785E-01
   9.4202899E-01   6.9944925E+01   3.4972462E+01   1.0491739E+02   2.0925297E-01   6.3553612E-07   1.3950219E-01
   9.5652174E-01   3.4442577E+01   2.2961718E+01   5.7404294E+01   4.2391240E-01   8.6426110E-06   2.5434443E-01
   9.7101449E-01   5.6547514E+01   4.5238011E+01   1.0178552E+02   1.9475126E-01   1.2608446E-01   1.5981723E-01
   9.8550725E-01   2.2286373E+01   0.0000000E+00   2.2286373E+01   3.5000989E-01   0.0000000E+00   3.5000989E-01
   1.0000000E+00   4.3768184E+01   2.1884092E+01   6.5652276E+01   4.4776780E-01   1.9305793E-06   2.9851143E-01
