   0.0000000E+00   1.4263635E+07   9.0019118E+06   2.3265547E+07   6.5256045E-03   1.4649423E-04   4.0353778E-03
   1.4492754E-02   1.4433368E+07   9.1830109E+06   2.3616379E+07   2.9699121E-04   2.0817435E-04   2.6048216E-04
   2.8985507E-02   1.4677738E+07   9.3690352E+06   2.4046774E+07   7.8029016E-04   4.8227275E-05   4.7444050E-04
   4.3478261E-02   1.4777633E+07   9.4762550E+06   2.4253888E+07   3.2030320E-04   1.6047534E-04   2.4363915E-04
   5.7971014E-02   1.4820004E+07   9.7473353E+06   2.4567528E+07   8.3074557E-04   4.0738349E-05   5.0078892E-04
   7.2463768E-02   1.5036981E+07   9.9901520E+06   2.5027133E+07   9.5585727E-04   1.0452870E-04   5.3281122E-04
   8.6956522E-02   1.5263595E+07   1.0220100E+07   2.5483695E+07   1.7987950E-04   3.7722582E-05   1.2269685E-04
   1.0144928E-01   1.5571164E+07   1.0702381E+07   2.6273437E+07   5.8534479E-04   4.7817762E-05   3.4979919E-04
   1.1594203E-01   1.5870795E+07   1.0995991E+07   2.6866691E+07   5.3897794E-04   8.6492405E-05   3.5127209E-04
   1.3043478E-01   1.6281741E+07   1.1421112E+07   2.7702853E+07   1.0880918E-04   6.5016264E-05   8.1434740E-05
   1.4492754E-01   1.6546469E+07   1.1799855E+07   2.8346172E+07   1.3561740E-04   2.2522176E-05   8.4767860E-05
   1.5942029E-01   1.6906139E+07   1.2264106E+07   2.9170451E+07   4.2527299E-04   6.1883273E-05   2.2493537E-04
   1.7391304E-01   1.7316367E+07   1.2660328E+07   2.9976884E+07   1.2037506E-04   3.9885634E-05   8.5691027E-05
   1.8840580E-01   1.7552271E+07   1.3041348E+07   3.0593560E+07   3.7861224E-04   3.8332361E-05   2.3319479E-04
   2.0289855E-01   1.7404670E+07   1.2947447E+07   3.0352171E+07   3.4351709E-04   5.1549744E-05   2.1550287E-04
   2.1739130E-01   1.6744718E+07   1.1947285E+07   2.8692003E+07   2.7489806E-04   2.1745406E-05   1.6187708E-04
   2.3188406E-01   1.5418994E+07   1.0120663E+07   2.5539657E+07   1.8714525E-04   1.1599528E-05   1.1754977E-04
   2.4637681E-01   1.3938611E+07   8.2010287E+06   2.2139372E+07   3.4236503E-04   1.0044849E-04   1.8279737E-04
   2.6086957E-01   1.2510780E+07   6.6631575E+06   1.9173937E+07   2.5477168E-04   1.7204857E-04   1.1179392E-04
   2.7536232E-01   1.1373388E+07   5.4661529E+06   1.6839541E+07   4.4161559E-04   2.6252051E-04   3.4517467E-04
   2.8985507E-01   1.0397019E+07   4.5743427E+06   1.4971286E+07   4.5100066E-04   3.0791931E-04   2.4015301E-04
   3.0434783E-01   9.5456420E+06   3.8580705E+06   1.3403749E+07   1.1433518E-04   4.4958347E-04   1.0285980E-04
   3.1884058E-01   8.7848547E+06   3.2336069E+06   1.2018427E+07   1.9215130E-04   3.3403357E-04   2.1892319E-04
   3.3333333E-01   8.0516441E+06   2.7474214E+06   1.0799131E+07   4.1235163E-04   4.0413973E-04   3.8498234E-04
   3.4782609E-01   7.4034347E+06   2.3421641E+06   9.7456304E+06   4.5085576E-04   5.4095489E-04   4.2451002E-04
   3.6231884E-01   6.7997168E+06   1.9516872E+06   8.7514344E+06   2.2771551E-04   7.1239624E-04   2.0861926E-05
   3.7681159E-01   6.1816742E+06   1.6310282E+06   7.8127024E+06   2.4885508E-04   7.6644958E-04   3.0786030E-04
   3.9130435E-01   5.5712449E+06   1.3477610E+06   6.9189217E+06   2.0478164E-04   5.3330927E-04   1.7970426E-04
   4.0579710E-01   5.0243355E+06   1.0862155E+06   6.1105510E+06   2.5693610E-04   8.0318735E-04   1.5782991E-04
   4.2028986E-01   4.4407550E+06   8.4827315E+05   5.2890282E+06   2.8410148E-04   7.8665956E-04   3.2904502E-04
   4.3478261E-01   3.8217965E+06   6.4667774E+05   4.4684490E+06   1.8360432E-04   6.6457551E-04   7.7190826E-05
   4.4927536E-01   3.2124125E+06   4.6031281E+05   3.6727253E+06   3.5008895E-04   1.0888434E-03   4.3949044E-04
   4.6376812E-01   2.5533595E+06   2.9537523E+05   2.8487347E+06   1.6850376E-04   1.0812624E-03   2.1294438E-04
   4.7826087E-01   1.8551231E+06   1.6167345E+05   2.0167966E+06   2.4225539E-04   1.5893868E-03   2.7502670E-04
   4.9275362E-01   1.1105968E+06   6.0641221E+04   1.1712380E+06   3.6855549E-04   1.7462369E-03   4.3698701E-04
   5.0724638E-01   3.7466832E+05   1.0305219E+04   3.8497353E+05   4.7628827E-04   3.7390106E-03   4.7817389E-04
   5.2173913E-01   7.3184735E+04   4.2096482E+02   7.3605700E+04   1.8300919E-03   1.3932115E-05   1.8196159E-03
   5.3623188E-01   5.8407163E+04   2.4575244E+02   5.8652915E+04   1.6284933E-03   5.8734845E-06   1.6216941E-03
   5.5072464E-01   5.4018649E+04   9.9702195E+01   5.4118352E+04   1.5596226E-03   3.4453963E-06   1.5567549E-03
   5.6521739E-01   4.7426545E+04   3.8858291E+01   4.7465403E+04   8.4863647E-04   1.0455089E-04   8.4801763E-04
   5.7971014E-01   3.9781176E+04   1.8943417E+01   3.9800119E+04   1.4946971E-04   5.3308788E-06   1.4939621E-04
   5.9420290E-01   3.3654598E+04   0.0000000E+00   3.3654598E+04   2.2211883E-04   0.0000000E+00   2.2211883E-04
   6.0869565E-01   3.0219261E+04   0.0000000E+00   3.0219261E+04   2.4917296E-04   0.0000000E+00   2.4917296E-04
   6.2318841E-01   2.3190267E+04   0.0000000E+00   2.3190267E+04   2.9596312E-05   0.0000000E+00   2.9596312E-05
   6.3768116E-01   2.0596661E+04   0.0000000E+00   2.0596661E+04   2.3567273E-05   0.0000000E+00   2.3567273E-05
   6.5217391E-01   1.6619691E+04   0.0000000E+00   1.6619691E+04   4.2397159E-06   0.0000000E+00   4.2397159E-06
   6.6666667E-01   1.3128612E+04   0.0000000E+00   1.3128612E+04   2.1655185E-05   0.0000000E+00   2.1655185E-05
   6.8115942E-01   1.0753412E+04   0.0000000E+00   1.0753412E+04   1.8527490E-05   0.0000000E+00   1.8527490E-05
   6.9565217E-01   8.2088141E+03   0.0000000E+00   8.2088141E+03   4.7270042E-06   0.0000000E+00   4.7270042E-06
   7.1014493E-01   6.5876699E+03   0.0000000E+00   6.5876699E+03   4.1678626E-06   0.0000000E+00   4.1678626E-06
   7.2463768E-01   5.2890021E+03   0.0000000E+00   5.2890021E+03   1.5470135E-06   0.0000000E+00   1.5470135E-06
   7.3913043E-01   3.9818320E+03   0.0000000E+00   3.9818320E+03   7.1508801E-07   0.0000000E+00   7.1508801E-07
   7.5362319E-01   3.0455186E+03   0.0000000E+00   3.0455186E+03   3.4062896E-05   0.0000000E+00   3.4062896E-05
   7.6811594E-01   2.1588347E+03   0.0000000E+00   2.1588347E+03   3.6302186E-06   0.0000000E+00   3.6302186E-06
   7.8260870E-01   1.8382131E+03   0.0000000E+00   1.8382131E+03   1.5238027E-05   0.0000000E+00   1.5238027E-05
   7.9710145E-01   1.4603652E+03   0.0000000E+00   1.4603652E+03   9.9840498E-06   0.0000000E+00   9.9840498E-06
   8.1159420E-01   1.1095430E+03   0.0000000E+00   1.1095430E+03   7.4521698E-06   0.0000000E+00   7.4521698E-06
   8.2608696E-01   8.5079207E+02   0.0000000E+00   8.5079207E+02   3.7063570E-06   0.0000000E+00   3.7063570E-06
   8.4057971E-01   6.5322128E+02   0.0000000E+00   6.5322128E+02   1.0997022E-05   0.0000000E+00   1.0997022E-05
   8.5507246E-01   4.6234781E+02   0.0000000E+00   4.6234781E+02   8.6892374E-06   0.0000000E+00   8.6892374E-06
   8.6956522E-01   3.5361045E+02   0.0000000E+00   3.5361045E+02   5.5084592E-06   0.0000000E+00   5.5084592E-06
   8.8405797E-01   2.7328208E+02   0.0000000E+00   2.7328208E+02   7.7507519E-06   0.0000000E+00   7.7507519E-06
   8.9855072E-01   8.5550916E+01   0.0000000E+00   8.5550916E+01   5.8673426E-05   0.0000000E+00   5.8673426E-05
   9.1304348E-01   8.4192965E+01   0.0000000E+00   8.4192965E+01   2.6942295E-05   0.0000000E+00   2.6942295E-05
   9.2753623E-01   1.1839636E+01   0.0000000E+00   1.1839636E+01   5.6983557E-05   0.0000000E+00   5.6983557E-05
   9.4202899E-01   2.3314975E+01   0.0000000E+00   2.3314975E+01   4.4166237E-05   0.0000000E+00   4.4166237E-05
   9.5652174E-01   2.2961718E+01   0.0000000E+00   2.2961718E+01   4.2456120E-06   0.0000000E+00   4.2456120E-06
   9.7101449E-01   0.0000000E+00   0.0000000E+00   0.0000000E+00   0.0000000E+00   0.0000000E+00   0.0000000E+00
   9.8550725E-01   0.0000000E+00   0.0000000E+00   0.0000000E+00   0.0000000E+00   0.0000000E+00   0.0000000E+00
   1.0000000E+00   0.0000000E+00   0.0000000E+00   0.0000000E+00   0.0000000E+00   0.0000000E+00   0.0000000E+00
