   0.0000000E+00   1.8046257E+07   8.8079312E+06   2.6854188E+07   2.1418595E-03   1.5804536E-03   9.4140414E-04
   1.4492754E-02   1.8353140E+07   9.2906095E+06   2.7642992E+07   3.5680745E-04   5.9448783E-04   4.3652955E-04
   2.8985507E-02   1.8566822E+07   9.1822531E+06   2.7749075E+07   3.3596084E-04   6.4779351E-04   2.8141413E-04
   4.3478261E-02   1.8828746E+07   9.6346219E+06   2.8462863E+07   4.1725035E-05   1.8879898E-04   6.9362047E-05
   5.7971014E-02   1.9381768E+07   9.6679624E+06   2.9049541E+07   3.2364207E-04   4.3005138E-04   3.5585623E-04
   7.2463768E-02   1.9964998E+07   9.9769674E+06   2.9941510E+07   1.0862626E-04   3.7869448E-04   1.0189944E-04
   8.6956522E-02   2.0551082E+07   1.0235002E+07   3.0785831E+07   1.7530699E-04   5.4634369E-04   6.6437170E-05
   1.0144928E-01   2.1236220E+07   1.0579411E+07   3.1815090E+07   1.9932473E-04   3.4559899E-04   1.8794994E-04
   1.1594203E-01   2.1870838E+07   1.0991349E+07   3.2861430E+07   2.7186339E-04   3.9838136E-05   1.8906739E-04
   1.3043478E-01   2.2646729E+07   1.1254495E+07   3.3900466E+07   1.7211334E-04   3.0068413E-04   1.2064241E-04
   1.4492754E-01   2.3361552E+07   1.1681875E+07   3.5042594E+07   2.4256776E-04   2.1016495E-04   2.2745151E-04
   1.5942029E-01   2.4169734E+07   1.2183579E+07   3.6352417E+07   1.7644512E-04   2.5276360E-04   1.9740648E-04
   1.7391304E-01   2.5142082E+07   1.2582597E+07   3.7723921E+07   1.3515389E-04   2.6481823E-04   1.7821347E-04
   1.8840580E-01   2.5941873E+07   1.2946980E+07   3.8887863E+07   1.3641023E-04   3.4524153E-04   2.0532697E-04
   2.0289855E-01   2.5818795E+07   1.2953076E+07   3.8770572E+07   1.0746845E-04   1.5873560E-04   1.2387314E-04
   2.1739130E-01   2.3837032E+07   1.1937081E+07   3.5773102E+07   6.1675309E-05   2.5241948E-04   1.2493567E-04
   2.3188406E-01   2.0166925E+07   1.0087275E+07   3.0253347E+07   5.2307049E-05   5.3769325E-05   4.7581139E-05
   2.4637681E-01   1.6213024E+07   8.1692483E+06   2.4381827E+07   2.1166839E-04   4.5123655E-05   1.5521115E-04
   2.6086957E-01   1.3111833E+07   6.5637256E+06   1.9674970E+07   2.7748702E-04   4.1284866E-04   3.2304869E-04
   2.7536232E-01   1.0787458E+07   5.4374786E+06   1.6224698E+07   4.5771243E-04   3.2146933E-04   4.0221763E-04
   2.8985507E-01   9.1215205E+06   4.5611581E+06   1.3682376E+07   7.6126971E-04   4.8428151E-04   6.6716089E-04
   3.0434783E-01   7.6918933E+06   3.8603076E+06   1.1551840E+07   6.3030832E-04   5.6792537E-04   6.0841952E-04
   3.1884058E-01   6.5613453E+06   3.2968434E+06   9.8579476E+06   8.5154375E-04   9.3010423E-04   8.7785404E-04
   3.3333333E-01   5.5592505E+06   2.8013525E+06   8.3605042E+06   9.5337546E-04   1.1346778E-03   1.0095771E-03
   3.4782609E-01   4.7216467E+06   2.3871863E+06   7.1088014E+06   1.1170698E-03   9.4807740E-04   1.0549091E-03
   3.6231884E-01   3.9764203E+06   2.0018797E+06   5.9782697E+06   1.3637040E-03   1.1944685E-03   1.3070408E-03
   3.7681159E-01   3.3340997E+06   1.6553924E+06   4.9894629E+06   1.2391764E-03   1.5128050E-03   1.3305750E-03
   3.9130435E-01   2.7326511E+06   1.3800350E+06   4.1126579E+06   1.6636401E-03   1.0524291E-03   1.4541999E-03
   4.0579710E-01   2.2242007E+06   1.1065662E+06   3.3307669E+06   1.5508385E-03   1.2791922E-03   1.4600145E-03
   4.2028986E-01   1.7459037E+06   8.7377491E+05   2.6196786E+06   1.5738571E-03   1.4182844E-03   1.5079402E-03
   4.3478261E-01   1.3227304E+06   6.7312275E+05   1.9958532E+06   2.3000824E-03   2.8534965E-03   2.4041754E-03
   4.4927536E-01   9.5892800E+05   4.7637194E+05   1.4352999E+06   2.6622799E-03   2.6787655E-03   2.6536357E-03
   4.6376812E-01   6.2307267E+05   3.1218751E+05   9.3526018E+05   3.8649334E-03   3.2338229E-03   3.6291067E-03
   4.7826087E-01   3.4493092E+05   1.7255731E+05   5.1748823E+05   4.9297185E-03   5.1807103E-03   5.0040564E-03
   4.9275362E-01   1.2914953E+05   6.2156694E+04   1.9130623E+05   1.1060303E-02   1.0185914E-02   1.0769631E-02
   5.0724638E-01   2.0956832E+04   9.9588250E+03   3.0915657E+04   2.3464614E-02   1.1588539E-02   1.9638985E-02
   5.2173913E-01   8.2088141E+02   3.1572362E+02   1.1366050E+03   4.1616722E-02   8.1768550E-02   4.8064294E-02
   5.3623188E-01   3.0719055E+02   1.4335559E+02   4.5054614E+02   8.9941546E-02   2.6909800E-02   6.9587605E-02
   5.5072464E-01   3.9880878E+02   2.1934483E+02   6.1815361E+02   6.4719371E-02   1.0195031E-01   7.4730106E-02
   5.6521739E-01   2.7200804E+02   2.5257889E+02   5.2458694E+02   1.1017129E-01   6.6185470E-02   8.5610407E-02
   5.7971014E-01   3.0309467E+02   1.8943417E+02   4.9252884E+02   1.5055250E-01   1.5818172E-01   1.4696740E-01
   5.9420290E-01   2.5873936E+02   2.0329521E+02   4.6203456E+02   4.0207148E-02   3.0912333E-02   3.2117757E-02
   6.0869565E-01   3.2474429E+02   2.1649620E+02   5.4124049E+02   1.1676682E-01   1.1657886E-01   1.1591489E-01
   6.2318841E-01   3.1719210E+02   1.5859605E+02   4.7578815E+02   8.4490526E-02   1.8053864E-01   1.1622056E-01
   6.3768116E-01   1.8943417E+02   1.5499159E+02   3.4442577E+02   9.8739490E-02   6.8174057E-02   5.7732398E-02
   6.5217391E-01   2.6941749E+02   1.8522452E+02   4.5464201E+02   1.2145688E-01   2.1300299E-01   1.4671236E-01
   6.6666667E-01   3.4592327E+02   1.4825283E+02   4.9417610E+02   1.1126580E-01   7.6342764E-02   8.4405793E-02
   6.8115942E-01   2.7407497E+02   9.6732343E+01   3.7080731E+02   9.5618472E-02   1.1205371E-01   9.9567602E-02
   6.9565217E-01   2.0522035E+02   1.2628945E+02   3.3150980E+02   1.4564362E-01   7.1398642E-02   1.1584569E-01
   7.1014493E-01   2.0103218E+02   1.7010415E+02   3.7113634E+02   1.0529008E-01   1.3992644E-01   1.2103199E-01
   7.2463768E-01   1.5154734E+02   1.8185680E+02   3.3340414E+02   9.9514297E-02   1.3741791E-01   1.1869507E-01
   7.3913043E-01   2.5257889E+02   1.1886066E+02   3.7143955E+02   1.1052567E-01   2.4908029E-01   1.5423505E-01
   7.5362319E-01   2.6229347E+02   1.6029045E+02   4.2258392E+02   1.9196776E-01   1.0144843E-01   1.5099648E-01
   7.6811594E-01   1.4296919E+02   1.7156302E+02   3.1453221E+02   2.8788006E-01   8.5108114E-02   1.7727165E-01
   7.8260870E-01   1.8241809E+02   1.4032161E+02   3.2273970E+02   1.4161295E-01   1.4949266E-01   1.4501433E-01
   7.9710145E-01   1.3777031E+02   8.2662184E+01   2.2043249E+02   1.3788961E-01   1.7291570E-01   1.3834526E-01
   8.1159420E-01   1.8943417E+02   9.4717086E+01   2.8415126E+02   1.3754372E-01   1.0556336E-01   1.2413064E-01
   8.2608696E-01   2.7916615E+02   7.9761756E+01   3.5892790E+02   1.5485074E-01   1.1530210E-01   1.4254601E-01
   8.4057971E-01   2.0903081E+02   1.3064426E+02   3.3967507E+02   1.4531940E-01   1.0937262E-01   1.3107119E-01
   8.5507246E-01   2.3117390E+02   1.6695893E+02   3.9813283E+02   1.7999866E-01   6.3368776E-02   1.3108655E-01
   8.6956522E-01   1.7680523E+02   1.6417628E+02   3.4098151E+02   1.3856507E-01   2.1585333E-01   1.7530014E-01
   8.8405797E-01   1.9875061E+02   9.9375303E+01   2.9812591E+02   1.8027548E-01   1.5903710E-01   1.7153322E-01
   8.9855072E-01   1.5888027E+02   2.4443119E+01   1.8332339E+02   2.5405064E-01   1.9947828E-01   2.4653129E-01
   9.1304348E-01   1.6838593E+02   3.6082699E+01   2.0446863E+02   1.5191344E-01   2.4445756E-01   1.5904244E-01
   9.2753623E-01   1.4207563E+02   8.2877450E+01   2.2495308E+02   2.1764726E-01   2.6777183E-01   2.2873754E-01
   9.4202899E-01   1.5154734E+02   5.8287437E+01   2.0983477E+02   2.8000322E-01   1.3646000E-01   2.3668305E-01
   9.5652174E-01   1.6073202E+02   9.1846871E+01   2.5257889E+02   1.8404852E-01   2.8194134E-01   2.1795238E-01
   9.7101449E-01   7.9166519E+01   3.3928508E+01   1.1309503E+02   3.4278637E-01   2.7193985E-01   3.1628604E-01
   9.8550725E-01   1.0028868E+02   3.3429560E+01   1.3371824E+02   1.1825459E-01   1.3755785E-01   1.2261154E-01
   1.0000000E+00   2.1884092E+01   0.0000000E+00   2.1884092E+01   4.2811564E-01   0.0000000E+00   4.2811564E-01
