   0.0000000E+00   1.4493987E+07   9.6020393E+06   2.4096027E+07   3.0704060E-03   1.0203986E-03   1.5207233E-03
   1.4492754E-02   1.4231053E+07   9.5459667E+06   2.3777019E+07   2.2790165E-03   2.6563716E-04   1.4601558E-03
   2.8985507E-02   1.4443219E+07   9.5993872E+06   2.4042606E+07   4.4230865E-04   1.4238648E-04   2.5074349E-04
   4.3478261E-02   1.4716004E+07   9.7730352E+06   2.4489039E+07   1.2214314E-03   7.2710351E-05   7.6296518E-04
   5.7971014E-02   1.4692325E+07   9.8200780E+06   2.4512403E+07   1.0894581E-03   1.2560509E-04   7.0137785E-04
   7.2463768E-02   1.4926352E+07   1.0150792E+07   2.5076992E+07   5.2709939E-04   6.4940419E-05   3.0515026E-04
   8.6956522E-02   1.5265363E+07   1.0278951E+07   2.5544314E+07   5.0646935E-04   9.8365813E-05   3.2191582E-04
   1.0144928E-01   1.5675082E+07   1.0493138E+07   2.6167895E+07   3.7671090E-04   3.9287923E-05   2.3636777E-04
   1.1594203E-01   1.6081446E+07   1.0720648E+07   2.6801904E+07   6.1951437E-04   1.7329190E-05   3.6492712E-04
   1.3043478E-01   1.6476816E+07   1.1022711E+07   2.7499359E+07   4.3059544E-04   7.0726037E-05   2.8550334E-04
   1.4492754E-01   1.7038391E+07   1.1257163E+07   2.8295327E+07   6.4061321E-04   5.1381477E-05   4.0152394E-04
   1.5942029E-01   1.7657607E+07   1.1568710E+07   2.9226179E+07   3.1097208E-04   4.0331355E-05   1.7501072E-04
   1.7391304E-01   1.8321442E+07   1.1839067E+07   3.0160193E+07   6.2484484E-04   1.7022643E-05   3.7649623E-04
   1.8840580E-01   1.8902966E+07   1.1905442E+07   3.0808000E+07   1.2494000E-03   1.1448494E-04   7.5657133E-04
   2.0289855E-01   1.8984443E+07   1.1659403E+07   3.0643467E+07   2.0305100E-03   1.1664891E-04   1.2994525E-03
   2.1739130E-01   1.8357283E+07   1.0856447E+07   2.9213477E+07   1.7191003E-03   1.6255688E-04   1.0728614E-03
   2.3188406E-01   1.6848370E+07   9.4911729E+06   2.6339401E+07   1.0457711E-03   7.1988098E-05   6.8588616E-04
   2.4637681E-01   1.5089033E+07   8.0172553E+06   2.3105977E+07   9.4802721E-04   1.2131501E-04   6.5728083E-04
   2.6086957E-01   1.3313434E+07   6.6848372E+06   1.9998102E+07   1.2633129E-03   1.9919751E-04   9.0953214E-04
   2.7536232E-01   1.1896187E+07   5.6731746E+06   1.7569242E+07   1.9040323E-03   2.7119936E-04   1.3759622E-03
   2.8985507E-01   1.0714283E+07   4.8087864E+06   1.5522842E+07   1.5778974E-03   4.7431709E-04   1.2359617E-03
   3.0434783E-01   9.6975141E+06   4.1333454E+06   1.3830787E+07   1.2453104E-03   4.3535897E-04   9.8825774E-04
   3.1884058E-01   8.8158530E+06   3.5655644E+06   1.2381417E+07   1.3652683E-03   4.5480512E-04   1.1033867E-03
   3.3333333E-01   8.0261776E+06   3.0692948E+06   1.1095538E+07   1.0023679E-03   4.9122668E-04   8.5737696E-04
   3.4782609E-01   7.2558655E+06   2.6136864E+06   9.8694887E+06   1.3809785E-03   3.7741267E-04   1.1150983E-03
   3.6231884E-01   6.5779728E+06   2.2462346E+06   8.8242680E+06   5.5551303E-04   4.9817641E-04   5.3746376E-04
   3.7681159E-01   5.8769766E+06   1.8998790E+06   7.7767390E+06   1.0405231E-03   5.4987234E-04   9.1804978E-04
   3.9130435E-01   5.2508907E+06   1.6029218E+06   6.8538686E+06   1.1374668E-03   8.1450880E-04   1.0326599E-03
   4.0579710E-01   4.5263130E+06   1.3179206E+06   5.8441795E+06   4.2435073E-04   7.5767415E-04   4.8803255E-04
   4.2028986E-01   3.8351405E+06   1.0550308E+06   4.8901713E+06   1.6552235E-03   7.4938324E-04   1.4239138E-03
   4.3478261E-01   3.1451377E+06   8.2083089E+05   3.9659685E+06   1.6432784E-03   9.8569554E-04   1.4882860E-03
   4.4927536E-01   2.4444830E+06   5.9866087E+05   3.0431439E+06   1.1547424E-03   5.6931303E-04   1.0393035E-03
   4.6376812E-01   1.7332990E+06   4.0953300E+05   2.1428320E+06   2.7438580E-03   7.0017915E-04   2.3467957E-03
   4.7826087E-01   1.1059511E+06   2.3786043E+05   1.3437886E+06   4.9358705E-03   8.5205653E-04   4.2099437E-03
   4.9275362E-01   5.7382953E+05   1.1033983E+05   6.8416937E+05   1.0435853E-02   1.3797582E-03   8.9722603E-03
   5.0724638E-01   2.1257761E+05   2.9724928E+04   2.4230254E+05   1.7114349E-02   2.2288245E-03   1.5271170E-02
   5.2173913E-01   3.5066370E+04   3.5361045E+03   3.8602474E+04   2.2454240E-02   3.0164755E-05   2.0396110E-02
   5.3623188E-01   2.4411409E+04   1.9864989E+03   2.6397908E+04   3.2193992E-02   2.5647389E-03   2.9842171E-02
   5.5072464E-01   2.7497865E+04   1.9142821E+03   2.9412148E+04   3.3548558E-02   9.8887730E-06   3.1364906E-02
   5.6521739E-01   2.6229347E+04   2.0206312E+03   2.8249978E+04   3.7628476E-02   1.4139008E-05   3.4936020E-02
   5.7971014E-01   2.6047199E+04   2.0458890E+03   2.8093088E+04   4.1023222E-02   1.3947338E-06   3.8035669E-02
   5.9420290E-01   2.6077231E+04   1.8111755E+03   2.7888406E+04   4.4318957E-02   1.3470048E-05   4.1439876E-02
   6.0869565E-01   2.8667705E+04   2.0567139E+03   3.0724418E+04   5.2030208E-02   6.5158698E-03   4.8964856E-02
   6.2318841E-01   2.6626515E+04   1.9560180E+03   2.8582533E+04   4.8219543E-02   3.6925088E-06   4.4919528E-02
   6.3768116E-01   2.7812381E+04   1.9804482E+03   2.9792829E+04   5.0774059E-02   4.1579903E-06   4.7398629E-02
   6.5217391E-01   2.7985742E+04   1.9364382E+03   2.9922180E+04   4.9996886E-02   2.6390946E-05   4.6759589E-02
   6.6666667E-01   2.6767872E+04   1.8119790E+03   2.8579851E+04   5.2275604E-02   4.5253176E-06   4.8961543E-02
   6.8115942E-01   2.6875469E+04   1.5960837E+03   2.8471553E+04   4.8200687E-02   6.0251164E-05   4.5501366E-02
   6.9565217E-01   2.3647699E+04   1.6417628E+03   2.5289462E+04   4.4849655E-02   1.5143785E-03   4.2000938E-02
   7.1014493E-01   2.3257877E+04   1.6701135E+03   2.4927991E+04   5.4233147E-02   6.0547267E-06   5.0599533E-02
   7.2463768E-01   2.2216840E+04   1.2275334E+03   2.3444373E+04   5.2764521E-02   5.9333947E-06   5.0001522E-02
   7.3913043E-01   2.1588067E+04   1.0697459E+03   2.2657813E+04   6.0491297E-02   1.4221328E-05   5.7634651E-02
   7.5362319E-01   2.0590037E+04   9.1802714E+02   2.1508064E+04   5.8628180E-02   6.3786639E-05   5.6128480E-02
   7.6811594E-01   1.6813176E+04   9.2929971E+02   1.7742476E+04   5.0142861E-02   9.8891775E-05   4.7511345E-02
   7.8260870E-01   1.5659891E+04   8.4192965E+02   1.6501821E+04   4.8301326E-02   1.4208346E-05   4.5836263E-02
   7.9710145E-01   1.3708145E+04   6.3374341E+02   1.4341889E+04   5.3567130E-02   3.0818080E-06   5.1200205E-02
   8.1159420E-01   1.3003303E+04   6.4948859E+02   1.3652791E+04   5.1842050E-02   6.2118482E-07   4.9375841E-02
   8.2608696E-01   1.2283310E+04   5.8491955E+02   1.2868230E+04   4.3834169E-02   1.3699244E-06   4.1841655E-02
   8.4057971E-01   1.0477669E+04   4.4419047E+02   1.0921860E+04   4.7470373E-02   3.3090418E-06   4.5539834E-02
   8.5507246E-01   8.5534344E+03   4.2381882E+02   8.9772533E+03   5.1758731E-02   3.3678826E-06   4.9315216E-02
   8.6956522E-01   7.6152537E+03   2.6520784E+02   7.8804615E+03   5.3190120E-02   3.4727037E-05   5.1401236E-02
   8.8405797E-01   7.0308027E+03   2.8570400E+02   7.3165067E+03   4.8497934E-02   1.4968023E-05   4.6603610E-02
   8.9855072E-01   5.7074682E+03   2.4443119E+02   5.9518994E+03   3.7504291E-02   3.1236802E-06   3.5963998E-02
   9.1304348E-01   5.0515779E+03   2.0446863E+02   5.2560465E+03   3.8351998E-02   9.5886696E-07   3.6860037E-02
   9.2753623E-01   3.9425987E+03   1.6575490E+02   4.1083536E+03   5.0967307E-02   4.3215558E-05   4.8909269E-02
   9.4202899E-01   3.5205612E+03   9.3259900E+01   3.6138211E+03   4.0825025E-02   1.1668071E-05   3.9771777E-02
   9.5652174E-01   2.6635593E+03   1.2628945E+02   2.7898487E+03   3.7990013E-02   3.1367517E-06   3.6270382E-02
   9.7101449E-01   1.9791630E+03   3.3928508E+01   2.0130915E+03   5.4681543E-02   3.9628886E-06   5.3759880E-02
   9.8550725E-01   1.3148960E+03   4.4572746E+01   1.3594688E+03   4.7796896E-02   1.4659528E-04   4.6225158E-02
   1.0000000E+00   5.2521821E+02   6.5652276E+01   5.9087048E+02   3.4921467E-02   5.5084429E-06   3.1040699E-02
