   0.0000000E+00   1.8246299E+07   9.1170878E+06   2.7363387E+07   8.5952271E-04   1.0998035E-03   7.0793831E-04
   1.4492754E-02   1.8509234E+07   9.2019543E+06   2.7711188E+07   3.5346178E-04   2.4662339E-04   2.3476739E-04
   2.8985507E-02   1.8423989E+07   9.3364526E+06   2.7760441E+07   3.6409265E-04   4.6415570E-04   3.9419006E-04
   4.3478261E-02   1.8693111E+07   9.4388733E+06   2.8131732E+07   2.2235434E-04   1.6642591E-04   1.5301198E-04
   5.7971014E-02   1.9152931E+07   9.6944831E+06   2.8847225E+07   7.7782828E-05   2.4895520E-04   3.2022308E-05
   7.2463768E-02   1.9698577E+07   9.8492130E+06   2.9547790E+07   2.2240039E-04   1.8234244E-04   9.4717907E-05
   8.6956522E-02   2.0375539E+07   1.0280971E+07   3.0656384E+07   1.0197819E-04   2.4415181E-04   1.4427586E-04
   1.0144928E-01   2.1039100E+07   1.0626175E+07   3.1665167E+07   8.2639519E-05   3.2566330E-04   8.5173334E-05
   1.1594203E-01   2.1728668E+07   1.0948064E+07   3.2676353E+07   9.3268187E-05   1.7110395E-04   9.3572984E-05
   1.3043478E-01   2.2506969E+07   1.1268976E+07   3.3775523E+07   4.0314642E-06   1.6312061E-04   5.2092142E-05
   1.4492754E-01   2.3318968E+07   1.1640275E+07   3.4959015E+07   4.8144001E-05   2.4043477E-04   1.1142402E-04
   1.5942029E-01   2.4195841E+07   1.2149206E+07   3.6344909E+07   2.0311881E-04   8.2979689E-05   1.2413743E-04
   1.7391304E-01   2.5112720E+07   1.2604508E+07   3.7716533E+07   1.5175825E-04   2.1401995E-04   1.4728746E-04
   1.8840580E-01   2.5883178E+07   1.2997865E+07   3.8880285E+07   9.6762161E-05   2.2710649E-04   1.3751523E-04
   2.0289855E-01   2.5876275E+07   1.2937542E+07   3.8813005E+07   1.1092283E-04   1.9998095E-04   1.3869158E-04
   2.1739130E-01   2.3924627E+07   1.1943547E+07   3.5867466E+07   1.5316517E-04   3.1293806E-05   9.1753256E-05
   2.3188406E-01   2.0166972E+07   1.0075909E+07   3.0242597E+07   1.9090304E-04   2.2891309E-04   1.7190608E-04
   2.4637681E-01   1.6253363E+07   8.1470511E+06   2.4400236E+07   2.7039867E-04   3.5553293E-04   2.9833912E-04
   2.6086957E-01   1.3115538E+07   6.5596423E+06   1.9674801E+07   6.1619199E-04   3.2667868E-04   5.1938188E-04
   2.7536232E-01   1.0823710E+07   5.4201703E+06   1.6243641E+07   7.5495894E-04   7.7694303E-04   7.6050780E-04
   2.8985507E-01   9.1152692E+06   4.5573315E+06   1.3672449E+07   1.1068313E-03   9.5971974E-04   1.0556936E-03
   3.0434783E-01   7.6830531E+06   3.8596942E+06   1.1542603E+07   1.3745494E-03   1.0785026E-03   1.2754010E-03
   3.1884058E-01   6.5519425E+06   3.2740769E+06   9.8258816E+06   1.3593280E-03   1.2742725E-03   1.3282008E-03
   3.3333333E-01   5.5937769E+06   2.8015502E+06   8.3952612E+06   1.5603749E-03   1.6046678E-03   1.5738070E-03
   3.4782609E-01   4.7362016E+06   2.3812191E+06   7.1172944E+06   1.8795650E-03   1.8947383E-03   1.8831413E-03
   3.6231884E-01   4.0139131E+06   2.0078810E+06   6.0217940E+06   1.8417637E-03   1.6059844E-03   1.7624990E-03
   3.7681159E-01   3.3517899E+06   1.6819131E+06   5.0336156E+06   2.2238829E-03   1.8788110E-03   2.1077662E-03
   3.9130435E-01   2.7592841E+06   1.3912326E+06   4.1505167E+06   2.6343653E-03   2.2708271E-03   2.5121066E-03
   4.0579710E-01   2.2537254E+06   1.1186629E+06   3.3723612E+06   2.6960891E-03   2.3997950E-03   2.5858991E-03
   4.2028986E-01   1.7691584E+06   8.8163970E+05   2.6507981E+06   3.2811181E-03   3.1791409E-03   3.2442309E-03
   4.3478261E-01   1.3411939E+06   6.7867949E+05   2.0198734E+06   3.5080097E-03   3.4238048E-03   3.4718899E-03
   4.4927536E-01   9.6384106E+05   4.8033173E+05   1.4441728E+06   4.4960958E-03   3.6592337E-03   4.2145643E-03
   4.6376812E-01   6.2778484E+05   3.1689969E+05   9.4468453E+05   6.3723397E-03   4.5702621E-03   5.7658164E-03
   4.7826087E-01   3.3694025E+05   1.6863085E+05   5.0557110E+05   7.5685056E-03   6.9022877E-03   7.3312823E-03
   4.9275362E-01   1.2631916E+05   6.1488103E+04   1.8780727E+05   1.2718254E-02   1.0839352E-02   1.2100327E-02
   5.0724638E-01   1.7644440E+04   9.3309860E+03   2.6975426E+04   2.8430120E-02   2.6133350E-02   2.7613518E-02
   5.2173913E-01   8.6297789E+02   4.2096482E+02   1.2839427E+03   3.9281693E-02   4.6234794E-02   4.1321161E-02
   5.3623188E-01   8.8061290E+02   2.4575244E+02   1.1263653E+03   6.8369276E-02   8.7943650E-02   7.0737870E-02
   5.5072464E-01   1.1764859E+03   1.9940439E+02   1.3758903E+03   2.8026516E-02   5.3197398E-02   3.0176699E-02
   5.6521739E-01   6.8002010E+02   3.6915377E+02   1.0491739E+03   7.8531660E-02   5.1302813E-02   5.5150126E-02
   5.7971014E-01   7.1984985E+02   1.8943417E+02   9.0928402E+02   4.3887220E-02   1.1637178E-01   5.0540785E-02
   5.9420290E-01   8.6862498E+02   4.0659042E+02   1.2752154E+03   7.4817559E-02   8.7015913E-02   7.2590729E-02
   6.0869565E-01   6.8557129E+02   3.0670294E+02   9.9227423E+02   1.0866031E-01   6.4006616E-02   9.2927685E-02
   6.2318841E-01   7.0487133E+02   2.6432675E+02   9.6919808E+02   1.2800674E-01   9.8083204E-02   1.1686459E-01
   6.3768116E-01   7.4051540E+02   2.2387675E+02   9.6439214E+02   8.8080983E-02   1.4261986E-01   9.4031253E-02
   6.5217391E-01   6.7354372E+02   2.1890171E+02   8.9244543E+02   1.0624051E-01   6.0590087E-02   9.3373898E-02
   6.6666667E-01   5.2712117E+02   2.9650566E+02   8.2362683E+02   7.7778839E-02   7.8736783E-03   5.1228749E-02
   6.8115942E-01   4.8366171E+02   3.3856320E+02   8.2222491E+02   9.4554124E-02   9.7712317E-02   9.2640890E-02
   6.9565217E-01   6.6301960E+02   3.3150980E+02   9.9452940E+02   9.7819922E-02   9.8194652E-02   9.7704898E-02
   7.1014493E-01   5.5670450E+02   3.2474429E+02   8.8144880E+02   1.0492107E-01   9.5684246E-02   9.5940433E-02
   7.2463768E-01   6.8196302E+02   1.2123787E+02   8.0320089E+02   1.4206459E-01   5.5332128E-02   1.2741006E-01
   7.3913043E-01   5.9430328E+02   2.8229406E+02   8.7659734E+02   1.0864784E-01   4.5012134E-02   8.8139389E-02
   7.5362319E-01   6.9944925E+02   2.7686533E+02   9.7631457E+02   1.2056049E-01   9.9246279E-02   1.1389492E-01
   7.6811594E-01   5.2898599E+02   2.7164145E+02   8.0062744E+02   1.0646064E-01   1.5813791E-01   1.2356243E-01
   7.8260870E-01   7.2967236E+02   3.6483618E+02   1.0945085E+03   1.3641973E-01   1.2338905E-01   1.3074468E-01
   7.9710145E-01   7.3018262E+02   3.3064873E+02   1.0608314E+03   1.7988332E-01   1.1578502E-01   1.5957641E-01
   8.1159420E-01   6.6301960E+02   2.3002721E+02   8.9304681E+02   1.5834755E-01   8.5747673E-02   1.3753973E-01
   8.2608696E-01   4.9186416E+02   3.5892790E+02   8.5079207E+02   1.6165281E-01   1.3542708E-01   1.5057456E-01
   8.4057971E-01   5.2257702E+02   2.2209523E+02   7.4467226E+02   1.7675320E-01   2.0552909E-01   1.8527085E-01
   8.5507246E-01   8.6048064E+02   2.9538888E+02   1.1558695E+03   1.6314072E-01   1.5938427E-01   1.6217423E-01
   8.6956522E-01   5.1778673E+02   2.0206312E+02   7.1984985E+02   2.0214114E-01   1.3723589E-01   1.8310164E-01
   8.8405797E-01   3.8507930E+02   3.3539165E+02   7.2047095E+02   1.5188655E-01   1.5448924E-01   1.5307862E-01
   8.9855072E-01   5.3774861E+02   1.4665871E+02   6.8440733E+02   1.3054669E-01   1.9799168E-01   1.4495582E-01
   9.1304348E-01   4.5704752E+02   3.0068916E+02   7.5773668E+02   2.0892536E-01   1.9230321E-01   2.0187412E-01
   9.2753623E-01   4.4990616E+02   1.8943417E+02   6.3934033E+02   1.6983340E-01   2.0452309E-01   1.7990711E-01
   9.4202899E-01   4.6629950E+02   2.2149226E+02   6.8779176E+02   2.0972965E-01   2.1898401E-01   2.1213287E-01
   9.5652174E-01   2.8702147E+02   1.9517460E+02   4.8219607E+02   2.5098094E-01   1.4293402E-01   2.0536057E-01
   9.7101449E-01   2.0357105E+02   5.6547514E+01   2.6011856E+02   2.8026050E-01   2.0030994E-01   2.6245409E-01
   9.8550725E-01   2.7857966E+02   7.8002306E+01   3.5658197E+02   2.0953184E-01   2.7220176E-01   2.2227348E-01
   1.0000000E+00   8.7536368E+01   0.0000000E+00   8.7536368E+01   2.9628391E-01   0.0000000E+00   2.9628391E-01
