   0.0000000E+00   1.8058381E+07   8.8927977E+06   2.6951178E+07   8.3538355E-04   1.4364797E-03   8.9842325E-04
   1.4492754E-02   1.8106876E+07   9.1163300E+06   2.7223206E+07   1.9046348E-04   3.0174512E-04   2.0958339E-04
   2.8985507E-02   1.8346699E+07   9.1701294E+06   2.7516829E+07   2.9187791E-04   3.8153766E-04   3.1937581E-04
   4.3478261E-02   1.8767875E+07   9.3489552E+06   2.8116577E+07   1.8225266E-04   2.1562559E-04   5.0569559E-05
   5.7971014E-02   1.9158993E+07   9.4995554E+06   2.8658549E+07   8.1469455E-05   3.8668534E-05   6.5595311E-05
   7.2463768E-02   1.9632957E+07   9.8533047E+06   2.9485808E+07   3.9935560E-05   1.5514923E-04   6.5710086E-05
   8.6956522E-02   2.0410143E+07   1.0107702E+07   3.0517845E+07   7.9221760E-05   7.0127209E-05   7.1358233E-05
   1.0144928E-01   2.0988981E+07   1.0499632E+07   3.1487856E+07   1.4069404E-04   1.7819111E-04   1.4880305E-04
   1.1594203E-01   2.1672027E+07   1.0941812E+07   3.2613082E+07   8.2644138E-05   2.5666814E-04   1.1906265E-04
   1.3043478E-01   2.2502927E+07   1.1236477E+07   3.3738647E+07   3.5619377E-05   1.5772245E-04   6.6447924E-05
   1.4492754E-01   2.3290477E+07   1.1730219E+07   3.5018801E+07   3.9958755E-05   2.0467938E-04   6.9317521E-05
   1.5942029E-01   2.4348766E+07   1.2141146E+07   3.6489017E+07   4.5323944E-05   1.7678249E-05   2.4367444E-05
   1.7391304E-01   2.5328801E+07   1.2658054E+07   3.7985656E+07   8.0180934E-06   8.2489315E-05   2.9618754E-05
   1.8840580E-01   2.6101348E+07   1.3036510E+07   3.9135992E+07   4.5545372E-05   7.6608893E-05   7.7114976E-06
   2.0289855E-01   2.6067495E+07   1.3043355E+07   3.9109280E+07   2.5969980E-05   4.4764774E-05   3.3452610E-06
   2.1739130E-01   2.4075618E+07   1.2027756E+07   3.6101758E+07   8.2624443E-05   9.3662759E-05   7.1138826E-05
   2.3188406E-01   2.0275613E+07   1.0128003E+07   3.0402480E+07   5.6565200E-05   5.3637613E-05   5.3748662E-05
   2.4637681E-01   1.6225371E+07   8.1335901E+06   2.4358114E+07   1.8373799E-04   3.7925174E-05   1.3455395E-04
   2.6086957E-01   1.3085523E+07   6.5543381E+06   1.9638935E+07   1.3281880E-04   8.3015797E-05   1.0340502E-04
   2.7536232E-01   1.0762892E+07   5.4016257E+06   1.6163919E+07   1.7921661E-04   8.4526115E-05   1.4608171E-04
   2.8985507E-01   9.0216130E+06   4.5126250E+06   1.3533783E+07   1.7771124E-04   1.9696441E-04   1.8381362E-04
   3.0434783E-01   7.6316352E+06   3.8318744E+06   1.1463041E+07   1.4738329E-04   1.4256340E-04   8.2814487E-05
   3.1884058E-01   6.5051694E+06   3.2573722E+06   9.7623006E+06   2.5022731E-04   3.1133219E-04   2.5330292E-04
   3.3333333E-01   5.5234392E+06   2.7769732E+06   8.3003794E+06   2.5490431E-04   4.9056829E-04   3.3206778E-04
   3.4782609E-01   4.7056080E+06   2.3706108E+06   7.0761556E+06   3.9075778E-04   2.7763621E-04   3.5284144E-04
   3.6231884E-01   3.9812395E+06   1.9974242E+06   5.9785424E+06   4.0781352E-04   7.2642411E-04   5.1022365E-04
   3.7681159E-01   3.3285624E+06   1.6615417E+06   4.9900458E+06   4.7289863E-04   2.1792297E-04   3.8667880E-04
   3.9130435E-01   2.7451677E+06   1.3651609E+06   4.1103005E+06   4.7834752E-04   3.8890389E-04   3.9507769E-04
   4.0579710E-01   2.2272858E+06   1.1171204E+06   3.3443520E+06   6.2316610E-04   6.1509464E-04   5.0947968E-04
   4.2028986E-01   1.7465569E+06   8.7824295E+05   2.6247737E+06   6.5162284E-04   7.5204823E-04   6.5615284E-04
   4.3478261E-01   1.3441491E+06   6.6476239E+05   2.0088862E+06   5.3697242E-04   8.7502664E-04   6.2508309E-04
   4.4927536E-01   9.5166839E+05   4.7888958E+05   1.4305580E+06   1.2402144E-03   1.2889992E-03   1.2565372E-03
   4.6376812E-01   6.2316738E+05   3.0991430E+05   9.3308169E+05   9.7683153E-04   8.0402403E-04   9.1621366E-04
   4.7826087E-01   3.3719282E+05   1.7090406E+05   5.0809689E+05   2.4434840E-03   9.6342665E-04   1.9077849E-03
   4.9275362E-01   1.2304307E+05   6.0440644E+04   1.8348371E+05   4.1428819E-03   5.6696296E-03   4.4743375E-03
   5.0724638E-01   1.9224862E+04   8.5732493E+03   2.7798111E+04   2.0793081E-02   1.3112810E-02   1.8266319E-02
   5.2173913E-01   3.1361879E+03   1.8522452E+03   4.9884332E+03   8.8706983E-02   9.0006086E-02   8.9031019E-02
   5.3623188E-01   3.8091628E+03   1.5154734E+03   5.3246362E+03   8.3668104E-02   1.0177045E-01   8.8344357E-02
   5.5072464E-01   3.9282665E+03   2.0937461E+03   6.0220126E+03   1.1273726E-01   9.4661031E-02   1.0539268E-01
   5.6521739E-01   3.9829749E+03   1.8651980E+03   5.8481729E+03   1.0772204E-01   1.2617234E-01   1.1334469E-01
   5.7971014E-01   4.1107215E+03   1.9132851E+03   6.0240066E+03   1.4008338E-01   1.0078780E-01   1.2759927E-01
   5.9420290E-01   4.2137552E+03   1.8111755E+03   6.0249307E+03   1.5239823E-01   1.3431096E-01   1.4638863E-01
   6.0869565E-01   4.6546682E+03   2.4355822E+03   7.0902504E+03   1.4415362E-01   1.2595317E-01   1.3774910E-01
   6.2318841E-01   3.9120359E+03   2.1498576E+03   6.0618935E+03   1.3352116E-01   1.4381449E-01   1.3716263E-01
   6.3768116E-01   4.2364369E+03   1.7565714E+03   5.9930083E+03   1.7111241E-01   1.6429541E-01   1.6893750E-01
   6.5217391E-01   4.2096482E+03   2.0543083E+03   6.2639566E+03   1.6241100E-01   1.6594066E-01   1.6345212E-01
   6.6666667E-01   4.0192989E+03   1.9767044E+03   5.9960033E+03   1.5981997E-01   1.8012009E-01   1.6650839E-01
   6.8115942E-01   3.3533879E+03   1.9507689E+03   5.3041568E+03   1.8120701E-01   1.5579240E-01   1.7180747E-01
   6.9565217E-01   3.1414500E+03   1.3260392E+03   4.4674892E+03   1.8504282E-01   1.8551706E-01   1.8514106E-01
   7.1014493E-01   2.5360983E+03   1.3144412E+03   3.8505395E+03   1.6772141E-01   1.7646221E-01   1.7050120E-01
   7.2463768E-01   2.7278521E+03   1.2729976E+03   4.0008497E+03   1.8306049E-01   1.9289990E-01   1.8619104E-01
   7.3913043E-01   2.4515010E+03   1.1886066E+03   3.6401076E+03   1.7371759E-01   1.8555368E-01   1.7753661E-01
   7.5362319E-01   1.7923387E+03   1.0491739E+03   2.8415126E+03   2.0229369E-01   2.0128609E-01   2.0165107E-01
   7.6811594E-01   1.9586778E+03   9.0070587E+02   2.8593837E+03   1.8799983E-01   1.7362823E-01   1.8340611E-01
   7.8260870E-01   1.6557950E+03   6.5951156E+02   2.3153065E+03   1.8281802E-01   1.9687885E-01   1.8681464E-01
   7.9710145E-01   1.4190342E+03   7.3018262E+02   2.1492168E+03   2.0665169E-01   2.0134531E-01   2.0476392E-01
   8.1159420E-01   1.6237215E+03   8.2539175E+02   2.4491132E+03   2.0635792E-01   2.3807181E-01   2.1687717E-01
   8.2608696E-01   1.2761881E+03   7.5773668E+02   2.0339248E+03   2.0708986E-01   2.5412010E-01   2.2445081E-01
   8.4057971E-01   1.3848291E+03   5.0951260E+02   1.8943417E+03   2.1732319E-01   1.7914118E-01   2.0705323E-01
   8.5507246E-01   1.0274396E+03   5.6509176E+02   1.5925313E+03   2.0879072E-01   2.5593656E-01   2.2484596E-01
   8.6956522E-01   1.1113471E+03   3.6623940E+02   1.4775865E+03   2.0434917E-01   2.3093436E-01   2.1090961E-01
   8.8405797E-01   7.9500242E+02   3.4781356E+02   1.1428160E+03   2.4005587E-01   2.2909019E-01   2.3664833E-01
   8.9855072E-01   9.6550319E+02   4.1553302E+02   1.3810362E+03   2.1906170E-01   2.3159950E-01   2.2280777E-01
   9.1304348E-01   6.7354372E+02   3.6082699E+02   1.0343707E+03   2.5188316E-01   2.8019617E-01   2.6175969E-01
   9.2753623E-01   5.8014215E+02   2.7231162E+02   8.5245377E+02   1.9203632E-01   1.9606361E-01   1.9331030E-01
   9.4202899E-01   5.1292945E+02   2.5646472E+02   7.6939417E+02   2.1394076E-01   2.5978764E-01   2.2922238E-01
   9.5652174E-01   3.2146405E+02   2.2961718E+02   5.5108122E+02   2.6675355E-01   2.6813127E-01   2.6731810E-01
   9.7101449E-01   2.3749956E+02   7.9166519E+01   3.1666608E+02   2.5413743E-01   1.5948278E-01   2.2780053E-01
   9.8550725E-01   2.3400692E+02   1.3371824E+02   3.6772516E+02   2.5516449E-01   2.7964466E-01   2.6399683E-01
   1.0000000E+00   6.5652276E+01   6.5652276E+01   1.3130455E+02   2.6194584E-01   1.4235799E-01   1.9475300E-01
