   0.0000000E+00   1.7858338E+07   9.0564688E+06   2.6914807E+07   3.5797379E-04   6.2249017E-04   3.1256685E-04
   1.4492754E-02   1.8207655E+07   9.1496705E+06   2.7357325E+07   1.0359197E-04   1.9323433E-04   1.0134863E-04
   2.8985507E-02   1.8286459E+07   9.0701081E+06   2.7356189E+07   3.5094923E-04   4.3978942E-04   2.8065868E-04
   4.3478261E-02   1.8437754E+07   9.2789909E+06   2.7716240E+07   1.1905490E-04   2.4213672E-04   1.0972317E-04
   5.7971014E-02   1.8838660E+07   9.5503237E+06   2.8388605E+07   4.3764808E-05   2.5730094E-04   1.1285675E-04
   7.2463768E-02   1.9285308E+07   9.7332793E+06   2.9018587E+07   5.5440324E-05   1.8388652E-04   6.6363126E-05
   8.6956522E-02   1.9741819E+07   1.0004524E+07   2.9745964E+07   5.8126708E-05   1.6765666E-04   5.9514937E-05
   1.0144928E-01   2.0300848E+07   1.0237239E+07   3.0537979E+07   1.2739343E-04   3.6201992E-05   9.5048143E-05
   1.1594203E-01   2.0905008E+07   1.0522216E+07   3.1427034E+07   4.7667864E-05   1.5385301E-04   7.5914280E-05
   1.3043478E-01   2.1389223E+07   1.0773416E+07   3.2161965E+07   7.9013564E-05   7.7093378E-05   7.2347464E-05
   1.4492754E-01   2.1979289E+07   1.1081444E+07   3.3059597E+07   1.9946404E-05   9.4468170E-05   2.4695147E-05
   1.5942029E-01   2.2636901E+07   1.1376796E+07   3.4013491E+07   4.2428543E-05   8.1768274E-05   7.1005284E-06
   1.7391304E-01   2.3350666E+07   1.1765441E+07   3.5115097E+07   4.8993359E-05   2.1382831E-05   3.5913898E-05
   1.8840580E-01   2.3936785E+07   1.2053376E+07   3.5988646E+07   5.9638494E-06   7.9529071E-05   3.0580115E-05
   2.0289855E-01   2.3829141E+07   1.1934082E+07   3.5761545E+07   6.5941038E-05   7.9079613E-06   4.3689985E-05
   2.1739130E-01   2.2113585E+07   1.1105389E+07   3.3217762E+07   4.7149098E-05   7.7327189E-05   4.8947829E-05
   2.3188406E-01   1.8918317E+07   9.5573802E+06   2.8474892E+07   7.2601670E-05   5.0795307E-05   5.5954463E-05
   2.4637681E-01   1.5657291E+07   7.8854537E+06   2.3542344E+07   1.0648107E-04   1.3766801E-04   1.1005115E-04
   2.6086957E-01   1.3007182E+07   6.5231867E+06   1.9529653E+07   1.2316913E-04   7.6855442E-05   1.0764181E-04
   2.7536232E-01   1.0977331E+07   5.4996130E+06   1.6476625E+07   9.6878140E-05   4.1182029E-05   7.6964870E-05
   2.8985507E-01   9.4079450E+06   4.7226318E+06   1.4130274E+07   1.6374372E-04   5.9373082E-05   1.2880796E-04
   3.0434783E-01   8.1577571E+06   4.0495253E+06   1.2207102E+07   1.2964782E-04   1.8077060E-04   1.4099919E-04
   3.1884058E-01   7.0887644E+06   3.5427979E+06   1.0631287E+07   2.4197564E-04   1.2604593E-04   2.0327702E-04
   3.3333333E-01   6.1408628E+06   3.0352955E+06   9.1761254E+06   2.9916542E-04   3.1082380E-04   2.7775148E-04
   3.4782609E-01   5.3165332E+06   2.6397967E+06   7.9560773E+06   1.7479891E-04   1.0345377E-04   1.0465931E-04
   3.6231884E-01   4.5556342E+06   2.2618137E+06   6.8173873E+06   3.3980253E-04   1.9378770E-04   2.9103567E-04
   3.7681159E-01   3.9010033E+06   1.9320828E+06   5.8329696E+06   3.5963479E-04   3.4491770E-04   3.5370830E-04
   3.9130435E-01   3.3134983E+06   1.6271694E+06   4.9405835E+06   3.5324202E-04   2.8775493E-04   3.0472360E-04
   4.0579710E-01   2.7476073E+06   1.3605162E+06   4.1080965E+06   6.3631588E-04   5.8840658E-04   5.8437880E-04
   4.2028986E-01   2.2421167E+06   1.1052504E+06   3.3473410E+06   8.7383143E-04   1.0386384E-03   9.0920686E-04
   4.3478261E-01   1.8077071E+06   8.7695392E+05   2.6846358E+06   1.1067581E-03   4.6142460E-04   8.5491244E-04
   4.4927536E-01   1.3901046E+06   6.8264742E+05   2.0726787E+06   1.0566560E-03   7.0488415E-04   9.4255195E-04
   4.6376812E-01   1.0179482E+06   4.9269460E+05   1.5106428E+06   1.2134910E-03   8.9562867E-04   1.0666526E-03
   4.7826087E-01   6.7236502E+05   3.2766371E+05   1.0000287E+06   3.2641758E-03   1.8112248E-03   2.7796365E-03
   4.9275362E-01   4.0146672E+05   1.8687124E+05   5.8833796E+05   6.1984258E-03   7.6990857E-03   6.6477419E-03
   5.0724638E-01   1.7401964E+05   7.9735549E+04   2.5375519E+05   2.3578769E-02   1.7824791E-02   2.1610585E-02
   5.2173913E-01   1.8396163E+04   8.1456694E+03   2.6541832E+04   1.3956766E-01   1.3003943E-01   1.3659428E-01
   5.3623188E-01   9.0928402E+03   3.7272453E+03   1.2820086E+04   1.7718037E-01   1.7618228E-01   1.7683982E-01
   5.5072464E-01   8.2154609E+03   3.9880878E+03   1.2203549E+04   1.8128393E-01   1.8506181E-01   1.8251790E-01
   5.6521739E-01   6.2756141E+03   2.7200804E+03   8.9956945E+03   1.8245605E-01   1.8496252E-01   1.8296709E-01
   5.7971014E-01   6.2134408E+03   3.1446072E+03   9.3580480E+03   1.9637197E-01   2.0228025E-01   1.9780010E-01
   5.9420290E-01   4.9345291E+03   2.1992845E+03   7.1338137E+03   2.0685262E-01   1.9086633E-01   2.0183939E-01
   6.0869565E-01   4.6907509E+03   2.3634168E+03   7.0541677E+03   2.2599181E-01   2.2644904E-01   2.2556170E-01
   6.2318841E-01   3.6653309E+03   1.7445566E+03   5.4098875E+03   2.0887362E-01   2.3996905E-01   2.1890089E-01
   6.3768116E-01   3.4787002E+03   1.4293669E+03   4.9080672E+03   2.1345679E-01   2.0969457E-01   2.1232289E-01
   6.5217391E-01   3.4182344E+03   1.7175365E+03   5.1357709E+03   1.9594327E-01   2.1049391E-01   2.0077722E-01
   6.6666667E-01   3.0803643E+03   1.2024952E+03   4.2828595E+03   1.7275229E-01   1.9023593E-01   1.7765511E-01
   6.8115942E-01   2.5472850E+03   1.1446661E+03   3.6919511E+03   1.8286633E-01   1.2054396E-01   1.6349115E-01
   6.9565217E-01   2.6994369E+03   1.2155359E+03   3.9149729E+03   1.6708023E-01   1.7014294E-01   1.6802789E-01
   7.1014493E-01   2.5515623E+03   1.0515529E+03   3.6031153E+03   2.0295403E-01   2.1063187E-01   2.0478105E-01
   7.2463768E-01   1.7731038E+03   8.0320089E+02   2.5763047E+03   1.9359450E-01   1.4110989E-01   1.7650111E-01
   7.3913043E-01   1.8423402E+03   9.2117009E+02   2.7635103E+03   1.9727115E-01   2.1720924E-01   2.0391695E-01
   7.5362319E-01   1.5591889E+03   7.4316482E+02   2.3023538E+03   1.8928996E-01   2.4303099E-01   2.0653647E-01
   7.6811594E-01   1.4153949E+03   6.2906442E+02   2.0444594E+03   1.9178231E-01   1.9378828E-01   1.9176007E-01
   7.8260870E-01   1.4874090E+03   7.0160804E+02   2.1890171E+03   2.1569541E-01   1.8799025E-01   2.0681471E-01
   7.9710145E-01   1.1572706E+03   5.3730419E+02   1.6945748E+03   2.1956580E-01   1.5867540E-01   1.9776629E-01
   8.1159420E-01   1.2177911E+03   2.9768227E+02   1.5154734E+03   1.9938447E-01   2.1065648E-01   2.0138333E-01
   8.2608696E-01   1.0501965E+03   3.5892790E+02   1.4091244E+03   2.2570439E-01   2.2070202E-01   2.2435255E-01
   8.4057971E-01   7.5773668E+02   3.5273949E+02   1.1104762E+03   1.8400323E-01   1.5337972E-01   1.7409430E-01
   8.5507246E-01   7.1920770E+02   3.5960385E+02   1.0788116E+03   2.0331183E-01   2.3213195E-01   2.1288993E-01
   8.6956522E-01   8.8402613E+02   4.0412623E+02   1.2881524E+03   1.5274784E-01   1.0578499E-01   1.3799281E-01
   8.8405797E-01   5.3414225E+02   1.8632869E+02   7.2047095E+02   2.1019181E-01   2.2432868E-01   2.1372868E-01
   8.9855072E-01   5.4997017E+02   2.8109587E+02   8.3106604E+02   2.0476346E-01   2.6660916E-01   2.2556507E-01
   9.1304348E-01   3.3677186E+02   9.6220531E+01   4.3299239E+02   2.2899537E-01   2.3159824E-01   2.2902225E-01
   9.2753623E-01   4.1438725E+02   1.1839636E+02   5.3278361E+02   1.9980620E-01   1.0661859E-01   1.7909737E-01
   9.4202899E-01   4.0801206E+02   1.2823236E+02   5.3624442E+02   2.2837847E-01   1.7778249E-01   2.1619386E-01
   9.5652174E-01   2.5257889E+02   1.0332773E+02   3.5590662E+02   2.0385268E-01   1.5717714E-01   1.9015599E-01
   9.7101449E-01   3.1666608E+02   6.7857016E+01   3.8452309E+02   2.7128147E-01   2.3496071E-01   2.6485972E-01
   9.8550725E-01   1.5600461E+02   6.6859119E+01   2.2286373E+02   2.7862256E-01   4.0004162E-01   3.1163062E-01
   1.0000000E+00   2.1884092E+01   4.3768184E+01   6.5652276E+01   3.9005828E-01   4.0744219E-01   4.0044637E-01
