   0.0000000E+00   1.5360838E+07   8.9958499E+06   2.4356688E+07   3.7688337E-03   7.1477130E-04   2.6408507E-03
   1.4492754E-02   1.5491927E+07   9.4633734E+06   2.4955300E+07   1.1060986E-03   2.7170219E-04   6.4092297E-04
   2.8985507E-02   1.5439264E+07   9.3921462E+06   2.4831410E+07   3.7640052E-04   2.5358843E-04   2.6882039E-04
   4.3478261E-02   1.5697273E+07   9.3436511E+06   2.5040924E+07   1.0022316E-03   2.1600996E-04   5.8309415E-04
   5.7971014E-02   1.5737623E+07   9.5582800E+06   2.5295713E+07   1.1121978E-03   3.6947058E-04   5.8236946E-04
   7.2463768E-02   1.6064775E+07   9.7044853E+06   2.5769261E+07   1.4801499E-03   1.6941555E-04   9.2971560E-04
   8.6956522E-02   1.6421669E+07   9.9473146E+06   2.6368984E+07   4.9835821E-04   1.2878987E-04   2.7342586E-04
   1.0144928E-01   1.6675728E+07   1.0193399E+07   2.6869018E+07   3.1521256E-04   1.0236708E-04   2.2194789E-04
   1.1594203E-01   1.7084878E+07   1.0415185E+07   2.7499874E+07   8.6478827E-05   2.8275721E-04   1.6038762E-04
   1.3043478E-01   1.7565094E+07   1.0626247E+07   2.8191172E+07   5.5436882E-04   1.5251810E-04   4.0323259E-04
   1.4492754E-01   1.7971392E+07   1.0925654E+07   2.8896743E+07   2.9846372E-04   8.2139481E-05   1.8398247E-04
   1.5942029E-01   1.8641011E+07   1.1284628E+07   2.9925364E+07   1.3872171E-04   2.8526475E-04   1.9166635E-04
   1.7391304E-01   1.9220559E+07   1.1581058E+07   3.0801554E+07   5.3757057E-04   7.9870659E-05   3.6409818E-04
   1.8840580E-01   1.9616112E+07   1.1711811E+07   3.1327807E+07   1.3240305E-03   7.3119244E-05   8.4703240E-04
   2.0289855E-01   1.9657043E+07   1.1527340E+07   3.1184004E+07   7.9703941E-04   3.3499070E-04   6.0494186E-04
   2.1739130E-01   1.8792830E+07   1.0811640E+07   2.9604065E+07   1.0836544E-03   3.8732857E-04   8.2684983E-04
   2.3188406E-01   1.7082984E+07   9.4115158E+06   2.6494358E+07   3.0387000E-04   6.7636677E-05   2.2039284E-04
   2.4637681E-01   1.5070268E+07   7.9451811E+06   2.3015227E+07   6.3303155E-04   3.0011436E-04   4.8091407E-04
   2.6086957E-01   1.3255214E+07   6.6440878E+06   1.9899176E+07   9.7553038E-04   3.5508724E-04   7.6425148E-04
   2.7536232E-01   1.1760472E+07   5.6183782E+06   1.7378691E+07   1.8533250E-03   9.0967963E-04   1.5478793E-03
   2.8985507E-01   1.0447522E+07   4.8503862E+06   1.5297870E+07   1.1907467E-03   5.6830024E-04   9.8392896E-04
   3.0434783E-01   9.3972699E+06   4.1772941E+06   1.3574456E+07   1.3563135E-03   3.9723893E-04   1.0058957E-03
   3.1884058E-01   8.5012545E+06   3.6325552E+06   1.2133741E+07   1.3804768E-03   6.6357135E-04   1.1543538E-03
   3.3333333E-01   7.6552490E+06   3.1419387E+06   1.0797221E+07   8.2822802E-04   8.8567977E-04   8.3634801E-04
   3.4782609E-01   6.9158311E+06   2.7164860E+06   9.6322856E+06   8.7548934E-04   5.4743522E-04   7.6399603E-04
   3.6231884E-01   6.2402041E+06   2.3628351E+06   8.6029786E+06   7.3678547E-04   9.2707283E-04   7.1826265E-04
   3.7681159E-01   5.5292920E+06   2.0240021E+06   7.5532650E+06   1.1618201E-03   5.3158609E-04   9.2569503E-04
   3.9130435E-01   4.8970557E+06   1.7081069E+06   6.6051626E+06   1.1193645E-03   6.1459697E-04   9.8637720E-04
   4.0579710E-01   4.2360187E+06   1.4184560E+06   5.6544747E+06   1.0190815E-03   5.7679477E-04   9.0943367E-04
   4.2028986E-01   3.5791562E+06   1.1573513E+06   4.7365075E+06   1.4860017E-03   6.5472343E-04   1.2791429E-03
   4.3478261E-01   2.9324410E+06   9.0943557E+05   3.8418765E+06   2.2002678E-03   5.5621174E-04   1.8081067E-03
   4.4927536E-01   2.2606463E+06   6.7421455E+05   2.9348608E+06   2.0048312E-03   4.6737701E-04   1.5934090E-03
   4.6376812E-01   1.6148079E+06   4.5703362E+05   2.0718652E+06   3.4025936E-03   1.3754504E-03   2.9442599E-03
   4.7826087E-01   1.0095808E+06   2.7269336E+05   1.2822742E+06   5.1555245E-03   1.8866499E-03   4.4563413E-03
   4.9275362E-01   5.1481522E+05   1.2625230E+05   6.4106752E+05   1.1385350E-02   4.0130147E-03   9.9326451E-03
   5.0724638E-01   1.8891458E+05   3.9229111E+04   2.2814369E+05   2.0154500E-02   5.3741296E-03   1.7610527E-02
   5.2173913E-01   3.2393243E+04   4.3780342E+03   3.6771277E+04   3.5420893E-02   2.1645655E-03   3.1459615E-02
   5.3623188E-01   2.3776548E+04   3.1538230E+03   2.6930371E+04   4.2498334E-02   8.7491805E-03   3.8371126E-02
   5.5072464E-01   2.3848765E+04   3.9681474E+03   2.7816912E+04   5.8761374E-02   1.3554530E-02   5.2262486E-02
   5.6521739E-01   2.4480724E+04   3.2252382E+03   2.7705962E+04   6.0306357E-02   6.9350218E-03   5.4093414E-02
   5.7971014E-01   2.3811875E+04   3.4855887E+03   2.7297464E+04   5.7837899E-02   1.4785618E-02   5.2106044E-02
   5.9420290E-01   2.5448864E+04   3.9550159E+03   2.9403880E+04   6.3367022E-02   1.1520331E-02   5.6323942E-02
   6.0869565E-01   2.4662525E+04   3.2294016E+03   2.7891927E+04   6.4900154E-02   1.0838586E-02   5.8571022E-02
   6.2318841E-01   2.5216772E+04   3.5243567E+03   2.8741129E+04   6.9356795E-02   8.4737742E-03   6.1804723E-02
   6.3768116E-01   2.5453064E+04   3.3064873E+03   2.8759551E+04   7.6412012E-02   1.5860456E-02   6.9450267E-02
   6.5217391E-01   2.4365444E+04   2.8962380E+03   2.7261682E+04   7.9216125E-02   7.9341020E-03   7.1561257E-02
   6.6666667E-01   2.3654563E+04   3.0474193E+03   2.6701982E+04   7.7188904E-02   2.2382916E-02   7.0904026E-02
   6.8115942E-01   2.3473715E+04   2.9825806E+03   2.6456296E+04   7.8058474E-02   1.0659972E-02   7.0438385E-02
   6.9565217E-01   2.2653170E+04   2.6520784E+03   2.5305248E+04   8.3077313E-02   1.9318547E-02   7.6393765E-02
   7.1014493E-01   2.0984667E+04   2.9536267E+03   2.3938294E+04   8.5270505E-02   2.7719116E-02   7.8125849E-02
   7.2463768E-01   1.9807237E+04   2.1519722E+03   2.1959209E+04   8.4711087E-02   2.0809691E-02   7.8393192E-02
   7.3913043E-01   2.0087451E+04   2.2137797E+03   2.2301231E+04   8.3653133E-02   1.0941410E-02   7.6435240E-02
   7.5362319E-01   1.7631950E+04   2.0254884E+03   1.9657438E+04   9.1687938E-02   3.3325447E-03   8.2519703E-02
   7.6811594E-01   1.6341378E+04   1.8728963E+03   1.8214274E+04   8.8483029E-02   1.3005088E-02   8.0685813E-02
   7.8260870E-01   1.4200547E+04   1.6698271E+03   1.5870374E+04   8.4155187E-02   1.3670742E-02   7.6691950E-02
   7.9710145E-01   1.3735700E+04   1.3501490E+03   1.5085849E+04   8.8977889E-02   5.1175240E-03   8.1457629E-02
   8.1159420E-01   1.2029070E+04   1.1907291E+03   1.3219799E+04   1.0053403E-01   2.6250050E-03   9.1667721E-02
   8.2608696E-01   1.0927361E+04   1.1831327E+03   1.2110493E+04   9.5251752E-02   3.1001042E-02   8.8782491E-02
   8.4057971E-01   9.4455797E+03   8.4918766E+02   1.0294767E+04   8.8439724E-02   1.8627917E-02   8.2560758E-02
   8.5507246E-01   9.1698982E+03   7.4489369E+02   9.9147919E+03   9.7278784E-02   3.7212830E-02   9.2671646E-02
   8.6956522E-01   7.5521090E+03   8.8402613E+02   8.4361351E+03   9.5638037E-02   2.1251516E-02   8.7815136E-02
   8.8405797E-01   6.1736907E+03   6.0867373E+02   6.7823644E+03   1.0480831E-01   1.5632713E-02   9.6765321E-02
   8.9855072E-01   5.4141508E+03   5.8663485E+02   6.0007857E+03   9.8226547E-02   2.8139771E-02   9.1333345E-02
   9.1304348E-01   4.8591368E+03   4.0893726E+02   5.2680741E+03   1.0072664E-01   2.2845882E-02   9.4677978E-02
   9.2753623E-01   4.2504292E+03   3.0783053E+02   4.5582597E+03   1.0591332E-01   1.4727183E-02   9.9717998E-02
   9.4202899E-01   3.0542617E+03   2.7977970E+02   3.3340414E+03   1.0831467E-01   4.6307661E-06   9.9225613E-02
   9.5652174E-01   2.7783678E+03   1.8369374E+02   2.9620616E+03   9.1956374E-02   2.5265595E-02   8.7502662E-02
   9.7101449E-01   2.0470200E+03   1.2440453E+02   2.1714245E+03   1.1920094E-01   7.6492286E-05   1.1236739E-01
   9.8550725E-01   1.2591801E+03   7.8002306E+01   1.3371824E+03   1.3309709E-01   9.8691169E-05   1.2533880E-01
   1.0000000E+00   5.2521821E+02   6.5652276E+01   5.9087048E+02   1.3480856E-01   2.4550043E-06   1.1982957E-01
