   0.0000000E+00   2.1095389E+07   1.0432519E+07   3.1527908E+07   1.7417813E-03   9.5416576E-05   1.1899415E-03
   1.4492754E-02   2.1174194E+07   1.0268848E+07   3.1443041E+07   1.9561824E-03   1.4266673E-04   1.3554973E-03
   2.8985507E-02   2.1096147E+07   1.0353335E+07   3.1449482E+07   7.8292148E-04   1.0007838E-04   5.0437207E-04
   4.3478261E-02   2.1031992E+07   1.0381498E+07   3.1413490E+07   1.2409795E-03   6.9005774E-06   8.2991753E-04
   5.7971014E-02   2.0870910E+07   1.0287980E+07   3.1158890E+07   1.7575711E-03   1.1253282E-04   1.1408318E-03
   7.2463768E-02   2.0742890E+07   1.0178222E+07   3.0921112E+07   3.8557464E-04   5.4905792E-05   2.7412578E-04
   8.6956522E-02   2.0411532E+07   1.0001745E+07   3.0413404E+07   2.0829408E-04   1.0803646E-04   1.6149527E-04
   1.0144928E-01   2.0103620E+07   9.8380201E+06   2.9941749E+07   8.2424122E-04   6.5644373E-05   5.4507221E-04
   1.1594203E-01   1.9715930E+07   9.7095432E+06   2.9425473E+07   9.5667638E-04   5.2358592E-05   6.5763574E-04
   1.3043478E-01   1.9233799E+07   9.4232134E+06   2.8657096E+07   1.0171248E-03   2.6052791E-05   6.9026964E-04
   1.4492754E-01   1.8725568E+07   9.1757366E+06   2.7901229E+07   2.5186826E-03   6.5675820E-05   1.7119814E-03
   1.5942029E-01   1.8198837E+07   8.9387441E+06   2.7137582E+07   2.7435328E-03   8.3110871E-05   1.8674299E-03
   1.7391304E-01   1.7551013E+07   8.6750747E+06   2.6226088E+07   4.4058881E-03   5.2158121E-05   2.9647061E-03
   1.8840580E-01   1.6932209E+07   8.3510160E+06   2.5283342E+07   5.2835298E-03   9.6363375E-05   3.5648624E-03
   2.0289855E-01   1.6180276E+07   7.9654904E+06   2.4145712E+07   6.6382950E-03   3.5968301E-05   4.4591919E-03
   2.1739130E-01   1.5399230E+07   7.5960577E+06   2.2995288E+07   9.0362699E-03   2.0071710E-04   6.1158549E-03
   2.3188406E-01   1.4560431E+07   7.1810706E+06   2.1741455E+07   1.0511615E-02   1.1679807E-04   7.0775893E-03
   2.4637681E-01   1.3588492E+07   6.7380175E+06   2.0326465E+07   1.1992064E-02   1.6058735E-04   8.0701835E-03
   2.6086957E-01   1.2694826E+07   6.3346787E+06   1.9029378E+07   1.4398660E-02   2.3370027E-04   9.6824645E-03
   2.7536232E-01   1.1826276E+07   5.8734563E+06   1.7699732E+07   1.7434671E-02   2.9405131E-04   1.1746745E-02
   2.8985507E-01   1.0842985E+07   5.4025110E+06   1.6245496E+07   2.0353678E-02   3.2566701E-04   1.3693273E-02
   3.0434783E-01   9.8997215E+06   4.9832012E+06   1.4882887E+07   2.4025939E-02   4.1207923E-04   1.6118716E-02
   3.1884058E-01   8.9745300E+06   4.5204504E+06   1.3494980E+07   2.7352224E-02   3.8873752E-04   1.8320170E-02
   3.3333333E-01   8.0629443E+06   4.0818946E+06   1.2144905E+07   3.0202155E-02   3.6081428E-04   2.0172631E-02
   3.4782609E-01   7.2020977E+06   3.6891989E+06   1.0891297E+07   3.5375167E-02   5.0694886E-04   2.3563571E-02
   3.6231884E-01   6.3918120E+06   3.2693004E+06   9.6611124E+06   4.0027104E-02   5.9368294E-04   2.6682604E-02
   3.7681159E-01   5.5991495E+06   2.8959239E+06   8.4950734E+06   4.3733555E-02   5.2102700E-04   2.9001483E-02
   3.9130435E-01   4.9038192E+06   2.5305879E+06   7.4344072E+06   4.8861058E-02   7.0143904E-04   3.2466515E-02
   4.0579710E-01   4.2031654E+06   2.1988436E+06   6.4020090E+06   5.2841207E-02   7.5336023E-04   3.4949808E-02
   4.2028986E-01   3.5691749E+06   1.8766525E+06   5.4458274E+06   5.8597501E-02   6.4402230E-04   3.8626285E-02
   4.3478261E-01   2.9755309E+06   1.5762186E+06   4.5517495E+06   6.2711014E-02   8.6648961E-04   4.1294866E-02
   4.4927536E-01   2.4187199E+06   1.2831415E+06   3.7018615E+06   7.0243235E-02   9.3490251E-04   4.6219513E-02
   4.6376812E-01   1.8666370E+06   1.0001651E+06   2.8668020E+06   7.5514317E-02   8.1720677E-04   4.9453129E-02
   4.7826087E-01   1.3372675E+06   7.2469477E+05   2.0619622E+06   8.1786312E-02   8.7038992E-04   5.3347084E-02
   4.9275362E-01   7.8911590E+05   4.3687977E+05   1.2259957E+06   8.4127252E-02   7.1479146E-04   5.4402532E-02
   5.0724638E-01   2.5624490E+05   1.4186996E+05   3.9811485E+05   8.6807110E-02   4.1281016E-04   5.6020126E-02
   5.2173913E-01   1.2039594E+04   6.0197970E+03   1.8059391E+04   8.8046282E-02   2.6358312E-05   5.8700128E-02
   5.3623188E-01   3.0719055E+03   1.2492416E+03   4.3211470E+03   1.0623873E-01   1.7913278E-04   7.5523526E-02
   5.5072464E-01   2.4127931E+03   1.3559499E+03   3.7687430E+03   1.5364901E-01   4.6788573E-06   9.8366360E-02
   5.6521739E-01   2.1177769E+03   9.5202814E+02   3.0698050E+03   1.5628614E-01   4.6228307E-06   1.0781767E-01
   5.7971014E-01   1.6670207E+03   1.1176616E+03   2.7846823E+03   1.6329177E-01   5.6173119E-06   9.7754982E-02
   5.9420290E-01   1.5154734E+03   5.9140424E+02   2.1068776E+03   1.4699127E-01   1.9609154E-05   1.0572739E-01
   6.0869565E-01   1.2087704E+03   4.1495104E+02   1.6237215E+03   2.0432167E-01   2.1287995E-05   1.5210169E-01
   6.2318841E-01   1.3392555E+03   5.4627528E+02   1.8855308E+03   2.2677782E-01   4.8382712E-06   1.6107719E-01
   6.3768116E-01   9.8161343E+02   4.9941736E+02   1.4810308E+03   2.0742786E-01   2.0232360E-05   1.3748200E-01
   6.5217391E-01   7.4089809E+02   2.1890171E+02   9.5979980E+02   1.6337534E-01   2.9163000E-05   1.2611873E-01
   6.6666667E-01   7.4126415E+02   1.8119790E+02   9.2246205E+02   1.3772988E-01   8.9180062E-06   1.1067605E-01
   6.8115942E-01   6.2876023E+02   2.9019703E+02   9.1895726E+02   2.3845572E-01   6.2595811E-06   1.6315575E-01
   6.9565217E-01   6.7880578E+02   2.8415126E+02   9.6295704E+02   2.6306230E-01   2.3066010E-05   1.8543485E-01
   7.1014493E-01   5.7216852E+02   1.8556817E+02   7.5773668E+02   2.6002466E-01   2.9325498E-06   1.9634586E-01
   7.2463768E-01   2.4247574E+02   2.7278521E+02   5.1526095E+02   2.0584124E-01   9.0305903E-05   9.6906860E-02
   7.3913043E-01   3.4172439E+02   1.6343340E+02   5.0515779E+02   2.6053736E-01   2.1492175E-05   1.7623904E-01
   7.5362319E-01   3.9344020E+02   1.7486231E+02   5.6830251E+02   2.6539831E-01   1.3895282E-05   1.8373967E-01
   7.6811594E-01   4.5750139E+02   1.5726610E+02   6.1476750E+02   2.6026032E-01   1.1206542E-05   1.9368412E-01
   7.8260870E-01   2.6661106E+02   1.9645025E+02   4.6306131E+02   2.6204767E-01   6.0357078E-06   1.5087338E-01
   7.9710145E-01   2.4798655E+02   9.6439214E+01   3.4442577E+02   2.7967485E-01   2.2842166E-05   2.0136907E-01
   8.1159420E-01   2.7062024E+02   1.0824810E+02   3.7886834E+02   2.7181591E-01   4.2801001E-05   1.9416481E-01
   8.2608696E-01   1.9940439E+02   1.3293626E+02   3.3234065E+02   2.7198299E-01   4.0705811E-04   1.6313572E-01
   8.4057971E-01   1.3064426E+02   6.5322128E+01   1.9596638E+02   2.5838704E-01   6.5321557E-06   1.7225601E-01
   8.5507246E-01   1.1558695E+02   7.7057968E+01   1.9264492E+02   2.9798427E-01   9.1481528E-06   1.7878690E-01
   8.6956522E-01   1.6417628E+02   2.5257889E+01   1.8943417E+02   3.0903312E-01   3.6859941E-05   2.6782401E-01
   8.8405797E-01   1.6148487E+02   7.4531477E+01   2.3601634E+02   3.1472090E-01   4.5174032E-05   2.1532142E-01
   8.9855072E-01   1.0999403E+02   7.3329357E+01   1.8332339E+02   3.3009035E-01   1.1013344E-06   1.9805413E-01
   9.1304348E-01   1.0824810E+02   7.2165398E+01   1.8041350E+02   3.5246108E-01   7.6772707E-06   2.1147492E-01
   9.2753623E-01   3.5518907E+01   1.1839636E+01   4.7358543E+01   2.5346805E-01   1.3097432E-05   1.9010423E-01
   9.4202899E-01   8.1602412E+01   2.3314975E+01   1.0491739E+02   3.5060269E-01   2.3058817E-06   2.7269048E-01
   9.5652174E-01   4.5923435E+01   2.2961718E+01   6.8885153E+01   2.7973922E-01   2.5116649E-05   1.8650096E-01
   9.7101449E-01   3.3928508E+01   0.0000000E+00   3.3928508E+01   3.7409280E-01   0.0000000E+00   3.7409280E-01
   9.8550725E-01   0.0000000E+00   2.2286373E+01   2.2286373E+01   0.0000000E+00   6.3561108E-05   6.3561108E-05
   1.0000000E+00   2.1884092E+01   0.0000000E+00   2.1884092E+01   4.6325389E-01   0.0000000E+00   4.6325389E-01
