   0.0000000E+00   1.8106876E+07   9.1292116E+06   2.7236087E+07   1.5430604E-03   2.3484781E-03   1.5201035E-03
   1.4492754E-02   1.8257665E+07   9.3527439E+06   2.7610409E+07   7.9270703E-04   6.8242423E-04   4.2808962E-04
   2.8985507E-02   1.8385723E+07   9.2398411E+06   2.7625564E+07   3.1181643E-04   1.0159686E-04   2.1647165E-04
   4.3478261E-02   1.8596374E+07   9.3709296E+06   2.7967051E+07   1.2875086E-04   9.1874289E-05   1.0408338E-04
   5.7971014E-02   1.8832598E+07   9.5427464E+06   2.8375155E+07   1.7865114E-04   2.7254917E-04   1.7626989E-04
   7.2463768E-02   1.9120727E+07   9.8210252E+06   2.8942207E+07   2.4844971E-04   4.0587333E-04   3.0895388E-05
   8.6956522E-02   1.9647228E+07   9.9204150E+06   2.9567391E+07   1.7066429E-04   2.5728264E-04   1.6790287E-04
   1.0144928E-01   1.9961923E+07   1.0192533E+07   3.0154240E+07   2.2833239E-04   6.4912778E-05   1.3062426E-04
   1.1594203E-01   2.0423656E+07   1.0468322E+07   3.0892167E+07   2.0953638E-04   4.6609127E-05   1.5433149E-04
   1.3043478E-01   2.0828413E+07   1.0679120E+07   3.1506944E+07   2.0009846E-04   5.4737588E-05   1.4819286E-04
   1.4492754E-01   2.1281717E+07   1.0842000E+07   3.2123262E+07   2.0488423E-05   2.2134136E-04   7.7684025E-05
   1.5942029E-01   2.1693312E+07   1.1164355E+07   3.2857254E+07   1.1545278E-04   1.1558198E-04   8.3430251E-05
   1.7391304E-01   2.2230668E+07   1.1440435E+07   3.3670724E+07   2.3817624E-04   7.8237041E-05   1.4619926E-04
   1.8840580E-01   2.2576240E+07   1.1649269E+07   3.4224809E+07   1.1933761E-04   1.9512560E-04   1.4567985E-04
   2.0289855E-01   2.2291801E+07   1.1543469E+07   3.3834837E+07   3.8216883E-05   3.3616206E-05   1.9393614E-05
   2.1739130E-01   2.0753498E+07   1.0704647E+07   3.1457742E+07   1.4016729E-04   1.8555509E-04   1.4551213E-04
   2.3188406E-01   1.8012159E+07   9.2112839E+06   2.7222969E+07   1.4532013E-04   5.5669263E-05   8.0836809E-05
   2.4637681E-01   1.5092198E+07   7.6524273E+06   2.2744447E+07   1.5125417E-04   2.1697570E-04   1.6529450E-04
   2.6086957E-01   1.2729724E+07   6.4352472E+06   1.9164550E+07   2.4156474E-04   3.2788087E-04   1.9989769E-04
   2.7536232E-01   1.0975018E+07   5.4564220E+06   1.6431440E+07   1.7997811E-04   1.2975953E-04   1.1975769E-04
   2.8985507E-01   9.5035335E+06   4.7304743E+06   1.4234084E+07   1.1093469E-04   1.7178632E-04   5.8663860E-05
   3.0434783E-01   8.3495005E+06   4.1163865E+06   1.2465779E+07   3.0939943E-04   3.1309919E-04   3.0628527E-04
   3.1884058E-01   7.3776688E+06   3.6005925E+06   1.0977986E+07   5.1243521E-04   1.5183784E-04   3.6543286E-04
   3.3333333E-01   6.4694240E+06   3.1705680E+06   9.6399261E+06   1.6502156E-04   1.5608763E-04   6.7196192E-05
   3.4782609E-01   5.7053152E+06   2.7623922E+06   8.4676759E+06   2.5883682E-04   3.8919650E-04   2.4553461E-04
   3.6231884E-01   5.0369788E+06   2.3829909E+06   7.4199092E+06   3.2289922E-04   4.8229721E-04   2.6291628E-04
   3.7681159E-01   4.3706543E+06   2.0817650E+06   6.4523027E+06   7.2344716E-04   5.5096946E-04   6.6783148E-04
   3.9130435E-01   3.7895253E+06   1.7864344E+06   5.5759036E+06   9.6564964E-04   4.2563493E-04   6.8671389E-04
   4.0579710E-01   3.2360228E+06   1.5188020E+06   4.7547706E+06   7.2317295E-04   6.3417300E-04   6.0994921E-04
   4.2028986E-01   2.7230705E+06   1.2638003E+06   3.9868708E+06   1.5556228E-03   9.1436629E-04   1.3125640E-03
   4.3478261E-01   2.2140561E+06   1.0127151E+06   3.2267712E+06   1.1018578E-03   6.0476805E-04   9.4234321E-04
   4.4927536E-01   1.7418900E+06   7.8535741E+05   2.5271985E+06   1.4466933E-03   2.1848418E-04   9.4627506E-04
   4.6376812E-01   1.2846478E+06   5.6302204E+05   1.8476699E+06   8.8684860E-04   1.5897696E-03   1.0116813E-03
   4.7826087E-01   7.8958459E+05   3.4651528E+05   1.1360769E+06   2.2864229E-03   1.1893231E-03   1.8688955E-03
   4.9275362E-01   3.6237643E+05   1.5569260E+05   5.1806903E+05   7.8655438E-03   6.2177314E-03   7.3094462E-03
   5.0724638E-01   1.0324704E+05   4.1978612E+04   1.4522565E+05   2.5739783E-02   2.3583099E-02   2.5113408E-02
   5.2173913E-01   2.0311553E+04   7.1564020E+03   2.7467955E+04   6.9925372E-02   6.9954410E-02   6.9928521E-02
   5.3623188E-01   1.5420965E+04   5.1403218E+03   2.0561287E+04   1.0415877E-01   9.1177057E-02   1.0072649E-01
   5.5072464E-01   1.4755925E+04   5.5035612E+03   2.0259486E+04   1.0004269E-01   9.9940127E-02   9.9991558E-02
   5.6521739E-01   1.5193592E+04   5.9647477E+03   2.1158340E+04   1.1962423E-01   1.2513239E-01   1.2109589E-01
   5.7971014E-01   1.5135790E+04   6.2513276E+03   2.1387118E+04   1.2888412E-01   1.1450707E-01   1.2466774E-01
   5.9420290E-01   1.5413473E+04   5.4520078E+03   2.0865481E+04   1.2983655E-01   1.2880027E-01   1.2956500E-01
   6.0869565E-01   1.4775865E+04   5.1237433E+03   1.9899609E+04   1.3406737E-01   1.1817287E-01   1.2995064E-01
   6.2318841E-01   1.4220779E+04   4.7755033E+03   1.8996282E+04   1.5652997E-01   1.3645724E-01   1.5145018E-01
   6.3768116E-01   1.2296000E+04   4.5119775E+03   1.6807977E+04   1.5664054E-01   1.6630416E-01   1.5923054E-01
   6.5217391E-01   1.0810377E+04   4.1254553E+03   1.4935832E+04   1.7263521E-01   1.6756825E-01   1.7123536E-01
   6.6666667E-01   9.6693790E+03   3.5910130E+03   1.3260392E+04   1.8233768E-01   1.8069036E-01   1.8175387E-01
   6.8115942E-01   7.6257330E+03   2.6601394E+03   1.0285872E+04   1.8860060E-01   1.8758074E-01   1.8814159E-01
   6.9565217E-01   7.1353538E+03   2.5415751E+03   9.6769289E+03   2.0569970E-01   1.8677011E-01   2.0058566E-01
   7.1014493E-01   6.5412779E+03   2.2268180E+03   8.7680959E+03   2.2620223E-01   1.8906430E-01   2.1676983E-01
   7.2463768E-01   6.0315840E+03   1.9246512E+03   7.9562352E+03   2.1736525E-01   2.1158584E-01   2.1591268E-01
   7.3913043E-01   4.8584293E+03   1.4114703E+03   6.2698996E+03   2.0681385E-01   2.0152356E-01   2.0562289E-01
   7.5362319E-01   4.3861297E+03   1.4280422E+03   5.8141719E+03   2.3741018E-01   2.2129279E-01   2.3338068E-01
   7.6811594E-01   3.7743865E+03   1.1580504E+03   4.9324369E+03   2.4147856E-01   2.5924419E-01   2.4560733E-01
   7.8260870E-01   3.3536864E+03   8.6999397E+02   4.2236804E+03   2.4751362E-01   2.7237329E-01   2.5260939E-01
   7.9710145E-01   3.0309467E+03   1.0883854E+03   4.1193322E+03   2.6248158E-01   2.7255648E-01   2.6489460E-01
   8.1159420E-01   2.3273341E+03   7.7126770E+02   3.0986018E+03   2.7839191E-01   2.7405705E-01   2.7708530E-01
   8.2608696E-01   2.2200355E+03   6.3809405E+02   2.8581296E+03   2.7200731E-01   2.9654364E-01   2.7746851E-01
   8.4057971E-01   2.0511148E+03   7.0547898E+02   2.7565938E+03   2.8404311E-01   2.8512683E-01   2.8428579E-01
   8.5507246E-01   1.7081183E+03   5.2656278E+02   2.2346811E+03   2.9852793E-01   3.0768845E-01   3.0062311E-01
   8.6956522E-01   1.4144418E+03   5.1778673E+02   1.9322285E+03   3.0516002E-01   3.3286812E-01   3.1233968E-01
   8.8405797E-01   1.2421913E+03   4.5961078E+02   1.7018021E+03   3.1184902E-01   3.2100211E-01   3.1393341E-01
   8.9855072E-01   1.1366050E+03   2.9331743E+02   1.4299225E+03   3.0464634E-01   3.3205532E-01   3.1009496E-01
   9.1304348E-01   8.4192965E+02   2.6460646E+02   1.1065361E+03   3.4974657E-01   3.3733807E-01   3.4675840E-01
   9.2753623E-01   8.4061413E+02   2.6047199E+02   1.1010861E+03   3.2885471E-01   3.6624658E-01   3.3752890E-01
   9.4202899E-01   8.6265407E+02   1.8651980E+02   1.0491739E+03   3.5275125E-01   3.3309998E-01   3.4913413E-01
   9.5652174E-01   6.1996638E+02   9.1846871E+01   7.1181325E+02   3.5886420E-01   3.5212509E-01   3.5784648E-01
   9.7101449E-01   4.8630862E+02   1.1309503E+02   5.9940365E+02   3.8126965E-01   3.9098240E-01   3.8303482E-01
   9.8550725E-01   2.8972285E+02   4.4572746E+01   3.3429560E+02   3.6292872E-01   4.0957864E-01   3.6910166E-01
   1.0000000E+00   1.3130455E+02   0.0000000E+00   1.3130455E+02   3.3415710E-01   0.0000000E+00   3.3415710E-01
