   0.0000000E+00   1.6482288E+07   8.5412079E+06   2.5023496E+07   1.5921437E-03   1.7816403E-03   4.7004836E-04
   1.4492754E-02   1.6362566E+07   8.6639612E+06   2.5026527E+07   6.4490045E-04   6.2952363E-04   3.5164395E-04
   2.8985507E-02   1.6529268E+07   8.8825683E+06   2.5411836E+07   1.3550242E-04   1.3329481E-03   5.0287550E-04
   4.3478261E-02   1.6783110E+07   8.9248752E+06   2.5707985E+07   7.0267006E-04   6.8257940E-04   6.7792701E-04
   5.7971014E-02   1.7114430E+07   9.1369784E+06   2.6251409E+07   3.6438586E-04   6.7092600E-05   2.5460254E-04
   7.2463768E-02   1.7367173E+07   9.2953075E+06   2.6662178E+07   3.7041497E-04   4.6377181E-04   1.1757390E-04
   8.6956522E-02   1.7643772E+07   9.5020180E+06   2.7145412E+07   6.2182451E-04   2.0057043E-04   4.7433364E-04
   1.0144928E-01   1.8065200E+07   9.7332360E+06   2.7798328E+07   3.3305714E-04   2.5258478E-04   1.9213914E-04
   1.1594203E-01   1.8495405E+07   9.9499351E+06   2.8445056E+07   2.9270471E-04   2.2202641E-04   1.4498417E-04
   1.3043478E-01   1.8909235E+07   1.0191053E+07   2.9100120E+07   2.2793443E-04   1.5363495E-04   1.1874537E-04
   1.4492754E-01   1.9382222E+07   1.0483969E+07   2.9866040E+07   2.9101120E-04   5.6616855E-05   1.6947368E-04
   1.5942029E-01   1.9866616E+07   1.0759310E+07   3.0625926E+07   2.6107816E-04   2.1234715E-04   1.0875056E-04
   1.7391304E-01   2.0478023E+07   1.1110504E+07   3.1588148E+07   8.8294982E-05   8.1616549E-05   8.5108379E-05
   1.8840580E-01   2.0897037E+07   1.1276637E+07   3.2173558E+07   2.1391568E-04   1.5377135E-04   9.6528356E-05
   2.0289855E-01   2.0917213E+07   1.1282807E+07   3.2199804E+07   1.7685350E-04   3.2228696E-04   2.1051230E-04
   2.1739130E-01   1.9663267E+07   1.0556737E+07   3.0220256E+07   2.8741965E-04   6.0402611E-05   1.9202228E-04
   2.3188406E-01   1.7234437E+07   9.0914668E+06   2.6325667E+07   3.3261750E-04   2.6149749E-04   2.9811335E-04
   2.4637681E-01   1.4809206E+07   7.6431116E+06   2.2452184E+07   2.1682629E-04   1.6453503E-04   9.0011622E-05
   2.6086957E-01   1.2668179E+07   6.4534750E+06   1.9121696E+07   3.2247033E-04   1.6790662E-04   2.2352275E-04
   2.7536232E-01   1.1064072E+07   5.5312385E+06   1.6595430E+07   6.3322227E-04   2.1440423E-04   4.1622668E-04
   2.8985507E-01   9.7701053E+06   4.8004134E+06   1.4570481E+07   3.6333328E-04   1.4950289E-04   2.8543954E-04
   3.0434783E-01   8.7166420E+06   4.2290728E+06   1.2945534E+07   4.1215645E-04   5.0548586E-04   4.2138424E-04
   3.1884058E-01   7.8407492E+06   3.6992360E+06   1.1539882E+07   2.0066087E-04   5.9177918E-04   2.8890569E-04
   3.3333333E-01   7.0047485E+06   3.2712810E+06   1.0275997E+07   5.3603474E-04   5.5323755E-04   5.4256855E-04
   3.4782609E-01   6.2877937E+06   2.8803466E+06   9.1681087E+06   7.9020609E-04   3.1477172E-04   5.2824142E-04
   3.6231884E-01   5.6136165E+06   2.5176559E+06   8.1313633E+06   6.5687504E-04   5.0631168E-04   6.0477411E-04
   3.7681159E-01   4.9869857E+06   2.2081030E+06   7.1950304E+06   7.7562840E-04   8.6281564E-04   7.9392646E-04
   3.9130435E-01   4.4241719E+06   1.9116293E+06   6.3357451E+06   3.9229384E-04   4.3698159E-04   4.0393593E-04
   4.0579710E-01   3.8633205E+06   1.6263194E+06   5.4896399E+06   7.0921744E-04   8.5323844E-04   4.3522197E-04
   4.2028986E-01   3.3102119E+06   1.3668525E+06   4.6770644E+06   3.6734642E-04   1.0735347E-03   5.2175552E-04
   4.3478261E-01   2.7736699E+06   1.1128879E+06   3.8865830E+06   1.2924663E-03   5.5089034E-04   1.0758137E-03
   4.4927536E-01   2.2287725E+06   8.7904788E+05   3.1077959E+06   1.5351686E-03   5.3612952E-04   1.0360636E-03
   4.6376812E-01   1.7368509E+06   6.6060431E+05   2.3974552E+06   1.3902627E-03   1.9353950E-03   1.3286687E-03
   4.7826087E-01   1.2060183E+06   4.4148495E+05   1.6474573E+06   2.9463280E-03   1.6645393E-03   2.5382173E-03
   4.9275362E-01   6.9045412E+05   2.3973452E+05   9.3018864E+05   5.1830702E-03   4.0613143E-03   4.8852020E-03
   5.0724638E-01   2.1638795E+05   7.1335496E+04   2.8772344E+05   1.9555067E-02   1.4734379E-02   1.8359870E-02
   5.2173913E-01   5.7061782E+04   1.8354066E+04   7.5415848E+04   8.8176781E-02   7.1779315E-02   8.4166838E-02
   5.3623188E-01   5.3062047E+04   1.4908981E+04   6.7971028E+04   1.1395383E-01   7.9469885E-02   1.0626273E-01
   5.5072464E-01   4.9871038E+04   1.4377057E+04   6.4248095E+04   1.2853258E-01   8.9425987E-02   1.1977197E-01
   5.6521739E-01   4.4162448E+04   1.1035755E+04   5.5198203E+04   1.2766317E-01   8.5693425E-02   1.1925128E-01
   5.7971014E-01   3.9023439E+04   9.6611427E+03   4.8684582E+04   1.3211653E-01   9.1594280E-02   1.2407042E-01
   5.9420290E-01   3.2397864E+04   8.5938429E+03   4.0991706E+04   1.2872515E-01   1.0358977E-01   1.2345198E-01
   6.0869565E-01   2.9245028E+04   7.2706639E+03   3.6515692E+04   1.3066126E-01   9.7826926E-02   1.2411753E-01
   6.2318841E-01   2.4652875E+04   6.5376816E+03   3.1190557E+04   1.4251296E-01   1.0321907E-01   1.3404147E-01
   6.3768116E-01   2.1423283E+04   5.2697142E+03   2.6692997E+04   1.4181733E-01   1.0522606E-01   1.3459347E-01
   6.5217391E-01   1.9381221E+04   5.2031252E+03   2.4584346E+04   1.4304651E-01   1.1522675E-01   1.3714296E-01
   6.6666667E-01   1.6999658E+04   4.2663870E+03   2.1266045E+04   1.4636034E-01   1.1241418E-01   1.3954564E-01
   6.8115942E-01   1.4687194E+04   4.1594907E+03   1.8846685E+04   1.4752465E-01   1.1643411E-01   1.4053783E-01
   6.9565217E-01   1.2913096E+04   3.0151606E+03   1.5928257E+04   1.4718412E-01   1.1465338E-01   1.4101099E-01
   7.1014493E-01   1.1149554E+04   2.6907384E+03   1.3840292E+04   1.6230609E-01   1.2191191E-01   1.5444660E-01
   7.2463768E-01   9.8505769E+03   2.3944479E+03   1.2245025E+04   1.5452784E-01   1.0316034E-01   1.4447022E-01
   7.3913043E-01   8.8105461E+03   1.7680523E+03   1.0578598E+04   1.6276104E-01   1.1565309E-01   1.5488765E-01
   7.5362319E-01   7.6939417E+03   1.6611920E+03   9.3551337E+03   1.4393046E-01   1.1924992E-01   1.3940865E-01
   7.6811594E-01   6.7195517E+03   1.7013333E+03   8.4208850E+03   1.5800409E-01   1.4486860E-01   1.5534187E-01
   7.8260870E-01   5.9075397E+03   1.3751518E+03   7.2826915E+03   1.5602989E-01   1.2043779E-01   1.4929474E-01
   7.9710145E-01   4.9046229E+03   9.2306105E+02   5.8276840E+03   1.7559113E-01   1.2322225E-01   1.6696965E-01
   8.1159420E-01   4.0457727E+03   8.7951579E+02   4.9252884E+03   1.9701822E-01   9.1293223E-02   1.7813184E-01
   8.2608696E-01   3.8684452E+03   7.4444306E+02   4.6128882E+03   1.9807646E-01   1.0181232E-01   1.8227071E-01
   8.4057971E-01   3.4359439E+03   5.4870587E+02   3.9846498E+03   2.1316119E-01   1.8339676E-01   2.0873201E-01
   8.5507246E-01   2.7355579E+03   5.9077775E+02   3.3263356E+03   1.9337912E-01   1.7033913E-01   1.8909656E-01
   8.6956522E-01   2.2353232E+03   5.1778673E+02   2.7531100E+03   2.2341688E-01   1.5133793E-01   2.0983250E-01
   8.8405797E-01   2.1241471E+03   3.3539165E+02   2.4595387E+03   2.4014465E-01   1.6170410E-01   2.2922856E-01
   8.9855072E-01   1.7476830E+03   3.1776054E+02   2.0654435E+03   2.4040674E-01   1.8468504E-01   2.3172901E-01
   9.1304348E-01   1.3591150E+03   2.5257889E+02   1.6116939E+03   2.1999526E-01   1.1826522E-01   2.0402558E-01
   9.2753623E-01   1.2905203E+03   2.0127381E+02   1.4917941E+03   2.5598276E-01   1.5695782E-01   2.4254901E-01
   9.4202899E-01   9.2094151E+02   2.2149226E+02   1.1424338E+03   2.2603071E-01   2.3833816E-01   2.2783620E-01
   9.5652174E-01   7.9217926E+02   1.4925117E+02   9.4143043E+02   2.9113053E-01   1.9588526E-01   2.7602658E-01
   9.7101449E-01   6.2202265E+02   1.0178552E+02   7.2380818E+02   3.3785768E-01   1.7218661E-01   3.1445439E-01
   9.8550725E-01   4.1229790E+02   8.9145492E+01   5.0144339E+02   3.1997118E-01   2.3344240E-01   3.0458782E-01
   1.0000000E+00   8.7536368E+01   4.3768184E+01   1.3130455E+02   1.9332821E-01   2.1251219E-01   1.9222073E-01
