   0.0000000E+00   1.9598102E+07   1.0202167E+07   2.9800268E+07   4.5523078E-03   5.1672432E-04   3.0163910E-03
   1.4492754E-02   1.9219233E+07   9.6247714E+06   2.8844005E+07   2.9192704E-03   2.6154893E-04   1.8706885E-03
   2.8985507E-02   1.9449964E+07   9.7554809E+06   2.9205445E+07   1.4973211E-03   4.1571727E-05   9.8330016E-04
   4.3478261E-02   1.9544050E+07   9.7343906E+06   2.9278440E+07   8.8227055E-04   1.3811296E-04   6.3390741E-04
   5.7971014E-02   1.9823718E+07   9.9335491E+06   2.9757267E+07   1.0611196E-03   1.0786480E-04   7.1205763E-04
   7.2463768E-02   2.0123213E+07   1.0081838E+07   3.0204900E+07   3.9221768E-04   3.1895814E-05   2.7139537E-04
   8.6956522E-02   2.0748093E+07   1.0415975E+07   3.1163815E+07   1.3330287E-04   1.3346493E-04   4.3435710E-05
   1.0144928E-01   2.1252999E+07   1.0651613E+07   3.1904503E+07   6.2654209E-04   2.2438726E-05   4.1633116E-04
   1.1594203E-01   2.1903515E+07   1.1003189E+07   3.2906515E+07   3.3335780E-04   5.6651523E-05   2.0409574E-04
   1.3043478E-01   2.2405769E+07   1.1234962E+07   3.3640225E+07   6.3363577E-04   6.5487632E-05   4.0018690E-04
   1.4492754E-01   2.2950783E+07   1.1579732E+07   3.4530212E+07   3.0238207E-04   9.2204059E-05   2.2908610E-04
   1.5942029E-01   2.3589376E+07   1.1855479E+07   3.5444718E+07   7.2097600E-04   7.2362457E-05   5.0358955E-04
   1.7391304E-01   2.4218717E+07   1.2181185E+07   3.6399397E+07   4.3459398E-04   5.6542829E-05   3.0328582E-04
   1.8840580E-01   2.4651214E+07   1.2367020E+07   3.7018002E+07   9.0872103E-04   4.9912423E-05   6.1247705E-04
   2.0289855E-01   2.4200973E+07   1.2198045E+07   3.6398315E+07   1.0125372E-03   2.5945022E-05   6.7998842E-04
   2.1739130E-01   2.2446181E+07   1.1298915E+07   3.3744894E+07   7.7530957E-04   5.6806991E-05   5.2351249E-04
   2.3188406E-01   1.9418092E+07   9.7669417E+06   2.9184560E+07   2.7315236E-04   1.8768097E-04   1.2449785E-04
   2.4637681E-01   1.6058758E+07   8.0775176E+06   2.4135964E+07   1.0770614E-03   3.1944930E-04   8.2258694E-04
   2.6086957E-01   1.3306067E+07   6.6365526E+06   1.9942619E+07   1.0631814E-03   4.7782822E-04   8.5985402E-04
   2.7536232E-01   1.1165489E+07   5.5495837E+06   1.6714993E+07   1.5042533E-03   6.8724810E-04   1.2322159E-03
   2.8985507E-01   9.4227966E+06   4.7221771E+06   1.4144860E+07   1.1027396E-03   7.6082409E-04   9.8272040E-04
   3.0434783E-01   8.0342460E+06   4.0176642E+06   1.2051766E+07   8.6860023E-04   9.8573308E-04   8.9478067E-04
   3.1884058E-01   6.8734639E+06   3.4392290E+06   1.0312590E+07   1.8965321E-03   1.0722043E-03   1.6200941E-03
   3.3333333E-01   5.8789165E+06   2.9464756E+06   8.8253262E+06   2.7496606E-03   1.4614431E-03   2.2750981E-03
   3.4782609E-01   5.0090815E+06   2.4992050E+06   7.5082234E+06   2.1588568E-03   1.4045863E-03   1.8805973E-03
   3.6231884E-01   4.2130160E+06   2.1104179E+06   6.3234036E+06   1.8968238E-03   1.6927879E-03   1.8093572E-03
   3.7681159E-01   3.5412532E+06   1.7602806E+06   5.3015047E+06   2.5097591E-03   1.8823705E-03   2.2866050E-03
   3.9130435E-01   2.9526192E+06   1.4760430E+06   4.4286622E+06   2.3651015E-03   1.7927580E-03   2.1617244E-03
   4.0579710E-01   2.4147986E+06   1.1833682E+06   3.5981668E+06   1.2965599E-03   2.1158080E-03   1.5655459E-03
   4.2028986E-01   1.8990710E+06   9.5082889E+05   2.8499261E+06   2.4787903E-03   2.1820171E-03   2.3660467E-03
   4.3478261E-01   1.4670287E+06   7.3187261E+05   2.1989013E+06   2.9498843E-03   2.3885069E-03   2.7615356E-03
   4.4927536E-01   1.0617846E+06   5.3288443E+05   1.5946691E+06   2.0180724E-03   2.9706647E-03   2.3288548E-03
   4.6376812E-01   7.1665315E+05   3.5637303E+05   1.0730262E+06   2.9871616E-03   3.7327996E-03   3.2124931E-03
   4.7826087E-01   4.1585967E+05   2.0027210E+05   6.1613177E+05   2.1929420E-03   4.3439548E-03   2.4164962E-03
   4.9275362E-01   1.6792782E+05   8.3061312E+04   2.5098913E+05   1.1189246E-02   3.9200001E-03   8.6506708E-03
   5.0724638E-01   3.7172397E+04   1.7233097E+04   5.4405494E+04   4.0901352E-02   2.9585215E-03   2.8871897E-02
   5.2173913E-01   8.1246211E+03   2.9257055E+03   1.1050327E+04   1.2812866E-01   3.5005079E-03   9.4977558E-02
   5.3623188E-01   8.6627734E+03   2.2732101E+03   1.0935983E+04   1.4727376E-01   1.1545269E-05   1.1665834E-01
   5.5072464E-01   8.3151631E+03   2.3529718E+03   1.0668135E+04   1.7697267E-01   2.1936711E-06   1.3793897E-01
   5.6521739E-01   8.5488241E+03   2.4286432E+03   1.0977467E+04   1.9633726E-01   6.1932572E-06   1.5289971E-01
   5.7971014E-01   7.5394800E+03   2.3110969E+03   9.8505769E+03   2.0832218E-01   7.0663473E-06   1.5944778E-01
   5.9420290E-01   7.2262206E+03   1.9959893E+03   9.2222099E+03   2.3303576E-01   8.7264808E-06   1.8259987E-01
   6.0869565E-01   5.7191078E+03   1.3170185E+03   7.0361264E+03   2.4610010E-01   7.2243354E-06   2.0003386E-01
   6.2318841E-01   4.4759330E+03   1.2863902E+03   5.7623232E+03   2.7093529E-01   1.2244190E-05   2.1044858E-01
   6.3768116E-01   3.8575686E+03   1.0677199E+03   4.9252884E+03   2.7588972E-01   5.1294754E-05   2.1608851E-01
   6.5217391E-01   2.6268205E+03   6.2302794E+02   3.2498484E+03   2.7206331E-01   3.0191382E-06   2.1990556E-01
   6.6666667E-01   1.7625614E+03   7.2479161E+02   2.4873530E+03   2.8579756E-01   2.7573479E-05   2.0252593E-01
   6.8115942E-01   1.3703749E+03   3.2244114E+02   1.6928160E+03   2.6310910E-01   2.2334787E-05   2.1299294E-01
   6.9565217E-01   1.1681774E+03   1.7364799E+02   1.3418254E+03   2.6046670E-01   2.1293772E-05   2.2675667E-01
   7.1014493E-01   8.1959274E+02   1.3917613E+02   9.5876887E+02   2.4603838E-01   4.5925459E-07   2.1032317E-01
   7.2463768E-01   5.1526095E+02   1.0608314E+02   6.2134408E+02   2.6837049E-01   1.2781187E-05   2.2255329E-01
   7.3913043E-01   3.8629713E+02   5.9430328E+01   4.4572746E+02   2.2669497E-01   5.7563532E-06   1.9646836E-01
   7.5362319E-01   2.3314975E+02   1.1657487E+02   3.4972462E+02   3.2090106E-01   8.0441883E-06   2.1393136E-01
   7.6811594E-01   3.7171988E+02   2.8593837E+01   4.0031372E+02   1.5192706E-01   6.5955321E-06   1.4107530E-01
   7.8260870E-01   2.8064322E+02   2.8064322E+01   3.0870754E+02   1.8885082E-01   5.5560961E-06   1.7168245E-01
   7.9710145E-01   2.0665546E+02   4.1331092E+01   2.4798655E+02   1.7214143E-01   3.8694521E-06   1.4345089E-01
   8.1159420E-01   2.4355822E+02   1.3531012E+01   2.5708923E+02   1.0150357E-01   1.2688671E-05   9.6160618E-02
   8.2608696E-01   1.5952351E+02   2.6587252E+01   1.8611076E+02   3.2606956E-02   1.5611554E-06   2.7948598E-02
   8.4057971E-01   2.0903081E+02   0.0000000E+00   2.0903081E+02   5.6696494E-02   0.0000000E+00   5.6696494E-02
   8.5507246E-01   1.0274396E+02   0.0000000E+00   1.0274396E+02   3.8149379E-06   0.0000000E+00   3.8149379E-06
   8.6956522E-01   1.3891839E+02   0.0000000E+00   1.3891839E+02   1.1207696E-06   0.0000000E+00   1.1207696E-06
   8.8405797E-01   1.7390678E+02   0.0000000E+00   1.7390678E+02   6.0056136E-06   0.0000000E+00   6.0056136E-06
   8.9855072E-01   7.3329357E+01   0.0000000E+00   7.3329357E+01   7.2667341E-06   0.0000000E+00   7.2667341E-06
   9.1304348E-01   1.4433080E+02   0.0000000E+00   1.4433080E+02   1.0277204E-05   0.0000000E+00   1.0277204E-05
   9.2753623E-01   2.3679271E+01   0.0000000E+00   2.3679271E+01   2.0834242E-01   0.0000000E+00   2.0834242E-01
   9.4202899E-01   6.9944925E+01   0.0000000E+00   6.9944925E+01   1.8974367E-07   0.0000000E+00   1.8974367E-07
   9.5652174E-01   1.3777031E+02   0.0000000E+00   1.3777031E+02   2.1774339E-05   0.0000000E+00   2.1774339E-05
   9.7101449E-01   4.5238011E+01   0.0000000E+00   4.5238011E+01   5.8118082E-06   0.0000000E+00   5.8118082E-06
   9.8550725E-01   3.3429560E+01   0.0000000E+00   3.3429560E+01   5.9550619E-06   0.0000000E+00   5.9550619E-06
   1.0000000E+00   4.3768184E+01   0.0000000E+00   4.3768184E+01   1.3661468E-05   0.0000000E+00   1.3661468E-05
