   0.0000000E+00   2.1853126E+07   8.9837261E+06   3.0836852E+07   7.7595087E-04   2.1344885E-04   5.5229281E-04
   1.4492754E-02   2.2536604E+07   9.1436086E+06   3.1679455E+07   8.8165283E-04   1.7556248E-04   6.6714849E-04
   2.8985507E-02   2.2325196E+07   9.1667195E+06   3.1491537E+07   1.6562497E-04   8.3325423E-05   1.1797864E-04
   4.3478261E-02   2.2418398E+07   9.3125838E+06   3.1730729E+07   1.7404010E-04   9.5878173E-05   9.5464155E-05
   5.7971014E-02   2.2437341E+07   9.6240136E+06   3.2061355E+07   6.2549850E-05   3.8006302E-05   5.5124790E-05
   7.2463768E-02   2.2842882E+07   9.9239258E+06   3.2766807E+07   7.0644793E-05   1.3334346E-05   5.1011911E-05
   8.6956522E-02   2.2837426E+07   1.0221615E+07   3.3059041E+07   1.3477611E-04   4.8209399E-05   9.1305019E-05
   1.0144928E-01   2.2920669E+07   1.0594566E+07   3.3515127E+07   5.9534284E-05   3.7817956E-05   5.0758771E-05
   1.1594203E-01   2.2677733E+07   1.0886971E+07   3.3564609E+07   6.5465695E-05   5.2745641E-05   4.4243578E-05
   1.3043478E-01   2.2221891E+07   1.1321681E+07   3.3542982E+07   4.4021252E-05   2.8482284E-05   1.9853505E-05
   1.4492754E-01   2.1623153E+07   1.1791292E+07   3.3413990E+07   7.2896227E-05   6.5956903E-05   6.8649424E-05
   1.5942029E-01   2.0909882E+07   1.2276092E+07   3.3185423E+07   4.9006505E-05   3.5269185E-05   1.9663401E-05
   1.7391304E-01   2.0042704E+07   1.2809033E+07   3.2851232E+07   1.0382396E-04   3.1474956E-05   7.4805177E-05
   1.8840580E-01   1.9161878E+07   1.3169638E+07   3.2330584E+07   4.5749535E-05   2.6767634E-05   2.8250688E-05
   2.0289855E-01   1.8194827E+07   1.3170113E+07   3.1364399E+07   4.4690532E-05   1.0000567E-05   2.5797772E-05
   2.1739130E-01   1.7231690E+07   1.2137578E+07   2.9368510E+07   7.4274649E-05   1.3855353E-05   4.4542443E-05
   2.3188406E-01   1.6118480E+07   1.0221442E+07   2.6339543E+07   1.3477746E-05   2.2543296E-06   8.5266441E-06
   2.4637681E-01   1.4958123E+07   8.1790543E+06   2.3136776E+07   7.2051877E-05   3.2439098E-05   5.3326020E-05
   2.6086957E-01   1.3813582E+07   6.5726501E+06   2.0385727E+07   1.2720261E-05   7.7193182E-05   2.0687349E-05
   2.7536232E-01   1.2601241E+07   5.3932906E+06   1.7994491E+07   2.1278486E-04   7.4170410E-05   1.5361549E-04
   2.8985507E-01   1.1317441E+07   4.5064874E+06   1.5823777E+07   7.0066887E-05   3.7612405E-05   5.4774558E-05
   3.0434783E-01   1.0014717E+07   3.7992917E+06   1.3813612E+07   1.8266421E-04   1.4791337E-04   1.5217477E-04
   3.1884058E-01   8.6759473E+06   3.2493816E+06   1.1925191E+07   1.2720227E-04   1.9473225E-04   5.3827120E-05
   3.3333333E-01   7.3487610E+06   2.7470261E+06   1.0095787E+07   1.2031012E-04   1.0497919E-04   1.0940503E-04
   3.4782609E-01   6.0736068E+06   2.3081291E+06   8.3816728E+06   1.3910091E-04   1.6387094E-04   1.4556861E-04
   3.6231884E-01   5.0103974E+06   1.9545363E+06   6.9649034E+06   3.7110641E-05   2.3035750E-04   4.2298347E-05
   3.7681159E-01   4.1115667E+06   1.6365947E+06   5.7481322E+06   1.5514994E-04   2.0031332E-04   1.6727901E-04
   3.9130435E-01   3.3613199E+06   1.3236257E+06   4.6849175E+06   3.8338788E-04   2.0228638E-04   3.2712305E-04
   4.0579710E-01   2.7479591E+06   1.0787735E+06   3.8267326E+06   3.2523531E-04   1.7449363E-04   2.5660352E-04
   4.2028986E-01   2.2212659E+06   8.4200223E+05   3.0632420E+06   3.6027578E-04   2.0033598E-04   2.6818898E-04
   4.3478261E-01   1.7815147E+06   6.3611995E+05   2.4176347E+06   2.5372769E-04   3.0898187E-04   2.6470625E-04
   4.4927536E-01   1.3984153E+06   4.5121997E+05   1.8496108E+06   6.7815234E-04   1.6487232E-04   4.8722274E-04
   4.6376812E-01   1.0429298E+06   2.9085249E+05   1.3337823E+06   3.2587150E-04   5.1601966E-04   3.5752839E-04
   4.7826087E-01   7.2581990E+05   1.4961855E+05   8.7543845E+05   7.5774029E-04   3.8730344E-04   6.8361391E-04
   4.9275362E-01   4.1644317E+05   5.2729559E+04   4.6917273E+05   7.0102029E-04   7.0763738E-04   5.4791221E-04
   5.0724638E-01   1.3126164E+05   6.6464332E+03   1.3790808E+05   1.3116036E-03   7.2870815E-06   1.2481174E-03
   5.2173913E-01   8.3351035E+03   6.3144724E+01   8.3982482E+03   9.2113584E-04   1.0790111E-05   9.1428608E-04
   5.3623188E-01   2.7851943E+03   0.0000000E+00   2.7851943E+03   7.7278150E-04   0.0000000E+00   7.7278150E-04
   5.5072464E-01   1.8345204E+03   0.0000000E+00   1.8345204E+03   3.6135229E-05   0.0000000E+00   3.6135229E-05
   5.6521739E-01   9.7145729E+02   0.0000000E+00   9.7145729E+02   5.8085266E-06   0.0000000E+00   5.8085266E-06
   5.7971014E-01   8.1456694E+02   0.0000000E+00   8.1456694E+02   1.3921724E-05   0.0000000E+00   1.3921724E-05
   5.9420290E-01   2.9570212E+02   0.0000000E+00   2.9570212E+02   2.1977866E-04   0.0000000E+00   2.1977866E-04
   6.0869565E-01   7.2165398E+01   0.0000000E+00   7.2165398E+01   2.7470937E-06   0.0000000E+00   2.7470937E-06
   6.2318841E-01   3.5243567E+01   0.0000000E+00   3.5243567E+01   9.1695722E-07   0.0000000E+00   9.1695722E-07
   6.3768116E-01   1.7221288E+01   0.0000000E+00   1.7221288E+01   1.9552782E-05   0.0000000E+00   1.9552782E-05
   6.5217391E-01   1.6838593E+01   0.0000000E+00   1.6838593E+01   2.3501358E-06   0.0000000E+00   2.3501358E-06
   6.6666667E-01   0.0000000E+00   0.0000000E+00   0.0000000E+00   0.0000000E+00   0.0000000E+00   0.0000000E+00
   6.8115942E-01   0.0000000E+00   0.0000000E+00   0.0000000E+00   0.0000000E+00   0.0000000E+00   0.0000000E+00
   6.9565217E-01   0.0000000E+00   0.0000000E+00   0.0000000E+00   0.0000000E+00   0.0000000E+00   0.0000000E+00
   7.1014493E-01   0.0000000E+00   0.0000000E+00   0.0000000E+00   0.0000000E+00   0.0000000E+00   0.0000000E+00
   7.2463768E-01   0.0000000E+00   0.0000000E+00   0.0000000E+00   0.0000000E+00   0.0000000E+00   0.0000000E+00
   7.3913043E-01   0.0000000E+00   0.0000000E+00   0.0000000E+00   0.0000000E+00   0.0000000E+00   0.0000000E+00
   7.5362319E-01   0.0000000E+00   0.0000000E+00   0.0000000E+00   0.0000000E+00   0.0000000E+00   0.0000000E+00
   7.6811594E-01   0.0000000E+00   0.0000000E+00   0.0000000E+00   0.0000000E+00   0.0000000E+00   0.0000000E+00
   7.8260870E-01   0.0000000E+00   0.0000000E+00   0.0000000E+00   0.0000000E+00   0.0000000E+00   0.0000000E+00
   7.9710145E-01   0.0000000E+00   0.0000000E+00   0.0000000E+00   0.0000000E+00   0.0000000E+00   0.0000000E+00
   8.1159420E-01   0.0000000E+00   0.0000000E+00   0.0000000E+00   0.0000000E+00   0.0000000E+00   0.0000000E+00
   8.2608696E-01   0.0000000E+00   0.0000000E+00   0.0000000E+00   0.0000000E+00   0.0000000E+00   0.0000000E+00
   8.4057971E-01   0.0000000E+00   0.0000000E+00   0.0000000E+00   0.0000000E+00   0.0000000E+00   0.0000000E+00
   8.5507246E-01   0.0000000E+00   0.0000000E+00   0.0000000E+00   0.0000000E+00   0.0000000E+00   0.0000000E+00
   8.6956522E-01   0.0000000E+00   0.0000000E+00   0.0000000E+00   0.0000000E+00   0.0000000E+00   0.0000000E+00
   8.8405797E-01   0.0000000E+00   0.0000000E+00   0.0000000E+00   0.0000000E+00   0.0000000E+00   0.0000000E+00
   8.9855072E-01   0.0000000E+00   0.0000000E+00   0.0000000E+00   0.0000000E+00   0.0000000E+00   0.0000000E+00
   9.1304348E-01   0.0000000E+00   0.0000000E+00   0.0000000E+00   0.0000000E+00   0.0000000E+00   0.0000000E+00
   9.2753623E-01   0.0000000E+00   0.0000000E+00   0.0000000E+00   0.0000000E+00   0.0000000E+00   0.0000000E+00
   9.4202899E-01   0.0000000E+00   0.0000000E+00   0.0000000E+00   0.0000000E+00   0.0000000E+00   0.0000000E+00
   9.5652174E-01   0.0000000E+00   0.0000000E+00   0.0000000E+00   0.0000000E+00   0.0000000E+00   0.0000000E+00
   9.7101449E-01   0.0000000E+00   0.0000000E+00   0.0000000E+00   0.0000000E+00   0.0000000E+00   0.0000000E+00
   9.8550725E-01   0.0000000E+00   0.0000000E+00   0.0000000E+00   0.0000000E+00   0.0000000E+00   0.0000000E+00
   1.0000000E+00   0.0000000E+00   0.0000000E+00   0.0000000E+00   0.0000000E+00   0.0000000E+00   0.0000000E+00
