   0.0000000E+00   1.7524934E+07   9.1110259E+06   2.6635960E+07   1.5106987E-03   7.1181172E-04   1.1969743E-03
   1.4492754E-02   1.7810601E+07   9.0132779E+06   2.6823879E+07   3.8815347E-04   7.2763735E-04   4.7186946E-04
   2.8985507E-02   1.7819315E+07   8.9272747E+06   2.6746589E+07   3.3188609E-04   5.5657771E-04   4.0561668E-04
   4.3478261E-02   1.8245289E+07   9.0516698E+06   2.7296959E+07   3.4873232E-04   2.0632766E-04   2.9972438E-04
   5.7971014E-02   1.8556971E+07   9.3438405E+06   2.7900622E+07   2.0580195E-04   1.7881589E-04   1.4956716E-04
   7.2463768E-02   1.9022676E+07   9.5241439E+06   2.8546820E+07   6.7161167E-05   2.3125762E-04   1.0544438E-04
   8.6956522E-02   1.9561604E+07   9.8986932E+06   2.9459666E+07   2.3115750E-04   3.2495432E-04   2.6141512E-04
   1.0144928E-01   2.0167270E+07   1.0168285E+07   3.0335230E+07   1.4143546E-04   3.2569305E-05   1.0511240E-04
   1.1594203E-01   2.0900935E+07   1.0454872E+07   3.1355239E+07   2.6887338E-04   2.2060553E-04   1.2396637E-04
   1.3043478E-01   2.1498000E+07   1.0859293E+07   3.2356619E+07   1.6875374E-04   1.5945482E-04   1.5890976E-04
   1.4492754E-01   2.2214415E+07   1.1144412E+07   3.3357463E+07   2.1127752E-04   1.9161709E-04   1.9666365E-04
   1.5942029E-01   2.3066400E+07   1.1576426E+07   3.4642206E+07   1.1954852E-04   1.9252730E-04   1.1786273E-04
   1.7391304E-01   2.3804487E+07   1.1940225E+07   3.5743576E+07   6.8642069E-05   1.8257240E-04   2.2148666E-05
   1.8840580E-01   2.4540527E+07   1.2297542E+07   3.6836728E+07   9.2116716E-05   1.7713000E-04   1.1989632E-04
   2.0289855E-01   2.4552888E+07   1.2333409E+07   3.6884727E+07   2.4592067E-05   4.8835469E-05   2.0762935E-05
   2.1739130E-01   2.2743315E+07   1.1416617E+07   3.4158719E+07   1.0103235E-04   1.2885503E-04   1.0735673E-04
   2.3188406E-01   1.9353732E+07   9.7431204E+06   2.9095857E+07   2.2821009E-05   2.1146433E-04   8.3156635E-05
   2.4637681E-01   1.5782363E+07   7.9523574E+06   2.3733962E+07   1.5340448E-04   2.8099438E-04   1.0185763E-04
   2.6086957E-01   1.2955571E+07   6.5043275E+06   1.9459309E+07   2.5740597E-04   8.3344873E-05   1.7370020E-04
   2.7536232E-01   1.0857410E+07   5.4315363E+06   1.6288507E+07   7.5963629E-05   6.8436938E-05   6.5231234E-05
   2.8985507E-01   9.2646949E+06   4.6310972E+06   1.3895565E+07   1.8623637E-04   2.7541856E-04   1.2393823E-04
   3.0434783E-01   8.0065705E+06   3.9807877E+06   1.1987070E+07   1.0066358E-04   4.5232327E-04   1.1894698E-04
   3.1884058E-01   6.9111785E+06   3.4538671E+06   1.0364736E+07   3.3945021E-04   2.8484982E-04   1.3147743E-04
   3.3333333E-01   5.9860210E+06   3.0112785E+06   8.9971348E+06   4.2471301E-04   2.4021425E-04   2.1675609E-04
   3.4782609E-01   5.1708583E+06   2.5913332E+06   7.7620652E+06   3.0341161E-04   2.0345700E-04   2.5489339E-04
   3.6231884E-01   4.4680095E+06   2.2198351E+06   6.6877840E+06   1.6211333E-04   3.9397503E-04   1.6214987E-04
   3.7681159E-01   3.8073645E+06   1.9017151E+06   5.7089048E+06   5.1985481E-04   4.2166088E-04   4.7932157E-04
   3.9130435E-01   3.2361811E+06   1.6072437E+06   4.8434529E+06   2.2582736E-04   4.3507354E-04   2.6644530E-04
   4.0579710E-01   2.7213031E+06   1.3398138E+06   4.0610898E+06   5.5636910E-04   6.5271755E-04   4.7078194E-04
   4.2028986E-01   2.2253943E+06   1.0973334E+06   3.3226492E+06   5.2048947E-04   6.5273250E-04   5.5493316E-04
   4.3478261E-01   1.7598434E+06   8.7551422E+05   2.6353072E+06   8.4717430E-04   7.9352742E-04   7.9722061E-04
   4.4927536E-01   1.3432716E+06   6.5954868E+05   2.0028203E+06   7.6940805E-04   5.9683874E-05   4.9655692E-04
   4.6376812E-01   9.3710716E+05   4.5885692E+05   1.3959404E+06   2.6803695E-04   8.8862640E-04   4.0251514E-04
   4.7826087E-01   5.6504195E+05   2.7048903E+05   8.3553098E+05   1.9420788E-03   1.5332669E-03   1.8028407E-03
   4.9275362E-01   2.3942251E+05   1.1526512E+05   3.5468763E+05   4.7723448E-03   5.7591824E-03   4.8428219E-03
   5.0724638E-01   5.6938499E+04   2.8469250E+04   8.5407749E+04   2.1016618E-02   2.3112339E-02   2.1514599E-02
   5.2173913E-01   1.3997080E+04   6.3776171E+03   2.0374698E+04   8.4024450E-02   8.1257760E-02   8.3094900E-02
   5.3623188E-01   1.1632282E+04   5.2631980E+03   1.6895480E+04   9.8285800E-02   1.1423699E-01   1.0325431E-01
   5.5072464E-01   1.2024085E+04   5.8026678E+03   1.7826753E+04   1.1668414E-01   1.1482981E-01   1.1607469E-01
   5.6521739E-01   1.2454082E+04   5.6927397E+03   1.8146822E+04   1.2339753E-01   1.2811621E-01   1.2470053E-01
   5.7971014E-01   1.1839636E+04   5.5504212E+03   1.7390057E+04   1.4445767E-01   1.3690904E-01   1.4204773E-01
   5.9420290E-01   1.1791122E+04   5.1193430E+03   1.6910465E+04   1.3385042E-01   1.3751708E-01   1.3491802E-01
   6.0869565E-01   1.0157280E+04   5.3041568E+03   1.5461437E+04   1.4376161E-01   1.3490952E-01   1.4063420E-01
   6.2318841E-01   1.0026795E+04   4.2997151E+03   1.4326510E+04   1.4896612E-01   1.5666313E-01   1.5110049E-01
   6.3768116E-01   8.2834397E+03   3.9264537E+03   1.2209893E+04   1.5268082E-01   1.5966891E-01   1.5490707E-01
   6.5217391E-01   7.3247879E+03   3.3003642E+03   1.0625152E+04   1.6302133E-01   1.4977572E-01   1.5849169E-01
   6.6666667E-01   6.3913442E+03   3.0638918E+03   9.4552360E+03   1.6576912E-01   1.4681753E-01   1.5950188E-01
   6.8115942E-01   5.8523067E+03   2.8213600E+03   8.6736667E+03   1.6353973E-01   1.8690343E-01   1.7113149E-01
   6.9565217E-01   5.3673015E+03   1.9890588E+03   7.3563603E+03   1.7496973E-01   1.8527209E-01   1.7746468E-01
   7.1014493E-01   4.1598198E+03   1.9330017E+03   6.0928215E+03   1.7290528E-01   1.7451093E-01   1.7331735E-01
   7.2463768E-01   4.2736349E+03   1.7124849E+03   5.9861198E+03   2.0090105E-01   1.9731644E-01   1.9987363E-01
   7.3913043E-01   3.3132408E+03   1.9017705E+03   5.2150113E+03   2.1608580E-01   1.8342816E-01   2.0402746E-01
   7.5362319E-01   3.0455186E+03   1.2823236E+03   4.3278422E+03   2.0008396E-01   2.0475658E-01   2.0104500E-01
   7.6811594E-01   2.7878991E+03   1.1723473E+03   3.9602464E+03   2.1070021E-01   1.9318158E-01   2.0550018E-01
   7.8260870E-01   2.2872422E+03   1.1646693E+03   3.4519116E+03   2.2290546E-01   2.2155625E-01   2.2238327E-01
   7.9710145E-01   1.8736762E+03   1.0057232E+03   2.8793994E+03   2.2463146E-01   2.2929269E-01   2.2623735E-01
   8.1159420E-01   1.5695974E+03   9.2010883E+02   2.4897062E+03   2.2731243E-01   2.4651756E-01   2.3431762E-01
   8.2608696E-01   1.4357116E+03   8.2420481E+02   2.2599164E+03   2.6839932E-01   2.2892536E-01   2.5392107E-01
   8.4057971E-01   1.3195070E+03   7.8386554E+02   2.1033725E+03   2.5070599E-01   2.5758863E-01   2.5324399E-01
   8.5507246E-01   1.3356714E+03   5.3940578E+02   1.8750772E+03   2.8375924E-01   2.8333272E-01   2.8354824E-01
   8.6956522E-01   1.0734603E+03   4.9252884E+02   1.5659891E+03   2.6962860E-01   2.9859535E-01   2.7850142E-01
   8.8405797E-01   9.3164346E+02   2.4843826E+02   1.1800817E+03   3.1104205E-01   2.0935896E-01   2.8959282E-01
   8.9855072E-01   7.9440136E+02   4.3997614E+02   1.2343775E+03   3.1037297E-01   2.7336583E-01   2.9716427E-01
   9.1304348E-01   6.7354372E+02   3.3677186E+02   1.0103156E+03   2.8842690E-01   3.0017248E-01   2.9234209E-01
   9.2753623E-01   5.4462324E+02   3.3150980E+02   8.7613304E+02   3.3203443E-01   2.8081383E-01   3.1221280E-01
   9.4202899E-01   5.1292945E+02   2.0983477E+02   7.2276422E+02   3.2199176E-01   2.8605269E-01   3.1111953E-01
   9.5652174E-01   3.6738748E+02   1.7221288E+02   5.3960037E+02   3.3726085E-01   2.8331526E-01   3.1977060E-01
   9.7101449E-01   3.2797558E+02   1.4702354E+02   4.7499912E+02   3.1782167E-01   3.2194617E-01   3.1900208E-01
   9.8550725E-01   1.7829098E+02   1.0028868E+02   2.7857966E+02   3.6372840E-01   3.7006851E-01   3.6365113E-01
   1.0000000E+00   4.3768184E+01   0.0000000E+00   4.3768184E+01   4.0593312E-01   0.0000000E+00   4.0593312E-01
