   0.0000000E+00   1.7470377E+07   9.5474822E+06   2.7017859E+07   2.8794064E-03   6.2083785E-04   1.7512004E-03
   1.4492754E-02   1.7758317E+07   9.8793709E+06   2.7637688E+07   4.3479974E-04   1.8922371E-04   2.4466667E-04
   2.8985507E-02   1.7731796E+07   9.6789495E+06   2.7410746E+07   2.4723872E-03   1.1084820E-04   1.6041627E-03
   4.3478261E-02   1.8104350E+07   9.7215091E+06   2.7825859E+07   6.2388027E-04   5.5857341E-05   3.8694915E-04
   5.7971014E-02   1.8364506E+07   9.9888638E+06   2.8353370E+07   9.0258477E-04   9.6632857E-05   5.6514494E-04
   7.2463768E-02   1.8713823E+07   1.0143669E+07   2.8857189E+07   2.0117109E-04   5.4678607E-05   1.5048016E-04
   8.6956522E-02   1.9222896E+07   1.0375057E+07   2.9597574E+07   1.9728458E-04   6.0229040E-05   1.4853284E-04
   1.0144928E-01   1.9752355E+07   1.0533081E+07   3.0285328E+07   8.6987671E-04   2.6273889E-05   5.7132896E-04
   1.1594203E-01   2.0328276E+07   1.0752947E+07   3.1081033E+07   3.3557795E-04   3.9153728E-05   2.2772788E-04
   1.3043478E-01   2.0941400E+07   1.1090655E+07   3.2031971E+07   6.4196984E-04   2.9892162E-05   4.2510705E-04
   1.4492754E-01   2.1545864E+07   1.1296414E+07   3.2842051E+07   1.3539349E-04   4.6450184E-05   7.9728816E-05
   1.5942029E-01   2.2115854E+07   1.1602809E+07   3.3718318E+07   3.2386583E-05   4.0261101E-05   2.4340649E-05
   1.7391304E-01   2.2707222E+07   1.1811157E+07   3.4517874E+07   1.4403568E-04   4.6700769E-05   7.9501369E-05
   1.8840580E-01   2.3114058E+07   1.1982790E+07   3.5096207E+07   2.2287608E-04   4.1628097E-05   1.4762807E-04
   2.0289855E-01   2.2932089E+07   1.1781019E+07   3.4712783E+07   3.4074949E-04   3.3464866E-05   2.3541864E-04
   2.1739130E-01   2.1376055E+07   1.0921764E+07   3.2297516E+07   5.0325375E-04   4.6692449E-05   3.1876126E-04
   2.3188406E-01   1.8600162E+07   9.4569800E+06   2.8056906E+07   4.9138670E-04   8.5004005E-05   2.9835444E-04
   2.4637681E-01   1.5625556E+07   7.8936550E+06   2.3519032E+07   1.8852197E-04   1.5256298E-04   1.7521983E-04
   2.6086957E-01   1.3091164E+07   6.6137363E+06   1.9704648E+07   4.9993248E-04   2.0998785E-04   3.9540366E-04
   2.7536232E-01   1.1177972E+07   5.5676498E+06   1.6745383E+07   5.8341733E-04   4.0362637E-04   4.8292710E-04
   2.8985507E-01   9.6782297E+06   4.7796893E+06   1.4457730E+07   5.2091048E-04   4.6162168E-04   5.0033082E-04
   3.0434783E-01   8.3448819E+06   4.1202473E+06   1.2464985E+07   2.8868394E-04   5.2215635E-04   7.5727331E-05
   3.1884058E-01   7.2526767E+06   3.5393192E+06   1.0791858E+07   9.8075723E-04   6.5204830E-04   8.6410285E-04
   3.3333333E-01   6.3250258E+06   3.0405338E+06   9.3654607E+06   3.3297342E-04   7.2993944E-04   5.4268579E-05
   3.4782609E-01   5.4651127E+06   2.6195904E+06   8.0846400E+06   7.8095867E-04   8.1944056E-04   7.7912944E-04
   3.6231884E-01   4.7243973E+06   2.2303222E+06   6.9546588E+06   3.4101960E-04   8.3793453E-04   4.5209215E-04
   3.7681159E-01   4.0599240E+06   1.8883964E+06   5.9482621E+06   2.4182301E-04   9.7796914E-04   4.5483889E-04
   3.9130435E-01   3.4567386E+06   1.5816771E+06   5.0383877E+06   8.4788959E-04   1.0695702E-03   6.6469883E-04
   4.0579710E-01   2.8870850E+06   1.2940789E+06   4.1811369E+06   4.9832514E-04   1.0225567E-03   6.4119441E-04
   4.2028986E-01   2.4010846E+06   1.0458857E+06   3.4469442E+06   3.5580693E-04   1.2635826E-03   4.9542489E-04
   4.3478261E-01   1.9308394E+06   8.1676437E+05   2.7476037E+06   5.4476601E-04   1.3206234E-03   7.7369715E-04
   4.4927536E-01   1.5017119E+06   6.1508664E+05   2.1167985E+06   1.2652801E-03   1.3148006E-03   1.2796508E-03
   4.6376812E-01   1.1051826E+06   4.2980245E+05   1.5349851E+06   6.5108785E-04   1.7323950E-03   9.4365122E-04
   4.7826087E-01   7.1872473E+05   2.5632165E+05   9.7504638E+05   1.5692193E-03   1.5263642E-03   1.3435093E-03
   4.9275362E-01   3.6837146E+05   1.1849665E+05   4.8686811E+05   4.2836969E-03   1.2969463E-03   3.5323529E-03
   5.0724638E-01   1.1220998E+05   2.6044492E+04   1.3825447E+05   2.3535537E-02   2.8850507E-03   1.9635534E-02
   5.2173913E-01   4.5190574E+04   4.7358543E+03   4.9926428E+04   5.9091523E-02   3.3993853E-05   5.3483094E-02
   5.3623188E-01   4.2167022E+04   4.5873788E+03   4.6754401E+04   6.7459208E-02   1.3090323E-05   6.0840034E-02
   5.5072464E-01   4.4925809E+04   4.0877900E+03   4.9013599E+04   7.2986535E-02   2.5549569E-06   6.6899184E-02
   5.6521739E-01   4.4570460E+04   3.9441166E+03   4.8514577E+04   7.0145679E-02   9.1709063E-06   6.4442743E-02
   5.7971014E-01   3.9629629E+04   2.8036257E+03   4.2433254E+04   6.9020833E-02   7.1153408E-06   6.4460545E-02
   5.9420290E-01   3.6814914E+04   2.4210611E+03   3.9235975E+04   5.7253556E-02   3.2738706E-05   5.3722085E-02
   6.0869565E-01   3.2474429E+04   1.6598042E+03   3.4134233E+04   4.9459256E-02   1.2901872E-05   4.7054823E-02
   6.2318841E-01   3.1525370E+04   1.2863902E+03   3.2811761E+04   3.8130630E-02   8.9682043E-06   3.6636063E-02
   6.3768116E-01   2.9379518E+04   1.0160560E+03   3.0395574E+04   3.4753253E-02   2.3794540E-06   3.3591587E-02
   6.5217391E-01   2.6790201E+04   9.2612261E+02   2.7716324E+04   3.2760772E-02   5.6220314E-06   3.1666032E-02
   6.6666667E-01   2.5301816E+04   5.2712117E+02   2.5828937E+04   2.8244397E-02   9.7330030E-06   2.7668072E-02
   6.8115942E-01   2.4956944E+04   4.0305143E+02   2.5359996E+04   2.1737163E-02   2.9092239E-05   2.1391236E-02
   6.9565217E-01   2.2716314E+04   3.1572362E+02   2.3032038E+04   1.8049071E-02   5.2348070E-06   1.7801724E-02
   7.1014493E-01   2.2515604E+04   4.0206436E+02   2.2917669E+04   1.3226043E-02   4.0980875E-06   1.2993955E-02
   7.2463768E-01   2.0989306E+04   2.5763047E+02   2.1246937E+04   1.2845466E-02   9.6849952E-06   1.2689592E-02
   7.3913043E-01   1.7977674E+04   7.4287910E+01   1.8051962E+04   9.3919390E-03   1.0106001E-05   9.3532625E-03
   7.5362319E-01   1.7690237E+04   1.0200302E+02   1.7792240E+04   8.7246029E-03   1.3129197E-05   8.6745899E-03
   7.6811594E-01   1.5840986E+04   8.5781511E+01   1.5926767E+04   7.4494038E-03   8.3930159E-05   7.4088389E-03
   7.8260870E-01   1.5309087E+04   1.1225729E+02   1.5421345E+04   2.8872797E-03   2.1853926E-04   2.8678398E-03
   7.9710145E-01   1.4135233E+04   5.5108122E+01   1.4190342E+04   5.6903893E-03   2.1142627E-05   5.6683611E-03
   8.1159420E-01   1.2651496E+04   4.0593037E+01   1.2692089E+04   3.2781936E-03   4.0695775E-06   3.2676963E-03
   8.2608696E-01   1.2190255E+04   3.9880878E+01   1.2230136E+04   1.4333089E-03   3.7446504E-06   1.4286268E-03
   8.4057971E-01   1.1117826E+04   0.0000000E+00   1.1117826E+04   2.6473427E-03   0.0000000E+00   2.6473427E-03
   8.5507246E-01   1.0056065E+04   1.2842995E+01   1.0068908E+04   2.9138780E-03   1.3478082E-05   2.9101769E-03
   8.6956522E-01   9.1054692E+03   5.0515779E+01   9.1559849E+03   3.2403614E-03   4.2746659E-06   3.2225069E-03
   8.8405797E-01   7.7015860E+03   2.4843826E+01   7.7264298E+03   6.4624189E-04   5.0014357E-06   6.4417977E-04
   8.9855072E-01   7.0518398E+03   0.0000000E+00   7.0518398E+03   1.4482820E-03   0.0000000E+00   1.4482820E-03
   9.1304348E-01   6.3144724E+03   1.2027566E+01   6.3264999E+03   5.1335803E-06   2.2126880E-05   5.1003140E-06
   9.2753623E-01   5.8724593E+03   0.0000000E+00   5.8724593E+03   3.5637204E-03   0.0000000E+00   3.5637204E-03
   9.4202899E-01   4.3948728E+03   0.0000000E+00   4.3948728E+03   5.4289542E-06   0.0000000E+00   5.4289542E-06
   9.5652174E-01   3.8460877E+03   0.0000000E+00   3.8460877E+03   5.2952932E-06   0.0000000E+00   5.2952932E-06
   9.7101449E-01   3.1440418E+03   0.0000000E+00   3.1440418E+03   1.2256770E-05   0.0000000E+00   1.2256770E-05
   9.8550725E-01   2.0280599E+03   0.0000000E+00   2.0280599E+03   2.9085362E-06   0.0000000E+00   2.9085362E-06
   1.0000000E+00   6.7840685E+02   0.0000000E+00   6.7840685E+02   6.7076093E-06   0.0000000E+00   6.7076093E-06
