   0.0000000E+00   1.9276821E+07   9.1595210E+06   2.8436342E+07   3.1337392E-03   6.1644277E-04   2.2644733E-03
   1.4492754E-02   1.9353353E+07   9.6884212E+06   2.9041774E+07   9.0038435E-04   1.0528152E-04   6.2995438E-04
   2.8985507E-02   1.9181725E+07   9.7876847E+06   2.8969410E+07   1.2588935E-03   2.6542708E-05   8.3939863E-04
   4.3478261E-02   1.9458678E+07   9.8091540E+06   2.9267832E+07   4.2753093E-04   6.6090546E-05   3.0638743E-04
   5.7971014E-02   1.9772760E+07   1.0058197E+07   2.9830957E+07   6.9796646E-04   4.3336913E-05   4.5773321E-04
   7.2463768E-02   2.0138519E+07   1.0206562E+07   3.0344778E+07   6.2778669E-04   9.5875018E-05   3.8795868E-04
   8.6956522E-02   2.0650345E+07   1.0387433E+07   3.1037779E+07   8.6863941E-04   3.3326775E-05   5.6678861E-04
   1.0144928E-01   2.0892749E+07   1.0640030E+07   3.1532779E+07   1.2072116E-03   9.5301190E-05   7.6972610E-04
   1.1594203E-01   2.1532888E+07   1.0886971E+07   3.2419669E+07   6.1188142E-04   1.0930261E-04   3.6950558E-04
   1.3043478E-01   2.2163461E+07   1.1198675E+07   3.3361715E+07   3.0071550E-04   3.0433704E-05   1.9678087E-04
   1.4492754E-01   2.2712399E+07   1.1447280E+07   3.4159679E+07   9.9395267E-04   3.6093835E-05   6.6529658E-04
   1.5942029E-01   2.3297854E+07   1.1707790E+07   3.5005162E+07   8.3190778E-04   3.2842522E-05   5.6163342E-04
   1.7391304E-01   2.3850457E+07   1.1982532E+07   3.5832673E+07   1.8722607E-03   2.9143953E-05   1.2434144E-03
   1.8840580E-01   2.4088799E+07   1.2050228E+07   3.6138619E+07   2.0137167E-03   6.7042173E-05   1.3206509E-03
   2.0289855E-01   2.3618490E+07   1.1813115E+07   3.5431118E+07   1.7381371E-03   3.6197130E-05   1.1466963E-03
   2.1739130E-01   2.1881061E+07   1.0980766E+07   3.2861322E+07   1.7407076E-03   3.6216352E-05   1.1648791E-03
   2.3188406E-01   1.9080662E+07   9.5995766E+06   2.8679670E+07   1.0510285E-03   1.0805172E-04   6.6243446E-04
   2.4637681E-01   1.6071149E+07   8.0555433E+06   2.4126425E+07   1.2593352E-03   2.2930536E-04   9.1516027E-04
   2.6086957E-01   1.3396785E+07   6.7353951E+06   2.0131885E+07   2.1302946E-03   3.2641427E-04   1.5227464E-03
   2.7536232E-01   1.1244015E+07   5.6519579E+06   1.6895694E+07   3.0694041E-03   3.3354091E-04   2.1535151E-03
   2.8985507E-01   9.5128537E+06   4.7641179E+06   1.4276896E+07   1.6557171E-03   5.6939074E-04   1.2904010E-03
   3.0434783E-01   8.1414477E+06   4.0825048E+06   1.2223808E+07   1.8049251E-03   6.3550971E-04   1.4088067E-03
   3.1884058E-01   6.9665966E+06   3.4903418E+06   1.0456801E+07   2.3650882E-03   7.5378870E-04   1.8209273E-03
   3.3333333E-01   5.9710639E+06   3.0187900E+06   8.9897880E+06   1.5571129E-03   8.3898847E-04   1.3040962E-03
   3.4782609E-01   5.1400437E+06   2.5594135E+06   7.6993309E+06   1.6310252E-03   9.6209806E-04   1.4095546E-03
   3.6231884E-01   4.3862346E+06   2.1739162E+06   6.5601811E+06   1.5449873E-03   9.9537509E-04   1.3628449E-03
   3.7681159E-01   3.6854564E+06   1.8343931E+06   5.5198494E+06   1.9520094E-03   1.2306054E-03   1.7026296E-03
   3.9130435E-01   3.0871876E+06   1.5261659E+06   4.6133535E+06   1.7316122E-03   1.3206990E-03   1.5514900E-03
   4.0579710E-01   2.5094615E+06   1.2628223E+06   3.7722568E+06   1.7977290E-03   1.2822729E-03   1.5110355E-03
   4.2028986E-01   2.0226344E+06   1.0042363E+06   3.0268706E+06   1.6810637E-03   1.4571598E-03   1.5787815E-03
   4.3478261E-01   1.5611144E+06   7.7180533E+05   2.3329197E+06   1.8935430E-03   1.5684278E-03   1.7856948E-03
   4.4927536E-01   1.1522242E+06   5.6475826E+05   1.7169824E+06   2.8957068E-03   1.6202032E-03   2.4752001E-03
   4.6376812E-01   7.7000255E+05   3.8249127E+05   1.1524938E+06   4.4925365E-03   1.7437053E-03   3.5704576E-03
   4.7826087E-01   4.4786830E+05   2.1634530E+05   6.6421361E+05   1.1080550E-02   3.0463277E-03   8.4307612E-03
   4.9275362E-01   1.9970819E+05   9.5987409E+04   2.9569560E+05   2.5614839E-02   2.2678071E-03   1.8035527E-02
   5.0724638E-01   5.2024036E+04   2.5806346E+04   7.7830382E+04   5.6433229E-02   1.4402402E-03   3.8153462E-02
   5.2173913E-01   9.2401779E+03   3.2203809E+03   1.2460559E+04   1.0200079E-01   3.0731412E-06   7.5639875E-02
   5.3623188E-01   7.3725731E+03   2.1298545E+03   9.5024276E+03   1.1182736E-01   4.4759381E-06   8.6761710E-02
   5.5072464E-01   8.1556396E+03   1.9741035E+03   1.0129743E+04   1.2033899E-01   8.8517144E-06   9.6887332E-02
   5.6521739E-01   8.2379578E+03   2.1954935E+03   1.0433451E+04   1.3038325E-01   1.7806638E-05   1.0295040E-01
   5.7971014E-01   7.1416682E+03   1.8943417E+03   9.0360100E+03   1.3630277E-01   1.0000162E-05   1.0772977E-01
   5.9420290E-01   7.6882551E+03   1.8296569E+03   9.5179120E+03   1.5070589E-01   5.7601901E-06   1.2173625E-01
   6.0869565E-01   7.4871601E+03   2.1649620E+03   9.6521220E+03   1.8162125E-01   1.1976536E-05   1.4088642E-01
   6.2318841E-01   7.9121807E+03   1.7798001E+03   9.6919808E+03   1.7430868E-01   9.4955033E-06   1.4230101E-01
   6.3768116E-01   7.4051540E+03   2.1871036E+03   9.5922576E+03   1.7996072E-01   4.1959397E-06   1.3892924E-01
   6.5217391E-01   7.5942054E+03   1.9701154E+03   9.5643208E+03   1.8763464E-01   1.5985733E-06   1.4898449E-01
   6.6666667E-01   7.1820260E+03   2.1579023E+03   9.3399283E+03   2.0016115E-01   3.3313990E-05   1.5392005E-01
   6.8115942E-01   6.8841184E+03   1.7411822E+03   8.6253006E+03   1.9345583E-01   3.0206825E-06   1.5440267E-01
   6.9565217E-01   7.1669261E+03   1.5470457E+03   8.7139719E+03   2.0717668E-01   1.2164599E-05   1.7039317E-01
   7.1014493E-01   6.6185980E+03   1.7010415E+03   8.3196395E+03   2.1482151E-01   1.5336834E-05   1.7090115E-01
   7.2463768E-01   5.7739535E+03   1.0305219E+03   6.8044754E+03   2.0795138E-01   2.6358889E-04   1.7649652E-01
   7.3913043E-01   5.5270205E+03   1.2628945E+03   6.7899150E+03   2.1233960E-01   4.3649445E-05   1.7285005E-01
   7.5362319E-01   5.3333005E+03   1.0200302E+03   6.3533307E+03   2.0896837E-01   2.7753537E-06   1.7541880E-01
   7.6811594E-01   4.7322800E+03   1.0007843E+03   5.7330643E+03   2.0421227E-01   1.8665746E-05   1.6856740E-01
   7.8260870E-01   4.7569025E+03   8.8402613E+02   5.6409286E+03   2.0518478E-01   9.0143112E-06   1.7302772E-01
   7.9710145E-01   4.1193322E+03   7.5773668E+02   4.8770688E+03   1.9829753E-01   8.7287398E-06   1.6748988E-01
   8.1159420E-01   3.6533733E+03   6.2242656E+02   4.2757999E+03   1.9996847E-01   1.0591171E-05   1.7086032E-01
   8.2608696E-01   3.3499938E+03   4.1210241E+02   3.7620962E+03   2.0292003E-01   2.2889230E-05   1.8069455E-01
   8.4057971E-01   2.6390140E+03   4.7031932E+02   3.1093333E+03   1.6511591E-01   2.3774841E-06   1.4014047E-01
   8.5507246E-01   2.5942849E+03   3.9813283E+02   2.9924178E+03   1.6814143E-01   2.6005237E-06   1.4577088E-01
   8.6956522E-01   2.3994995E+03   2.7783678E+02   2.6773363E+03   1.6360536E-01   1.7001822E-06   1.4662762E-01
   8.8405797E-01   2.3601634E+03   3.4781356E+02   2.7079770E+03   1.4314124E-01   3.9826317E-05   1.2476085E-01
   8.9855072E-01   1.8821202E+03   3.1776054E+02   2.1998807E+03   1.2457054E-01   3.1056502E-06   1.0657746E-01
   9.1304348E-01   1.7560247E+03   1.3230323E+02   1.8883279E+03   1.2807731E-01   3.7463546E-05   1.1910118E-01
   9.2753623E-01   1.5036337E+03   2.1311344E+02   1.7167472E+03   1.1995960E-01   9.6503246E-06   1.0506921E-01
   9.4202899E-01   9.5591397E+02   1.3988985E+02   1.0958038E+03   1.3035330E-01   6.7581204E-05   1.1372079E-01
   9.5652174E-01   1.2628945E+03   6.8885153E+01   1.3317796E+03   9.5720202E-02   2.3250911E-05   9.0770187E-02
   9.7101449E-01   7.9166519E+02   2.2619005E+01   8.1428420E+02   5.3604737E-02   2.2582630E-06   5.2115746E-02
   9.8550725E-01   5.5715933E+02   4.4572746E+01   6.0173207E+02   6.6169741E-02   2.4012514E-06   6.1268201E-02
   1.0000000E+00   1.5318864E+02   2.1884092E+01   1.7507274E+02   1.1926979E-01   1.0367760E-06   1.0436119E-01
