   0.0000000E+00   1.8373599E+07   9.1716448E+06   2.7545244E+07   6.6269436E-04   7.3779005E-04   6.8150484E-04
   1.4492754E-02   1.8273578E+07   9.0504070E+06   2.7323985E+07   6.4616019E-04   2.9848123E-04   4.7122384E-04
   2.8985507E-02   1.8165979E+07   9.1886939E+06   2.7354673E+07   9.4095445E-04   3.8155192E-04   7.5220334E-04
   4.3478261E-02   1.8679977E+07   9.2590371E+06   2.7939014E+07   1.6220803E-04   2.4738933E-04   1.8684691E-04
   5.7971014E-02   1.9002331E+07   9.5175516E+06   2.8519883E+07   1.5525093E-04   5.7133543E-05   8.8811727E-05
   7.2463768E-02   1.9388966E+07   9.7875332E+06   2.9176499E+07   7.3441365E-04   4.2549689E-05   4.8262510E-04
   8.6956522E-02   1.9935042E+07   1.0070447E+07   3.0005236E+07   3.2198758E-04   7.4400744E-05   1.9692224E-04
   1.0144928E-01   2.0679825E+07   1.0371575E+07   3.1050859E+07   5.1032484E-04   9.4536513E-05   3.6736910E-04
   1.1594203E-01   2.1225720E+07   1.0701515E+07   3.1927046E+07   4.1990471E-05   1.3574605E-04   7.3382802E-05
   1.3043478E-01   2.1938582E+07   1.1035930E+07   3.2974427E+07   1.7152702E-04   1.2133523E-04   1.5423270E-04
   1.4492754E-01   2.2652008E+07   1.1451675E+07   3.4103682E+07   2.7786246E-04   1.0756275E-04   1.8480928E-04
   1.5942029E-01   2.3423432E+07   1.1822897E+07   3.5246122E+07   2.4521165E-04   6.3424436E-05   1.6511597E-04
   1.7391304E-01   2.4229514E+07   1.2220651E+07   3.6449976E+07   2.0305034E-04   7.2426281E-05   1.2036871E-04
   1.8840580E-01   2.4847585E+07   1.2516411E+07   3.7363238E+07   4.0188296E-04   1.7338958E-05   2.7120791E-04
   2.0289855E-01   2.4643762E+07   1.2496215E+07   3.7139706E+07   2.3789950E-04   1.1571318E-04   1.8476557E-04
   2.1739130E-01   2.2802115E+07   1.1569124E+07   3.4370835E+07   2.5761917E-04   2.3551228E-05   1.6495350E-04
   2.3188406E-01   1.9561541E+07   9.8893162E+06   2.9450715E+07   4.3954530E-04   7.4956483E-05   2.7999179E-04
   2.4637681E-01   1.6008391E+07   8.0635218E+06   2.4071779E+07   7.8946769E-04   1.9261619E-04   5.8937459E-04
   2.6086957E-01   1.3108129E+07   6.5881416E+06   1.9696186E+07   1.5252571E-03   2.6308074E-04   1.1033888E-03
   2.7536232E-01   1.0939086E+07   5.5098225E+06   1.6448749E+07   2.0876205E-03   4.0394265E-04   1.5157556E-03
   2.8985507E-01   9.3150844E+06   4.6365150E+06   1.3951599E+07   2.6600711E-03   5.0401358E-04   1.9325139E-03
   3.0434783E-01   7.9494516E+06   3.9521380E+06   1.1901409E+07   2.9294305E-03   6.3801959E-04   2.1555101E-03
   3.1884058E-01   6.8389524E+06   3.3954525E+06   1.0234336E+07   3.0541808E-03   5.9875362E-04   2.2329990E-03
   3.3333333E-01   5.8793119E+06   2.9281252E+06   8.8073711E+06   3.0118430E-03   8.0401019E-04   2.2762150E-03
   3.4782609E-01   5.0408433E+06   2.4856289E+06   7.5264722E+06   3.5037348E-03   6.2230617E-04   2.5527068E-03
   3.6231884E-01   4.2942756E+06   2.1231176E+06   6.4173932E+06   3.8616582E-03   7.5210294E-04   2.8319678E-03
   3.7681159E-01   3.6546806E+06   1.8005864E+06   5.4552670E+06   4.6284346E-03   6.1178366E-04   3.3000396E-03
   3.9130435E-01   3.0523598E+06   1.4882790E+06   4.5406108E+06   5.4324490E-03   8.2180606E-04   3.9194978E-03
   4.0579710E-01   2.5035079E+06   1.2158426E+06   3.7193505E+06   6.3965816E-03   9.8603941E-04   4.6278636E-03
   4.2028986E-01   1.9987787E+06   9.7361325E+05   2.9723920E+06   6.7813978E-03   1.2102685E-03   4.9525966E-03
   4.3478261E-01   1.5502282E+06   7.5142221E+05   2.3016504E+06   6.9711963E-03   1.4194445E-03   5.1514428E-03
   4.4927536E-01   1.1261434E+06   5.4728143E+05   1.6734248E+06   8.5831164E-03   1.1933130E-03   6.1619563E-03
   4.6376812E-01   7.6214103E+05   3.6643672E+05   1.1285778E+06   1.2749097E-02   1.6191749E-03   9.1198571E-03
   4.7826087E-01   4.3443570E+05   2.0477260E+05   6.3920830E+05   1.8588422E-02   1.7787218E-03   1.3199452E-02
   4.9275362E-01   1.8457574E+05   8.5267663E+04   2.6984341E+05   3.1001096E-02   2.1564311E-03   2.1886251E-02
   5.0724638E-01   4.6113690E+04   1.8791870E+04   6.4905559E+04   5.7566812E-02   2.7050586E-03   4.1679110E-02
   5.2173913E-01   1.3997080E+04   4.4201307E+03   1.8417211E+04   9.9871812E-02   5.5649896E-03   7.6902532E-02
   5.3623188E-01   1.2471936E+04   3.6453278E+03   1.6117264E+04   1.1258259E-01   9.1544307E-03   8.9111352E-02
   5.5072464E-01   1.2741941E+04   3.7488025E+03   1.6490743E+04   1.1804816E-01   2.3396574E-03   9.1733599E-02
   5.6521739E-01   1.3075815E+04   3.5943920E+03   1.6670207E+04   1.3462100E-01   1.9749979E-03   1.0594973E-01
   5.7971014E-01   1.3392996E+04   3.4666453E+03   1.6859641E+04   1.4049418E-01   1.0350665E-02   1.1371133E-01
   5.9420290E-01   1.2641266E+04   3.4190558E+03   1.6060321E+04   1.4959709E-01   5.2931598E-03   1.1868509E-01
   6.0869565E-01   1.3043896E+04   3.6623940E+03   1.6706290E+04   1.5749083E-01   3.4454146E-03   1.2371783E-01
   6.2318841E-01   1.3181094E+04   3.6300874E+03   1.6811181E+04   1.6659545E-01   9.4158726E-03   1.3265179E-01
   6.3768116E-01   1.3432605E+04   3.5820280E+03   1.7014633E+04   1.7169946E-01   5.3849641E-03   1.3668383E-01
   6.5217391E-01   1.3622422E+04   3.9739079E+03   1.7596330E+04   1.8471615E-01   3.8607238E-03   1.4383672E-01
   6.6666667E-01   1.3309810E+04   3.9369362E+03   1.7246746E+04   2.0259253E-01   1.0352349E-02   1.5850358E-01
   6.8115942E-01   1.2929890E+04   4.1756128E+03   1.7105503E+04   1.9880387E-01   7.3390332E-03   1.5205034E-01
   6.9565217E-01   1.3891839E+04   4.1833379E+03   1.8075177E+04   2.1640025E-01   6.7288733E-03   1.6775264E-01
   7.1014493E-01   1.3778436E+04   4.0824997E+03   1.7860936E+04   2.2378197E-01   1.0976398E-02   1.7513363E-01
   7.2463768E-01   1.3427094E+04   4.0311592E+03   1.7458253E+04   2.3939541E-01   1.1693415E-02   1.8681835E-01
   7.3913043E-01   1.2435796E+04   3.1200922E+03   1.5555888E+04   2.3696523E-01   3.3043982E-03   1.9002367E-01
   7.5362319E-01   1.3376967E+04   3.3806714E+03   1.6757638E+04   2.5278509E-01   9.8158546E-03   2.0372252E-01
   7.6811594E-01   1.1594801E+04   3.3597759E+03   1.4954577E+04   2.6168301E-01   5.3716065E-03   2.0409519E-01
   7.8260870E-01   1.1815079E+04   2.9748181E+03   1.4789897E+04   2.6574640E-01   6.5310368E-03   2.1360817E-01
   7.9710145E-01   1.1586483E+04   3.6095820E+03   1.5196065E+04   2.7405972E-01   4.5557671E-03   2.1004047E-01
   8.1159420E-01   1.1420174E+04   3.1797879E+03   1.4599962E+04   2.7953648E-01   9.0998063E-03   2.2054975E-01
   8.2608696E-01   9.9968068E+03   2.8448360E+03   1.2841643E+04   2.8832392E-01   9.1118259E-03   2.2646019E-01
   8.4057971E-01   8.7792940E+03   2.5344986E+03   1.1313793E+04   2.9120771E-01   8.0719903E-03   2.2777995E-01
   8.5507246E-01   8.5149054E+03   2.4016400E+03   1.0916545E+04   2.9098603E-01   5.6018439E-03   2.2810746E-01
   8.6956522E-01   7.5647379E+03   2.1216627E+03   9.6864006E+03   3.0510150E-01   7.7776562E-06   2.3827512E-01
   8.8405797E-01   7.1922875E+03   1.9253965E+03   9.1176840E+03   3.1173969E-01   6.8257308E-03   2.4733863E-01
   8.9855072E-01   6.0374504E+03   1.5765812E+03   7.6140315E+03   3.0982164E-01   6.5308432E-03   2.4695069E-01
   9.1304348E-01   4.9673849E+03   1.5996663E+03   6.5670513E+03   3.0530055E-01   9.3411326E-03   2.3316527E-01
   9.2753623E-01   5.1265623E+03   1.3378788E+03   6.4644411E+03   3.3237455E-01   1.3120429E-02   2.6617272E-01
   9.4202899E-01   3.9868607E+03   1.0608314E+03   5.0476921E+03   3.2584373E-01   8.2747475E-03   2.5908697E-01
   9.5652174E-01   3.5246237E+03   9.1846871E+02   4.4430924E+03   3.4234316E-01   4.5668854E-03   2.7250099E-01
   9.7101449E-01   2.7255902E+03   1.0178552E+03   3.7434454E+03   3.3663503E-01   3.9625549E-03   2.4613527E-01
   9.8550725E-01   1.5711893E+03   6.1287526E+02   2.1840646E+03   3.3657449E-01   3.1736170E-05   2.4213621E-01
   1.0000000E+00   6.5652276E+02   1.7507274E+02   8.3159549E+02   3.8111453E-01   4.0283813E-02   2.9853770E-01
