   0.0000000E+00   1.7712853E+07   8.7473123E+06   2.6460165E+07   4.6543020E-03   1.2474954E-03   3.2137813E-03
   1.4492754E-02   1.7559790E+07   9.1079949E+06   2.6667785E+07   2.6560359E-03   5.7349924E-04   1.9059076E-03
   2.8985507E-02   1.7772335E+07   9.1242863E+06   2.6896621E+07   3.5802719E-04   7.3803635E-05   2.5073435E-04
   4.3478261E-02   1.8015442E+07   9.2913672E+06   2.7306557E+07   4.3782121E-04   2.6400319E-05   2.9501471E-04
   5.7971014E-02   1.8326998E+07   9.4734135E+06   2.7800412E+07   3.5732188E-04   4.8406397E-05   2.1919187E-04
   7.2463768E-02   1.8817936E+07   9.6350766E+06   2.8452861E+07   7.2514138E-04   1.3889910E-04   4.9560606E-04
   8.6956522E-02   1.9103426E+07   9.8413578E+06   2.8944657E+07   3.1550792E-04   2.4253173E-04   1.3286653E-04
   1.0144928E-01   1.9757984E+07   1.0055491E+07   2.9813366E+07   4.0249326E-04   1.7409627E-04   3.1233049E-04
   1.1594203E-01   2.0248619E+07   1.0376636E+07   3.0625065E+07   1.4747939E-04   8.2845716E-05   1.2261515E-04
   1.3043478E-01   2.0760470E+07   1.0703704E+07   3.1463921E+07   2.9171572E-04   1.6046070E-04   1.8276861E-04
   1.4492754E-01   2.1325741E+07   1.1008777E+07   3.2334216E+07   3.6657838E-04   3.7431352E-05   2.4861955E-04
   1.5942029E-01   2.1994616E+07   1.1352687E+07   3.3347027E+07   2.3365588E-04   6.3476003E-05   1.3560552E-04
   1.7391304E-01   2.2699644E+07   1.1690867E+07   3.4390132E+07   2.9807034E-04   2.4374988E-05   2.0274951E-04
   1.8840580E-01   2.3150721E+07   1.2005697E+07   3.5156009E+07   4.5198058E-04   6.7396448E-05   2.8428062E-04
   2.0289855E-01   2.3076708E+07   1.1897278E+07   3.4973499E+07   4.1698256E-04   8.3354275E-05   2.8527114E-04
   2.1739130E-01   2.1466731E+07   1.1057752E+07   3.2524130E+07   1.5840399E-04   8.7329263E-05   7.8603404E-05
   2.3188406E-01   1.8562607E+07   9.4923569E+06   2.8054822E+07   1.3149514E-04   9.0866968E-05   1.1276581E-04
   2.4637681E-01   1.5513500E+07   7.8447587E+06   2.3357946E+07   1.7292550E-04   1.6438626E-04   1.3855034E-04
   2.6086957E-01   1.2906697E+07   6.5074426E+06   1.9413972E+07   5.0990887E-04   2.5863474E-04   4.2413997E-04
   2.7536232E-01   1.1000821E+07   5.4737303E+06   1.6474512E+07   7.2752314E-04   2.4536637E-04   5.6613045E-04
   2.8985507E-01   9.5112245E+06   4.7246019E+06   1.4235713E+07   1.0053996E-03   2.5794966E-04   7.4526197E-04
   3.0434783E-01   8.3002476E+06   4.0697676E+06   1.2369943E+07   7.5427294E-04   3.4558481E-04   6.1993845E-04
   3.1884058E-01   7.2639738E+06   3.5558860E+06   1.0819791E+07   8.7316976E-04   5.0528108E-04   7.5106403E-04
   3.3333333E-01   6.3408065E+06   3.0763450E+06   9.4170527E+06   1.2587498E-03   6.0525440E-04   1.0389466E-03
   3.4782609E-01   5.5264578E+06   2.6511944E+06   8.1776522E+06   1.1330273E-03   7.3907269E-04   9.6538078E-04
   3.6231884E-01   4.8135677E+06   2.3122790E+06   7.1258164E+06   1.2220721E-03   6.6671626E-04   1.0444068E-03
   3.7681159E-01   4.1448197E+06   1.9669970E+06   6.1118167E+06   1.3420637E-03   4.8806874E-04   1.0639994E-03
   3.9130435E-01   3.5364413E+06   1.6760574E+06   5.2124706E+06   1.7013624E-03   6.8969208E-04   1.3757200E-03
   4.0579710E-01   2.9934658E+06   1.3957510E+06   4.3891897E+06   1.4346474E-03   5.7846697E-04   1.1508695E-03
   4.2028986E-01   2.4812741E+06   1.1535888E+06   3.6348629E+06   1.7896448E-03   4.9427208E-04   1.3777700E-03
   4.3478261E-01   1.9971666E+06   9.0882938E+05   2.9059960E+06   2.7858950E-03   9.0079539E-04   2.1959642E-03
   4.4927536E-01   1.5470539E+06   6.8536061E+05   2.2324145E+06   1.9914059E-03   9.3542827E-04   1.6656551E-03
   4.6376812E-01   1.1195560E+06   4.8833761E+05   1.6078936E+06   5.0669468E-03   1.0191359E-03   3.8282794E-03
   4.7826087E-01   7.0239894E+05   3.0008669E+05   1.0024856E+06   5.3855515E-03   9.9501326E-04   4.0693045E-03
   4.9275362E-01   3.3659109E+05   1.3309422E+05   4.6968531E+05   1.8248675E-02   7.7212040E-04   1.3270320E-02
   5.0724638E-01   1.0272744E+05   3.4596092E+04   1.3732354E+05   6.0854567E-02   1.4251379E-03   4.5881757E-02
   5.2173913E-01   4.4916947E+04   1.0671458E+04   5.5588405E+04   1.2571362E-01   2.9689859E-04   1.0160864E-01
   5.3623188E-01   4.7102551E+04   1.0157767E+04   5.7260318E+04   1.4565251E-01   1.9404288E-03   1.2015828E-01
   5.5072464E-01   4.9472229E+04   1.0628254E+04   6.0100483E+04   1.5719168E-01   3.6952526E-03   1.3003871E-01
   5.6521739E-01   4.8806014E+04   1.1035755E+04   5.9841769E+04   1.6277692E-01   2.1302530E-03   1.3315091E-01
   5.7971014E-01   5.1147226E+04   1.1290277E+04   6.2437503E+04   1.8024327E-01   2.2602902E-03   1.4805933E-01
   5.9420290E-01   4.8532111E+04   1.1144274E+04   5.9676384E+04   1.8542803E-01   3.1267118E-03   1.5137021E-01
   6.0869565E-01   4.5536366E+04   9.7784115E+03   5.5314778E+04   1.9251997E-01   2.3206124E-03   1.5889199E-01
   6.2318841E-01   4.2503741E+04   8.5289431E+03   5.1032685E+04   2.0215663E-01   3.4115285E-03   1.6884907E-01
   6.3768116E-01   3.6526352E+04   7.9562352E+03   4.4482588E+04   2.0611502E-01   1.8393085E-03   1.6957712E-01
   6.5217391E-01   3.4822210E+04   7.3753037E+03   4.2197514E+04   2.0556794E-01   9.2017372E-04   1.6979708E-01
   6.6666667E-01   3.0012962E+04   6.3748717E+03   3.6387833E+04   2.0553597E-01   2.6252216E-03   1.6998715E-01
   6.8115942E-01   2.6472418E+04   5.2074244E+03   3.1679842E+04   2.1294353E-01   2.2212115E-03   1.7830307E-01
   6.9565217E-01   2.5131600E+04   4.6411372E+03   2.9772737E+04   2.1245362E-01   4.8604733E-03   1.8009098E-01
   7.1014493E-01   2.1819724E+04   4.2526038E+03   2.6072328E+04   2.1243934E-01   7.2698674E-03   1.7896886E-01
   7.2463768E-01   1.9761773E+04   3.8947666E+03   2.3656539E+04   2.0946533E-01   3.8821098E-03   1.7558264E-01
   7.3913043E-01   1.7442801E+04   3.2389529E+03   2.0681754E+04   2.0493828E-01   7.4088722E-03   1.7400259E-01
   7.5362319E-01   1.6509917E+04   3.2495246E+03   1.9759441E+04   2.1555425E-01   1.0065295E-05   1.8010697E-01
   7.6811594E-01   1.5054655E+04   2.7593053E+03   1.7813961E+04   1.9871503E-01   3.9449701E-03   1.6854123E-01
   7.8260870E-01   1.2404430E+04   2.6380462E+03   1.5042476E+04   2.0788589E-01   3.4152974E-03   1.7202547E-01
   7.9710145E-01   1.1255834E+04   1.9287843E+03   1.3184618E+04   2.2404432E-01   1.2950210E-04   1.9128672E-01
   8.1159420E-01   9.7152668E+03   1.7590316E+03   1.1474298E+04   2.0875495E-01   5.4882392E-04   1.7682759E-01
   8.2608696E-01   9.4517681E+03   1.9275758E+03   1.1379344E+04   2.0212214E-01   7.0676246E-07   1.6788412E-01
   8.4057971E-01   8.0215573E+03   1.4109580E+03   9.4325153E+03   2.0314017E-01   2.4881391E-04   1.7271634E-01
   8.5507246E-01   7.5773668E+03   1.1301835E+03   8.7075504E+03   2.0209175E-01   4.8636218E-06   1.7586168E-01
   8.6956522E-01   5.9608619E+03   1.0229445E+03   6.9838064E+03   2.1512127E-01   5.4316248E-03   1.8437434E-01
   8.8405797E-01   5.9500963E+03   7.9500242E+02   6.7450987E+03   2.2737703E-01   6.0997125E-03   2.0123578E-01
   8.9855072E-01   5.0352825E+03   7.9440136E+02   5.8296838E+03   2.0201109E-01   5.3787404E-03   1.7521582E-01
   9.1304348E-01   4.7749439E+03   6.3746102E+02   5.4124049E+03   2.0924372E-01   1.0670112E-05   1.8459838E-01
   9.2753623E-01   3.7413249E+03   4.9726470E+02   4.2385896E+03   2.1820554E-01   6.6859979E-06   1.9260527E-01
   9.4202899E-01   3.8236559E+03   4.8961447E+02   4.3132704E+03   1.9949002E-01   1.9812130E-05   1.7684732E-01
   9.5652174E-01   2.7668870E+03   4.7071521E+02   3.2376022E+03   2.0097610E-01   2.3876735E-06   1.7175607E-01
   9.7101449E-01   1.9339250E+03   4.1845160E+02   2.3523766E+03   1.8896115E-01   1.4154345E-04   1.5532286E-01
   9.8550725E-01   1.5489029E+03   2.0057736E+02   1.7494803E+03   1.9936843E-01   6.9705190E-06   1.7651170E-01
   1.0000000E+00   6.5652276E+02   1.0942046E+02   7.6594322E+02   1.9289032E-01   6.0873409E-07   1.6533465E-01
