   0.0000000E+00   1.7676481E+07   8.7351885E+06   2.6411670E+07   4.4478648E-03   2.6923967E-03   3.6036169E-03
   1.4492754E-02   1.7804539E+07   9.3163725E+06   2.7120911E+07   8.5360212E-04   5.7513264E-04   6.6375141E-04
   2.8985507E-02   1.8043984E+07   9.2474185E+06   2.7291402E+07   1.0287547E-03   5.8217348E-04   8.6168458E-04
   4.3478261E-02   1.8414517E+07   9.3790121E+06   2.7793529E+07   8.5445326E-04   4.1583031E-04   7.0593398E-04
   5.7971014E-02   1.8539543E+07   9.5228558E+06   2.8062399E+07   3.2903332E-04   7.8377923E-05   2.2527006E-04
   7.2463768E-02   1.8934930E+07   9.7985962E+06   2.8733527E+07   3.4411299E-04   2.4202009E-04   1.7702120E-04
   8.6956522E-02   1.9443271E+07   1.0027003E+07   2.9470274E+07   6.5607981E-04   4.3619975E-04   3.2291871E-04
   1.0144928E-01   1.9987795E+07   1.0306518E+07   3.0294204E+07   5.9327947E-04   1.8353748E-04   3.3129281E-04
   1.1594203E-01   2.0527466E+07   1.0553662E+07   3.1081127E+07   4.1314260E-04   2.1494975E-04   2.8050378E-04
   1.3043478E-01   2.1152977E+07   1.0893559E+07   3.2046200E+07   6.5411747E-04   4.2130543E-04   4.2266880E-04
   1.4492754E-01   2.1614818E+07   1.1177904E+07   3.2792495E+07   6.5129405E-04   1.6757715E-04   4.4029946E-04
   1.5942029E-01   2.2264370E+07   1.1635805E+07   3.3899762E+07   2.3154989E-04   9.3148325E-05   1.8369009E-04
   1.7391304E-01   2.2958032E+07   1.1976912E+07   3.4934376E+07   6.4175786E-04   1.7350098E-04   4.8032578E-04
   1.8840580E-01   2.3359273E+07   1.2150657E+07   3.5509523E+07   6.8301182E-04   9.6453352E-05   4.5522981E-04
   2.0289855E-01   2.3152536E+07   1.2043629E+07   3.5196328E+07   1.1895209E-03   1.8189762E-04   8.4377693E-04
   2.1739130E-01   2.1642526E+07   1.1208946E+07   3.2851320E+07   7.0731917E-04   1.5201665E-04   4.9386567E-04
   2.3188406E-01   1.8788507E+07   9.6744505E+06   2.8462437E+07   2.4049840E-04   1.5368687E-04   2.0240557E-04
   2.4637681E-01   1.5746615E+07   8.0201079E+06   2.3766545E+07   4.4460550E-04   2.9126909E-05   3.0308845E-04
   2.6086957E-01   1.3134018E+07   6.6170198E+06   1.9750617E+07   1.2350224E-03   6.0669705E-04   1.0228087E-03
   2.7536232E-01   1.1157992E+07   5.5309195E+06   1.6688831E+07   8.7856854E-04   7.7475685E-04   8.3426058E-04
   2.8985507E-01   9.5770718E+06   4.7444167E+06   1.4321375E+07   9.4989814E-04   4.7928619E-04   7.4207810E-04
   3.0434783E-01   8.3115054E+06   4.0475046E+06   1.2358830E+07   1.4581194E-03   1.2751539E-04   9.4355984E-04
   3.1884058E-01   7.2308056E+06   3.5076320E+06   1.0738472E+07   9.2984231E-04   6.1452683E-04   8.1548576E-04
   3.3333333E-01   6.2940245E+06   3.0107185E+06   9.3046770E+06   1.1113578E-03   5.0913715E-04   9.0049281E-04
   3.4782609E-01   5.4921071E+06   2.5901334E+06   8.0821458E+06   7.5225248E-04   6.7126080E-04   7.2236311E-04
   3.6231884E-01   4.7505241E+06   2.2305040E+06   6.9810281E+06   1.0940946E-03   1.0274184E-03   1.0573158E-03
   3.7681159E-01   4.0853082E+06   1.8834420E+06   5.9686919E+06   1.3906467E-03   7.4018976E-04   1.1846180E-03
   3.9130435E-01   3.4606396E+06   1.5928467E+06   5.0534301E+06   9.2991138E-04   2.1673255E-04   7.0559709E-04
   4.0579710E-01   2.8969085E+06   1.3143213E+06   4.2112569E+06   1.2801913E-03   1.0761278E-03   1.1559545E-03
   4.2028986E-01   2.3574756E+06   1.0583230E+06   3.4157986E+06   1.5652351E-03   9.5957093E-04   1.3773045E-03
   4.3478261E-01   1.8912855E+06   8.3080776E+05   2.7220933E+06   1.6001902E-03   7.5173001E-04   1.3376684E-03
   4.4927536E-01   1.4149633E+06   6.1699321E+05   2.0319565E+06   2.5992004E-03   1.8484938E-03   2.3711332E-03
   4.6376812E-01   9.7267343E+05   4.1301385E+05   1.3856873E+06   5.5296105E-03   1.7620414E-03   4.4066597E-03
   4.7826087E-01   5.8104627E+05   2.4079953E+05   8.2184580E+05   8.1165072E-03   1.9376348E-03   6.2114834E-03
   4.9275362E-01   2.6500726E+05   1.0325277E+05   3.6826003E+05   1.8623013E-02   4.0200565E-03   1.4416133E-02
   5.0724638E-01   8.0601534E+04   2.7884710E+04   1.0848624E+05   3.6030525E-02   6.2084629E-03   2.7979686E-02
   5.2173913E-01   1.9048658E+04   4.1465035E+03   2.3195162E+04   7.0762883E-02   2.0987561E-02   6.1797438E-02
   5.3623188E-01   1.5973908E+04   3.4610135E+03   1.9434922E+04   8.3570728E-02   1.3498489E-02   7.1091212E-02
   5.5072464E-01   1.6470803E+04   3.8086239E+03   2.0279427E+04   1.0454672E-01   1.3575938E-02   8.7437775E-02
   5.6521739E-01   1.6922786E+04   3.5555337E+03   2.0478320E+04   1.1181795E-01   1.7025246E-02   9.5178879E-02
   5.7971014E-01   1.6026131E+04   3.7507966E+03   1.9776927E+04   1.1790694E-01   1.8525173E-02   9.8971535E-02
   5.9420290E-01   1.7483388E+04   3.8256462E+03   2.1309034E+04   1.2537440E-01   2.2105124E-02   1.0682598E-01
   6.0869565E-01   1.7373820E+04   4.2216758E+03   2.1595495E+04   1.2970735E-01   2.6950674E-02   1.0952448E-01
   6.2318841E-01   1.7198861E+04   4.2997151E+03   2.1498576E+04   1.3315674E-01   1.7515511E-02   1.1000892E-01
   6.3768116E-01   1.6773535E+04   3.4787002E+03   2.0252235E+04   1.3868823E-01   1.8137825E-02   1.1797819E-01
   6.5217391E-01   1.6417628E+04   4.0917781E+03   2.0509406E+04   1.5824655E-01   3.6607139E-02   1.3389680E-01
   6.6666667E-01   1.6241921E+04   3.5745404E+03   1.9816462E+04   1.6475200E-01   3.2282005E-02   1.4084919E-01
   6.8115942E-01   1.5509419E+04   3.6597070E+03   1.9169126E+04   1.6256121E-01   1.8244413E-02   1.3493752E-01
   6.9565217E-01   1.6638635E+04   3.5518907E+03   2.0190525E+04   1.7374508E-01   2.0773635E-02   1.4673218E-01
   7.1014493E-01   1.6252679E+04   3.3402270E+03   1.9592906E+04   1.7654203E-01   2.9280234E-02   1.5143431E-01
   7.2463768E-01   1.5897316E+04   3.0915657E+03   1.8988881E+04   1.8628696E-01   3.2176028E-02   1.6119607E-01
   7.3913043E-01   1.3876982E+04   3.0903771E+03   1.6967359E+04   1.8549530E-01   3.8649352E-02   1.5874445E-01
   7.5362319E-01   1.3260392E+04   2.8269407E+03   1.6087333E+04   1.9351862E-01   3.9459257E-02   1.6636542E-01
   7.6811594E-01   1.2009412E+04   2.5877423E+03   1.4597154E+04   1.9079671E-01   2.8631508E-02   1.6201805E-01
   7.8260870E-01   1.1464275E+04   2.3012744E+03   1.3765550E+04   2.0020996E-01   2.9098630E-02   1.7148436E-01
   7.9710145E-01   1.0759861E+04   2.2869871E+03   1.3046848E+04   1.9112759E-01   3.1042628E-02   1.6301339E-01
   8.1159420E-01   9.2416813E+03   1.8537487E+03   1.1095430E+04   2.0294285E-01   2.6238930E-02   1.7340474E-01
   8.2608696E-01   8.8402613E+03   1.8744013E+03   1.0714663E+04   2.0324347E-01   2.6870695E-02   1.7236563E-01
   8.4057971E-01   7.7341399E+03   1.7636975E+03   9.4978374E+03   1.9876698E-01   2.3890077E-02   1.6614999E-01
   8.5507246E-01   7.1021760E+03   1.4127294E+03   8.5149054E+03   1.9705773E-01   3.7490261E-02   1.7056834E-01
   8.6956522E-01   6.1502961E+03   1.3891839E+03   7.5394800E+03   2.0308267E-01   4.9068955E-02   1.7469953E-01
   8.8405797E-01   5.4407978E+03   1.2173475E+03   6.6581453E+03   2.1708146E-01   3.2818195E-02   1.8329983E-01
   8.9855072E-01   5.0719472E+03   1.1366050E+03   6.2085522E+03   2.1384910E-01   2.3983289E-02   1.7896308E-01
   9.1304348E-01   4.2938412E+03   6.6151615E+02   4.9553574E+03   2.1421586E-01   4.6682230E-02   1.9143783E-01
   9.2753623E-01   4.1438725E+03   6.8669887E+02   4.8305714E+03   2.1068352E-01   2.9914177E-02   1.8497243E-01
   9.4202899E-01   3.4156438E+03   7.3442171E+02   4.1500655E+03   2.0454249E-01   2.7860402E-02   1.7325689E-01
   9.5652174E-01   2.8357721E+03   4.8219607E+02   3.3179682E+03   2.0990683E-01   1.0176602E-02   1.8075672E-01
   9.7101449E-01   2.2845196E+03   5.7678464E+02   2.8613042E+03   1.9593486E-01   1.4688777E-02   1.5939520E-01
   9.8550725E-01   1.3037528E+03   2.5629329E+02   1.5600461E+03   2.1673358E-01   6.8170032E-02   1.9226894E-01
   1.0000000E+00   8.5347959E+02   2.1884092E+02   1.0723205E+03   2.5570555E-01   8.0986471E-02   2.1830268E-01
