   0.0000000E+00   1.8228114E+07   9.4383681E+06   2.7666482E+07   1.8116786E-03   1.4279450E-03   7.7379124E-04
   1.4492754E-02   1.8403151E+07   9.2989446E+06   2.7701338E+07   6.9197030E-04   6.9771250E-04   6.5752117E-04
   2.8985507E-02   1.8630093E+07   9.2792434E+06   2.7908958E+07   1.8230977E-04   9.9169102E-04   3.5410177E-04
   4.3478261E-02   1.8636786E+07   9.4696879E+06   2.8106474E+07   1.9671363E-04   1.2109884E-04   1.5951741E-04
   5.7971014E-02   1.8948532E+07   9.5381999E+06   2.8487111E+07   2.9551542E-04   1.6756079E-04   2.0309747E-04
   7.2463768E-02   1.9320770E+07   9.7917765E+06   2.9112698E+07   1.9062611E-04   1.0714811E-04   1.0122948E-04
   8.6956522E-02   1.9683852E+07   1.0042284E+07   2.9726136E+07   1.2744031E-04   1.6823298E-04   2.9121264E-05
   1.0144928E-01   2.0069955E+07   1.0196538E+07   3.0266385E+07   2.0414258E-04   6.8939381E-05   1.1433030E-04
   1.1594203E-01   2.0444872E+07   1.0375404E+07   3.0820466E+07   6.2376512E-05   1.8247913E-04   5.0990110E-05
   1.3043478E-01   2.0831360E+07   1.0665565E+07   3.1497178E+07   2.6374345E-04   1.1528319E-04   1.4344625E-04
   1.4492754E-01   2.1170405E+07   1.0842985E+07   3.2013390E+07   1.2690783E-04   2.2565431E-05   8.7301127E-05
   1.5942029E-01   2.1658870E+07   1.1131772E+07   3.2790297E+07   1.2755609E-04   4.7288604E-05   9.4711754E-05
   1.7391304E-01   2.2050958E+07   1.1428564E+07   3.3479648E+07   1.3287790E-04   3.6692312E-05   8.0762765E-05
   1.8840580E-01   2.2374799E+07   1.1560381E+07   3.3934655E+07   1.4071518E-04   7.0082399E-05   7.8201370E-05
   2.0289855E-01   2.2183770E+07   1.1518842E+07   3.3702666E+07   1.5835214E-04   6.3688855E-05   9.2229108E-05
   2.1739130E-01   2.0645849E+07   1.0678025E+07   3.1323167E+07   8.8876186E-05   1.2035390E-04   1.8267380E-05
   2.3188406E-01   1.7922651E+07   9.2150252E+06   2.7137724E+07   8.6398866E-05   2.0348340E-04   6.7175225E-05
   2.4637681E-01   1.5057387E+07   7.6542103E+06   2.2711552E+07   1.5749024E-04   7.7728347E-05   1.2922136E-04
   2.6086957E-01   1.2727493E+07   6.4102419E+06   1.9137608E+07   1.1203091E-04   5.0586012E-05   8.7848282E-05
   2.7536232E-01   1.0945746E+07   5.4583761E+06   1.6404202E+07   3.0776915E-04   2.3186599E-04   2.3957433E-04
   2.8985507E-01   9.5228179E+06   4.7314594E+06   1.4254164E+07   3.0721435E-04   1.7451465E-04   2.3974055E-04
   3.0434783E-01   8.3926915E+06   4.1500517E+06   1.2542671E+07   2.6716590E-04   2.2501292E-04   2.1410292E-04
   3.1884058E-01   7.4116292E+06   3.6294209E+06   1.1041016E+07   1.2219869E-04   5.1067520E-04   1.7678497E-04
   3.3333333E-01   6.5251012E+06   3.1825600E+06   9.7076282E+06   2.0955423E-04   3.6599621E-04   2.6062996E-04
   3.4782609E-01   5.7311098E+06   2.7647602E+06   8.4958384E+06   6.7249443E-04   3.4033581E-04   4.3470326E-04
   3.6231884E-01   5.0522548E+06   2.3952360E+06   7.4474302E+06   2.1532793E-04   3.8805350E-04   2.4572358E-04
   3.7681159E-01   4.4153608E+06   2.0892258E+06   6.5045866E+06   2.7440668E-04   7.1667497E-04   4.1626313E-04
   3.9130435E-01   3.7996285E+06   1.7787728E+06   5.5783733E+06   4.9580825E-04   4.7678377E-04   4.8966511E-04
   4.0579710E-01   3.2421388E+06   1.5129295E+06   4.7550413E+06   9.1798212E-04   3.7643687E-04   7.3746566E-04
   4.2028986E-01   2.7404984E+06   1.2555174E+06   3.9959897E+06   9.7586890E-04   6.3769091E-04   8.6726032E-04
   4.3478261E-01   2.2332773E+06   1.0252682E+06   3.2585203E+06   8.0551980E-04   1.2262621E-03   9.1638599E-04
   4.4927536E-01   1.7628377E+06   7.8709287E+05   2.5499062E+06   1.5254557E-03   1.7143754E-03   1.5804925E-03
   4.6376812E-01   1.2937407E+06   5.6797100E+05   1.8616880E+06   1.9337590E-03   1.2046303E-03   1.6674248E-03
   4.7826087E-01   8.2007775E+05   3.5326603E+05   1.1733667E+06   2.7426760E-03   1.7329315E-03   2.4096403E-03
   4.9275362E-01   3.8087412E+05   1.5317424E+05   5.3404836E+05   7.0167156E-03   7.3795395E-03   7.0415708E-03
   5.0724638E-01   1.0562849E+05   4.1675518E+04   1.4730401E+05   2.4358265E-02   2.0065073E-02   2.3142543E-02
   5.2173913E-01   1.9511720E+04   6.6091477E+03   2.6120867E+04   7.8637951E-02   7.6207358E-02   7.7840007E-02
   5.3623188E-01   1.5154734E+04   5.6727854E+03   2.0827519E+04   1.0586157E-01   8.7369961E-02   1.0079537E-01
   5.5072464E-01   1.7049075E+04   5.4836207E+03   2.2532696E+04   1.1655509E-01   1.0884596E-01   1.1462401E-01
   5.6521739E-01   1.6553632E+04   6.1978975E+03   2.2751530E+04   1.1230708E-01   1.1789099E-01   1.1372607E-01
   5.7971014E-01   1.5552545E+04   5.4746475E+03   2.1027193E+04   1.3056640E-01   1.2844371E-01   1.3001027E-01
   5.9420290E-01   1.5524361E+04   6.1173376E+03   2.1641699E+04   1.5030840E-01   1.3586362E-01   1.4622452E-01
   6.0869565E-01   1.3098020E+04   5.0154952E+03   1.8113515E+04   1.6308855E-01   1.4892320E-01   1.5916171E-01
   6.2318841E-01   1.2335248E+04   4.2468498E+03   1.6582098E+04   1.7564419E-01   1.5826399E-01   1.7118659E-01
   6.3768116E-01   1.1314386E+04   4.2192156E+03   1.5533602E+04   1.7929614E-01   1.7635374E-01   1.7839245E-01
   6.5217391E-01   9.9516085E+03   3.5697817E+03   1.3521390E+04   1.9641178E-01   1.6749381E-01   1.8861682E-01
   6.6666667E-01   7.9397626E+03   3.1133094E+03   1.1053072E+04   2.0309863E-01   1.7664394E-01   1.9558943E-01
   6.8115942E-01   8.3673476E+03   2.4989189E+03   1.0866266E+04   2.1678538E-01   1.8537911E-01   2.0951436E-01
   6.9565217E-01   6.2986862E+03   2.1153482E+03   8.4140344E+03   2.0936592E-01   2.0915748E-01   2.0913784E-01
   7.1014493E-01   5.6907571E+03   1.6701135E+03   7.3608706E+03   2.0947960E-01   2.2564884E-01   2.1275849E-01
   7.2463768E-01   5.0919905E+03   1.6821754E+03   6.7741660E+03   2.3027959E-01   2.1882874E-01   2.2719893E-01
   7.3913043E-01   4.7544263E+03   1.3074672E+03   6.0618935E+03   2.5863629E-01   2.1789752E-01   2.4947014E-01
   7.5362319E-01   3.1620935E+03   1.2386080E+03   4.4007015E+03   2.3665929E-01   2.2075334E-01   2.3218242E-01
   7.6811594E-01   3.4169635E+03   1.0865658E+03   4.5035293E+03   2.6280331E-01   2.6741646E-01   2.6391544E-01
   7.8260870E-01   2.4836925E+03   7.7176884E+02   3.2554613E+03   2.7159079E-01   2.5218174E-01   2.6687920E-01
   7.9710145E-01   2.4936425E+03   7.8529075E+02   3.2789333E+03   2.8193952E-01   2.7771837E-01   2.8071323E-01
   8.1159420E-01   2.2326170E+03   7.5773668E+02   2.9903537E+03   2.8014261E-01   3.1894793E-01   2.8980632E-01
   8.2608696E-01   2.2200355E+03   6.2480042E+02   2.8448360E+03   2.9886965E-01   2.8813222E-01   2.9650710E-01
   8.4057971E-01   1.5416022E+03   5.3564145E+02   2.0772437E+03   2.9612362E-01   3.1447714E-01   3.0084345E-01
   8.5507246E-01   1.5411594E+03   3.8528984E+02   1.9264492E+03   3.1334169E-01   3.3764998E-01   3.1818017E-01
   8.6956522E-01   1.3639260E+03   4.0412623E+02   1.7680523E+03   3.2143728E-01   3.3514046E-01   3.2456670E-01
   8.8405797E-01   1.3167228E+03   4.0992312E+02   1.7266459E+03   3.1999646E-01   3.2022537E-01   3.2000422E-01
   8.9855072E-01   1.0388326E+03   2.6887431E+02   1.3077069E+03   3.1830170E-01   3.2763779E-01   3.2016126E-01
   9.1304348E-01   9.1409505E+02   2.6460646E+02   1.1787015E+03   3.6361154E-01   3.5103142E-01   3.6070490E-01
   9.2753623E-01   6.7485923E+02   2.0127381E+02   8.7613304E+02   3.3212902E-01   3.5447127E-01   3.3725615E-01
   9.4202899E-01   5.5955940E+02   1.6320482E+02   7.2276422E+02   3.7702643E-01   3.1620170E-01   3.6313644E-01
   9.5652174E-01   5.0515779E+02   1.6073202E+02   6.6588981E+02   3.3860665E-01   3.4944356E-01   3.3778942E-01
   9.7101449E-01   3.7321359E+02   7.9166519E+01   4.5238011E+02   3.6824162E-01   3.7036198E-01   3.6828353E-01
   9.8550725E-01   2.2286373E+02   2.2286373E+01   2.4515010E+02   3.7598405E-01   2.0972771E-01   3.5745513E-01
   1.0000000E+00   4.3768184E+01   0.0000000E+00   4.3768184E+01   4.1328929E-01   0.0000000E+00   4.1328929E-01
