   0.0000000E+00   0.0000000E+00   0.0000000E+00   5.7916039E+10   0.0000000E+00   0.0000000E+00   3.9713123E-05
   1.4492754E-02   0.0000000E+00   0.0000000E+00   2.7088329E+07   0.0000000E+00   0.0000000E+00   3.3441679E-02
   2.8985507E-02   0.0000000E+00   0.0000000E+00   1.7991321E+07   0.0000000E+00   0.0000000E+00   2.2500669E-02
   4.3478261E-02   0.0000000E+00   0.0000000E+00   1.0972785E+07   0.0000000E+00   0.0000000E+00   6.3436979E-03
   5.7971014E-02   0.0000000E+00   0.0000000E+00   6.9510975E+06   0.0000000E+00   0.0000000E+00   1.9849050E-03
   7.2463768E-02   0.0000000E+00   0.0000000E+00   5.0486480E+06   0.0000000E+00   0.0000000E+00   9.6070193E-04
   8.6956522E-02   0.0000000E+00   0.0000000E+00   3.9935249E+06   0.0000000E+00   0.0000000E+00   1.0407573E-03
   1.0144928E-01   0.0000000E+00   0.0000000E+00   3.3279795E+06   0.0000000E+00   0.0000000E+00   2.4392520E-03
   1.1594203E-01   0.0000000E+00   0.0000000E+00   2.8595088E+06   0.0000000E+00   0.0000000E+00   1.5401429E-03
   1.3043478E-01   0.0000000E+00   0.0000000E+00   2.4776306E+06   0.0000000E+00   0.0000000E+00   1.5953369E-03
   1.4492754E-01   0.0000000E+00   0.0000000E+00   2.1726584E+06   0.0000000E+00   0.0000000E+00   2.3253331E-03
   1.5942029E-01   0.0000000E+00   0.0000000E+00   1.9395993E+06   0.0000000E+00   0.0000000E+00   2.3276954E-03
   1.7391304E-01   0.0000000E+00   0.0000000E+00   1.7332595E+06   0.0000000E+00   0.0000000E+00   2.6885854E-03
   1.8840580E-01   0.0000000E+00   0.0000000E+00   1.5745768E+06   0.0000000E+00   0.0000000E+00   3.5939041E-03
   2.0289855E-01   0.0000000E+00   0.0000000E+00   1.4297409E+06   0.0000000E+00   0.0000000E+00   3.6162634E-03
   2.1739130E-01   0.0000000E+00   0.0000000E+00   1.2965885E+06   0.0000000E+00   0.0000000E+00   3.5567913E-03
   2.3188406E-01   0.0000000E+00   0.0000000E+00   1.2061747E+06   0.0000000E+00   0.0000000E+00   2.8487372E-03
   2.4637681E-01   0.0000000E+00   0.0000000E+00   1.1141849E+06   0.0000000E+00   0.0000000E+00   2.6635859E-03
   2.6086957E-01   0.0000000E+00   0.0000000E+00   1.0250914E+06   0.0000000E+00   0.0000000E+00   3.0902018E-03
   2.7536232E-01   0.0000000E+00   0.0000000E+00   9.5387084E+05   0.0000000E+00   0.0000000E+00   3.1699059E-03
   2.8985507E-01   0.0000000E+00   0.0000000E+00   8.8545320E+05   0.0000000E+00   0.0000000E+00   3.0203689E-03
   3.0434783E-01   0.0000000E+00   0.0000000E+00   8.3390726E+05   0.0000000E+00   0.0000000E+00   3.1698191E-03
   3.1884058E-01   0.0000000E+00   0.0000000E+00   7.8770173E+05   0.0000000E+00   0.0000000E+00   2.5870797E-03
   3.3333333E-01   0.0000000E+00   0.0000000E+00   7.3052405E+05   0.0000000E+00   0.0000000E+00   1.9327998E-03
   3.4782609E-01   0.0000000E+00   0.0000000E+00   6.7432250E+05   0.0000000E+00   0.0000000E+00   1.3092205E-03
   3.6231884E-01   0.0000000E+00   0.0000000E+00   6.3131590E+05   0.0000000E+00   0.0000000E+00   2.4669833E-03
   3.7681159E-01   0.0000000E+00   0.0000000E+00   5.8992715E+05   0.0000000E+00   0.0000000E+00   3.3168995E-03
   3.9130435E-01   0.0000000E+00   0.0000000E+00   5.4840491E+05   0.0000000E+00   0.0000000E+00   3.4460467E-03
   4.0579710E-01   0.0000000E+00   0.0000000E+00   5.0876606E+05   0.0000000E+00   0.0000000E+00   2.0455825E-03
   4.2028986E-01   0.0000000E+00   0.0000000E+00   4.6159228E+05   0.0000000E+00   0.0000000E+00   1.3355338E-03
   4.3478261E-01   0.0000000E+00   0.0000000E+00   4.0437881E+05   0.0000000E+00   0.0000000E+00   3.0895095E-03
   4.4927536E-01   0.0000000E+00   0.0000000E+00   3.4506351E+05   0.0000000E+00   0.0000000E+00   3.9504680E-03
   4.6376812E-01   0.0000000E+00   0.0000000E+00   2.7977059E+05   0.0000000E+00   0.0000000E+00   4.8511813E-03
   4.7826087E-01   0.0000000E+00   0.0000000E+00   1.9691969E+05   0.0000000E+00   0.0000000E+00   8.7672951E-03
   4.9275362E-01   0.0000000E+00   0.0000000E+00   1.0354249E+05   0.0000000E+00   0.0000000E+00   1.8496396E-02
   5.0724638E-01   0.0000000E+00   0.0000000E+00   3.5938368E+04   0.0000000E+00   0.0000000E+00   5.0618728E-02
   5.2173913E-01   0.0000000E+00   0.0000000E+00   1.5744084E+04   0.0000000E+00   0.0000000E+00   1.2521081E-01
   5.3623188E-01   0.0000000E+00   0.0000000E+00   1.4724667E+04   0.0000000E+00   0.0000000E+00   1.4413037E-01
   5.5072464E-01   0.0000000E+00   0.0000000E+00   1.4297295E+04   0.0000000E+00   0.0000000E+00   1.4970832E-01
   5.6521739E-01   0.0000000E+00   0.0000000E+00   1.3347823E+04   0.0000000E+00   0.0000000E+00   1.5176025E-01
   5.7971014E-01   0.0000000E+00   0.0000000E+00   1.1896466E+04   0.0000000E+00   0.0000000E+00   1.5462415E-01
   5.9420290E-01   0.0000000E+00   0.0000000E+00   1.0127798E+04   0.0000000E+00   0.0000000E+00   1.5323532E-01
   6.0869565E-01   0.0000000E+00   0.0000000E+00   8.2629381E+03   0.0000000E+00   0.0000000E+00   1.7277220E-01
   6.2318841E-01   0.0000000E+00   0.0000000E+00   6.4671945E+03   0.0000000E+00   0.0000000E+00   1.9051655E-01
   6.3768116E-01   0.0000000E+00   0.0000000E+00   5.3385994E+03   0.0000000E+00   0.0000000E+00   2.0731531E-01
   6.5217391E-01   0.0000000E+00   0.0000000E+00   4.6306131E+03   0.0000000E+00   0.0000000E+00   2.2743549E-01
   6.6666667E-01   0.0000000E+00   0.0000000E+00   3.7227933E+03   0.0000000E+00   0.0000000E+00   2.3696808E-01
   6.8115942E-01   0.0000000E+00   0.0000000E+00   3.0631909E+03   0.0000000E+00   0.0000000E+00   2.6159391E-01
   6.9565217E-01   0.0000000E+00   0.0000000E+00   2.9046573E+03   0.0000000E+00   0.0000000E+00   2.6088050E-01
   7.1014493E-01   0.0000000E+00   0.0000000E+00   2.7371305E+03   0.0000000E+00   0.0000000E+00   2.5095472E-01
   7.2463768E-01   0.0000000E+00   0.0000000E+00   2.5156858E+03   0.0000000E+00   0.0000000E+00   2.4394768E-01
   7.3913043E-01   0.0000000E+00   0.0000000E+00   2.3326404E+03   0.0000000E+00   0.0000000E+00   2.4433678E-01
   7.5362319E-01   0.0000000E+00   0.0000000E+00   1.9817729E+03   0.0000000E+00   0.0000000E+00   2.5954082E-01
   7.6811594E-01   0.0000000E+00   0.0000000E+00   1.8014117E+03   0.0000000E+00   0.0000000E+00   2.8644590E-01
   7.8260870E-01   0.0000000E+00   0.0000000E+00   1.5435377E+03   0.0000000E+00   0.0000000E+00   2.9941098E-01
   7.9710145E-01   0.0000000E+00   0.0000000E+00   1.2812638E+03   0.0000000E+00   0.0000000E+00   3.1655848E-01
   8.1159420E-01   0.0000000E+00   0.0000000E+00   1.1907291E+03   0.0000000E+00   0.0000000E+00   3.3425556E-01
   8.2608696E-01   0.0000000E+00   0.0000000E+00   9.9702195E+02   0.0000000E+00   0.0000000E+00   3.2308368E-01
   8.4057971E-01   0.0000000E+00   0.0000000E+00   9.6676749E+02   0.0000000E+00   0.0000000E+00   3.1980247E-01
   8.5507246E-01   0.0000000E+00   0.0000000E+00   9.7606759E+02   0.0000000E+00   0.0000000E+00   2.9994723E-01
   8.6956522E-01   0.0000000E+00   0.0000000E+00   9.0928402E+02   0.0000000E+00   0.0000000E+00   3.0895172E-01
   8.8405797E-01   0.0000000E+00   0.0000000E+00   7.2047095E+02   0.0000000E+00   0.0000000E+00   3.4610059E-01
   8.9855072E-01   0.0000000E+00   0.0000000E+00   5.9885641E+02   0.0000000E+00   0.0000000E+00   3.5943109E-01
   9.1304348E-01   0.0000000E+00   0.0000000E+00   5.8935075E+02   0.0000000E+00   0.0000000E+00   3.5399485E-01
   9.2753623E-01   0.0000000E+00   0.0000000E+00   4.4990616E+02   0.0000000E+00   0.0000000E+00   3.2065861E-01
   9.4202899E-01   0.0000000E+00   0.0000000E+00   3.0309467E+02   0.0000000E+00   0.0000000E+00   3.1678557E-01
   9.5652174E-01   0.0000000E+00   0.0000000E+00   1.9517460E+02   0.0000000E+00   0.0000000E+00   3.3790443E-01
   9.7101449E-01   0.0000000E+00   0.0000000E+00   1.3571403E+02   0.0000000E+00   0.0000000E+00   3.8566362E-01
   9.8550725E-01   0.0000000E+00   0.0000000E+00   7.8002306E+01   0.0000000E+00   0.0000000E+00   4.2064275E-01
   1.0000000E+00   0.0000000E+00   0.0000000E+00   0.0000000E+00   0.0000000E+00   0.0000000E+00   0.0000000E+00
