   0.0000000E+00   0.0000000E+00   0.0000000E+00   5.4379137E+10   0.0000000E+00   0.0000000E+00   1.5202826E-06
   1.4492754E-02   0.0000000E+00   0.0000000E+00   3.8355115E+07   0.0000000E+00   0.0000000E+00   2.1511672E-04
   2.8985507E-02   0.0000000E+00   0.0000000E+00   3.2173500E+07   0.0000000E+00   0.0000000E+00   1.2917888E-04
   4.3478261E-02   0.0000000E+00   0.0000000E+00   2.6737749E+07   0.0000000E+00   0.0000000E+00   3.0143981E-05
   5.7971014E-02   0.0000000E+00   0.0000000E+00   2.1223447E+07   0.0000000E+00   0.0000000E+00   7.4601087E-05
   7.2463768E-02   0.0000000E+00   0.0000000E+00   1.7311252E+07   0.0000000E+00   0.0000000E+00   1.6596503E-05
   8.6956522E-02   0.0000000E+00   0.0000000E+00   1.4844441E+07   0.0000000E+00   0.0000000E+00   7.6650098E-05
   1.0144928E-01   0.0000000E+00   0.0000000E+00   1.2846018E+07   0.0000000E+00   0.0000000E+00   1.0678248E-04
   1.1594203E-01   0.0000000E+00   0.0000000E+00   1.0999400E+07   0.0000000E+00   0.0000000E+00   7.3770409E-05
   1.3043478E-01   0.0000000E+00   0.0000000E+00   9.3357369E+06   0.0000000E+00   0.0000000E+00   2.7921412E-04
   1.4492754E-01   0.0000000E+00   0.0000000E+00   7.6667040E+06   0.0000000E+00   0.0000000E+00   3.0007870E-04
   1.5942029E-01   0.0000000E+00   0.0000000E+00   6.0366815E+06   0.0000000E+00   0.0000000E+00   1.9373899E-04
   1.7391304E-01   0.0000000E+00   0.0000000E+00   4.6986620E+06   0.0000000E+00   0.0000000E+00   3.2113527E-04
   1.8840580E-01   0.0000000E+00   0.0000000E+00   3.7876342E+06   0.0000000E+00   0.0000000E+00   2.8655655E-04
   2.0289855E-01   0.0000000E+00   0.0000000E+00   3.2523141E+06   0.0000000E+00   0.0000000E+00   6.4207614E-04
   2.1739130E-01   0.0000000E+00   0.0000000E+00   2.8829355E+06   0.0000000E+00   0.0000000E+00   7.5553919E-04
   2.3188406E-01   0.0000000E+00   0.0000000E+00   2.5794777E+06   0.0000000E+00   0.0000000E+00   8.2118032E-04
   2.4637681E-01   0.0000000E+00   0.0000000E+00   2.3447047E+06   0.0000000E+00   0.0000000E+00   1.1815817E-03
   2.6086957E-01   0.0000000E+00   0.0000000E+00   2.1158534E+06   0.0000000E+00   0.0000000E+00   1.2860846E-03
   2.7536232E-01   0.0000000E+00   0.0000000E+00   1.9108923E+06   0.0000000E+00   0.0000000E+00   8.5096009E-04
   2.8985507E-01   0.0000000E+00   0.0000000E+00   1.7520009E+06   0.0000000E+00   0.0000000E+00   6.9712421E-04
   3.0434783E-01   0.0000000E+00   0.0000000E+00   1.5904532E+06   0.0000000E+00   0.0000000E+00   9.4940436E-04
   3.1884058E-01   0.0000000E+00   0.0000000E+00   1.4483792E+06   0.0000000E+00   0.0000000E+00   5.6534926E-04
   3.3333333E-01   0.0000000E+00   0.0000000E+00   1.3244578E+06   0.0000000E+00   0.0000000E+00   8.3175078E-04
   3.4782609E-01   0.0000000E+00   0.0000000E+00   1.1953296E+06   0.0000000E+00   0.0000000E+00   1.1810022E-03
   3.6231884E-01   0.0000000E+00   0.0000000E+00   1.0675297E+06   0.0000000E+00   0.0000000E+00   1.4956137E-03
   3.7681159E-01   0.0000000E+00   0.0000000E+00   9.4609254E+05   0.0000000E+00   0.0000000E+00   1.4105770E-03
   3.9130435E-01   0.0000000E+00   0.0000000E+00   8.3387519E+05   0.0000000E+00   0.0000000E+00   2.8262062E-03
   4.0579710E-01   0.0000000E+00   0.0000000E+00   7.3424685E+05   0.0000000E+00   0.0000000E+00   3.0463852E-03
   4.2028986E-01   0.0000000E+00   0.0000000E+00   6.3979105E+05   0.0000000E+00   0.0000000E+00   3.4732329E-03
   4.3478261E-01   0.0000000E+00   0.0000000E+00   5.4749001E+05   0.0000000E+00   0.0000000E+00   3.1890660E-03
   4.4927536E-01   0.0000000E+00   0.0000000E+00   4.6268380E+05   0.0000000E+00   0.0000000E+00   2.3898706E-03
   4.6376812E-01   0.0000000E+00   0.0000000E+00   3.7799221E+05   0.0000000E+00   0.0000000E+00   5.1105687E-03
   4.7826087E-01   0.0000000E+00   0.0000000E+00   2.8692962E+05   0.0000000E+00   0.0000000E+00   7.6982978E-03
   4.9275362E-01   0.0000000E+00   0.0000000E+00   1.6977759E+05   0.0000000E+00   0.0000000E+00   1.3083740E-02
   5.0724638E-01   0.0000000E+00   0.0000000E+00   5.7674586E+04   0.0000000E+00   0.0000000E+00   4.8964090E-02
   5.2173913E-01   0.0000000E+00   0.0000000E+00   1.3260392E+04   0.0000000E+00   0.0000000E+00   2.3692482E-01
   5.3623188E-01   0.0000000E+00   0.0000000E+00   1.0219206E+04   0.0000000E+00   0.0000000E+00   2.6584631E-01
   5.5072464E-01   0.0000000E+00   0.0000000E+00   8.5345079E+03   0.0000000E+00   0.0000000E+00   2.7228927E-01
   5.6521739E-01   0.0000000E+00   0.0000000E+00   7.5385085E+03   0.0000000E+00   0.0000000E+00   2.8383225E-01
   5.7971014E-01   0.0000000E+00   0.0000000E+00   6.0240066E+03   0.0000000E+00   0.0000000E+00   2.8356268E-01
   5.9420290E-01   0.0000000E+00   0.0000000E+00   5.3041568E+03   0.0000000E+00   0.0000000E+00   2.7796235E-01
   6.0869565E-01   0.0000000E+00   0.0000000E+00   5.1417846E+03   0.0000000E+00   0.0000000E+00   2.8772068E-01
   6.2318841E-01   0.0000000E+00   0.0000000E+00   4.4054458E+03   0.0000000E+00   0.0000000E+00   2.9468691E-01
   6.3768116E-01   0.0000000E+00   0.0000000E+00   4.0814453E+03   0.0000000E+00   0.0000000E+00   2.8209404E-01
   6.5217391E-01   0.0000000E+00   0.0000000E+00   3.8897150E+03   0.0000000E+00   0.0000000E+00   2.7575718E-01
   6.6666667E-01   0.0000000E+00   0.0000000E+00   3.9039912E+03   0.0000000E+00   0.0000000E+00   2.4614547E-01
   6.8115942E-01   0.0000000E+00   0.0000000E+00   3.8854158E+03   0.0000000E+00   0.0000000E+00   2.2197785E-01
   6.9565217E-01   0.0000000E+00   0.0000000E+00   3.5203183E+03   0.0000000E+00   0.0000000E+00   2.1879764E-01
   7.1014493E-01   0.0000000E+00   0.0000000E+00   3.1082668E+03   0.0000000E+00   0.0000000E+00   2.1208442E-01
   7.2463768E-01   0.0000000E+00   0.0000000E+00   2.6975426E+03   0.0000000E+00   0.0000000E+00   2.2214834E-01
   7.3913043E-01   0.0000000E+00   0.0000000E+00   2.5257889E+03   0.0000000E+00   0.0000000E+00   2.3393256E-01
   7.5362319E-01   0.0000000E+00   0.0000000E+00   2.4772161E+03   0.0000000E+00   0.0000000E+00   2.2015922E-01
   7.6811594E-01   0.0000000E+00   0.0000000E+00   2.4733669E+03   0.0000000E+00   0.0000000E+00   2.2103644E-01
   7.8260870E-01   0.0000000E+00   0.0000000E+00   2.0627276E+03   0.0000000E+00   0.0000000E+00   2.4226382E-01
   7.9710145E-01   0.0000000E+00   0.0000000E+00   1.6807977E+03   0.0000000E+00   0.0000000E+00   2.2026989E-01
   8.1159420E-01   0.0000000E+00   0.0000000E+00   1.6101905E+03   0.0000000E+00   0.0000000E+00   2.0948353E-01
   8.2608696E-01   0.0000000E+00   0.0000000E+00   1.3958307E+03   0.0000000E+00   0.0000000E+00   2.3798751E-01
   8.4057971E-01   0.0000000E+00   0.0000000E+00   1.2149916E+03   0.0000000E+00   0.0000000E+00   2.6783768E-01
   8.5507246E-01   0.0000000E+00   0.0000000E+00   1.1943985E+03   0.0000000E+00   0.0000000E+00   2.8317281E-01
   8.6956522E-01   0.0000000E+00   0.0000000E+00   9.3454191E+02   0.0000000E+00   0.0000000E+00   2.6668940E-01
   8.8405797E-01   0.0000000E+00   0.0000000E+00   7.8258051E+02   0.0000000E+00   0.0000000E+00   2.5914939E-01
   8.9855072E-01   0.0000000E+00   0.0000000E+00   8.9217384E+02   0.0000000E+00   0.0000000E+00   2.5451504E-01
   9.1304348E-01   0.0000000E+00   0.0000000E+00   8.7801235E+02   0.0000000E+00   0.0000000E+00   2.3960598E-01
   9.2753623E-01   0.0000000E+00   0.0000000E+00   6.3934033E+02   0.0000000E+00   0.0000000E+00   2.5198374E-01
   9.4202899E-01   0.0000000E+00   0.0000000E+00   4.4298452E+02   0.0000000E+00   0.0000000E+00   2.3544684E-01
   9.5652174E-01   0.0000000E+00   0.0000000E+00   2.9850233E+02   0.0000000E+00   0.0000000E+00   2.3801980E-01
   9.7101449E-01   0.0000000E+00   0.0000000E+00   2.7142807E+02   0.0000000E+00   0.0000000E+00   2.6175287E-01
   9.8550725E-01   0.0000000E+00   0.0000000E+00   2.1172054E+02   0.0000000E+00   0.0000000E+00   1.7854063E-01
   1.0000000E+00   0.0000000E+00   0.0000000E+00   8.7536368E+01   0.0000000E+00   0.0000000E+00   5.5511352E-05
