   0.0000000E+00   0.0000000E+00   0.0000000E+00   5.8484027E+10   0.0000000E+00   0.0000000E+00   3.1324768E-05
   1.4492754E-02   0.0000000E+00   0.0000000E+00   2.5435705E+07   0.0000000E+00   0.0000000E+00   2.8222791E-02
   2.8985507E-02   0.0000000E+00   0.0000000E+00   1.6464860E+07   0.0000000E+00   0.0000000E+00   2.2179393E-02
   4.3478261E-02   0.0000000E+00   0.0000000E+00   9.7252978E+06   0.0000000E+00   0.0000000E+00   9.9441021E-03
   5.7971014E-02   0.0000000E+00   0.0000000E+00   6.0361304E+06   0.0000000E+00   0.0000000E+00   2.1196765E-03
   7.2463768E-02   0.0000000E+00   0.0000000E+00   4.3083392E+06   0.0000000E+00   0.0000000E+00   8.1517256E-04
   8.6956522E-02   0.0000000E+00   0.0000000E+00   3.3788742E+06   0.0000000E+00   0.0000000E+00   1.8854644E-03
   1.0144928E-01   0.0000000E+00   0.0000000E+00   2.7988628E+06   0.0000000E+00   0.0000000E+00   7.7858567E-04
   1.1594203E-01   0.0000000E+00   0.0000000E+00   2.3687796E+06   0.0000000E+00   0.0000000E+00   2.6010310E-03
   1.3043478E-01   0.0000000E+00   0.0000000E+00   2.0383959E+06   0.0000000E+00   0.0000000E+00   3.7849790E-03
   1.4492754E-01   0.0000000E+00   0.0000000E+00   1.7710580E+06   0.0000000E+00   0.0000000E+00   2.5907762E-03
   1.5942029E-01   0.0000000E+00   0.0000000E+00   1.5607998E+06   0.0000000E+00   0.0000000E+00   2.4298206E-03
   1.7391304E-01   0.0000000E+00   0.0000000E+00   1.3950564E+06   0.0000000E+00   0.0000000E+00   2.1410713E-03
   1.8840580E-01   0.0000000E+00   0.0000000E+00   1.2593584E+06   0.0000000E+00   0.0000000E+00   2.1385118E-03
   2.0289855E-01   0.0000000E+00   0.0000000E+00   1.1230199E+06   0.0000000E+00   0.0000000E+00   2.9668536E-03
   2.1739130E-01   0.0000000E+00   0.0000000E+00   1.0165290E+06   0.0000000E+00   0.0000000E+00   4.4501985E-03
   2.3188406E-01   0.0000000E+00   0.0000000E+00   9.3002706E+05   0.0000000E+00   0.0000000E+00   4.6287124E-03
   2.4637681E-01   0.0000000E+00   0.0000000E+00   8.3489211E+05   0.0000000E+00   0.0000000E+00   4.8949602E-03
   2.6086957E-01   0.0000000E+00   0.0000000E+00   7.6897644E+05   0.0000000E+00   0.0000000E+00   3.9942188E-03
   2.7536232E-01   0.0000000E+00   0.0000000E+00   7.1626057E+05   0.0000000E+00   0.0000000E+00   3.7956435E-03
   2.8985507E-01   0.0000000E+00   0.0000000E+00   6.5233551E+05   0.0000000E+00   0.0000000E+00   6.2627693E-03
   3.0434783E-01   0.0000000E+00   0.0000000E+00   6.0012745E+05   0.0000000E+00   0.0000000E+00   7.2203022E-03
   3.1884058E-01   0.0000000E+00   0.0000000E+00   5.5480102E+05   0.0000000E+00   0.0000000E+00   5.1732846E-03
   3.3333333E-01   0.0000000E+00   0.0000000E+00   5.1124165E+05   0.0000000E+00   0.0000000E+00   2.7109820E-03
   3.4782609E-01   0.0000000E+00   0.0000000E+00   4.7229096E+05   0.0000000E+00   0.0000000E+00   2.3789110E-03
   3.6231884E-01   0.0000000E+00   0.0000000E+00   4.3527426E+05   0.0000000E+00   0.0000000E+00   4.4358565E-03
   3.7681159E-01   0.0000000E+00   0.0000000E+00   3.9478081E+05   0.0000000E+00   0.0000000E+00   6.7780566E-03
   3.9130435E-01   0.0000000E+00   0.0000000E+00   3.4990596E+05   0.0000000E+00   0.0000000E+00   6.6283611E-03
   4.0579710E-01   0.0000000E+00   0.0000000E+00   3.1513727E+05   0.0000000E+00   0.0000000E+00   6.1242935E-03
   4.2028986E-01   0.0000000E+00   0.0000000E+00   2.8271417E+05   0.0000000E+00   0.0000000E+00   7.0962669E-03
   4.3478261E-01   0.0000000E+00   0.0000000E+00   2.4580978E+05   0.0000000E+00   0.0000000E+00   7.9995953E-03
   4.4927536E-01   0.0000000E+00   0.0000000E+00   2.0959974E+05   0.0000000E+00   0.0000000E+00   5.8036005E-03
   4.6376812E-01   0.0000000E+00   0.0000000E+00   1.6755452E+05   0.0000000E+00   0.0000000E+00   4.4319327E-03
   4.7826087E-01   0.0000000E+00   0.0000000E+00   1.1301757E+05   0.0000000E+00   0.0000000E+00   1.2418192E-02
   4.9275362E-01   0.0000000E+00   0.0000000E+00   5.5671360E+04   0.0000000E+00   0.0000000E+00   3.1044032E-02
   5.0724638E-01   0.0000000E+00   0.0000000E+00   2.0458890E+04   0.0000000E+00   0.0000000E+00   8.3435451E-02
   5.2173913E-01   0.0000000E+00   0.0000000E+00   1.2039594E+04   0.0000000E+00   0.0000000E+00   1.5161483E-01
   5.3623188E-01   0.0000000E+00   0.0000000E+00   1.1693720E+04   0.0000000E+00   0.0000000E+00   1.6155717E-01
   5.5072464E-01   0.0000000E+00   0.0000000E+00   1.1366050E+04   0.0000000E+00   0.0000000E+00   1.7214562E-01
   5.6521739E-01   0.0000000E+00   0.0000000E+00   1.1094042E+04   0.0000000E+00   0.0000000E+00   1.6613032E-01
   5.7971014E-01   0.0000000E+00   0.0000000E+00   9.6421993E+03   0.0000000E+00   0.0000000E+00   1.6847453E-01
   5.9420290E-01   0.0000000E+00   0.0000000E+00   8.8525822E+03   0.0000000E+00   0.0000000E+00   1.7733418E-01
   6.0869565E-01   0.0000000E+00   0.0000000E+00   8.1186073E+03   0.0000000E+00   0.0000000E+00   1.6864276E-01
   6.2318841E-01   0.0000000E+00   0.0000000E+00   7.2073094E+03   0.0000000E+00   0.0000000E+00   1.7302915E-01
   6.3768116E-01   0.0000000E+00   0.0000000E+00   6.8885153E+03   0.0000000E+00   0.0000000E+00   1.7337785E-01
   6.5217391E-01   0.0000000E+00   0.0000000E+00   6.2471180E+03   0.0000000E+00   0.0000000E+00   1.6220823E-01
   6.6666667E-01   0.0000000E+00   0.0000000E+00   5.5018272E+03   0.0000000E+00   0.0000000E+00   1.5734328E-01
   6.8115942E-01   0.0000000E+00   0.0000000E+00   4.9817156E+03   0.0000000E+00   0.0000000E+00   1.5874058E-01
   6.9565217E-01   0.0000000E+00   0.0000000E+00   4.8621437E+03   0.0000000E+00   0.0000000E+00   1.6606265E-01
   7.1014493E-01   0.0000000E+00   0.0000000E+00   4.5309561E+03   0.0000000E+00   0.0000000E+00   1.7445136E-01
   7.2463768E-01   0.0000000E+00   0.0000000E+00   4.0766234E+03   0.0000000E+00   0.0000000E+00   1.7400240E-01
   7.3913043E-01   0.0000000E+00   0.0000000E+00   3.6549652E+03   0.0000000E+00   0.0000000E+00   1.5638449E-01
   7.5362319E-01   0.0000000E+00   0.0000000E+00   3.3078121E+03   0.0000000E+00   0.0000000E+00   1.4935694E-01
   7.6811594E-01   0.0000000E+00   0.0000000E+00   3.1596190E+03   0.0000000E+00   0.0000000E+00   1.4987072E-01
   7.8260870E-01   0.0000000E+00   0.0000000E+00   2.9046573E+03   0.0000000E+00   0.0000000E+00   1.5613609E-01
   7.9710145E-01   0.0000000E+00   0.0000000E+00   2.3558722E+03   0.0000000E+00   0.0000000E+00   1.7774476E-01
   8.1159420E-01   0.0000000E+00   0.0000000E+00   1.9755278E+03   0.0000000E+00   0.0000000E+00   1.6345389E-01
   8.2608696E-01   0.0000000E+00   0.0000000E+00   1.8744013E+03   0.0000000E+00   0.0000000E+00   1.8381860E-01
   8.4057971E-01   0.0000000E+00   0.0000000E+00   1.4762801E+03   0.0000000E+00   0.0000000E+00   2.2816177E-01
   8.5507246E-01   0.0000000E+00   0.0000000E+00   1.1687125E+03   0.0000000E+00   0.0000000E+00   2.3103142E-01
   8.6956522E-01   0.0000000E+00   0.0000000E+00   1.1366050E+03   0.0000000E+00   0.0000000E+00   2.5360808E-01
   8.8405797E-01   0.0000000E+00   0.0000000E+00   1.0434407E+03   0.0000000E+00   0.0000000E+00   2.6861694E-01
   8.9855072E-01   0.0000000E+00   0.0000000E+00   7.8217980E+02   0.0000000E+00   0.0000000E+00   2.5290328E-01
   9.1304348E-01   0.0000000E+00   0.0000000E+00   5.6529562E+02   0.0000000E+00   0.0000000E+00   2.5836613E-01
   9.2753623E-01   0.0000000E+00   0.0000000E+00   4.8542506E+02   0.0000000E+00   0.0000000E+00   2.8007598E-01
   9.4202899E-01   0.0000000E+00   0.0000000E+00   4.7795699E+02   0.0000000E+00   0.0000000E+00   2.8806261E-01
   9.5652174E-01   0.0000000E+00   0.0000000E+00   4.2479178E+02   0.0000000E+00   0.0000000E+00   3.0962250E-01
   9.7101449E-01   0.0000000E+00   0.0000000E+00   2.9404707E+02   0.0000000E+00   0.0000000E+00   3.3733986E-01
   9.8550725E-01   0.0000000E+00   0.0000000E+00   1.2257505E+02   0.0000000E+00   0.0000000E+00   3.4589298E-01
   1.0000000E+00   0.0000000E+00   0.0000000E+00   2.1884092E+01   0.0000000E+00   0.0000000E+00   7.6272212E-07
