   0.0000000E+00   0.0000000E+00   0.0000000E+00   5.7868241E+10   0.0000000E+00   0.0000000E+00   2.2808958E-05
   1.4492754E-02   0.0000000E+00   0.0000000E+00   3.3950392E+07   0.0000000E+00   0.0000000E+00   2.0741083E-02
   2.8985507E-02   0.0000000E+00   0.0000000E+00   2.4276368E+07   0.0000000E+00   0.0000000E+00   2.3654827E-02
   4.3478261E-02   0.0000000E+00   0.0000000E+00   1.6527753E+07   0.0000000E+00   0.0000000E+00   2.1820534E-02
   5.7971014E-02   0.0000000E+00   0.0000000E+00   1.0202735E+07   0.0000000E+00   0.0000000E+00   1.8334286E-02
   7.2463768E-02   0.0000000E+00   0.0000000E+00   6.3271013E+06   0.0000000E+00   0.0000000E+00   1.1903059E-02
   8.6956522E-02   0.0000000E+00   0.0000000E+00   4.3295811E+06   0.0000000E+00   0.0000000E+00   6.3550487E-03
   1.0144928E-01   0.0000000E+00   0.0000000E+00   3.3077371E+06   0.0000000E+00   0.0000000E+00   3.1228869E-03
   1.1594203E-01   0.0000000E+00   0.0000000E+00   2.6973532E+06   0.0000000E+00   0.0000000E+00   1.3226514E-03
   1.3043478E-01   0.0000000E+00   0.0000000E+00   2.3003202E+06   0.0000000E+00   0.0000000E+00   1.3251971E-03
   1.4492754E-01   0.0000000E+00   0.0000000E+00   2.0299008E+06   0.0000000E+00   0.0000000E+00   1.0855786E-03
   1.5942029E-01   0.0000000E+00   0.0000000E+00   1.7954915E+06   0.0000000E+00   0.0000000E+00   1.2714724E-03
   1.7391304E-01   0.0000000E+00   0.0000000E+00   1.5959197E+06   0.0000000E+00   0.0000000E+00   2.5904627E-03
   1.8840580E-01   0.0000000E+00   0.0000000E+00   1.4472188E+06   0.0000000E+00   0.0000000E+00   2.8881404E-03
   2.0289855E-01   0.0000000E+00   0.0000000E+00   1.3148896E+06   0.0000000E+00   0.0000000E+00   3.3459460E-03
   2.1739130E-01   0.0000000E+00   0.0000000E+00   1.1926775E+06   0.0000000E+00   0.0000000E+00   4.4832760E-03
   2.3188406E-01   0.0000000E+00   0.0000000E+00   1.0936982E+06   0.0000000E+00   0.0000000E+00   2.6356311E-03
   2.4637681E-01   0.0000000E+00   0.0000000E+00   1.0072549E+06   0.0000000E+00   0.0000000E+00   2.5904032E-03
   2.6086957E-01   0.0000000E+00   0.0000000E+00   9.3113210E+05   0.0000000E+00   0.0000000E+00   3.8105127E-03
   2.7536232E-01   0.0000000E+00   0.0000000E+00   8.6633232E+05   0.0000000E+00   0.0000000E+00   3.2303991E-03
   2.8985507E-01   0.0000000E+00   0.0000000E+00   8.0661070E+05   0.0000000E+00   0.0000000E+00   3.0018763E-03
   3.0434783E-01   0.0000000E+00   0.0000000E+00   7.5759235E+05   0.0000000E+00   0.0000000E+00   3.1203519E-03
   3.1884058E-01   0.0000000E+00   0.0000000E+00   7.0996483E+05   0.0000000E+00   0.0000000E+00   3.2215600E-03
   3.3333333E-01   0.0000000E+00   0.0000000E+00   6.6021927E+05   0.0000000E+00   0.0000000E+00   2.7496406E-03
   3.4782609E-01   0.0000000E+00   0.0000000E+00   6.2304899E+05   0.0000000E+00   0.0000000E+00   3.0581407E-03
   3.6231884E-01   0.0000000E+00   0.0000000E+00   5.8427560E+05   0.0000000E+00   0.0000000E+00   4.2283783E-03
   3.7681159E-01   0.0000000E+00   0.0000000E+00   5.3988739E+05   0.0000000E+00   0.0000000E+00   3.3116798E-03
   3.9130435E-01   0.0000000E+00   0.0000000E+00   5.0027460E+05   0.0000000E+00   0.0000000E+00   2.3838839E-03
   4.0579710E-01   0.0000000E+00   0.0000000E+00   4.6292299E+05   0.0000000E+00   0.0000000E+00   2.3732956E-03
   4.2028986E-01   0.0000000E+00   0.0000000E+00   4.1390713E+05   0.0000000E+00   0.0000000E+00   1.7023059E-03
   4.3478261E-01   0.0000000E+00   0.0000000E+00   3.5712130E+05   0.0000000E+00   0.0000000E+00   2.8532570E-03
   4.4927536E-01   0.0000000E+00   0.0000000E+00   2.9864603E+05   0.0000000E+00   0.0000000E+00   4.5678653E-03
   4.6376812E-01   0.0000000E+00   0.0000000E+00   2.3051771E+05   0.0000000E+00   0.0000000E+00   5.5188189E-03
   4.7826087E-01   0.0000000E+00   0.0000000E+00   1.4647280E+05   0.0000000E+00   0.0000000E+00   8.5797361E-03
   4.9275362E-01   0.0000000E+00   0.0000000E+00   6.6970551E+04   0.0000000E+00   0.0000000E+00   1.6272538E-02
   5.0724638E-01   0.0000000E+00   0.0000000E+00   2.1887765E+04   0.0000000E+00   0.0000000E+00   4.2594063E-02
   5.2173913E-01   0.0000000E+00   0.0000000E+00   9.4717086E+03   0.0000000E+00   0.0000000E+00   8.9159145E-02
   5.3623188E-01   0.0000000E+00   0.0000000E+00   9.3385926E+03   0.0000000E+00   0.0000000E+00   1.0291436E-01
   5.5072464E-01   0.0000000E+00   0.0000000E+00   9.5714107E+03   0.0000000E+00   0.0000000E+00   1.1474862E-01
   5.6521739E-01   0.0000000E+00   0.0000000E+00   1.0103156E+04   0.0000000E+00   0.0000000E+00   1.1847401E-01
   5.7971014E-01   0.0000000E+00   0.0000000E+00   1.0854578E+04   0.0000000E+00   0.0000000E+00   1.1836020E-01
   5.9420290E-01   0.0000000E+00   0.0000000E+00   1.0312611E+04   0.0000000E+00   0.0000000E+00   1.1546868E-01
   6.0869565E-01   0.0000000E+00   0.0000000E+00   9.5438739E+03   0.0000000E+00   0.0000000E+00   1.2593562E-01
   6.2318841E-01   0.0000000E+00   0.0000000E+00   8.3527253E+03   0.0000000E+00   0.0000000E+00   1.3922299E-01
   6.3768116E-01   0.0000000E+00   0.0000000E+00   7.1812772E+03   0.0000000E+00   0.0000000E+00   1.3575088E-01
   6.5217391E-01   0.0000000E+00   0.0000000E+00   6.4155039E+03   0.0000000E+00   0.0000000E+00   1.6347690E-01
   6.6666667E-01   0.0000000E+00   0.0000000E+00   5.3206293E+03   0.0000000E+00   0.0000000E+00   1.8487761E-01
   6.8115942E-01   0.0000000E+00   0.0000000E+00   4.2239790E+03   0.0000000E+00   0.0000000E+00   1.7951109E-01
   6.9565217E-01   0.0000000E+00   0.0000000E+00   3.6939663E+03   0.0000000E+00   0.0000000E+00   1.9827299E-01
   7.1014493E-01   0.0000000E+00   0.0000000E+00   3.3556910E+03   0.0000000E+00   0.0000000E+00   2.1137966E-01
   7.2463768E-01   0.0000000E+00   0.0000000E+00   2.9400183E+03   0.0000000E+00   0.0000000E+00   2.4018506E-01
   7.3913043E-01   0.0000000E+00   0.0000000E+00   2.5406465E+03   0.0000000E+00   0.0000000E+00   2.5727126E-01
   7.5362319E-01   0.0000000E+00   0.0000000E+00   2.0254884E+03   0.0000000E+00   0.0000000E+00   2.5520394E-01
   7.6811594E-01   0.0000000E+00   0.0000000E+00   1.6727395E+03   0.0000000E+00   0.0000000E+00   2.7067733E-01
   7.8260870E-01   0.0000000E+00   0.0000000E+00   1.9083739E+03   0.0000000E+00   0.0000000E+00   2.8456306E-01
   7.9710145E-01   0.0000000E+00   0.0000000E+00   1.6945748E+03   0.0000000E+00   0.0000000E+00   2.7581892E-01
   8.1159420E-01   0.0000000E+00   0.0000000E+00   1.2177911E+03   0.0000000E+00   0.0000000E+00   2.9774099E-01
   8.2608696E-01   0.0000000E+00   0.0000000E+00   1.3426562E+03   0.0000000E+00   0.0000000E+00   3.1451116E-01
   8.4057971E-01   0.0000000E+00   0.0000000E+00   1.2149916E+03   0.0000000E+00   0.0000000E+00   3.1382045E-01
   8.5507246E-01   0.0000000E+00   0.0000000E+00   9.5038160E+02   0.0000000E+00   0.0000000E+00   3.1899993E-01
   8.6956522E-01   0.0000000E+00   0.0000000E+00   7.5773668E+02   0.0000000E+00   0.0000000E+00   3.0370277E-01
   8.8405797E-01   0.0000000E+00   0.0000000E+00   6.3351756E+02   0.0000000E+00   0.0000000E+00   3.0718805E-01
   8.9855072E-01   0.0000000E+00   0.0000000E+00   5.6219173E+02   0.0000000E+00   0.0000000E+00   3.4212031E-01
   9.1304348E-01   0.0000000E+00   0.0000000E+00   4.2096482E+02   0.0000000E+00   0.0000000E+00   3.4752354E-01
   9.2753623E-01   0.0000000E+00   0.0000000E+00   4.2622688E+02   0.0000000E+00   0.0000000E+00   3.6308695E-01
   9.4202899E-01   0.0000000E+00   0.0000000E+00   3.7303960E+02   0.0000000E+00   0.0000000E+00   3.4690722E-01
   9.5652174E-01   0.0000000E+00   0.0000000E+00   1.9517460E+02   0.0000000E+00   0.0000000E+00   3.4370795E-01
   9.7101449E-01   0.0000000E+00   0.0000000E+00   1.4702354E+02   0.0000000E+00   0.0000000E+00   3.8856018E-01
   9.8550725E-01   0.0000000E+00   0.0000000E+00   7.8002306E+01   0.0000000E+00   0.0000000E+00   3.6229433E-01
   1.0000000E+00   0.0000000E+00   0.0000000E+00   2.1884092E+01   0.0000000E+00   0.0000000E+00   4.2763242E-01
