   0.0000000E+00   0.0000000E+00   0.0000000E+00   5.8643818E+10   0.0000000E+00   0.0000000E+00   6.5739647E-07
   1.4492754E-02   0.0000000E+00   0.0000000E+00   2.1027193E+06   0.0000000E+00   0.0000000E+00   3.6911832E-03
   2.8985507E-02   0.0000000E+00   0.0000000E+00   1.7693152E+06   0.0000000E+00   0.0000000E+00   6.3385598E-03
   4.3478261E-02   0.0000000E+00   0.0000000E+00   1.6677784E+06   0.0000000E+00   0.0000000E+00   1.2791296E-02
   5.7971014E-02   0.0000000E+00   0.0000000E+00   1.6886162E+06   0.0000000E+00   0.0000000E+00   2.0154652E-02
   7.2463768E-02   0.0000000E+00   0.0000000E+00   1.7515841E+06   0.0000000E+00   0.0000000E+00   2.9180583E-02
   8.6956522E-02   0.0000000E+00   0.0000000E+00   1.8154108E+06   0.0000000E+00   0.0000000E+00   3.8620486E-02
   1.0144928E-01   0.0000000E+00   0.0000000E+00   1.8838416E+06   0.0000000E+00   0.0000000E+00   4.5594408E-02
   1.1594203E-01   0.0000000E+00   0.0000000E+00   1.8966149E+06   0.0000000E+00   0.0000000E+00   3.8717023E-02
   1.3043478E-01   0.0000000E+00   0.0000000E+00   1.8194942E+06   0.0000000E+00   0.0000000E+00   2.2483510E-02
   1.4492754E-01   0.0000000E+00   0.0000000E+00   1.6568670E+06   0.0000000E+00   0.0000000E+00   1.1237821E-02
   1.5942029E-01   0.0000000E+00   0.0000000E+00   1.4304002E+06   0.0000000E+00   0.0000000E+00   5.0576317E-03
   1.7391304E-01   0.0000000E+00   0.0000000E+00   1.2326482E+06   0.0000000E+00   0.0000000E+00   3.8496334E-03
   1.8840580E-01   0.0000000E+00   0.0000000E+00   1.1023320E+06   0.0000000E+00   0.0000000E+00   1.8812589E-03
   2.0289855E-01   0.0000000E+00   0.0000000E+00   1.0042717E+06   0.0000000E+00   0.0000000E+00   1.7810950E-03
   2.1739130E-01   0.0000000E+00   0.0000000E+00   9.3090477E+05   0.0000000E+00   0.0000000E+00   1.0746746E-03
   2.3188406E-01   0.0000000E+00   0.0000000E+00   8.4667603E+05   0.0000000E+00   0.0000000E+00   1.0577442E-03
   2.4637681E-01   0.0000000E+00   0.0000000E+00   7.4614777E+05   0.0000000E+00   0.0000000E+00   1.3080990E-03
   2.6086957E-01   0.0000000E+00   0.0000000E+00   6.7106003E+05   0.0000000E+00   0.0000000E+00   4.1085349E-03
   2.7536232E-01   0.0000000E+00   0.0000000E+00   6.1611969E+05   0.0000000E+00   0.0000000E+00   3.8194245E-03
   2.8985507E-01   0.0000000E+00   0.0000000E+00   5.8084306E+05   0.0000000E+00   0.0000000E+00   2.1596778E-03
   3.0434783E-01   0.0000000E+00   0.0000000E+00   5.4730238E+05   0.0000000E+00   0.0000000E+00   2.3601357E-03
   3.1884058E-01   0.0000000E+00   0.0000000E+00   5.1012900E+05   0.0000000E+00   0.0000000E+00   5.4097537E-03
   3.3333333E-01   0.0000000E+00   0.0000000E+00   4.7776945E+05   0.0000000E+00   0.0000000E+00   9.5719732E-03
   3.4782609E-01   0.0000000E+00   0.0000000E+00   4.3920313E+05   0.0000000E+00   0.0000000E+00   9.1234460E-03
   3.6231884E-01   0.0000000E+00   0.0000000E+00   4.0875348E+05   0.0000000E+00   0.0000000E+00   7.7732038E-03
   3.7681159E-01   0.0000000E+00   0.0000000E+00   3.8085011E+05   0.0000000E+00   0.0000000E+00   8.4750605E-03
   3.9130435E-01   0.0000000E+00   0.0000000E+00   3.5217917E+05   0.0000000E+00   0.0000000E+00   7.3047497E-03
   4.0579710E-01   0.0000000E+00   0.0000000E+00   3.3613741E+05   0.0000000E+00   0.0000000E+00   6.2725666E-03
   4.2028986E-01   0.0000000E+00   0.0000000E+00   3.1804038E+05   0.0000000E+00   0.0000000E+00   6.3283412E-03
   4.3478261E-01   0.0000000E+00   0.0000000E+00   2.9728536E+05   0.0000000E+00   0.0000000E+00   6.9842812E-03
   4.4927536E-01   0.0000000E+00   0.0000000E+00   2.8547118E+05   0.0000000E+00   0.0000000E+00   6.6269326E-03
   4.6376812E-01   0.0000000E+00   0.0000000E+00   2.7456115E+05   0.0000000E+00   0.0000000E+00   7.0290303E-03
   4.7826087E-01   0.0000000E+00   0.0000000E+00   2.5891633E+05   0.0000000E+00   0.0000000E+00   9.7885435E-03
   4.9275362E-01   0.0000000E+00   0.0000000E+00   2.4428094E+05   0.0000000E+00   0.0000000E+00   8.2308469E-03
   5.0724638E-01   0.0000000E+00   0.0000000E+00   2.3217052E+05   0.0000000E+00   0.0000000E+00   5.8984361E-03
   5.2173913E-01   0.0000000E+00   0.0000000E+00   2.1829131E+05   0.0000000E+00   0.0000000E+00   8.0644577E-03
   5.3623188E-01   0.0000000E+00   0.0000000E+00   2.0696451E+05   0.0000000E+00   0.0000000E+00   7.6656852E-03
   5.5072464E-01   0.0000000E+00   0.0000000E+00   1.9631362E+05   0.0000000E+00   0.0000000E+00   5.9304101E-03
   5.6521739E-01   0.0000000E+00   0.0000000E+00   1.8286712E+05   0.0000000E+00   0.0000000E+00   5.3486206E-03
   5.7971014E-01   0.0000000E+00   0.0000000E+00   1.7141898E+05   0.0000000E+00   0.0000000E+00   3.7465363E-03
   5.9420290E-01   0.0000000E+00   0.0000000E+00   1.6324605E+05   0.0000000E+00   0.0000000E+00   2.6558014E-03
   6.0869565E-01   0.0000000E+00   0.0000000E+00   1.5641850E+05   0.0000000E+00   0.0000000E+00   5.5236414E-03
   6.2318841E-01   0.0000000E+00   0.0000000E+00   1.4287742E+05   0.0000000E+00   0.0000000E+00   5.0655632E-03
   6.3768116E-01   0.0000000E+00   0.0000000E+00   1.3060625E+05   0.0000000E+00   0.0000000E+00   4.3691806E-03
   6.5217391E-01   0.0000000E+00   0.0000000E+00   1.2489184E+05   0.0000000E+00   0.0000000E+00   6.3584889E-03
   6.6666667E-01   0.0000000E+00   0.0000000E+00   1.1555484E+05   0.0000000E+00   0.0000000E+00   1.0263982E-02
   6.8115942E-01   0.0000000E+00   0.0000000E+00   1.0719556E+05   0.0000000E+00   0.0000000E+00   1.0319493E-02
   6.9565217E-01   0.0000000E+00   0.0000000E+00   1.0044747E+05   0.0000000E+00   0.0000000E+00   9.2225772E-03
   7.1014493E-01   0.0000000E+00   0.0000000E+00   9.1500571E+04   0.0000000E+00   0.0000000E+00   9.0917870E-03
   7.2463768E-01   0.0000000E+00   0.0000000E+00   8.3745058E+04   0.0000000E+00   0.0000000E+00   1.2226469E-02
   7.3913043E-01   0.0000000E+00   0.0000000E+00   7.6501690E+04   0.0000000E+00   0.0000000E+00   1.5524084E-02
   7.5362319E-01   0.0000000E+00   0.0000000E+00   6.7671715E+04   0.0000000E+00   0.0000000E+00   1.6070948E-02
   7.6811594E-01   0.0000000E+00   0.0000000E+00   6.0075652E+04   0.0000000E+00   0.0000000E+00   1.8619511E-02
   7.8260870E-01   0.0000000E+00   0.0000000E+00   5.3308179E+04   0.0000000E+00   0.0000000E+00   2.2766537E-02
   7.9710145E-01   0.0000000E+00   0.0000000E+00   4.8068060E+04   0.0000000E+00   0.0000000E+00   3.0837722E-02
   8.1159420E-01   0.0000000E+00   0.0000000E+00   4.2595626E+04   0.0000000E+00   0.0000000E+00   4.3561521E-02
   8.2608696E-01   0.0000000E+00   0.0000000E+00   3.4523547E+04   0.0000000E+00   0.0000000E+00   6.6791883E-02
   8.4057971E-01   0.0000000E+00   0.0000000E+00   2.7840291E+04   0.0000000E+00   0.0000000E+00   9.5445301E-02
   8.5507246E-01   0.0000000E+00   0.0000000E+00   2.2822001E+04   0.0000000E+00   0.0000000E+00   1.2286619E-01
   8.6956522E-01   0.0000000E+00   0.0000000E+00   1.6543918E+04   0.0000000E+00   0.0000000E+00   1.4523311E-01
   8.8405797E-01   0.0000000E+00   0.0000000E+00   1.0720111E+04   0.0000000E+00   0.0000000E+00   1.6994556E-01
   8.9855072E-01   0.0000000E+00   0.0000000E+00   7.0518398E+03   0.0000000E+00   0.0000000E+00   1.9464499E-01
   9.1304348E-01   0.0000000E+00   0.0000000E+00   4.3178963E+03   0.0000000E+00   0.0000000E+00   2.0452536E-01
   9.2753623E-01   0.0000000E+00   0.0000000E+00   2.0600966E+03   0.0000000E+00   0.0000000E+00   2.1230809E-01
   9.4202899E-01   0.0000000E+00   0.0000000E+00   5.4790191E+02   0.0000000E+00   0.0000000E+00   2.3775044E-01
   9.5652174E-01   0.0000000E+00   0.0000000E+00   8.0366012E+01   0.0000000E+00   0.0000000E+00   2.4373320E-01
   9.7101449E-01   0.0000000E+00   0.0000000E+00   0.0000000E+00   0.0000000E+00   0.0000000E+00   0.0000000E+00
   9.8550725E-01   0.0000000E+00   0.0000000E+00   0.0000000E+00   0.0000000E+00   0.0000000E+00   0.0000000E+00
   1.0000000E+00   0.0000000E+00   0.0000000E+00   0.0000000E+00   0.0000000E+00   0.0000000E+00   0.0000000E+00
