   0.0000000E+00   0.0000000E+00   0.0000000E+00   5.7052014E+10   0.0000000E+00   0.0000000E+00   4.7328720E-07
   1.4492754E-02   0.0000000E+00   0.0000000E+00   3.3143403E+06   0.0000000E+00   0.0000000E+00   2.2107999E-04
   2.8985507E-02   0.0000000E+00   0.0000000E+00   2.7611925E+06   0.0000000E+00   0.0000000E+00   1.8112884E-03
   4.3478261E-02   0.0000000E+00   0.0000000E+00   2.5949956E+06   0.0000000E+00   0.0000000E+00   1.5698118E-03
   5.7971014E-02   0.0000000E+00   0.0000000E+00   2.5528149E+06   0.0000000E+00   0.0000000E+00   8.7913428E-04
   7.2463768E-02   0.0000000E+00   0.0000000E+00   2.5685758E+06   0.0000000E+00   0.0000000E+00   6.0231805E-04
   8.6956522E-02   0.0000000E+00   0.0000000E+00   2.5986580E+06   0.0000000E+00   0.0000000E+00   3.4771197E-04
   1.0144928E-01   0.0000000E+00   0.0000000E+00   2.6797899E+06   0.0000000E+00   0.0000000E+00   7.4942262E-04
   1.1594203E-01   0.0000000E+00   0.0000000E+00   2.7617608E+06   0.0000000E+00   0.0000000E+00   4.8226580E-04
   1.3043478E-01   0.0000000E+00   0.0000000E+00   2.7599296E+06   0.0000000E+00   0.0000000E+00   1.6867576E-04
   1.4492754E-01   0.0000000E+00   0.0000000E+00   2.7223964E+06   0.0000000E+00   0.0000000E+00   3.5427172E-04
   1.5942029E-01   0.0000000E+00   0.0000000E+00   2.6850055E+06   0.0000000E+00   0.0000000E+00   2.1240169E-04
   1.7391304E-01   0.0000000E+00   0.0000000E+00   2.5778202E+06   0.0000000E+00   0.0000000E+00   1.3101892E-04
   1.8840580E-01   0.0000000E+00   0.0000000E+00   2.4038322E+06   0.0000000E+00   0.0000000E+00   3.0332405E-04
   2.0289855E-01   0.0000000E+00   0.0000000E+00   2.2368387E+06   0.0000000E+00   0.0000000E+00   1.4930400E-04
   2.1739130E-01   0.0000000E+00   0.0000000E+00   2.0847862E+06   0.0000000E+00   0.0000000E+00   1.1311346E-04
   2.3188406E-01   0.0000000E+00   0.0000000E+00   1.9445418E+06   0.0000000E+00   0.0000000E+00   4.6735081E-04
   2.4637681E-01   0.0000000E+00   0.0000000E+00   1.7847373E+06   0.0000000E+00   0.0000000E+00   8.9079566E-04
   2.6086957E-01   0.0000000E+00   0.0000000E+00   1.6138528E+06   0.0000000E+00   0.0000000E+00   7.6928788E-04
   2.7536232E-01   0.0000000E+00   0.0000000E+00   1.4900294E+06   0.0000000E+00   0.0000000E+00   7.7357702E-04
   2.8985507E-01   0.0000000E+00   0.0000000E+00   1.3965087E+06   0.0000000E+00   0.0000000E+00   1.3299284E-03
   3.0434783E-01   0.0000000E+00   0.0000000E+00   1.3157917E+06   0.0000000E+00   0.0000000E+00   1.4694613E-03
   3.1884058E-01   0.0000000E+00   0.0000000E+00   1.2384517E+06   0.0000000E+00   0.0000000E+00   1.4383738E-03
   3.3333333E-01   0.0000000E+00   0.0000000E+00   1.1538353E+06   0.0000000E+00   0.0000000E+00   2.0888034E-03
   3.4782609E-01   0.0000000E+00   0.0000000E+00   1.0631046E+06   0.0000000E+00   0.0000000E+00   2.7698802E-03
   3.6231884E-01   0.0000000E+00   0.0000000E+00   9.7326731E+05   0.0000000E+00   0.0000000E+00   3.4571542E-03
   3.7681159E-01   0.0000000E+00   0.0000000E+00   8.9937516E+05   0.0000000E+00   0.0000000E+00   3.0880028E-03
   3.9130435E-01   0.0000000E+00   0.0000000E+00   8.2764491E+05   0.0000000E+00   0.0000000E+00   2.7441401E-03
   4.0579710E-01   0.0000000E+00   0.0000000E+00   7.5954984E+05   0.0000000E+00   0.0000000E+00   2.7187090E-03
   4.2028986E-01   0.0000000E+00   0.0000000E+00   7.1208958E+05   0.0000000E+00   0.0000000E+00   2.0940437E-03
   4.3478261E-01   0.0000000E+00   0.0000000E+00   6.5645255E+05   0.0000000E+00   0.0000000E+00   2.5833305E-03
   4.4927536E-01   0.0000000E+00   0.0000000E+00   5.9856309E+05   0.0000000E+00   0.0000000E+00   2.2799584E-03
   4.6376812E-01   0.0000000E+00   0.0000000E+00   5.5556307E+05   0.0000000E+00   0.0000000E+00   2.6943778E-03
   4.7826087E-01   0.0000000E+00   0.0000000E+00   5.0607626E+05   0.0000000E+00   0.0000000E+00   3.7428931E-03
   4.9275362E-01   0.0000000E+00   0.0000000E+00   4.5796268E+05   0.0000000E+00   0.0000000E+00   3.5887319E-03
   5.0724638E-01   0.0000000E+00   0.0000000E+00   4.0883142E+05   0.0000000E+00   0.0000000E+00   3.8482756E-03
   5.2173913E-01   0.0000000E+00   0.0000000E+00   3.6386095E+05   0.0000000E+00   0.0000000E+00   2.9007204E-03
   5.3623188E-01   0.0000000E+00   0.0000000E+00   3.2775183E+05   0.0000000E+00   0.0000000E+00   2.9335598E-03
   5.5072464E-01   0.0000000E+00   0.0000000E+00   2.8458995E+05   0.0000000E+00   0.0000000E+00   3.7067305E-03
   5.6521739E-01   0.0000000E+00   0.0000000E+00   2.4197058E+05   0.0000000E+00   0.0000000E+00   4.7235146E-03
   5.7971014E-01   0.0000000E+00   0.0000000E+00   2.1121910E+05   0.0000000E+00   0.0000000E+00   5.2077814E-03
   5.9420290E-01   0.0000000E+00   0.0000000E+00   1.8333531E+05   0.0000000E+00   0.0000000E+00   5.3523090E-03
   6.0869565E-01   0.0000000E+00   0.0000000E+00   1.5733861E+05   0.0000000E+00   0.0000000E+00   7.5224252E-03
   6.2318841E-01   0.0000000E+00   0.0000000E+00   1.4095665E+05   0.0000000E+00   0.0000000E+00   7.3268374E-03
   6.3768116E-01   0.0000000E+00   0.0000000E+00   1.2490600E+05   0.0000000E+00   0.0000000E+00   7.2360390E-03
   6.5217391E-01   0.0000000E+00   0.0000000E+00   1.1079794E+05   0.0000000E+00   0.0000000E+00   7.6418255E-03
   6.6666667E-01   0.0000000E+00   0.0000000E+00   1.0013655E+05   0.0000000E+00   0.0000000E+00   7.8334071E-03
   6.8115942E-01   0.0000000E+00   0.0000000E+00   8.9461295E+04   0.0000000E+00   0.0000000E+00   1.0287728E-02
   6.9565217E-01   0.0000000E+00   0.0000000E+00   8.0320089E+04   0.0000000E+00   0.0000000E+00   1.2772224E-02
   7.1014493E-01   0.0000000E+00   0.0000000E+00   7.1892201E+04   0.0000000E+00   0.0000000E+00   1.6328356E-02
   7.2463768E-01   0.0000000E+00   0.0000000E+00   6.3801429E+04   0.0000000E+00   0.0000000E+00   2.0660911E-02
   7.3913043E-01   0.0000000E+00   0.0000000E+00   5.6414239E+04   0.0000000E+00   0.0000000E+00   2.2536274E-02
   7.5362319E-01   0.0000000E+00   0.0000000E+00   5.1016079E+04   0.0000000E+00   0.0000000E+00   2.4707926E-02
   7.6811594E-01   0.0000000E+00   0.0000000E+00   4.4534901E+04   0.0000000E+00   0.0000000E+00   3.0862395E-02
   7.8260870E-01   0.0000000E+00   0.0000000E+00   3.7297483E+04   0.0000000E+00   0.0000000E+00   4.1120025E-02
   7.9710145E-01   0.0000000E+00   0.0000000E+00   3.3436853E+04   0.0000000E+00   0.0000000E+00   6.1680305E-02
   8.1159420E-01   0.0000000E+00   0.0000000E+00   2.9727634E+04   0.0000000E+00   0.0000000E+00   9.5160320E-02
   8.2608696E-01   0.0000000E+00   0.0000000E+00   2.3769003E+04   0.0000000E+00   0.0000000E+00   1.3618791E-01
   8.4057971E-01   0.0000000E+00   0.0000000E+00   1.7806812E+04   0.0000000E+00   0.0000000E+00   1.7072365E-01
   8.5507246E-01   0.0000000E+00   0.0000000E+00   1.2997111E+04   0.0000000E+00   0.0000000E+00   2.0021834E-01
   8.6956522E-01   0.0000000E+00   0.0000000E+00   9.6232559E+03   0.0000000E+00   0.0000000E+00   2.3217945E-01
   8.8405797E-01   0.0000000E+00   0.0000000E+00   6.7823644E+03   0.0000000E+00   0.0000000E+00   2.4989547E-01
   8.9855072E-01   0.0000000E+00   0.0000000E+00   4.7297435E+03   0.0000000E+00   0.0000000E+00   2.7193976E-01
   9.1304348E-01   0.0000000E+00   0.0000000E+00   3.0068916E+03   0.0000000E+00   0.0000000E+00   2.8830116E-01
   9.2753623E-01   0.0000000E+00   0.0000000E+00   1.1247654E+03   0.0000000E+00   0.0000000E+00   3.3026867E-01
   9.4202899E-01   0.0000000E+00   0.0000000E+00   3.0309467E+02   0.0000000E+00   0.0000000E+00   3.6063981E-01
   9.5652174E-01   0.0000000E+00   0.0000000E+00   1.1480859E+01   0.0000000E+00   0.0000000E+00   4.2690932E-01
   9.7101449E-01   0.0000000E+00   0.0000000E+00   0.0000000E+00   0.0000000E+00   0.0000000E+00   0.0000000E+00
   9.8550725E-01   0.0000000E+00   0.0000000E+00   0.0000000E+00   0.0000000E+00   0.0000000E+00   0.0000000E+00
   1.0000000E+00   0.0000000E+00   0.0000000E+00   0.0000000E+00   0.0000000E+00   0.0000000E+00   0.0000000E+00
