   0.0000000E+00   0.0000000E+00   0.0000000E+00   5.6997487E+10   0.0000000E+00   0.0000000E+00   4.7454156E-07
   1.4492754E-02   0.0000000E+00   0.0000000E+00   2.4868918E+06   0.0000000E+00   0.0000000E+00   1.7655275E-03
   2.8985507E-02   0.0000000E+00   0.0000000E+00   2.0527087E+06   0.0000000E+00   0.0000000E+00   6.4315878E-04
   4.3478261E-02   0.0000000E+00   0.0000000E+00   1.9665793E+06   0.0000000E+00   0.0000000E+00   1.0889864E-03
   5.7971014E-02   0.0000000E+00   0.0000000E+00   1.9415108E+06   0.0000000E+00   0.0000000E+00   1.3412155E-03
   7.2463768E-02   0.0000000E+00   0.0000000E+00   1.9248027E+06   0.0000000E+00   0.0000000E+00   8.9500773E-04
   8.6956522E-02   0.0000000E+00   0.0000000E+00   1.9323548E+06   0.0000000E+00   0.0000000E+00   9.4761661E-04
   1.0144928E-01   0.0000000E+00   0.0000000E+00   1.9836464E+06   0.0000000E+00   0.0000000E+00   9.1993542E-04
   1.1594203E-01   0.0000000E+00   0.0000000E+00   2.0555502E+06   0.0000000E+00   0.0000000E+00   3.6986368E-04
   1.3043478E-01   0.0000000E+00   0.0000000E+00   2.0861333E+06   0.0000000E+00   0.0000000E+00   8.1831030E-04
   1.4492754E-01   0.0000000E+00   0.0000000E+00   2.0777140E+06   0.0000000E+00   0.0000000E+00   8.1744600E-04
   1.5942029E-01   0.0000000E+00   0.0000000E+00   1.9974628E+06   0.0000000E+00   0.0000000E+00   2.4374528E-04
   1.7391304E-01   0.0000000E+00   0.0000000E+00   1.8733777E+06   0.0000000E+00   0.0000000E+00   6.8947915E-04
   1.8840580E-01   0.0000000E+00   0.0000000E+00   1.7398800E+06   0.0000000E+00   0.0000000E+00   4.3625207E-04
   2.0289855E-01   0.0000000E+00   0.0000000E+00   1.6184173E+06   0.0000000E+00   0.0000000E+00   8.0181247E-04
   2.1739130E-01   0.0000000E+00   0.0000000E+00   1.5369931E+06   0.0000000E+00   0.0000000E+00   7.4229935E-04
   2.3188406E-01   0.0000000E+00   0.0000000E+00   1.4696777E+06   0.0000000E+00   0.0000000E+00   8.5951186E-04
   2.4637681E-01   0.0000000E+00   0.0000000E+00   1.3654861E+06   0.0000000E+00   0.0000000E+00   1.2852130E-03
   2.6086957E-01   0.0000000E+00   0.0000000E+00   1.2689143E+06   0.0000000E+00   0.0000000E+00   1.2005742E-03
   2.7536232E-01   0.0000000E+00   0.0000000E+00   1.2140537E+06   0.0000000E+00   0.0000000E+00   9.6206793E-04
   2.8985507E-01   0.0000000E+00   0.0000000E+00   1.1739236E+06   0.0000000E+00   0.0000000E+00   9.0375146E-04
   3.0434783E-01   0.0000000E+00   0.0000000E+00   1.1184193E+06   0.0000000E+00   0.0000000E+00   1.9704241E-03
   3.1884058E-01   0.0000000E+00   0.0000000E+00   1.0614513E+06   0.0000000E+00   0.0000000E+00   1.6134826E-03
   3.3333333E-01   0.0000000E+00   0.0000000E+00   1.0178710E+06   0.0000000E+00   0.0000000E+00   1.5895401E-03
   3.4782609E-01   0.0000000E+00   0.0000000E+00   9.7899580E+05   0.0000000E+00   0.0000000E+00   2.2274903E-03
   3.6231884E-01   0.0000000E+00   0.0000000E+00   9.3635038E+05   0.0000000E+00   0.0000000E+00   2.4992036E-03
   3.7681159E-01   0.0000000E+00   0.0000000E+00   8.8489073E+05   0.0000000E+00   0.0000000E+00   3.3131602E-03
   3.9130435E-01   0.0000000E+00   0.0000000E+00   8.4254706E+05   0.0000000E+00   0.0000000E+00   2.9767602E-03
   4.0579710E-01   0.0000000E+00   0.0000000E+00   8.0717900E+05   0.0000000E+00   0.0000000E+00   2.7406406E-03
   4.2028986E-01   0.0000000E+00   0.0000000E+00   7.7137594E+05   0.0000000E+00   0.0000000E+00   3.1974478E-03
   4.3478261E-01   0.0000000E+00   0.0000000E+00   7.2977620E+05   0.0000000E+00   0.0000000E+00   2.7142690E-03
   4.4927536E-01   0.0000000E+00   0.0000000E+00   6.8800047E+05   0.0000000E+00   0.0000000E+00   2.6132471E-03
   4.6376812E-01   0.0000000E+00   0.0000000E+00   6.5423459E+05   0.0000000E+00   0.0000000E+00   2.7674461E-03
   4.7826087E-01   0.0000000E+00   0.0000000E+00   6.2586754E+05   0.0000000E+00   0.0000000E+00   1.9619114E-03
   4.9275362E-01   0.0000000E+00   0.0000000E+00   5.9288438E+05   0.0000000E+00   0.0000000E+00   1.9236890E-03
   5.0724638E-01   0.0000000E+00   0.0000000E+00   5.5892823E+05   0.0000000E+00   0.0000000E+00   2.1573026E-03
   5.2173913E-01   0.0000000E+00   0.0000000E+00   5.2582716E+05   0.0000000E+00   0.0000000E+00   2.0421548E-03
   5.3623188E-01   0.0000000E+00   0.0000000E+00   4.9132056E+05   0.0000000E+00   0.0000000E+00   3.0149166E-03
   5.5072464E-01   0.0000000E+00   0.0000000E+00   4.5944766E+05   0.0000000E+00   0.0000000E+00   2.3713176E-03
   5.6521739E-01   0.0000000E+00   0.0000000E+00   4.3161847E+05   0.0000000E+00   0.0000000E+00   2.1137131E-03
   5.7971014E-01   0.0000000E+00   0.0000000E+00   3.9896731E+05   0.0000000E+00   0.0000000E+00   3.8559297E-03
   5.9420290E-01   0.0000000E+00   0.0000000E+00   3.6301132E+05   0.0000000E+00   0.0000000E+00   3.9904286E-03
   6.0869565E-01   0.0000000E+00   0.0000000E+00   3.3136547E+05   0.0000000E+00   0.0000000E+00   4.1422838E-03
   6.2318841E-01   0.0000000E+00   0.0000000E+00   2.9974653E+05   0.0000000E+00   0.0000000E+00   4.2060450E-03
   6.3768116E-01   0.0000000E+00   0.0000000E+00   2.6407123E+05   0.0000000E+00   0.0000000E+00   4.7530971E-03
   6.5217391E-01   0.0000000E+00   0.0000000E+00   2.3178323E+05   0.0000000E+00   0.0000000E+00   7.7101309E-03
   6.6666667E-01   0.0000000E+00   0.0000000E+00   2.0485247E+05   0.0000000E+00   0.0000000E+00   8.8983337E-03
   6.8115942E-01   0.0000000E+00   0.0000000E+00   1.8550039E+05   0.0000000E+00   0.0000000E+00   8.2406215E-03
   6.9565217E-01   0.0000000E+00   0.0000000E+00   1.7058547E+05   0.0000000E+00   0.0000000E+00   7.6575511E-03
   7.1014493E-01   0.0000000E+00   0.0000000E+00   1.5751645E+05   0.0000000E+00   0.0000000E+00   8.2771133E-03
   7.2463768E-01   0.0000000E+00   0.0000000E+00   1.4762226E+05   0.0000000E+00   0.0000000E+00   9.7918294E-03
   7.3913043E-01   0.0000000E+00   0.0000000E+00   1.3407482E+05   0.0000000E+00   0.0000000E+00   1.5692037E-02
   7.5362319E-01   0.0000000E+00   0.0000000E+00   1.1959125E+05   0.0000000E+00   0.0000000E+00   2.3077290E-02
   7.6811594E-01   0.0000000E+00   0.0000000E+00   1.0731267E+05   0.0000000E+00   0.0000000E+00   3.0534283E-02
   7.8260870E-01   0.0000000E+00   0.0000000E+00   9.4857407E+04   0.0000000E+00   0.0000000E+00   4.7680166E-02
   7.9710145E-01   0.0000000E+00   0.0000000E+00   8.1312035E+04   0.0000000E+00   0.0000000E+00   7.6977858E-02
   8.1159420E-01   0.0000000E+00   0.0000000E+00   6.6247836E+04   0.0000000E+00   0.0000000E+00   1.1730738E-01
   8.2608696E-01   0.0000000E+00   0.0000000E+00   5.1486214E+04   0.0000000E+00   0.0000000E+00   1.6367824E-01
   8.4057971E-01   0.0000000E+00   0.0000000E+00   3.7116033E+04   0.0000000E+00   0.0000000E+00   1.9742470E-01
   8.5507246E-01   0.0000000E+00   0.0000000E+00   2.4953939E+04   0.0000000E+00   0.0000000E+00   2.2441782E-01
   8.6956522E-01   0.0000000E+00   0.0000000E+00   1.6607062E+04   0.0000000E+00   0.0000000E+00   2.5444734E-01
   8.8405797E-01   0.0000000E+00   0.0000000E+00   1.0024484E+04   0.0000000E+00   0.0000000E+00   2.7915950E-01
   8.9855072E-01   0.0000000E+00   0.0000000E+00   5.9885641E+03   0.0000000E+00   0.0000000E+00   2.8857322E-01
   9.1304348E-01   0.0000000E+00   0.0000000E+00   3.5481321E+03   0.0000000E+00   0.0000000E+00   2.8888514E-01
   9.2753623E-01   0.0000000E+00   0.0000000E+00   1.9298606E+03   0.0000000E+00   0.0000000E+00   2.9398292E-01
   9.4202899E-01   0.0000000E+00   0.0000000E+00   7.1110673E+02   0.0000000E+00   0.0000000E+00   3.2784088E-01
   9.5652174E-01   0.0000000E+00   0.0000000E+00   1.1480859E+02   0.0000000E+00   0.0000000E+00   2.9912760E-01
   9.7101449E-01   0.0000000E+00   0.0000000E+00   0.0000000E+00   0.0000000E+00   0.0000000E+00   0.0000000E+00
   9.8550725E-01   0.0000000E+00   0.0000000E+00   0.0000000E+00   0.0000000E+00   0.0000000E+00   0.0000000E+00
   1.0000000E+00   0.0000000E+00   0.0000000E+00   0.0000000E+00   0.0000000E+00   0.0000000E+00   0.0000000E+00
