   0.0000000E+00   0.0000000E+00   0.0000000E+00   5.4799062E+10   0.0000000E+00   0.0000000E+00   7.5195333E-08
   1.4492754E-02   0.0000000E+00   0.0000000E+00   6.0831101E+06   0.0000000E+00   0.0000000E+00   1.2576692E-03
   2.8985507E-02   0.0000000E+00   0.0000000E+00   5.0150802E+06   0.0000000E+00   0.0000000E+00   3.1590035E-03
   4.3478261E-02   0.0000000E+00   0.0000000E+00   4.6759931E+06   0.0000000E+00   0.0000000E+00   3.1751245E-03
   5.7971014E-02   0.0000000E+00   0.0000000E+00   4.5568390E+06   0.0000000E+00   0.0000000E+00   3.8303202E-03
   7.2463768E-02   0.0000000E+00   0.0000000E+00   4.5000466E+06   0.0000000E+00   0.0000000E+00   5.1508469E-03
   8.6956522E-02   0.0000000E+00   0.0000000E+00   4.4452623E+06   0.0000000E+00   0.0000000E+00   4.7612276E-03
   1.0144928E-01   0.0000000E+00   0.0000000E+00   4.4161976E+06   0.0000000E+00   0.0000000E+00   4.4925461E-03
   1.1594203E-01   0.0000000E+00   0.0000000E+00   4.4365483E+06   0.0000000E+00   0.0000000E+00   3.0337011E-03
   1.3043478E-01   0.0000000E+00   0.0000000E+00   4.4307390E+06   0.0000000E+00   0.0000000E+00   1.6503657E-03
   1.4492754E-01   0.0000000E+00   0.0000000E+00   4.3608504E+06   0.0000000E+00   0.0000000E+00   1.3798168E-03
   1.5942029E-01   0.0000000E+00   0.0000000E+00   4.2340948E+06   0.0000000E+00   0.0000000E+00   6.4341352E-04
   1.7391304E-01   0.0000000E+00   0.0000000E+00   4.0525021E+06   0.0000000E+00   0.0000000E+00   2.6932968E-04
   1.8840580E-01   0.0000000E+00   0.0000000E+00   3.8174774E+06   0.0000000E+00   0.0000000E+00   2.3663844E-04
   2.0289855E-01   0.0000000E+00   0.0000000E+00   3.5694269E+06   0.0000000E+00   0.0000000E+00   1.8820341E-04
   2.1739130E-01   0.0000000E+00   0.0000000E+00   3.3469734E+06   0.0000000E+00   0.0000000E+00   3.1238400E-04
   2.3188406E-01   0.0000000E+00   0.0000000E+00   3.1253323E+06   0.0000000E+00   0.0000000E+00   2.3607756E-04
   2.4637681E-01   0.0000000E+00   0.0000000E+00   2.8496694E+06   0.0000000E+00   0.0000000E+00   2.6856010E-04
   2.6086957E-01   0.0000000E+00   0.0000000E+00   2.5930591E+06   0.0000000E+00   0.0000000E+00   2.1679991E-04
   2.7536232E-01   0.0000000E+00   0.0000000E+00   2.4022646E+06   0.0000000E+00   0.0000000E+00   1.5737012E-04
   2.8985507E-01   0.0000000E+00   0.0000000E+00   2.2201306E+06   0.0000000E+00   0.0000000E+00   3.1472960E-04
   3.0434783E-01   0.0000000E+00   0.0000000E+00   2.0331158E+06   0.0000000E+00   0.0000000E+00   7.7776755E-04
   3.1884058E-01   0.0000000E+00   0.0000000E+00   1.8365815E+06   0.0000000E+00   0.0000000E+00   8.2652466E-04
   3.3333333E-01   0.0000000E+00   0.0000000E+00   1.6485715E+06   0.0000000E+00   0.0000000E+00   1.0035503E-03
   3.4782609E-01   0.0000000E+00   0.0000000E+00   1.4784390E+06   0.0000000E+00   0.0000000E+00   1.0957343E-03
   3.6231884E-01   0.0000000E+00   0.0000000E+00   1.3105814E+06   0.0000000E+00   0.0000000E+00   1.3548962E-03
   3.7681159E-01   0.0000000E+00   0.0000000E+00   1.1606486E+06   0.0000000E+00   0.0000000E+00   1.7485147E-03
   3.9130435E-01   0.0000000E+00   0.0000000E+00   1.0355454E+06   0.0000000E+00   0.0000000E+00   1.5456686E-03
   4.0579710E-01   0.0000000E+00   0.0000000E+00   9.5052655E+05   0.0000000E+00   0.0000000E+00   1.8366942E-03
   4.2028986E-01   0.0000000E+00   0.0000000E+00   8.8832868E+05   0.0000000E+00   0.0000000E+00   2.6083381E-03
   4.3478261E-01   0.0000000E+00   0.0000000E+00   8.2987322E+05   0.0000000E+00   0.0000000E+00   2.8954803E-03
   4.4927536E-01   0.0000000E+00   0.0000000E+00   7.8071322E+05   0.0000000E+00   0.0000000E+00   2.9709007E-03
   4.6376812E-01   0.0000000E+00   0.0000000E+00   7.3332336E+05   0.0000000E+00   0.0000000E+00   3.2143274E-03
   4.7826087E-01   0.0000000E+00   0.0000000E+00   6.9523489E+05   0.0000000E+00   0.0000000E+00   3.4496591E-03
   4.9275362E-01   0.0000000E+00   0.0000000E+00   6.5854004E+05   0.0000000E+00   0.0000000E+00   3.8926953E-03
   5.0724638E-01   0.0000000E+00   0.0000000E+00   6.2435338E+05   0.0000000E+00   0.0000000E+00   4.2346134E-03
   5.2173913E-01   0.0000000E+00   0.0000000E+00   5.8737222E+05   0.0000000E+00   0.0000000E+00   4.6148064E-03
   5.3623188E-01   0.0000000E+00   0.0000000E+00   5.4561137E+05   0.0000000E+00   0.0000000E+00   4.7110579E-03
   5.5072464E-01   0.0000000E+00   0.0000000E+00   5.1454309E+05   0.0000000E+00   0.0000000E+00   4.5687274E-03
   5.6521739E-01   0.0000000E+00   0.0000000E+00   4.9029449E+05   0.0000000E+00   0.0000000E+00   5.0416166E-03
   5.7971014E-01   0.0000000E+00   0.0000000E+00   4.6244670E+05   0.0000000E+00   0.0000000E+00   6.1851922E-03
   5.9420290E-01   0.0000000E+00   0.0000000E+00   4.3043140E+05   0.0000000E+00   0.0000000E+00   7.4047341E-03
   6.0869565E-01   0.0000000E+00   0.0000000E+00   4.0068033E+05   0.0000000E+00   0.0000000E+00   8.1243567E-03
   6.2318841E-01   0.0000000E+00   0.0000000E+00   3.7252450E+05   0.0000000E+00   0.0000000E+00   8.9654770E-03
   6.3768116E-01   0.0000000E+00   0.0000000E+00   3.4540738E+05   0.0000000E+00   0.0000000E+00   1.0455944E-02
   6.5217391E-01   0.0000000E+00   0.0000000E+00   3.2030372E+05   0.0000000E+00   0.0000000E+00   1.1769440E-02
   6.6666667E-01   0.0000000E+00   0.0000000E+00   2.9704925E+05   0.0000000E+00   0.0000000E+00   1.4230504E-02
   6.8115942E-01   0.0000000E+00   0.0000000E+00   2.7152769E+05   0.0000000E+00   0.0000000E+00   1.7512683E-02
   6.9565217E-01   0.0000000E+00   0.0000000E+00   2.4879021E+05   0.0000000E+00   0.0000000E+00   2.1443366E-02
   7.1014493E-01   0.0000000E+00   0.0000000E+00   2.2852720E+05   0.0000000E+00   0.0000000E+00   2.5803249E-02
   7.2463768E-01   0.0000000E+00   0.0000000E+00   2.0578613E+05   0.0000000E+00   0.0000000E+00   3.1841691E-02
   7.3913043E-01   0.0000000E+00   0.0000000E+00   1.8711639E+05   0.0000000E+00   0.0000000E+00   3.9703026E-02
   7.5362319E-01   0.0000000E+00   0.0000000E+00   1.6578404E+05   0.0000000E+00   0.0000000E+00   5.2489592E-02
   7.6811594E-01   0.0000000E+00   0.0000000E+00   1.4458474E+05   0.0000000E+00   0.0000000E+00   7.9228919E-02
   7.8260870E-01   0.0000000E+00   0.0000000E+00   1.2537736E+05   0.0000000E+00   0.0000000E+00   1.1360699E-01
   7.9710145E-01   0.0000000E+00   0.0000000E+00   9.9566600E+04   0.0000000E+00   0.0000000E+00   1.5489830E-01
   8.1159420E-01   0.0000000E+00   0.0000000E+00   7.5597765E+04   0.0000000E+00   0.0000000E+00   1.9928551E-01
   8.2608696E-01   0.0000000E+00   0.0000000E+00   5.5593944E+04   0.0000000E+00   0.0000000E+00   2.3329992E-01
   8.4057971E-01   0.0000000E+00   0.0000000E+00   3.6959260E+04   0.0000000E+00   0.0000000E+00   2.6844134E-01
   8.5507246E-01   0.0000000E+00   0.0000000E+00   2.4388847E+04   0.0000000E+00   0.0000000E+00   2.9493041E-01
   8.6956522E-01   0.0000000E+00   0.0000000E+00   1.6114533E+04   0.0000000E+00   0.0000000E+00   3.1042679E-01
   8.8405797E-01   0.0000000E+00   0.0000000E+00   1.0260500E+04   0.0000000E+00   0.0000000E+00   3.2286648E-01
   8.9855072E-01   0.0000000E+00   0.0000000E+00   6.2329953E+03   0.0000000E+00   0.0000000E+00   3.3335159E-01
   9.1304348E-01   0.0000000E+00   0.0000000E+00   3.3677186E+03   0.0000000E+00   0.0000000E+00   3.5548257E-01
   9.2753623E-01   0.0000000E+00   0.0000000E+00   1.4562752E+03   0.0000000E+00   0.0000000E+00   3.8120228E-01
   9.4202899E-01   0.0000000E+00   0.0000000E+00   4.6629950E+02   0.0000000E+00   0.0000000E+00   3.8092541E-01
   9.5652174E-01   0.0000000E+00   0.0000000E+00   6.8885153E+01   0.0000000E+00   0.0000000E+00   3.5612318E-01
   9.7101449E-01   0.0000000E+00   0.0000000E+00   0.0000000E+00   0.0000000E+00   0.0000000E+00   0.0000000E+00
   9.8550725E-01   0.0000000E+00   0.0000000E+00   0.0000000E+00   0.0000000E+00   0.0000000E+00   0.0000000E+00
   1.0000000E+00   0.0000000E+00   0.0000000E+00   0.0000000E+00   0.0000000E+00   0.0000000E+00   0.0000000E+00
