   0.0000000E+00   0.0000000E+00   0.0000000E+00   5.8798136E+10   0.0000000E+00   0.0000000E+00   1.4376712E-06
   1.4492754E-02   0.0000000E+00   0.0000000E+00   3.2461440E+06   0.0000000E+00   0.0000000E+00   4.1682336E-03
   2.8985507E-02   0.0000000E+00   0.0000000E+00   2.6941328E+06   0.0000000E+00   0.0000000E+00   5.0768251E-03
   4.3478261E-02   0.0000000E+00   0.0000000E+00   2.5444798E+06   0.0000000E+00   0.0000000E+00   8.0771804E-03
   5.7971014E-02   0.0000000E+00   0.0000000E+00   2.4787461E+06   0.0000000E+00   0.0000000E+00   1.1070848E-02
   7.2463768E-02   0.0000000E+00   0.0000000E+00   2.4380936E+06   0.0000000E+00   0.0000000E+00   1.7737055E-02
   8.6956522E-02   0.0000000E+00   0.0000000E+00   2.4304404E+06   0.0000000E+00   0.0000000E+00   2.3556796E-02
   1.0144928E-01   0.0000000E+00   0.0000000E+00   2.4296286E+06   0.0000000E+00   0.0000000E+00   2.4290065E-02
   1.1594203E-01   0.0000000E+00   0.0000000E+00   2.3790090E+06   0.0000000E+00   0.0000000E+00   2.4326694E-02
   1.3043478E-01   0.0000000E+00   0.0000000E+00   2.2640330E+06   0.0000000E+00   0.0000000E+00   2.3126796E-02
   1.4492754E-01   0.0000000E+00   0.0000000E+00   2.1105998E+06   0.0000000E+00   0.0000000E+00   2.0932586E-02
   1.5942029E-01   0.0000000E+00   0.0000000E+00   1.9103231E+06   0.0000000E+00   0.0000000E+00   1.9525402E-02
   1.7391304E-01   0.0000000E+00   0.0000000E+00   1.6916471E+06   0.0000000E+00   0.0000000E+00   1.6426095E-02
   1.8840580E-01   0.0000000E+00   0.0000000E+00   1.4928578E+06   0.0000000E+00   0.0000000E+00   1.3817910E-02
   2.0289855E-01   0.0000000E+00   0.0000000E+00   1.3116422E+06   0.0000000E+00   0.0000000E+00   1.3915022E-02
   2.1739130E-01   0.0000000E+00   0.0000000E+00   1.1553969E+06   0.0000000E+00   0.0000000E+00   1.3078689E-02
   2.3188406E-01   0.0000000E+00   0.0000000E+00   1.0298115E+06   0.0000000E+00   0.0000000E+00   1.4181147E-02
   2.4637681E-01   0.0000000E+00   0.0000000E+00   8.9626878E+05   0.0000000E+00   0.0000000E+00   1.5142363E-02
   2.6086957E-01   0.0000000E+00   0.0000000E+00   7.4969626E+05   0.0000000E+00   0.0000000E+00   1.2572878E-02
   2.7536232E-01   0.0000000E+00   0.0000000E+00   6.3522263E+05   0.0000000E+00   0.0000000E+00   1.2151457E-02
   2.8985507E-01   0.0000000E+00   0.0000000E+00   5.5939911E+05   0.0000000E+00   0.0000000E+00   1.2207128E-02
   3.0434783E-01   0.0000000E+00   0.0000000E+00   4.9476597E+05   0.0000000E+00   0.0000000E+00   1.0435541E-02
   3.1884058E-01   0.0000000E+00   0.0000000E+00   4.4303486E+05   0.0000000E+00   0.0000000E+00   9.5036905E-03
   3.3333333E-01   0.0000000E+00   0.0000000E+00   4.0281941E+05   0.0000000E+00   0.0000000E+00   9.9484081E-03
   3.4782609E-01   0.0000000E+00   0.0000000E+00   3.6677613E+05   0.0000000E+00   0.0000000E+00   1.0746930E-02
   3.6231884E-01   0.0000000E+00   0.0000000E+00   3.3270702E+05   0.0000000E+00   0.0000000E+00   1.2667491E-02
   3.7681159E-01   0.0000000E+00   0.0000000E+00   2.9630419E+05   0.0000000E+00   0.0000000E+00   1.5281033E-02
   3.9130435E-01   0.0000000E+00   0.0000000E+00   2.6753718E+05   0.0000000E+00   0.0000000E+00   1.4779115E-02
   4.0579710E-01   0.0000000E+00   0.0000000E+00   2.4531725E+05   0.0000000E+00   0.0000000E+00   1.2684810E-02
   4.2028986E-01   0.0000000E+00   0.0000000E+00   2.2418554E+05   0.0000000E+00   0.0000000E+00   1.0705842E-02
   4.3478261E-01   0.0000000E+00   0.0000000E+00   2.0835233E+05   0.0000000E+00   0.0000000E+00   9.0362957E-03
   4.4927536E-01   0.0000000E+00   0.0000000E+00   1.9588715E+05   0.0000000E+00   0.0000000E+00   8.2054356E-03
   4.6376812E-01   0.0000000E+00   0.0000000E+00   1.8384586E+05   0.0000000E+00   0.0000000E+00   8.0110476E-03
   4.7826087E-01   0.0000000E+00   0.0000000E+00   1.7200623E+05   0.0000000E+00   0.0000000E+00   1.0671406E-02
   4.9275362E-01   0.0000000E+00   0.0000000E+00   1.5959272E+05   0.0000000E+00   0.0000000E+00   1.0262567E-02
   5.0724638E-01   0.0000000E+00   0.0000000E+00   1.4864629E+05   0.0000000E+00   0.0000000E+00   9.8221184E-03
   5.2173913E-01   0.0000000E+00   0.0000000E+00   1.3797122E+05   0.0000000E+00   0.0000000E+00   9.7238552E-03
   5.3623188E-01   0.0000000E+00   0.0000000E+00   1.2695161E+05   0.0000000E+00   0.0000000E+00   6.3511529E-03
   5.5072464E-01   0.0000000E+00   0.0000000E+00   1.1681109E+05   0.0000000E+00   0.0000000E+00   7.2829376E-03
   5.6521739E-01   0.0000000E+00   0.0000000E+00   1.0616085E+05   0.0000000E+00   0.0000000E+00   7.1733210E-03
   5.7971014E-01   0.0000000E+00   0.0000000E+00   9.5569539E+04   0.0000000E+00   0.0000000E+00   7.2869164E-03
   5.9420290E-01   0.0000000E+00   0.0000000E+00   8.6437426E+04   0.0000000E+00   0.0000000E+00   9.8814993E-03
   6.0869565E-01   0.0000000E+00   0.0000000E+00   7.6639653E+04   0.0000000E+00   0.0000000E+00   7.5479259E-03
   6.2318841E-01   0.0000000E+00   0.0000000E+00   6.8072949E+04   0.0000000E+00   0.0000000E+00   7.2351916E-03
   6.3768116E-01   0.0000000E+00   0.0000000E+00   6.0618935E+04   0.0000000E+00   0.0000000E+00   6.3938903E-03
   6.5217391E-01   0.0000000E+00   0.0000000E+00   5.2906859E+04   0.0000000E+00   0.0000000E+00   5.6068173E-03
   6.6666667E-01   0.0000000E+00   0.0000000E+00   4.6040740E+04   0.0000000E+00   0.0000000E+00   4.5407673E-03
   6.8115942E-01   0.0000000E+00   0.0000000E+00   4.0111678E+04   0.0000000E+00   0.0000000E+00   6.8602233E-03
   6.9565217E-01   0.0000000E+00   0.0000000E+00   3.4066578E+04   0.0000000E+00   0.0000000E+00   1.1595373E-02
   7.1014493E-01   0.0000000E+00   0.0000000E+00   2.8283682E+04   0.0000000E+00   0.0000000E+00   1.2787886E-02
   7.2463768E-01   0.0000000E+00   0.0000000E+00   2.4141491E+04   0.0000000E+00   0.0000000E+00   1.6347650E-02
   7.3913043E-01   0.0000000E+00   0.0000000E+00   2.1023479E+04   0.0000000E+00   0.0000000E+00   1.1667116E-02
   7.5362319E-01   0.0000000E+00   0.0000000E+00   1.7981674E+04   0.0000000E+00   0.0000000E+00   9.5889429E-03
   7.6811594E-01   0.0000000E+00   0.0000000E+00   1.4511372E+04   0.0000000E+00   0.0000000E+00   2.3450753E-02
   7.8260870E-01   0.0000000E+00   0.0000000E+00   1.1913305E+04   0.0000000E+00   0.0000000E+00   2.5232362E-02
   7.9710145E-01   0.0000000E+00   0.0000000E+00   1.0814969E+04   0.0000000E+00   0.0000000E+00   3.2439180E-02
   8.1159420E-01   0.0000000E+00   0.0000000E+00   9.9182320E+03   0.0000000E+00   0.0000000E+00   4.3877025E-02
   8.2608696E-01   0.0000000E+00   0.0000000E+00   8.1888736E+03   0.0000000E+00   0.0000000E+00   5.5192530E-02
   8.4057971E-01   0.0000000E+00   0.0000000E+00   6.7151148E+03   0.0000000E+00   0.0000000E+00   7.1490330E-02
   8.5507246E-01   0.0000000E+00   0.0000000E+00   5.6894466E+03   0.0000000E+00   0.0000000E+00   9.3676345E-02
   8.6956522E-01   0.0000000E+00   0.0000000E+00   4.6221938E+03   0.0000000E+00   0.0000000E+00   1.1754285E-01
   8.8405797E-01   0.0000000E+00   0.0000000E+00   3.4532918E+03   0.0000000E+00   0.0000000E+00   1.2897004E-01
   8.9855072E-01   0.0000000E+00   0.0000000E+00   2.1754376E+03   0.0000000E+00   0.0000000E+00   1.5289031E-01
   9.1304348E-01   0.0000000E+00   0.0000000E+00   1.3591150E+03   0.0000000E+00   0.0000000E+00   1.8288766E-01
   9.2753623E-01   0.0000000E+00   0.0000000E+00   9.3533122E+02   0.0000000E+00   0.0000000E+00   1.9745130E-01
   9.4202899E-01   0.0000000E+00   0.0000000E+00   3.7303960E+02   0.0000000E+00   0.0000000E+00   2.0348377E-01
   9.5652174E-01   0.0000000E+00   0.0000000E+00   2.2961718E+01   0.0000000E+00   0.0000000E+00   1.9843478E-01
   9.7101449E-01   0.0000000E+00   0.0000000E+00   0.0000000E+00   0.0000000E+00   0.0000000E+00   0.0000000E+00
   9.8550725E-01   0.0000000E+00   0.0000000E+00   0.0000000E+00   0.0000000E+00   0.0000000E+00   0.0000000E+00
   1.0000000E+00   0.0000000E+00   0.0000000E+00   0.0000000E+00   0.0000000E+00   0.0000000E+00   0.0000000E+00
