   0.0000000E+00   0.0000000E+00   0.0000000E+00   5.6748361E+10   0.0000000E+00   0.0000000E+00   4.1836344E-07
   1.4492754E-02   0.0000000E+00   0.0000000E+00   3.1537001E+06   0.0000000E+00   0.0000000E+00   1.1239416E-03
   2.8985507E-02   0.0000000E+00   0.0000000E+00   2.6138127E+06   0.0000000E+00   0.0000000E+00   6.4318887E-04
   4.3478261E-02   0.0000000E+00   0.0000000E+00   2.4823454E+06   0.0000000E+00   0.0000000E+00   1.1515351E-03
   5.7971014E-02   0.0000000E+00   0.0000000E+00   2.4323348E+06   0.0000000E+00   0.0000000E+00   3.0966212E-04
   7.2463768E-02   0.0000000E+00   0.0000000E+00   2.4388513E+06   0.0000000E+00   0.0000000E+00   6.7062772E-04
   8.6956522E-02   0.0000000E+00   0.0000000E+00   2.4477421E+06   0.0000000E+00   0.0000000E+00   4.7052242E-04
   1.0144928E-01   0.0000000E+00   0.0000000E+00   2.5111394E+06   0.0000000E+00   0.0000000E+00   3.7818238E-04
   1.1594203E-01   0.0000000E+00   0.0000000E+00   2.6178855E+06   0.0000000E+00   0.0000000E+00   2.0400178E-04
   1.3043478E-01   0.0000000E+00   0.0000000E+00   2.6743895E+06   0.0000000E+00   0.0000000E+00   1.0490722E-04
   1.4492754E-01   0.0000000E+00   0.0000000E+00   2.6645810E+06   0.0000000E+00   0.0000000E+00   2.3560974E-04
   1.5942029E-01   0.0000000E+00   0.0000000E+00   2.5812645E+06   0.0000000E+00   0.0000000E+00   5.1157740E-04
   1.7391304E-01   0.0000000E+00   0.0000000E+00   2.4474263E+06   0.0000000E+00   0.0000000E+00   8.8196291E-04
   1.8840580E-01   0.0000000E+00   0.0000000E+00   2.3066088E+06   0.0000000E+00   0.0000000E+00   5.7457992E-04
   2.0289855E-01   0.0000000E+00   0.0000000E+00   2.1654491E+06   0.0000000E+00   0.0000000E+00   7.3080535E-04
   2.1739130E-01   0.0000000E+00   0.0000000E+00   2.0491726E+06   0.0000000E+00   0.0000000E+00   6.6989814E-04
   2.3188406E-01   0.0000000E+00   0.0000000E+00   1.9414635E+06   0.0000000E+00   0.0000000E+00   6.6288112E-04
   2.4637681E-01   0.0000000E+00   0.0000000E+00   1.7834893E+06   0.0000000E+00   0.0000000E+00   7.6588592E-04
   2.6086957E-01   0.0000000E+00   0.0000000E+00   1.6304389E+06   0.0000000E+00   0.0000000E+00   7.5343915E-04
   2.7536232E-01   0.0000000E+00   0.0000000E+00   1.5340977E+06   0.0000000E+00   0.0000000E+00   9.6995449E-04
   2.8985507E-01   0.0000000E+00   0.0000000E+00   1.4487925E+06   0.0000000E+00   0.0000000E+00   1.2825839E-03
   3.0434783E-01   0.0000000E+00   0.0000000E+00   1.3712508E+06   0.0000000E+00   0.0000000E+00   1.5568239E-03
   3.1884058E-01   0.0000000E+00   0.0000000E+00   1.2922510E+06   0.0000000E+00   0.0000000E+00   1.8367774E-03
   3.3333333E-01   0.0000000E+00   0.0000000E+00   1.2142895E+06   0.0000000E+00   0.0000000E+00   2.0310675E-03
   3.4782609E-01   0.0000000E+00   0.0000000E+00   1.1328163E+06   0.0000000E+00   0.0000000E+00   2.3546146E-03
   3.6231884E-01   0.0000000E+00   0.0000000E+00   1.0492228E+06   0.0000000E+00   0.0000000E+00   3.0573566E-03
   3.7681159E-01   0.0000000E+00   0.0000000E+00   9.8464968E+05   0.0000000E+00   0.0000000E+00   3.0520554E-03
   3.9130435E-01   0.0000000E+00   0.0000000E+00   9.1733848E+05   0.0000000E+00   0.0000000E+00   2.4473061E-03
   4.0579710E-01   0.0000000E+00   0.0000000E+00   8.5662132E+05   0.0000000E+00   0.0000000E+00   1.6960403E-03
   4.2028986E-01   0.0000000E+00   0.0000000E+00   8.0283508E+05   0.0000000E+00   0.0000000E+00   2.1328026E-03
   4.3478261E-01   0.0000000E+00   0.0000000E+00   7.4278401E+05   0.0000000E+00   0.0000000E+00   2.4492601E-03
   4.4927536E-01   0.0000000E+00   0.0000000E+00   6.9792437E+05   0.0000000E+00   0.0000000E+00   1.7758546E-03
   4.6376812E-01   0.0000000E+00   0.0000000E+00   6.5099053E+05   0.0000000E+00   0.0000000E+00   2.6333775E-03
   4.7826087E-01   0.0000000E+00   0.0000000E+00   5.9257305E+05   0.0000000E+00   0.0000000E+00   2.5144581E-03
   4.9275362E-01   0.0000000E+00   0.0000000E+00   5.4670702E+05   0.0000000E+00   0.0000000E+00   2.6687843E-03
   5.0724638E-01   0.0000000E+00   0.0000000E+00   4.9161956E+05   0.0000000E+00   0.0000000E+00   3.6162338E-03
   5.2173913E-01   0.0000000E+00   0.0000000E+00   4.3209934E+05   0.0000000E+00   0.0000000E+00   4.5527308E-03
   5.3623188E-01   0.0000000E+00   0.0000000E+00   3.8122347E+05   0.0000000E+00   0.0000000E+00   4.6136861E-03
   5.5072464E-01   0.0000000E+00   0.0000000E+00   3.3731247E+05   0.0000000E+00   0.0000000E+00   5.6748933E-03
   5.6521739E-01   0.0000000E+00   0.0000000E+00   2.9963629E+05   0.0000000E+00   0.0000000E+00   6.0826857E-03
   5.7971014E-01   0.0000000E+00   0.0000000E+00   2.6795463E+05   0.0000000E+00   0.0000000E+00   5.9301022E-03
   5.9420290E-01   0.0000000E+00   0.0000000E+00   2.4587631E+05   0.0000000E+00   0.0000000E+00   6.6798574E-03
   6.0869565E-01   0.0000000E+00   0.0000000E+00   2.2427202E+05   0.0000000E+00   0.0000000E+00   6.2336264E-03
   6.2318841E-01   0.0000000E+00   0.0000000E+00   2.0376068E+05   0.0000000E+00   0.0000000E+00   6.0556968E-03
   6.3768116E-01   0.0000000E+00   0.0000000E+00   1.8609324E+05   0.0000000E+00   0.0000000E+00   8.5741861E-03
   6.5217391E-01   0.0000000E+00   0.0000000E+00   1.7193887E+05   0.0000000E+00   0.0000000E+00   1.0978740E-02
   6.6666667E-01   0.0000000E+00   0.0000000E+00   1.5871289E+05   0.0000000E+00   0.0000000E+00   9.4170307E-03
   6.8115942E-01   0.0000000E+00   0.0000000E+00   1.4525973E+05   0.0000000E+00   0.0000000E+00   9.5571296E-03
   6.9565217E-01   0.0000000E+00   0.0000000E+00   1.3582430E+05   0.0000000E+00   0.0000000E+00   1.1050592E-02
   7.1014493E-01   0.0000000E+00   0.0000000E+00   1.2382036E+05   0.0000000E+00   0.0000000E+00   1.4630643E-02
   7.2463768E-01   0.0000000E+00   0.0000000E+00   1.1075079E+05   0.0000000E+00   0.0000000E+00   2.0496292E-02
   7.3913043E-01   0.0000000E+00   0.0000000E+00   1.0178929E+05   0.0000000E+00   0.0000000E+00   2.1198747E-02
   7.5362319E-01   0.0000000E+00   0.0000000E+00   9.1861001E+04   0.0000000E+00   0.0000000E+00   2.2609204E-02
   7.6811594E-01   0.0000000E+00   0.0000000E+00   8.1864156E+04   0.0000000E+00   0.0000000E+00   3.3374471E-02
   7.8260870E-01   0.0000000E+00   0.0000000E+00   7.1760470E+04   0.0000000E+00   0.0000000E+00   5.5129625E-02
   7.9710145E-01   0.0000000E+00   0.0000000E+00   6.0701597E+04   0.0000000E+00   0.0000000E+00   8.4363770E-02
   8.1159420E-01   0.0000000E+00   0.0000000E+00   5.0714234E+04   0.0000000E+00   0.0000000E+00   1.1868867E-01
   8.2608696E-01   0.0000000E+00   0.0000000E+00   3.9734648E+04   0.0000000E+00   0.0000000E+00   1.5819314E-01
   8.4057971E-01   0.0000000E+00   0.0000000E+00   2.9133669E+04   0.0000000E+00   0.0000000E+00   2.0214913E-01
   8.5507246E-01   0.0000000E+00   0.0000000E+00   2.1113883E+04   0.0000000E+00   0.0000000E+00   2.4144481E-01
   8.6956522E-01   0.0000000E+00   0.0000000E+00   1.5217878E+04   0.0000000E+00   0.0000000E+00   2.6256136E-01
   8.8405797E-01   0.0000000E+00   0.0000000E+00   9.9126865E+03   0.0000000E+00   0.0000000E+00   2.8033876E-01
   8.9855072E-01   0.0000000E+00   0.0000000E+00   5.5730311E+03   0.0000000E+00   0.0000000E+00   2.9140223E-01
   9.1304348E-01   0.0000000E+00   0.0000000E+00   3.0670294E+03   0.0000000E+00   0.0000000E+00   3.0835218E-01
   9.2753623E-01   0.0000000E+00   0.0000000E+00   1.7167472E+03   0.0000000E+00   0.0000000E+00   3.0828293E-01
   9.4202899E-01   0.0000000E+00   0.0000000E+00   6.5281930E+02   0.0000000E+00   0.0000000E+00   2.7433316E-01
   9.5652174E-01   0.0000000E+00   0.0000000E+00   4.5923435E+01   0.0000000E+00   0.0000000E+00   2.1313346E-01
   9.7101449E-01   0.0000000E+00   0.0000000E+00   0.0000000E+00   0.0000000E+00   0.0000000E+00   0.0000000E+00
   9.8550725E-01   0.0000000E+00   0.0000000E+00   0.0000000E+00   0.0000000E+00   0.0000000E+00   0.0000000E+00
   1.0000000E+00   0.0000000E+00   0.0000000E+00   0.0000000E+00   0.0000000E+00   0.0000000E+00   0.0000000E+00
