   0.0000000E+00   0.0000000E+00   0.0000000E+00   5.7429706E+10   0.0000000E+00   0.0000000E+00   8.7122251E-07
   1.4492754E-02   0.0000000E+00   0.0000000E+00   2.1466680E+06   0.0000000E+00   0.0000000E+00   1.9258649E-03
   2.8985507E-02   0.0000000E+00   0.0000000E+00   1.7821967E+06   0.0000000E+00   0.0000000E+00   9.1881679E-04
   4.3478261E-02   0.0000000E+00   0.0000000E+00   1.7059179E+06   0.0000000E+00   0.0000000E+00   6.4705863E-04
   5.7971014E-02   0.0000000E+00   0.0000000E+00   1.6749769E+06   0.0000000E+00   0.0000000E+00   1.9664030E-03
   7.2463768E-02   0.0000000E+00   0.0000000E+00   1.6823270E+06   0.0000000E+00   0.0000000E+00   1.9560728E-03
   8.6956522E-02   0.0000000E+00   0.0000000E+00   1.7227144E+06   0.0000000E+00   0.0000000E+00   1.2451232E-03
   1.0144928E-01   0.0000000E+00   0.0000000E+00   1.7362995E+06   0.0000000E+00   0.0000000E+00   1.5675742E-03
   1.1594203E-01   0.0000000E+00   0.0000000E+00   1.7725355E+06   0.0000000E+00   0.0000000E+00   1.8887877E-03
   1.3043478E-01   0.0000000E+00   0.0000000E+00   1.7933943E+06   0.0000000E+00   0.0000000E+00   1.5789283E-03
   1.4492754E-01   0.0000000E+00   0.0000000E+00   1.7286247E+06   0.0000000E+00   0.0000000E+00   8.6848336E-04
   1.5942029E-01   0.0000000E+00   0.0000000E+00   1.6287206E+06   0.0000000E+00   0.0000000E+00   6.5003950E-04
   1.7391304E-01   0.0000000E+00   0.0000000E+00   1.5042968E+06   0.0000000E+00   0.0000000E+00   1.6389447E-03
   1.8840580E-01   0.0000000E+00   0.0000000E+00   1.3719114E+06   0.0000000E+00   0.0000000E+00   1.4721998E-03
   2.0289855E-01   0.0000000E+00   0.0000000E+00   1.2686136E+06   0.0000000E+00   0.0000000E+00   4.8984897E-04
   2.1739130E-01   0.0000000E+00   0.0000000E+00   1.2093477E+06   0.0000000E+00   0.0000000E+00   6.4319961E-04
   2.3188406E-01   0.0000000E+00   0.0000000E+00   1.1543645E+06   0.0000000E+00   0.0000000E+00   7.0872994E-04
   2.4637681E-01   0.0000000E+00   0.0000000E+00   1.0578450E+06   0.0000000E+00   0.0000000E+00   1.1951505E-03
   2.6086957E-01   0.0000000E+00   0.0000000E+00   9.8383689E+05   0.0000000E+00   0.0000000E+00   1.0753472E-03
   2.7536232E-01   0.0000000E+00   0.0000000E+00   9.3879587E+05   0.0000000E+00   0.0000000E+00   1.3336850E-03
   2.8985507E-01   0.0000000E+00   0.0000000E+00   8.8897668E+05   0.0000000E+00   0.0000000E+00   2.3537501E-03
   3.0434783E-01   0.0000000E+00   0.0000000E+00   8.4494857E+05   0.0000000E+00   0.0000000E+00   2.9720192E-03
   3.1884058E-01   0.0000000E+00   0.0000000E+00   8.1263815E+05   0.0000000E+00   0.0000000E+00   2.8116442E-03
   3.3333333E-01   0.0000000E+00   0.0000000E+00   7.8363151E+05   0.0000000E+00   0.0000000E+00   2.6727648E-03
   3.4782609E-01   0.0000000E+00   0.0000000E+00   7.4697051E+05   0.0000000E+00   0.0000000E+00   3.6203548E-03
   3.6231884E-01   0.0000000E+00   0.0000000E+00   7.1390919E+05   0.0000000E+00   0.0000000E+00   4.5103024E-03
   3.7681159E-01   0.0000000E+00   0.0000000E+00   6.8738375E+05   0.0000000E+00   0.0000000E+00   2.9660707E-03
   3.9130435E-01   0.0000000E+00   0.0000000E+00   6.6172864E+05   0.0000000E+00   0.0000000E+00   3.0989826E-03
   4.0579710E-01   0.0000000E+00   0.0000000E+00   6.3327843E+05   0.0000000E+00   0.0000000E+00   4.7108618E-03
   4.2028986E-01   0.0000000E+00   0.0000000E+00   6.0890675E+05   0.0000000E+00   0.0000000E+00   4.9738694E-03
   4.3478261E-01   0.0000000E+00   0.0000000E+00   5.8436653E+05   0.0000000E+00   0.0000000E+00   5.1849471E-03
   4.4927536E-01   0.0000000E+00   0.0000000E+00   5.6189842E+05   0.0000000E+00   0.0000000E+00   3.8016607E-03
   4.6376812E-01   0.0000000E+00   0.0000000E+00   5.4521522E+05   0.0000000E+00   0.0000000E+00   2.4172599E-03
   4.7826087E-01   0.0000000E+00   0.0000000E+00   5.2531818E+05   0.0000000E+00   0.0000000E+00   2.6349772E-03
   4.9275362E-01   0.0000000E+00   0.0000000E+00   5.0759443E+05   0.0000000E+00   0.0000000E+00   3.8988999E-03
   5.0724638E-01   0.0000000E+00   0.0000000E+00   4.8655355E+05   0.0000000E+00   0.0000000E+00   3.4998242E-03
   5.2173913E-01   0.0000000E+00   0.0000000E+00   4.5792554E+05   0.0000000E+00   0.0000000E+00   2.9565819E-03
   5.3623188E-01   0.0000000E+00   0.0000000E+00   4.4042933E+05   0.0000000E+00   0.0000000E+00   3.6063079E-03
   5.5072464E-01   0.0000000E+00   0.0000000E+00   4.3129176E+05   0.0000000E+00   0.0000000E+00   3.2231242E-03
   5.6521739E-01   0.0000000E+00   0.0000000E+00   4.1409338E+05   0.0000000E+00   0.0000000E+00   2.7778990E-03
   5.7971014E-01   0.0000000E+00   0.0000000E+00   3.8959032E+05   0.0000000E+00   0.0000000E+00   3.4504024E-03
   5.9420290E-01   0.0000000E+00   0.0000000E+00   3.6685544E+05   0.0000000E+00   0.0000000E+00   4.1129606E-03
   6.0869565E-01   0.0000000E+00   0.0000000E+00   3.4962331E+05   0.0000000E+00   0.0000000E+00   3.4362458E-03
   6.2318841E-01   0.0000000E+00   0.0000000E+00   3.3021460E+05   0.0000000E+00   0.0000000E+00   3.1781669E-03
   6.3768116E-01   0.0000000E+00   0.0000000E+00   3.0557454E+05   0.0000000E+00   0.0000000E+00   4.1096708E-03
   6.5217391E-01   0.0000000E+00   0.0000000E+00   2.8553202E+05   0.0000000E+00   0.0000000E+00   4.3599082E-03
   6.6666667E-01   0.0000000E+00   0.0000000E+00   2.6939186E+05   0.0000000E+00   0.0000000E+00   4.3783961E-03
   6.8115942E-01   0.0000000E+00   0.0000000E+00   2.5156858E+05   0.0000000E+00   0.0000000E+00   4.4522186E-03
   6.9565217E-01   0.0000000E+00   0.0000000E+00   2.3365126E+05   0.0000000E+00   0.0000000E+00   5.1484405E-03
   7.1014493E-01   0.0000000E+00   0.0000000E+00   2.1609413E+05   0.0000000E+00   0.0000000E+00   7.3922854E-03
   7.2463768E-01   0.0000000E+00   0.0000000E+00   1.9699638E+05   0.0000000E+00   0.0000000E+00   9.3699786E-03
   7.3913043E-01   0.0000000E+00   0.0000000E+00   1.8041562E+05   0.0000000E+00   0.0000000E+00   1.0892817E-02
   7.5362319E-01   0.0000000E+00   0.0000000E+00   1.6372941E+05   0.0000000E+00   0.0000000E+00   1.3109654E-02
   7.6811594E-01   0.0000000E+00   0.0000000E+00   1.4191121E+05   0.0000000E+00   0.0000000E+00   1.9323005E-02
   7.8260870E-01   0.0000000E+00   0.0000000E+00   1.2022755E+05   0.0000000E+00   0.0000000E+00   3.0978266E-02
   7.9710145E-01   0.0000000E+00   0.0000000E+00   9.7444938E+04   0.0000000E+00   0.0000000E+00   4.6482023E-02
   8.1159420E-01   0.0000000E+00   0.0000000E+00   7.6260785E+04   0.0000000E+00   0.0000000E+00   7.0609156E-02
   8.2608696E-01   0.0000000E+00   0.0000000E+00   5.7109417E+04   0.0000000E+00   0.0000000E+00   1.0501176E-01
   8.4057971E-01   0.0000000E+00   0.0000000E+00   3.9075697E+04   0.0000000E+00   0.0000000E+00   1.4514566E-01
   8.5507246E-01   0.0000000E+00   0.0000000E+00   2.6263924E+04   0.0000000E+00   0.0000000E+00   1.8122694E-01
   8.6956522E-01   0.0000000E+00   0.0000000E+00   1.7263767E+04   0.0000000E+00   0.0000000E+00   2.2017420E-01
   8.8405797E-01   0.0000000E+00   0.0000000E+00   1.1018237E+04   0.0000000E+00   0.0000000E+00   2.4733504E-01
   8.9855072E-01   0.0000000E+00   0.0000000E+00   6.8562948E+03   0.0000000E+00   0.0000000E+00   2.5267467E-01
   9.1304348E-01   0.0000000E+00   0.0000000E+00   4.0172072E+03   0.0000000E+00   0.0000000E+00   2.4511337E-01
   9.2753623E-01   0.0000000E+00   0.0000000E+00   1.8706624E+03   0.0000000E+00   0.0000000E+00   2.4444466E-01
   9.4202899E-01   0.0000000E+00   0.0000000E+00   4.7795699E+02   0.0000000E+00   0.0000000E+00   3.2615482E-01
   9.5652174E-01   0.0000000E+00   0.0000000E+00   3.4442577E+01   0.0000000E+00   0.0000000E+00   2.8541633E-01
   9.7101449E-01   0.0000000E+00   0.0000000E+00   0.0000000E+00   0.0000000E+00   0.0000000E+00   0.0000000E+00
   9.8550725E-01   0.0000000E+00   0.0000000E+00   0.0000000E+00   0.0000000E+00   0.0000000E+00   0.0000000E+00
   1.0000000E+00   0.0000000E+00   0.0000000E+00   0.0000000E+00   0.0000000E+00   0.0000000E+00   0.0000000E+00
