   0.0000000E+00   0.0000000E+00   0.0000000E+00   5.7228597E+10   0.0000000E+00   0.0000000E+00   3.6107529E-07
   1.4492754E-02   0.0000000E+00   0.0000000E+00   3.1370299E+06   0.0000000E+00   0.0000000E+00   8.0890231E-04
   2.8985507E-02   0.0000000E+00   0.0000000E+00   2.5861553E+06   0.0000000E+00   0.0000000E+00   8.2740809E-04
   4.3478261E-02   0.0000000E+00   0.0000000E+00   2.4156645E+06   0.0000000E+00   0.0000000E+00   7.6320351E-04
   5.7971014E-02   0.0000000E+00   0.0000000E+00   2.3891438E+06   0.0000000E+00   0.0000000E+00   3.7603015E-04
   7.2463768E-02   0.0000000E+00   0.0000000E+00   2.3864159E+06   0.0000000E+00   0.0000000E+00   5.8152254E-04
   8.6956522E-02   0.0000000E+00   0.0000000E+00   2.3876283E+06   0.0000000E+00   0.0000000E+00   1.5907426E-04
   1.0144928E-01   0.0000000E+00   0.0000000E+00   2.4421853E+06   0.0000000E+00   0.0000000E+00   5.9464738E-04
   1.1594203E-01   0.0000000E+00   0.0000000E+00   2.4922907E+06   0.0000000E+00   0.0000000E+00   1.6121957E-04
   1.3043478E-01   0.0000000E+00   0.0000000E+00   2.5198112E+06   0.0000000E+00   0.0000000E+00   2.8958794E-04
   1.4492754E-01   0.0000000E+00   0.0000000E+00   2.5247029E+06   0.0000000E+00   0.0000000E+00   3.3337440E-04
   1.5942029E-01   0.0000000E+00   0.0000000E+00   2.4619554E+06   0.0000000E+00   0.0000000E+00   4.5984094E-04
   1.7391304E-01   0.0000000E+00   0.0000000E+00   2.3335764E+06   0.0000000E+00   0.0000000E+00   5.0292728E-04
   1.8840580E-01   0.0000000E+00   0.0000000E+00   2.1744711E+06   0.0000000E+00   0.0000000E+00   8.2011176E-04
   2.0289855E-01   0.0000000E+00   0.0000000E+00   2.0137394E+06   0.0000000E+00   0.0000000E+00   8.6435184E-04
   2.1739130E-01   0.0000000E+00   0.0000000E+00   1.8684776E+06   0.0000000E+00   0.0000000E+00   5.8064057E-04
   2.3188406E-01   0.0000000E+00   0.0000000E+00   1.7435048E+06   0.0000000E+00   0.0000000E+00   8.0784499E-04
   2.4637681E-01   0.0000000E+00   0.0000000E+00   1.6047080E+06   0.0000000E+00   0.0000000E+00   8.1823591E-04
   2.6086957E-01   0.0000000E+00   0.0000000E+00   1.4559489E+06   0.0000000E+00   0.0000000E+00   7.7459532E-04
   2.7536232E-01   0.0000000E+00   0.0000000E+00   1.3437463E+06   0.0000000E+00   0.0000000E+00   8.8980579E-04
   2.8985507E-01   0.0000000E+00   0.0000000E+00   1.2543194E+06   0.0000000E+00   0.0000000E+00   1.0827848E-03
   3.0434783E-01   0.0000000E+00   0.0000000E+00   1.1729042E+06   0.0000000E+00   0.0000000E+00   1.4682851E-03
   3.1884058E-01   0.0000000E+00   0.0000000E+00   1.1045045E+06   0.0000000E+00   0.0000000E+00   1.4581351E-03
   3.3333333E-01   0.0000000E+00   0.0000000E+00   1.0521668E+06   0.0000000E+00   0.0000000E+00   1.6236622E-03
   3.4782609E-01   0.0000000E+00   0.0000000E+00   9.8660474E+05   0.0000000E+00   0.0000000E+00   2.2743408E-03
   3.6231884E-01   0.0000000E+00   0.0000000E+00   9.1501251E+05   0.0000000E+00   0.0000000E+00   2.5755542E-03
   3.7681159E-01   0.0000000E+00   0.0000000E+00   8.5114230E+05   0.0000000E+00   0.0000000E+00   2.9018026E-03
   3.9130435E-01   0.0000000E+00   0.0000000E+00   7.8683939E+05   0.0000000E+00   0.0000000E+00   2.9803906E-03
   4.0579710E-01   0.0000000E+00   0.0000000E+00   7.3827909E+05   0.0000000E+00   0.0000000E+00   3.5933649E-03
   4.2028986E-01   0.0000000E+00   0.0000000E+00   6.9521034E+05   0.0000000E+00   0.0000000E+00   4.1463314E-03
   4.3478261E-01   0.0000000E+00   0.0000000E+00   6.4799115E+05   0.0000000E+00   0.0000000E+00   3.3602864E-03
   4.4927536E-01   0.0000000E+00   0.0000000E+00   6.0247399E+05   0.0000000E+00   0.0000000E+00   3.3476627E-03
   4.6376812E-01   0.0000000E+00   0.0000000E+00   5.5800203E+05   0.0000000E+00   0.0000000E+00   3.3384266E-03
   4.7826087E-01   0.0000000E+00   0.0000000E+00   5.1689123E+05   0.0000000E+00   0.0000000E+00   3.3150217E-03
   4.9275362E-01   0.0000000E+00   0.0000000E+00   4.7701753E+05   0.0000000E+00   0.0000000E+00   3.0402295E-03
   5.0724638E-01   0.0000000E+00   0.0000000E+00   4.3688932E+05   0.0000000E+00   0.0000000E+00   3.2202220E-03
   5.2173913E-01   0.0000000E+00   0.0000000E+00   4.0077956E+05   0.0000000E+00   0.0000000E+00   4.3022651E-03
   5.3623188E-01   0.0000000E+00   0.0000000E+00   3.6420511E+05   0.0000000E+00   0.0000000E+00   4.3276194E-03
   5.5072464E-01   0.0000000E+00   0.0000000E+00   3.2618570E+05   0.0000000E+00   0.0000000E+00   3.9386024E-03
   5.6521739E-01   0.0000000E+00   0.0000000E+00   2.8877539E+05   0.0000000E+00   0.0000000E+00   3.4833458E-03
   5.7971014E-01   0.0000000E+00   0.0000000E+00   2.5490262E+05   0.0000000E+00   0.0000000E+00   3.5265503E-03
   5.9420290E-01   0.0000000E+00   0.0000000E+00   2.2247888E+05   0.0000000E+00   0.0000000E+00   3.5649970E-03
   6.0869565E-01   0.0000000E+00   0.0000000E+00   1.9134655E+05   0.0000000E+00   0.0000000E+00   5.5225175E-03
   6.2318841E-01   0.0000000E+00   0.0000000E+00   1.6682542E+05   0.0000000E+00   0.0000000E+00   6.1983297E-03
   6.3768116E-01   0.0000000E+00   0.0000000E+00   1.4321223E+05   0.0000000E+00   0.0000000E+00   7.8444423E-03
   6.5217391E-01   0.0000000E+00   0.0000000E+00   1.1889731E+05   0.0000000E+00   0.0000000E+00   9.9100673E-03
   6.6666667E-01   0.0000000E+00   0.0000000E+00   1.0193206E+05   0.0000000E+00   0.0000000E+00   7.3230505E-03
   6.8115942E-01   0.0000000E+00   0.0000000E+00   8.8687436E+04   0.0000000E+00   0.0000000E+00   8.3263755E-03
   6.9565217E-01   0.0000000E+00   0.0000000E+00   7.7383859E+04   0.0000000E+00   0.0000000E+00   9.3568148E-03
   7.1014493E-01   0.0000000E+00   0.0000000E+00   6.7639597E+04   0.0000000E+00   0.0000000E+00   1.0782034E-02
   7.2463768E-01   0.0000000E+00   0.0000000E+00   5.6587776E+04   0.0000000E+00   0.0000000E+00   1.4476843E-02
   7.3913043E-01   0.0000000E+00   0.0000000E+00   4.9371745E+04   0.0000000E+00   0.0000000E+00   1.7430162E-02
   7.5362319E-01   0.0000000E+00   0.0000000E+00   4.5318482E+04   0.0000000E+00   0.0000000E+00   1.8474490E-02
   7.6811594E-01   0.0000000E+00   0.0000000E+00   3.9573871E+04   0.0000000E+00   0.0000000E+00   2.7366077E-02
   7.8260870E-01   0.0000000E+00   0.0000000E+00   3.3592993E+04   0.0000000E+00   0.0000000E+00   4.6868273E-02
   7.9710145E-01   0.0000000E+00   0.0000000E+00   2.9469068E+04   0.0000000E+00   0.0000000E+00   6.5146216E-02
   8.1159420E-01   0.0000000E+00   0.0000000E+00   2.4653504E+04   0.0000000E+00   0.0000000E+00   9.2529230E-02
   8.2608696E-01   0.0000000E+00   0.0000000E+00   1.9435281E+04   0.0000000E+00   0.0000000E+00   1.1649374E-01
   8.4057971E-01   0.0000000E+00   0.0000000E+00   1.5337636E+04   0.0000000E+00   0.0000000E+00   1.4713252E-01
   8.5507246E-01   0.0000000E+00   0.0000000E+00   1.1404579E+04   0.0000000E+00   0.0000000E+00   1.8636149E-01
   8.6956522E-01   0.0000000E+00   0.0000000E+00   8.5245377E+03   0.0000000E+00   0.0000000E+00   2.1683818E-01
   8.8405797E-01   0.0000000E+00   0.0000000E+00   6.2606441E+03   0.0000000E+00   0.0000000E+00   2.4741084E-01
   8.9855072E-01   0.0000000E+00   0.0000000E+00   4.2775458E+03   0.0000000E+00   0.0000000E+00   2.7224395E-01
   9.1304348E-01   0.0000000E+00   0.0000000E+00   2.7302576E+03   0.0000000E+00   0.0000000E+00   2.7963536E-01
   9.2753623E-01   0.0000000E+00   0.0000000E+00   1.0063690E+03   0.0000000E+00   0.0000000E+00   2.9758564E-01
   9.4202899E-01   0.0000000E+00   0.0000000E+00   2.5646472E+02   0.0000000E+00   0.0000000E+00   3.0360836E-01
   9.5652174E-01   0.0000000E+00   0.0000000E+00   3.4442577E+01   0.0000000E+00   0.0000000E+00   4.2618023E-01
   9.7101449E-01   0.0000000E+00   0.0000000E+00   0.0000000E+00   0.0000000E+00   0.0000000E+00   0.0000000E+00
   9.8550725E-01   0.0000000E+00   0.0000000E+00   0.0000000E+00   0.0000000E+00   0.0000000E+00   0.0000000E+00
   1.0000000E+00   0.0000000E+00   0.0000000E+00   0.0000000E+00   0.0000000E+00   0.0000000E+00   0.0000000E+00
