   0.0000000E+00   0.0000000E+00   0.0000000E+00   5.8790195E+10   0.0000000E+00   0.0000000E+00   8.9050530E-07
   1.4492754E-02   0.0000000E+00   0.0000000E+00   3.2355356E+06   0.0000000E+00   0.0000000E+00   2.1566828E-03
   2.8985507E-02   0.0000000E+00   0.0000000E+00   2.7600559E+06   0.0000000E+00   0.0000000E+00   5.3411214E-03
   4.3478261E-02   0.0000000E+00   0.0000000E+00   2.5831244E+06   0.0000000E+00   0.0000000E+00   8.3977874E-03
   5.7971014E-02   0.0000000E+00   0.0000000E+00   2.4781778E+06   0.0000000E+00   0.0000000E+00   1.1871706E-02
   7.2463768E-02   0.0000000E+00   0.0000000E+00   2.4617349E+06   0.0000000E+00   0.0000000E+00   1.5410039E-02
   8.6956522E-02   0.0000000E+00   0.0000000E+00   2.4529199E+06   0.0000000E+00   0.0000000E+00   1.9773122E-02
   1.0144928E-01   0.0000000E+00   0.0000000E+00   2.3978036E+06   0.0000000E+00   0.0000000E+00   2.4106580E-02
   1.1594203E-01   0.0000000E+00   0.0000000E+00   2.3534354E+06   0.0000000E+00   0.0000000E+00   2.5817522E-02
   1.3043478E-01   0.0000000E+00   0.0000000E+00   2.2790194E+06   0.0000000E+00   0.0000000E+00   2.3895745E-02
   1.4492754E-01   0.0000000E+00   0.0000000E+00   2.1281793E+06   0.0000000E+00   0.0000000E+00   2.0709938E-02
   1.5942029E-01   0.0000000E+00   0.0000000E+00   1.9308508E+06   0.0000000E+00   0.0000000E+00   1.9561180E-02
   1.7391304E-01   0.0000000E+00   0.0000000E+00   1.7335121E+06   0.0000000E+00   0.0000000E+00   1.8764908E-02
   1.8840580E-01   0.0000000E+00   0.0000000E+00   1.5196701E+06   0.0000000E+00   0.0000000E+00   1.6529109E-02
   2.0289855E-01   0.0000000E+00   0.0000000E+00   1.3174876E+06   0.0000000E+00   0.0000000E+00   1.3679589E-02
   2.1739130E-01   0.0000000E+00   0.0000000E+00   1.1675712E+06   0.0000000E+00   0.0000000E+00   1.2595925E-02
   2.3188406E-01   0.0000000E+00   0.0000000E+00   1.0400883E+06   0.0000000E+00   0.0000000E+00   1.3560659E-02
   2.4637681E-01   0.0000000E+00   0.0000000E+00   8.8953829E+05   0.0000000E+00   0.0000000E+00   1.4498655E-02
   2.6086957E-01   0.0000000E+00   0.0000000E+00   7.3782505E+05   0.0000000E+00   0.0000000E+00   1.4263371E-02
   2.7536232E-01   0.0000000E+00   0.0000000E+00   6.3558155E+05   0.0000000E+00   0.0000000E+00   1.0790258E-02
   2.8985507E-01   0.0000000E+00   0.0000000E+00   5.5678492E+05   0.0000000E+00   0.0000000E+00   8.2963501E-03
   3.0434783E-01   0.0000000E+00   0.0000000E+00   4.9465772E+05   0.0000000E+00   0.0000000E+00   9.2637180E-03
   3.1884058E-01   0.0000000E+00   0.0000000E+00   4.4844235E+05   0.0000000E+00   0.0000000E+00   8.9857695E-03
   3.3333333E-01   0.0000000E+00   0.0000000E+00   4.1036383E+05   0.0000000E+00   0.0000000E+00   1.1926740E-02
   3.4782609E-01   0.0000000E+00   0.0000000E+00   3.6930192E+05   0.0000000E+00   0.0000000E+00   1.1701069E-02
   3.6231884E-01   0.0000000E+00   0.0000000E+00   3.2849401E+05   0.0000000E+00   0.0000000E+00   1.0697267E-02
   3.7681159E-01   0.0000000E+00   0.0000000E+00   2.9758651E+05   0.0000000E+00   0.0000000E+00   1.2144154E-02
   3.9130435E-01   0.0000000E+00   0.0000000E+00   2.7166263E+05   0.0000000E+00   0.0000000E+00   1.2063414E-02
   4.0579710E-01   0.0000000E+00   0.0000000E+00   2.4575024E+05   0.0000000E+00   0.0000000E+00   1.4921973E-02
   4.2028986E-01   0.0000000E+00   0.0000000E+00   2.2666778E+05   0.0000000E+00   0.0000000E+00   1.4505082E-02
   4.3478261E-01   0.0000000E+00   0.0000000E+00   2.1209050E+05   0.0000000E+00   0.0000000E+00   1.3050877E-02
   4.4927536E-01   0.0000000E+00   0.0000000E+00   1.9339396E+05   0.0000000E+00   0.0000000E+00   1.2248899E-02
   4.6376812E-01   0.0000000E+00   0.0000000E+00   1.8114643E+05   0.0000000E+00   0.0000000E+00   9.7909392E-03
   4.7826087E-01   0.0000000E+00   0.0000000E+00   1.7225881E+05   0.0000000E+00   0.0000000E+00   7.5487998E-03
   4.9275362E-01   0.0000000E+00   0.0000000E+00   1.6032817E+05   0.0000000E+00   0.0000000E+00   8.6434766E-03
   5.0724638E-01   0.0000000E+00   0.0000000E+00   1.4933908E+05   0.0000000E+00   0.0000000E+00   1.2174482E-02
   5.2173913E-01   0.0000000E+00   0.0000000E+00   1.3826590E+05   0.0000000E+00   0.0000000E+00   9.1911889E-03
   5.3623188E-01   0.0000000E+00   0.0000000E+00   1.2488320E+05   0.0000000E+00   0.0000000E+00   7.5703222E-03
   5.5072464E-01   0.0000000E+00   0.0000000E+00   1.1539532E+05   0.0000000E+00   0.0000000E+00   1.1497845E-02
   5.6521739E-01   0.0000000E+00   0.0000000E+00   1.0695745E+05   0.0000000E+00   0.0000000E+00   1.2360261E-02
   5.7971014E-01   0.0000000E+00   0.0000000E+00   9.5323275E+04   0.0000000E+00   0.0000000E+00   1.0432833E-02
   5.9420290E-01   0.0000000E+00   0.0000000E+00   8.5402469E+04   0.0000000E+00   0.0000000E+00   1.0339940E-02
   6.0869565E-01   0.0000000E+00   0.0000000E+00   7.7595845E+04   0.0000000E+00   0.0000000E+00   6.2475728E-03
   6.2318841E-01   0.0000000E+00   0.0000000E+00   6.9500314E+04   0.0000000E+00   0.0000000E+00   3.3097514E-03
   6.3768116E-01   0.0000000E+00   0.0000000E+00   6.0033411E+04   0.0000000E+00   0.0000000E+00   7.2896447E-03
   6.5217391E-01   0.0000000E+00   0.0000000E+00   5.1189323E+04   0.0000000E+00   0.0000000E+00   9.0694910E-03
   6.6666667E-01   0.0000000E+00   0.0000000E+00   4.5085333E+04   0.0000000E+00   0.0000000E+00   7.7076296E-03
   6.8115942E-01   0.0000000E+00   0.0000000E+00   3.9547406E+04   0.0000000E+00   0.0000000E+00   1.0080062E-02
   6.9565217E-01   0.0000000E+00   0.0000000E+00   3.4319157E+04   0.0000000E+00   0.0000000E+00   8.1694649E-03
   7.1014493E-01   0.0000000E+00   0.0000000E+00   2.9196058E+04   0.0000000E+00   0.0000000E+00   7.4838216E-03
   7.2463768E-01   0.0000000E+00   0.0000000E+00   2.3883860E+04   0.0000000E+00   0.0000000E+00   1.1835997E-02
   7.3913043E-01   0.0000000E+00   0.0000000E+00   2.0206312E+04   0.0000000E+00   0.0000000E+00   1.4105792E-02
   7.5362319E-01   0.0000000E+00   0.0000000E+00   1.7500803E+04   0.0000000E+00   0.0000000E+00   1.2219736E-02
   7.6811594E-01   0.0000000E+00   0.0000000E+00   1.5497860E+04   0.0000000E+00   0.0000000E+00   8.7797440E-03
   7.8260870E-01   0.0000000E+00   0.0000000E+00   1.3597164E+04   0.0000000E+00   0.0000000E+00   1.5357484E-02
   7.9710145E-01   0.0000000E+00   0.0000000E+00   1.1655368E+04   0.0000000E+00   0.0000000E+00   3.6207645E-02
   8.1159420E-01   0.0000000E+00   0.0000000E+00   9.6882047E+03   0.0000000E+00   0.0000000E+00   4.8397526E-02
   8.2608696E-01   0.0000000E+00   0.0000000E+00   7.9761756E+03   0.0000000E+00   0.0000000E+00   4.7962493E-02
   8.4057971E-01   0.0000000E+00   0.0000000E+00   6.8065657E+03   0.0000000E+00   0.0000000E+00   7.6935557E-02
   8.5507246E-01   0.0000000E+00   0.0000000E+00   5.3940578E+03   0.0000000E+00   0.0000000E+00   1.1796378E-01
   8.6956522E-01   0.0000000E+00   0.0000000E+00   4.3948728E+03   0.0000000E+00   0.0000000E+00   1.3329940E-01
   8.8405797E-01   0.0000000E+00   0.0000000E+00   3.7389958E+03   0.0000000E+00   0.0000000E+00   1.5056993E-01
   8.9855072E-01   0.0000000E+00   0.0000000E+00   2.6520784E+03   0.0000000E+00   0.0000000E+00   1.5705107E-01
   9.1304348E-01   0.0000000E+00   0.0000000E+00   1.7079144E+03   0.0000000E+00   0.0000000E+00   1.7531883E-01
   9.2753623E-01   0.0000000E+00   0.0000000E+00   1.0063690E+03   0.0000000E+00   0.0000000E+00   1.8900605E-01
   9.4202899E-01   0.0000000E+00   0.0000000E+00   3.7303960E+02   0.0000000E+00   0.0000000E+00   1.7618551E-01
   9.5652174E-01   0.0000000E+00   0.0000000E+00   6.8885153E+01   0.0000000E+00   0.0000000E+00   2.8080198E-01
   9.7101449E-01   0.0000000E+00   0.0000000E+00   0.0000000E+00   0.0000000E+00   0.0000000E+00   0.0000000E+00
   9.8550725E-01   0.0000000E+00   0.0000000E+00   0.0000000E+00   0.0000000E+00   0.0000000E+00   0.0000000E+00
   1.0000000E+00   0.0000000E+00   0.0000000E+00   0.0000000E+00   0.0000000E+00   0.0000000E+00   0.0000000E+00
