   0.0000000E+00   0.0000000E+00   0.0000000E+00   5.8025620E+10   0.0000000E+00   0.0000000E+00   1.0667227E-06
   1.4492754E-02   0.0000000E+00   0.0000000E+00   3.7053324E+06   0.0000000E+00   0.0000000E+00   1.3972195E-03
   2.8985507E-02   0.0000000E+00   0.0000000E+00   3.1014162E+06   0.0000000E+00   0.0000000E+00   2.2723135E-03
   4.3478261E-02   0.0000000E+00   0.0000000E+00   2.8849561E+06   0.0000000E+00   0.0000000E+00   4.8348994E-03
   5.7971014E-02   0.0000000E+00   0.0000000E+00   2.8276839E+06   0.0000000E+00   0.0000000E+00   8.1217036E-03
   7.2463768E-02   0.0000000E+00   0.0000000E+00   2.8021103E+06   0.0000000E+00   0.0000000E+00   1.2630646E-02
   8.6956522E-02   0.0000000E+00   0.0000000E+00   2.7481847E+06   0.0000000E+00   0.0000000E+00   1.7023237E-02
   1.0144928E-01   0.0000000E+00   0.0000000E+00   2.7413831E+06   0.0000000E+00   0.0000000E+00   2.0236334E-02
   1.1594203E-01   0.0000000E+00   0.0000000E+00   2.7025626E+06   0.0000000E+00   0.0000000E+00   2.2154898E-02
   1.3043478E-01   0.0000000E+00   0.0000000E+00   2.5994578E+06   0.0000000E+00   0.0000000E+00   2.1749722E-02
   1.4492754E-01   0.0000000E+00   0.0000000E+00   2.4860583E+06   0.0000000E+00   0.0000000E+00   2.0185219E-02
   1.5942029E-01   0.0000000E+00   0.0000000E+00   2.3279049E+06   0.0000000E+00   0.0000000E+00   1.8726763E-02
   1.7391304E-01   0.0000000E+00   0.0000000E+00   2.1489412E+06   0.0000000E+00   0.0000000E+00   1.7771978E-02
   1.8840580E-01   0.0000000E+00   0.0000000E+00   1.9586910E+06   0.0000000E+00   0.0000000E+00   1.5427817E-02
   2.0289855E-01   0.0000000E+00   0.0000000E+00   1.7643899E+06   0.0000000E+00   0.0000000E+00   1.3059034E-02
   2.1739130E-01   0.0000000E+00   0.0000000E+00   1.6025626E+06   0.0000000E+00   0.0000000E+00   1.3089985E-02
   2.3188406E-01   0.0000000E+00   0.0000000E+00   1.4501659E+06   0.0000000E+00   0.0000000E+00   1.2545834E-02
   2.4637681E-01   0.0000000E+00   0.0000000E+00   1.2760286E+06   0.0000000E+00   0.0000000E+00   1.2312512E-02
   2.6086957E-01   0.0000000E+00   0.0000000E+00   1.0836897E+06   0.0000000E+00   0.0000000E+00   1.2329303E-02
   2.7536232E-01   0.0000000E+00   0.0000000E+00   9.2236495E+05   0.0000000E+00   0.0000000E+00   1.0805740E-02
   2.8985507E-01   0.0000000E+00   0.0000000E+00   8.1884815E+05   0.0000000E+00   0.0000000E+00   9.6410410E-03
   3.0434783E-01   0.0000000E+00   0.0000000E+00   7.3965925E+05   0.0000000E+00   0.0000000E+00   8.9314568E-03
   3.1884058E-01   0.0000000E+00   0.0000000E+00   6.6663607E+05   0.0000000E+00   0.0000000E+00   8.0699905E-03
   3.3333333E-01   0.0000000E+00   0.0000000E+00   6.0757304E+05   0.0000000E+00   0.0000000E+00   8.4352405E-03
   3.4782609E-01   0.0000000E+00   0.0000000E+00   5.4563356E+05   0.0000000E+00   0.0000000E+00   9.2999777E-03
   3.6231884E-01   0.0000000E+00   0.0000000E+00   4.8946759E+05   0.0000000E+00   0.0000000E+00   8.9697430E-03
   3.7681159E-01   0.0000000E+00   0.0000000E+00   4.5266024E+05   0.0000000E+00   0.0000000E+00   7.5781023E-03
   3.9130435E-01   0.0000000E+00   0.0000000E+00   4.2217159E+05   0.0000000E+00   0.0000000E+00   6.8370989E-03
   4.0579710E-01   0.0000000E+00   0.0000000E+00   3.9556561E+05   0.0000000E+00   0.0000000E+00   7.5556293E-03
   4.2028986E-01   0.0000000E+00   0.0000000E+00   3.7379934E+05   0.0000000E+00   0.0000000E+00   8.5562004E-03
   4.3478261E-01   0.0000000E+00   0.0000000E+00   3.5378726E+05   0.0000000E+00   0.0000000E+00   9.4478870E-03
   4.4927536E-01   0.0000000E+00   0.0000000E+00   3.3570179E+05   0.0000000E+00   0.0000000E+00   7.8944679E-03
   4.6376812E-01   0.0000000E+00   0.0000000E+00   3.2149347E+05   0.0000000E+00   0.0000000E+00   6.0497904E-03
   4.7826087E-01   0.0000000E+00   0.0000000E+00   3.0775590E+05   0.0000000E+00   0.0000000E+00   5.6547304E-03
   4.9275362E-01   0.0000000E+00   0.0000000E+00   2.8600103E+05   0.0000000E+00   0.0000000E+00   4.2118675E-03
   5.0724638E-01   0.0000000E+00   0.0000000E+00   2.6925632E+05   0.0000000E+00   0.0000000E+00   4.1757988E-03
   5.2173913E-01   0.0000000E+00   0.0000000E+00   2.5977739E+05   0.0000000E+00   0.0000000E+00   5.7485968E-03
   5.3623188E-01   0.0000000E+00   0.0000000E+00   2.4249622E+05   0.0000000E+00   0.0000000E+00   5.7376798E-03
   5.5072464E-01   0.0000000E+00   0.0000000E+00   2.2754035E+05   0.0000000E+00   0.0000000E+00   5.4576358E-03
   5.6521739E-01   0.0000000E+00   0.0000000E+00   2.1265200E+05   0.0000000E+00   0.0000000E+00   4.6905691E-03
   5.7971014E-01   0.0000000E+00   0.0000000E+00   1.9470044E+05   0.0000000E+00   0.0000000E+00   3.0746559E-03
   5.9420290E-01   0.0000000E+00   0.0000000E+00   1.7585035E+05   0.0000000E+00   0.0000000E+00   4.2688186E-03
   6.0869565E-01   0.0000000E+00   0.0000000E+00   1.5811439E+05   0.0000000E+00   0.0000000E+00   5.3849113E-03
   6.2318841E-01   0.0000000E+00   0.0000000E+00   1.4056897E+05   0.0000000E+00   0.0000000E+00   3.3075434E-03
   6.3768116E-01   0.0000000E+00   0.0000000E+00   1.2184061E+05   0.0000000E+00   0.0000000E+00   3.6158860E-03
   6.5217391E-01   0.0000000E+00   0.0000000E+00   1.0657145E+05   0.0000000E+00   0.0000000E+00   2.8230992E-03
   6.6666667E-01   0.0000000E+00   0.0000000E+00   9.2180315E+04   0.0000000E+00   0.0000000E+00   3.6776903E-03
   6.8115942E-01   0.0000000E+00   0.0000000E+00   7.7595461E+04   0.0000000E+00   0.0000000E+00   7.0702461E-03
   6.9565217E-01   0.0000000E+00   0.0000000E+00   6.4091895E+04   0.0000000E+00   0.0000000E+00   6.4740214E-03
   7.1014493E-01   0.0000000E+00   0.0000000E+00   5.4479721E+04   0.0000000E+00   0.0000000E+00   4.6884560E-03
   7.2463768E-01   0.0000000E+00   0.0000000E+00   4.5994617E+04   0.0000000E+00   0.0000000E+00   6.1735074E-03
   7.3913043E-01   0.0000000E+00   0.0000000E+00   3.8912007E+04   0.0000000E+00   0.0000000E+00   9.6037335E-03
   7.5362319E-01   0.0000000E+00   0.0000000E+00   3.3078121E+04   0.0000000E+00   0.0000000E+00   1.2309218E-02
   7.6811594E-01   0.0000000E+00   0.0000000E+00   2.8036257E+04   0.0000000E+00   0.0000000E+00   1.5023272E-02
   7.8260870E-01   0.0000000E+00   0.0000000E+00   2.4037091E+04   0.0000000E+00   0.0000000E+00   1.9895839E-02
   7.9710145E-01   0.0000000E+00   0.0000000E+00   2.0279789E+04   0.0000000E+00   0.0000000E+00   2.6330988E-02
   8.1159420E-01   0.0000000E+00   0.0000000E+00   1.8118025E+04   0.0000000E+00   0.0000000E+00   2.5952896E-02
   8.2608696E-01   0.0000000E+00   0.0000000E+00   1.5207908E+04   0.0000000E+00   0.0000000E+00   2.9508731E-02
   8.4057971E-01   0.0000000E+00   0.0000000E+00   1.1483630E+04   0.0000000E+00   0.0000000E+00   4.4234538E-02
   8.5507246E-01   0.0000000E+00   0.0000000E+00   9.4524441E+03   0.0000000E+00   0.0000000E+00   5.6669377E-02
   8.6956522E-01   0.0000000E+00   0.0000000E+00   7.5647379E+03   0.0000000E+00   0.0000000E+00   6.2181089E-02
   8.8405797E-01   0.0000000E+00   0.0000000E+00   5.2793130E+03   0.0000000E+00   0.0000000E+00   7.4716875E-02
   8.9855072E-01   0.0000000E+00   0.0000000E+00   3.7397972E+03   0.0000000E+00   0.0000000E+00   8.9415553E-02
   9.1304348E-01   0.0000000E+00   0.0000000E+00   2.3694306E+03   0.0000000E+00   0.0000000E+00   1.0088353E-01
   9.2753623E-01   0.0000000E+00   0.0000000E+00   1.2668410E+03   0.0000000E+00   0.0000000E+00   1.1933708E-01
   9.4202899E-01   0.0000000E+00   0.0000000E+00   5.5955940E+02   0.0000000E+00   0.0000000E+00   9.3059169E-02
   9.5652174E-01   0.0000000E+00   0.0000000E+00   5.7404294E+01   0.0000000E+00   0.0000000E+00   2.5240563E-06
   9.7101449E-01   0.0000000E+00   0.0000000E+00   0.0000000E+00   0.0000000E+00   0.0000000E+00   0.0000000E+00
   9.8550725E-01   0.0000000E+00   0.0000000E+00   0.0000000E+00   0.0000000E+00   0.0000000E+00   0.0000000E+00
   1.0000000E+00   0.0000000E+00   0.0000000E+00   0.0000000E+00   0.0000000E+00   0.0000000E+00   0.0000000E+00
