   0.0000000E+00   3.4144870E+10   1.7174344E+10   5.1319214E+10   4.3712722E-07   1.4248383E-07   2.4845449E-07
   1.4492754E-02   1.5844274E+06   7.6607179E+05   2.3504992E+06   2.9218518E-03   6.8369890E-04   2.0901621E-03
   2.8985507E-02   1.6738403E+06   8.0964165E+05   2.4834820E+06   1.9003580E-03   1.9399975E-03   1.5003147E-03
   4.3478261E-02   1.6511082E+06   7.9183483E+05   2.4429431E+06   2.4794186E-03   2.6700944E-03   2.5273007E-03
   5.7971014E-02   1.6757347E+06   8.1589297E+05   2.4916277E+06   6.8767158E-04   3.8344007E-04   5.7032368E-04
   7.2463768E-02   1.6718702E+06   8.3942070E+05   2.5112909E+06   5.5034727E-04   2.3281588E-03   6.8985075E-04
   8.6956522E-02   1.7540341E+06   8.5838937E+05   2.6124235E+06   3.7865879E-04   5.7160542E-04   1.8081582E-04
   1.0144928E-01   1.8371867E+06   8.9196433E+05   2.7291510E+06   4.8737656E-04   6.2508323E-04   3.8819199E-04
   1.1594203E-01   1.8968044E+06   9.3504707E+05   2.8318514E+06   7.7598421E-04   1.4558810E-04   5.6781421E-04
   1.3043478E-01   1.9591703E+06   9.7680678E+05   2.9359771E+06   1.8352067E-04   7.6928404E-04   3.6877590E-04
   1.4492754E-01   2.0133821E+06   9.9657529E+05   3.0099574E+06   5.4113836E-05   9.3616710E-04   2.9277223E-04
   1.5942029E-01   1.9739041E+06   9.7059181E+05   2.9444959E+06   7.8623388E-04   1.1870632E-03   6.8332769E-04
   1.7391304E-01   1.9129063E+06   9.4357161E+05   2.8564779E+06   5.2650961E-04   7.7121996E-04   6.0621428E-04
   1.8840580E-01   1.7799818E+06   8.7232979E+05   2.6523115E+06   3.6456671E-04   5.0238195E-04   3.7101994E-04
   2.0289855E-01   1.6544639E+06   8.2414689E+05   2.4786108E+06   2.4574454E-04   4.2150630E-04   2.5758519E-04
   2.1739130E-01   1.5428529E+06   7.6789036E+05   2.3107433E+06   6.7896517E-04   2.5763166E-04   4.9823491E-04
   2.3188406E-01   1.4804280E+06   7.2851646E+05   2.2089445E+06   2.8726330E-04   7.1281484E-05   2.1171574E-04
   2.4637681E-01   1.3861678E+06   6.7599027E+05   2.0621581E+06   6.5980660E-04   8.1540116E-04   7.1012092E-04
   2.6086957E-01   1.2564537E+06   6.1898668E+05   1.8754404E+06   1.1891092E-03   6.9210360E-04   8.8235350E-04
   2.7536232E-01   1.1765657E+06   5.7707631E+05   1.7536420E+06   6.5375744E-04   7.1909733E-04   4.0909543E-04
   2.8985507E-01   1.1246707E+06   5.4644181E+05   1.6711125E+06   6.0461025E-04   9.2349757E-04   6.9715687E-04
   3.0434783E-01   1.0679036E+06   5.2254965E+05   1.5904532E+06   1.6550442E-03   1.7224214E-03   1.6478498E-03
   3.1884058E-01   1.0211535E+06   4.9366545E+05   1.5148190E+06   4.3911575E-04   9.1725070E-04   4.9269000E-04
   3.3333333E-01   9.6980412E+05   4.6762237E+05   1.4374265E+06   1.9269374E-03   1.4803307E-03   1.7401049E-03
   3.4782609E-01   9.1657724E+05   4.4504401E+05   1.3616212E+06   6.1471543E-04   1.5164858E-03   8.0008591E-04
   3.6231884E-01   8.5648493E+05   4.2293831E+05   1.2794232E+06   2.6530152E-03   1.3425806E-03   2.2171102E-03
   3.7681159E-01   7.9944135E+05   3.8632913E+05   1.1857705E+06   1.7895799E-03   2.7566776E-03   2.1010023E-03
   3.9130435E-01   7.4300292E+05   3.6427489E+05   1.1072778E+06   2.5593846E-03   2.8449908E-03   2.6460416E-03
   4.0579710E-01   7.0098762E+05   3.3981784E+05   1.0408055E+06   1.9495195E-03   2.1985186E-03   2.0260742E-03
   4.2028986E-01   6.5395289E+05   3.2279583E+05   9.7674871E+05   2.7546315E-03   1.2532106E-03   2.0287250E-03
   4.3478261E-01   6.2801216E+05   3.0680758E+05   9.3481975E+05   1.3901704E-03   3.0001666E-03   1.8986577E-03
   4.4927536E-01   5.7954635E+05   2.8473789E+05   8.6428424E+05   2.4469373E-03   2.8179624E-03   2.5230906E-03
   4.6376812E-01   5.4578353E+05   2.6494737E+05   8.1073089E+05   2.7975275E-03   9.0006058E-04   2.1638327E-03
   4.7826087E-01   5.1234481E+05   2.4993830E+05   7.6228310E+05   2.5212973E-03   1.9817831E-03   2.2500836E-03
   4.9275362E-01   4.7619293E+05   2.3280345E+05   7.0899639E+05   1.9384214E-03   2.7541881E-03   2.1589320E-03
   5.0724638E-01   4.4665330E+05   2.1690754E+05   6.6356084E+05   2.0873121E-03   5.6897855E-04   1.5844329E-03
   5.2173913E-01   4.0993555E+05   2.0155796E+05   6.1149350E+05   1.8815974E-03   1.9321554E-03   1.8972475E-03
   5.3623188E-01   3.7438336E+05   1.8359755E+05   5.5798091E+05   3.2697931E-03   3.5271702E-03   3.3425082E-03
   5.5072464E-01   3.3908717E+05   1.6424940E+05   5.0333656E+05   2.7200707E-03   5.0264097E-03   3.3630062E-03
   5.6521739E-01   3.0509588E+05   1.4698149E+05   4.5207736E+05   3.6114765E-03   2.1242997E-03   3.1231034E-03
   5.7971014E-01   2.7056883E+05   1.2534859E+05   3.9591742E+05   4.8852211E-03   1.9657604E-03   3.9516968E-03
   5.9420290E-01   2.3593333E+05   1.1523142E+05   3.5116475E+05   3.2525977E-03   3.3958251E-03   3.2967615E-03
   6.0869565E-01   2.0743944E+05   9.8523810E+04   3.0596325E+05   4.0776596E-03   1.7500629E-03   3.3225895E-03
   6.2318841E-01   1.8055279E+05   8.7421667E+04   2.6797446E+05   3.2817778E-03   4.3580027E-03   3.6288774E-03
   6.3768116E-01   1.5967578E+05   7.8942385E+04   2.3861817E+05   3.4529352E-03   5.1291336E-03   4.0063005E-03
   6.5217391E-01   1.4612531E+05   6.8432042E+04   2.1455735E+05   7.0350605E-03   6.2173856E-03   6.7742346E-03
   6.6666667E-01   1.3397114E+05   6.2743892E+04   1.9671503E+05   9.0670248E-03   9.6071058E-03   9.2154000E-03
   6.8115942E-01   1.1967403E+05   5.6104759E+04   1.7577879E+05   8.9925379E-03   1.1812129E-02   9.8647404E-03
   6.9565217E-01   1.0807219E+05   5.3278361E+04   1.6135056E+05   9.6967719E-03   1.0326501E-02   9.8438701E-03
   7.1014493E-01   1.0339240E+05   4.8742572E+04   1.5213497E+05   1.2118049E-02   1.0374201E-02   1.1540379E-02
   7.2463768E-01   9.2307483E+04   4.3994192E+04   1.3630167E+05   1.3600433E-02   1.3031195E-02   1.3302748E-02
   7.3913043E-01   8.4643645E+04   4.0234332E+04   1.2487798E+05   2.2671210E-02   1.9141372E-02   2.1272922E-02
   7.5362319E-01   7.6065106E+04   3.5963349E+04   1.1202845E+05   1.4188764E-02   1.8478006E-02   1.5559649E-02
   7.6811594E-01   6.7681612E+04   3.1453221E+04   9.9134833E+04   2.4372563E-02   2.2468282E-02   2.3768279E-02
   7.8260870E-01   5.8359757E+04   2.9088669E+04   8.7448426E+04   3.5872037E-02   3.3592594E-02   3.5104041E-02
   7.9710145E-01   5.3344663E+04   2.4963979E+04   7.8308642E+04   5.2659613E-02   5.4529506E-02   5.3225592E-02
   8.1159420E-01   4.4476437E+04   2.2231453E+04   6.6707890E+04   9.1490164E-02   8.3088275E-02   8.8666322E-02
   8.2608696E-01   3.6291599E+04   1.7069016E+04   5.3360615E+04   1.3155655E-01   1.2739908E-01   1.3022119E-01
   8.4057971E-01   2.7030297E+04   1.3051361E+04   4.0081658E+04   1.7865842E-01   1.6533952E-01   1.7431958E-01
   8.5507246E-01   2.0163502E+04   9.4524441E+03   2.9615946E+04   2.1316933E-01   2.1578838E-01   2.1397094E-01
   8.6956522E-01   1.3563487E+04   6.7564854E+03   2.0319972E+04   2.4509347E-01   2.5487923E-01   2.4834649E-01
   8.8405797E-01   8.8444020E+03   4.4222010E+03   1.3266603E+04   2.8456265E-01   2.8452751E-01   2.8454786E-01
   8.9855072E-01   5.7563545E+03   3.1409408E+03   8.8972953E+03   2.9698868E-01   2.8180558E-01   2.9162666E-01
   9.1304348E-01   3.8127386E+03   1.8041350E+03   5.6168735E+03   2.8938109E-01   3.0099466E-01   2.9310643E-01
   9.2753623E-01   1.9417003E+03   9.1165195E+02   2.8533522E+03   3.0730915E-01   2.7028053E-01   2.9544694E-01
   9.4202899E-01   6.5281930E+02   3.8469709E+02   1.0375164E+03   3.2771871E-01   2.2971592E-01   2.9136834E-01
   9.5652174E-01   3.4442577E+01   2.2961718E+01   5.7404294E+01   4.2738188E-01   2.1415670E-01   3.4209181E-01
   9.7101449E-01   0.0000000E+00   0.0000000E+00   0.0000000E+00   0.0000000E+00   0.0000000E+00   0.0000000E+00
   9.8550725E-01   0.0000000E+00   0.0000000E+00   0.0000000E+00   0.0000000E+00   0.0000000E+00   0.0000000E+00
   1.0000000E+00   0.0000000E+00   0.0000000E+00   0.0000000E+00   0.0000000E+00   0.0000000E+00   0.0000000E+00
