   0.0000000E+00   3.0832585E+10   1.5695315E+10   4.6527900E+10   1.4042339E-06   7.9493907E-07   6.7998980E-07
   1.4492754E-02   3.3840520E+06   1.5904893E+06   4.9745413E+06   2.0717188E-03   2.8727116E-03   1.0485688E-03
   2.8985507E-02   3.4484596E+06   1.6359535E+06   5.0844132E+06   4.5456601E-04   5.6105324E-04   4.7891545E-04
   4.3478261E-02   3.4254750E+06   1.6170101E+06   5.0424851E+06   1.5805690E-03   3.3889674E-03   2.1531761E-03
   5.7971014E-02   3.3726860E+06   1.6253452E+06   4.9980312E+06   3.0907909E-03   4.0806659E-03   3.4076464E-03
   7.2463768E-02   3.4378513E+06   1.6683846E+06   5.1062360E+06   3.8563888E-03   6.9376716E-03   4.8073999E-03
   8.6956522E-02   3.4753593E+06   1.6721986E+06   5.1475579E+06   5.6745983E-03   4.4489377E-03   5.2717338E-03
   1.0144928E-01   3.4680526E+06   1.6849899E+06   5.1530424E+06   5.1412332E-03   5.2646030E-03   5.1815456E-03
   1.1594203E-01   3.4675925E+06   1.6950570E+06   5.1626495E+06   4.0995503E-03   4.5108913E-03   4.2191909E-03
   1.3043478E-01   3.5348416E+06   1.7202307E+06   5.2550723E+06   3.6487952E-03   3.3708917E-03   3.5577964E-03
   1.4492754E-01   3.5304468E+06   1.6899801E+06   5.2204269E+06   1.4069145E-03   1.8798969E-03   1.5477259E-03
   1.5942029E-01   3.4477019E+06   1.6935415E+06   5.1412434E+06   7.0245495E-04   8.6015523E-04   6.0923687E-04
   1.7391304E-01   3.3810211E+06   1.6175152E+06   4.9985363E+06   1.1110601E-04   3.7804703E-04   1.3109938E-04
   1.8840580E-01   3.1942681E+06   1.5622199E+06   4.7564880E+06   3.3389422E-04   3.2898964E-04   2.9799661E-04
   2.0289855E-01   3.0043177E+06   1.4622153E+06   4.4665330E+06   3.8277877E-04   2.1674351E-04   3.1410914E-04
   2.1739130E-01   2.8094856E+06   1.3448311E+06   4.1543166E+06   6.5288804E-05   3.9836190E-04   8.5333209E-05
   2.3188406E-01   2.6264101E+06   1.2608265E+06   3.8872365E+06   1.7603677E-04   1.0438129E-04   1.4362820E-04
   2.4637681E-01   2.4236431E+06   1.1605852E+06   3.5842282E+06   3.0688918E-04   1.9778872E-04   2.6715035E-04
   2.6086957E-01   2.1967628E+06   1.0603683E+06   3.2571311E+06   7.7535256E-04   3.7664670E-04   5.3584870E-04
   2.7536232E-01   2.0239546E+06   9.6053095E+05   2.9844855E+06   4.8513704E-04   3.5555279E-04   4.3798343E-04
   2.8985507E-01   1.8646384E+06   8.9458393E+05   2.7592224E+06   8.2653778E-04   3.3295794E-04   6.5510768E-04
   3.0434783E-01   1.7199179E+06   8.2661856E+05   2.5465365E+06   7.1404941E-04   3.1363009E-04   5.8135301E-04
   3.1884058E-01   1.5719936E+06   7.4978045E+05   2.3217741E+06   5.5167648E-04   1.0216958E-03   7.0343706E-04
   3.3333333E-01   1.4283336E+06   6.7774605E+05   2.1060797E+06   7.8696371E-04   1.1557836E-03   8.9065949E-04
   3.4782609E-01   1.2603687E+06   6.0009588E+05   1.8604646E+06   9.0870545E-04   6.1133508E-04   8.0753164E-04
   3.6231884E-01   1.1251480E+06   5.2689978E+05   1.6520478E+06   1.5629679E-03   1.4008344E-03   1.4950099E-03
   3.7681159E-01   9.7925809E+05   4.5676950E+05   1.4360276E+06   1.2622480E-03   1.4593533E-03   1.2762758E-03
   3.9130435E-01   8.6906785E+05   4.1069328E+05   1.2797611E+06   9.0827662E-04   2.2002351E-03   1.2784270E-03
   4.0579710E-01   7.9267376E+05   3.7023556E+05   1.1629093E+06   2.0980549E-03   8.2218953E-04   1.6541372E-03
   4.2028986E-01   7.2842011E+05   3.3917862E+05   1.0675987E+06   2.0711130E-03   2.1713253E-03   2.0926070E-03
   4.3478261E-01   6.8004342E+05   3.1350092E+05   9.9354434E+05   1.8341840E-03   2.9099422E-03   2.1728508E-03
   4.4927536E-01   6.3882091E+05   2.9290189E+05   9.3172280E+05   1.8947289E-03   1.8025441E-03   1.8632505E-03
   4.6376812E-01   5.9899085E+05   2.7610030E+05   8.7509115E+05   2.6104497E-03   3.0152843E-03   2.7337855E-03
   4.7826087E-01   5.7140234E+05   2.6141916E+05   8.3282150E+05   2.8797883E-03   2.8058746E-03   2.8515493E-03
   4.9275362E-01   5.2725101E+05   2.4470438E+05   7.7195539E+05   2.6968619E-03   3.9830954E-03   3.1036162E-03
   5.0724638E-01   5.0116704E+05   2.2994061E+05   7.3110765E+05   3.1142965E-03   3.5064535E-03   3.2332469E-03
   5.2173913E-01   4.7160689E+05   2.1822817E+05   6.8983506E+05   3.7372664E-03   3.3179660E-03   3.5940634E-03
   5.3623188E-01   4.4528294E+05   2.0409740E+05   6.4938034E+05   4.3139106E-03   5.0356159E-03   4.5278698E-03
   5.5072464E-01   4.1625667E+05   1.8835739E+05   6.0461405E+05   4.9407958E-03   3.5889975E-03   4.4834367E-03
   5.6521739E-01   3.8965152E+05   1.8067163E+05   5.7032314E+05   4.9289362E-03   3.7787967E-03   4.5045037E-03
   5.7971014E-01   3.6509648E+05   1.6986562E+05   5.3496210E+05   5.3335861E-03   6.0221208E-03   5.5465419E-03
   5.9420290E-01   3.4517678E+05   1.5723960E+05   5.0241638E+05   5.7645353E-03   5.6798156E-03   5.7344905E-03
   6.0869565E-01   3.2151489E+05   1.4700092E+05   4.6851581E+05   7.0030407E-03   6.7713080E-03   6.8290049E-03
   6.2318841E-01   3.0006373E+05   1.3508859E+05   4.3515232E+05   9.5574443E-03   5.8014234E-03   8.3848597E-03
   6.3768116E-01   2.7548895E+05   1.2717921E+05   4.0266816E+05   1.0195666E-02   8.6489859E-03   9.7060832E-03
   6.5217391E-01   2.5544146E+05   1.1426669E+05   3.6970815E+05   1.3130987E-02   8.6813814E-03   1.1748730E-02
   6.6666667E-01   2.3392649E+05   1.0664320E+05   3.4056969E+05   1.3000089E-02   1.3999933E-02   1.3313049E-02
   6.8115942E-01   2.1701901E+05   9.6071338E+04   3.1309035E+05   1.5723008E-02   1.5861376E-02   1.5726432E-02
   6.9565217E-01   1.9909531E+05   9.1622994E+04   2.9071831E+05   1.6514974E-02   2.0943170E-02   1.7910499E-02
   7.1014493E-01   1.8130010E+05   8.3165467E+04   2.6446557E+05   2.3854405E-02   2.2728862E-02   2.3499854E-02
   7.2463768E-01   1.6376205E+05   7.5137170E+04   2.3889922E+05   2.7204126E-02   2.8907041E-02   2.7737401E-02
   7.3913043E-01   1.4658490E+05   6.8196302E+04   2.1478121E+05   3.5189731E-02   3.1929302E-02   3.4137175E-02
   7.5362319E-01   1.3336166E+05   6.1245525E+04   1.9460718E+05   4.3896699E-02   4.3880618E-02   4.3875307E-02
   7.6811594E-01   1.1882169E+05   5.5557826E+04   1.7437952E+05   6.0607385E-02   6.1736577E-02   6.0961594E-02
   7.8260870E-01   1.0258913E+05   4.7540961E+04   1.5013009E+05   9.4389272E-02   8.6039460E-02   9.1744906E-02
   7.9710145E-01   8.5431367E+04   3.9195652E+04   1.2462702E+05   1.3253477E-01   1.3585428E-01   1.3357787E-01
   8.1159420E-01   6.7452096E+04   3.0769522E+04   9.8221618E+04   1.7932767E-01   1.7676338E-01   1.7852407E-01
   8.2608696E-01   4.9837804E+04   2.1322976E+04   7.1160780E+04   2.1915797E-01   2.1984194E-01   2.1936292E-01
   8.4057971E-01   3.3523316E+04   1.5912470E+04   4.9435786E+04   2.5310462E-01   2.5592823E-01   2.5401349E-01
   8.5507246E-01   2.1627603E+04   9.0799972E+03   3.0707600E+04   2.7531252E-01   2.8427194E-01   2.7795944E-01
   8.6956522E-01   1.4258079E+04   6.8575170E+03   2.1115596E+04   2.9929432E-01   2.9963608E-01   2.9939591E-01
   8.8405797E-01   8.6704952E+03   4.0619655E+03   1.2732461E+04   3.2342152E-01   2.9440314E-01   3.1416196E-01
   8.9855072E-01   5.2308274E+03   2.3709825E+03   7.6018100E+03   3.2353253E-01   3.3532996E-01   3.2720803E-01
   9.1304348E-01   3.2955532E+03   1.4673631E+03   4.7629163E+03   3.4116043E-01   3.4182543E-01   3.4136528E-01
   9.2753623E-01   1.6338697E+03   6.3934033E+02   2.2732101E+03   3.5235171E-01   3.7275812E-01   3.5809096E-01
   9.4202899E-01   5.2458694E+02   3.1475216E+02   8.3933910E+02   3.6550229E-01   3.4501347E-01   3.5781898E-01
   9.5652174E-01   8.0366012E+01   1.1480859E+01   9.1846871E+01   3.6471226E-01   4.2850256E-01   3.7268605E-01
   9.7101449E-01   0.0000000E+00   0.0000000E+00   0.0000000E+00   0.0000000E+00   0.0000000E+00   0.0000000E+00
   9.8550725E-01   0.0000000E+00   0.0000000E+00   0.0000000E+00   0.0000000E+00   0.0000000E+00   0.0000000E+00
   1.0000000E+00   0.0000000E+00   0.0000000E+00   0.0000000E+00   0.0000000E+00   0.0000000E+00   0.0000000E+00
