   0.0000000E+00   2.2325729E+10   1.2985497E+10   3.5311227E+10   8.0594596E-07   7.2506249E-07   4.5477789E-07
   1.4492754E-02   4.3433467E+06   1.9057078E+06   6.2490544E+06   8.5339718E-04   1.6767896E-03   1.5856777E-04
   2.8985507E-02   4.4035867E+06   1.9034346E+06   6.3070213E+06   7.1169974E-04   8.2042456E-04   6.5525083E-04
   4.3478261E-02   4.3888109E+06   1.9678422E+06   6.3566530E+06   4.2919274E-04   6.1769824E-04   2.2470901E-04
   5.7971014E-02   4.4630691E+06   1.9809131E+06   6.4439822E+06   1.2963331E-04   4.0013144E-04   1.7559089E-04
   7.2463768E-02   4.5671821E+06   2.0407364E+06   6.6079185E+06   3.2410998E-04   6.5877890E-04   4.2637766E-04
   8.6956522E-02   4.7329496E+06   2.1090338E+06   6.8419834E+06   4.4357203E-04   3.4710746E-04   3.9590581E-04
   1.0144928E-01   4.8006949E+06   2.1875858E+06   6.9882807E+06   5.7057799E-04   4.1868566E-04   5.2299418E-04
   1.1594203E-01   5.0900962E+06   2.2986889E+06   7.3887851E+06   1.8176873E-04   3.0886106E-04   4.9460051E-05
   1.3043478E-01   5.2130600E+06   2.4076662E+06   7.6207262E+06   3.5506177E-04   3.7113781E-04   1.2563326E-04
   1.4492754E-01   5.3115068E+06   2.3919474E+06   7.7034542E+06   1.0746839E-04   4.0835096E-04   1.9425219E-04
   1.5942029E-01   5.2049622E+06   2.3663428E+06   7.5713049E+06   3.3892071E-04   6.7274868E-04   3.3585095E-04
   1.7391304E-01   4.9497886E+06   2.2379122E+06   7.1877008E+06   9.0211188E-05   4.9485452E-04   2.0938400E-04
   1.8840580E-01   4.7057197E+06   2.0941510E+06   6.7998707E+06   2.3784746E-04   3.4761285E-04   1.1562305E-04
   2.0289855E-01   4.4436927E+06   1.9423497E+06   6.3860424E+06   3.8587456E-04   2.8042021E-04   3.5376504E-04
   2.1739130E-01   4.1712394E+06   1.8224072E+06   5.9936467E+06   2.4314101E-04   3.7558646E-04   1.2087679E-04
   2.3188406E-01   4.0038333E+06   1.7095960E+06   5.7134293E+06   2.7252722E-04   2.6003268E-04   2.6562367E-04
   2.4637681E-01   3.7975088E+06   1.6175895E+06   5.4150984E+06   3.1367548E-04   5.8765914E-04   3.9503321E-04
   2.6086957E-01   3.4669400E+06   1.4594009E+06   4.9263409E+06   4.8945142E-04   8.1663074E-04   5.7686551E-04
   2.7536232E-01   3.2880986E+06   1.3771266E+06   4.6652252E+06   4.0275773E-04   3.2912545E-04   2.6414782E-04
   2.8985507E-01   3.1531318E+06   1.3187270E+06   4.4718588E+06   5.8058468E-04   8.8380426E-04   6.6195165E-04
   3.0434783E-01   3.0349519E+06   1.2497243E+06   4.2846762E+06   7.0853258E-04   7.5316745E-04   7.1155089E-04
   3.1884058E-01   2.8999272E+06   1.1827581E+06   4.0826853E+06   8.3017541E-04   1.1341230E-03   9.1556474E-04
   3.3333333E-01   2.7548341E+06   1.1104466E+06   3.8652807E+06   8.4871779E-04   1.2973464E-03   9.7755741E-04
   3.4782609E-01   2.6276730E+06   1.0652515E+06   3.6929244E+06   1.1288445E-03   1.5819823E-03   1.2347168E-03
   3.6231884E-01   2.4674634E+06   9.9366558E+05   3.4611290E+06   1.3565910E-03   1.9974168E-03   1.5368493E-03
   3.7681159E-01   2.3282042E+06   9.3443505E+05   3.2626393E+06   1.6977776E-03   1.8178291E-03   1.7317170E-03
   3.9130435E-01   2.1782404E+06   8.6760850E+05   3.0458489E+06   1.1585023E-03   9.2699004E-04   1.0676219E-03
   4.0579710E-01   2.0652384E+06   8.1540586E+05   2.8806443E+06   1.3817653E-03   2.5440297E-03   1.7101255E-03
   4.2028986E-01   1.9627993E+06   7.6578437E+05   2.7285837E+06   1.2397752E-03   1.6109172E-03   1.3071967E-03
   4.3478261E-01   1.8686039E+06   7.1583385E+05   2.5844378E+06   1.1824253E-03   2.0384972E-03   1.3880596E-03
   4.4927536E-01   1.7545760E+06   6.8445621E+05   2.4390322E+06   8.5778718E-04   1.2256016E-03   9.4178773E-04
   4.6376812E-01   1.6544707E+06   6.3848787E+05   2.2929586E+06   1.5905829E-03   2.7713953E-03   1.9193502E-03
   4.7826087E-01   1.5544394E+06   5.9911714E+05   2.1535565E+06   1.7596820E-03   5.3287901E-04   1.4171054E-03
   4.9275362E-01   1.4527372E+06   5.5031741E+05   2.0030546E+06   1.5037129E-03   1.7839954E-03   1.5507114E-03
   5.0724638E-01   1.3576260E+06   5.1320423E+05   1.8708302E+06   1.8226042E-03   2.2691935E-03   1.9280779E-03
   5.2173913E-01   1.2652729E+06   4.7587969E+05   1.7411526E+06   2.0562491E-03   2.4491046E-03   2.0931248E-03
   5.3623188E-01   1.1730583E+06   4.3494086E+05   1.6079992E+06   2.2133104E-03   2.0276802E-03   2.1512003E-03
   5.5072464E-01   1.0674316E+06   3.9529926E+05   1.4627309E+06   2.9157710E-03   3.0638420E-03   2.9515063E-03
   5.6521739E-01   9.6187872E+05   3.5384360E+05   1.3157223E+06   2.7337001E-03   1.0786091E-03   2.2766067E-03
   5.7971014E-01   8.5762532E+05   3.0866404E+05   1.1662894E+06   3.5828734E-03   4.1249523E-03   3.7247374E-03
   5.9420290E-01   7.4385717E+05   2.6339666E+05   1.0072538E+06   3.0119395E-03   2.8434241E-03   2.9678725E-03
   6.0869565E-01   6.4528495E+05   2.2741121E+05   8.7269616E+05   3.3569761E-03   4.3309459E-03   3.5544223E-03
   6.2318841E-01   5.7607372E+05   1.9773403E+05   7.7380775E+05   4.2508447E-03   5.3897723E-03   4.4772587E-03
   6.3768116E-01   5.1973848E+05   1.7429666E+05   6.9403514E+05   5.4714611E-03   4.7050909E-03   5.2788389E-03
   6.5217391E-01   4.7235621E+05   1.5781129E+05   6.3016750E+05   5.2320277E-03   6.5045221E-03   5.5399308E-03
   6.6666667E-01   4.3647280E+05   1.4551839E+05   5.8199119E+05   6.9533237E-03   5.6984608E-03   6.6365406E-03
   6.8115942E-01   4.0113290E+05   1.3310370E+05   5.3423661E+05   7.0549334E-03   5.8639553E-03   6.7578843E-03
   6.9565217E-01   3.7703715E+05   1.2300592E+05   5.0004307E+05   1.0119611E-02   9.5517968E-03   9.9778775E-03
   7.1014493E-01   3.4729083E+05   1.1270173E+05   4.5999256E+05   1.0915305E-02   8.7427144E-03   1.0382473E-02
   7.2463768E-01   3.1674909E+05   1.0282487E+05   4.1957396E+05   1.3490882E-02   1.0878242E-02   1.2755673E-02
   7.3913043E-01   2.9073317E+05   9.2577594E+04   3.8331076E+05   1.5168866E-02   1.3867849E-02   1.4854361E-02
   7.5362319E-01   2.5774705E+05   8.2768161E+04   3.4051521E+05   1.7752822E-02   1.6448879E-02   1.7435752E-02
   7.6811594E-01   2.3651392E+05   7.3228817E+04   3.0974274E+05   2.3760211E-02   1.8495535E-02   2.2508919E-02
   7.8260870E-01   2.1083322E+05   6.2457148E+04   2.7329036E+05   3.7870412E-02   3.8629247E-02   3.8035248E-02
   7.9710145E-01   1.7761348E+05   5.6844028E+04   2.3445751E+05   6.0033715E-02   5.4705335E-02   5.8741676E-02
   8.1159420E-01   1.4495773E+05   4.5112395E+04   1.9007013E+05   9.7000173E-02   1.0005933E-01   9.7724779E-02
   8.2608696E-01   1.1104166E+05   3.4563428E+04   1.4560509E+05   1.4342093E-01   1.3521230E-01   1.4146234E-01
   8.4057971E-01   7.9523159E+04   2.4260638E+04   1.0378380E+05   1.8925622E-01   1.7731305E-01   1.8646364E-01
   8.5507246E-01   5.4107536E+04   1.5835412E+04   6.9942949E+04   2.1747206E-01   2.1080741E-01   2.1596272E-01
   8.6956522E-01   3.7217500E+04   9.6864006E+03   4.6903901E+04   2.4290591E-01   2.3755187E-01   2.4179995E-01
   8.8405797E-01   2.3527103E+04   7.1301780E+03   3.0657281E+04   2.6117297E-01   2.5631131E-01   2.6004197E-01
   8.9855072E-01   1.4287003E+04   4.4119830E+03   1.8698986E+04   2.6956213E-01   2.7858756E-01   2.7168687E-01
   9.1304348E-01   8.2028003E+03   2.3574030E+03   1.0560203E+04   2.9168604E-01   2.7738560E-01   2.8849177E-01
   9.2753623E-01   4.4517030E+03   1.1602843E+03   5.6119873E+03   2.8104805E-01   3.0374731E-01   2.8574095E-01
   9.4202899E-01   1.5970758E+03   3.7303960E+02   1.9701154E+03   2.8056044E-01   2.8758017E-01   2.8188908E-01
   9.5652174E-01   1.1480859E+02   5.7404294E+01   1.7221288E+02   2.9843957E-01   1.7035959E-01   2.5574624E-01
   9.7101449E-01   0.0000000E+00   0.0000000E+00   0.0000000E+00   0.0000000E+00   0.0000000E+00   0.0000000E+00
   9.8550725E-01   0.0000000E+00   0.0000000E+00   0.0000000E+00   0.0000000E+00   0.0000000E+00   0.0000000E+00
   1.0000000E+00   0.0000000E+00   0.0000000E+00   0.0000000E+00   0.0000000E+00   0.0000000E+00   0.0000000E+00
