   0.0000000E+00   2.1800757E+10   1.2768530E+10   3.4569287E+10   1.2773604E-06   7.1161622E-07   5.9163130E-07
   1.4492754E-02   6.2445080E+06   2.8324197E+06   9.0769277E+06   2.6966310E-04   1.5509321E-03   6.5580739E-04
   2.8985507E-02   6.1755540E+06   2.7312619E+06   8.9068159E+06   4.1170723E-04   9.5074966E-04   2.3471999E-04
   4.3478261E-02   6.2303636E+06   2.6854188E+06   8.9157824E+06   6.9317541E-04   1.2389032E-03   7.2138800E-04
   5.7971014E-02   6.3058847E+06   2.7735057E+06   9.0793904E+06   5.6845851E-04   6.7843393E-04   4.4731220E-04
   7.2463768E-02   6.3563499E+06   2.8260547E+06   9.1824047E+06   1.7577369E-04   5.3938354E-04   2.2145220E-04
   8.6956522E-02   6.5820797E+06   2.9150130E+06   9.4970927E+06   1.2868187E-04   6.5697136E-04   2.7873365E-04
   1.0144928E-01   6.7991713E+06   3.0257508E+06   9.8249221E+06   8.7919593E-05   3.0083470E-04   1.4006442E-04
   1.1594203E-01   7.0391844E+06   3.1485854E+06   1.0187770E+07   1.3958837E-04   2.6222566E-04   1.7309163E-04
   1.3043478E-01   7.3084545E+06   3.2945549E+06   1.0603009E+07   1.3293984E-04   1.8682176E-04   6.5826815E-05
   1.4492754E-01   7.4693894E+06   3.3599560E+06   1.0829345E+07   8.5918014E-05   5.0964714E-04   1.7598893E-04
   1.5942029E-01   7.4333280E+06   3.3531226E+06   1.0786451E+07   7.3980809E-05   3.7292276E-04   1.4039903E-04
   1.7391304E-01   7.2709255E+06   3.2776532E+06   1.0548579E+07   2.0488567E-04   8.5540180E-05   1.6265947E-04
   1.8840580E-01   6.9171450E+06   3.0600905E+06   9.9772355E+06   6.3211941E-05   1.4688414E-04   5.6736171E-05
   2.0289855E-01   6.5457625E+06   2.8895206E+06   9.4352831E+06   1.5497759E-04   1.7735032E-04   1.5046427E-04
   2.1739130E-01   6.1741395E+06   2.6627877E+06   8.8369273E+06   2.9942947E-04   2.5053098E-04   2.7291817E-04
   2.3188406E-01   5.7501322E+06   2.4362655E+06   8.1863977E+06   1.4811326E-04   3.7502609E-04   2.1138828E-04
   2.4637681E-01   5.3311233E+06   2.2568964E+06   7.5880197E+06   4.0093896E-04   3.0650011E-04   3.6268325E-04
   2.6086957E-01   4.7816132E+06   1.9937736E+06   6.7753868E+06   2.8790165E-04   4.4197720E-04   3.3313363E-04
   2.7536232E-01   4.3421901E+06   1.7563938E+06   6.0985839E+06   2.2436241E-04   4.6566070E-04   2.3766919E-04
   2.8985507E-01   3.9943710E+06   1.6314071E+06   5.6257781E+06   5.6239835E-04   7.0042012E-04   5.9314777E-04
   3.0434783E-01   3.6935694E+06   1.4921639E+06   5.1857334E+06   7.3004928E-04   4.6249822E-04   6.2992578E-04
   3.1884058E-01   3.4121227E+06   1.3663026E+06   4.7784253E+06   8.8137870E-04   8.3264921E-04   8.5424055E-04
   3.3333333E-01   3.1604868E+06   1.2406785E+06   4.4011653E+06   1.0646554E-03   1.0177535E-03   1.0472208E-03
   3.4782609E-01   2.8961328E+06   1.1300064E+06   4.0261392E+06   9.3299295E-04   1.4848871E-03   1.0707027E-03
   3.6231884E-01   2.6218295E+06   1.0220655E+06   3.6438951E+06   1.3652659E-03   1.7919018E-03   1.4784865E-03
   3.7681159E-01   2.3482843E+06   9.0214381E+05   3.2504281E+06   1.2450972E-03   1.5332847E-03   1.3134736E-03
   3.9130435E-01   2.1115876E+06   8.0084348E+05   2.9124311E+06   2.2293706E-03   2.4183989E-03   2.2582167E-03
   4.0579710E-01   1.9146382E+06   7.2574937E+05   2.6403876E+06   1.5877717E-03   2.3391089E-03   1.7937912E-03
   4.2028986E-01   1.7173971E+06   6.4689810E+05   2.3642952E+06   1.2452014E-03   1.5216203E-03   1.3140408E-03
   4.3478261E-01   1.5459849E+06   5.7951702E+05   2.1255019E+06   1.7617591E-03   1.9661444E-03   1.8169725E-03
   4.4927536E-01   1.3882714E+06   5.0809911E+05   1.8963705E+06   2.0809852E-03   2.2434046E-03   2.1131393E-03
   4.6376812E-01   1.2207138E+06   4.4221039E+05   1.6629242E+06   1.6608476E-03   2.2271932E-03   1.8101735E-03
   4.7826087E-01   1.0561931E+06   3.7638848E+05   1.4325816E+06   2.4188514E-03   1.9542687E-03   2.2959940E-03
   4.9275362E-01   9.0928402E+05   3.2087920E+05   1.2301632E+06   2.1650175E-03   3.8217596E-03   2.5844658E-03
   5.0724638E-01   7.8501520E+05   2.6436350E+05   1.0493787E+06   2.5056366E-03   3.9214115E-03   2.8592676E-03
   5.2173913E-01   6.7602741E+05   2.2860495E+05   9.0463236E+05   3.7995716E-03   2.0900168E-03   3.3349351E-03
   5.3623188E-01   5.9330782E+05   1.9418538E+05   7.8749321E+05   3.2671864E-03   4.5619288E-03   3.5255659E-03
   5.5072464E-01   5.2140260E+05   1.6973302E+05   6.9113562E+05   4.4685910E-03   4.7734181E-03   4.5309334E-03
   5.6521739E-01   4.7558663E+05   1.5246051E+05   6.2804714E+05   3.9914188E-03   4.5385905E-03   4.1187473E-03
   5.7971014E-01   4.2478719E+05   1.3881736E+05   5.6360455E+05   3.9297393E-03   4.7738870E-03   4.0726757E-03
   5.9420290E-01   3.9326534E+05   1.2519289E+05   5.1845822E+05   5.0985115E-03   4.2436905E-03   4.8374591E-03
   6.0869565E-01   3.5269034E+05   1.1241565E+05   4.6510599E+05   5.1049325E-03   7.1798022E-03   5.5177262E-03
   6.2318841E-01   3.2094554E+05   9.9052044E+04   4.1999758E+05   7.0840580E-03   5.4073689E-03   6.5852676E-03
   6.3768116E-01   2.9512122E+05   9.1806688E+04   3.8692790E+05   7.3534389E-03   6.1147881E-03   7.0210653E-03
   6.5217391E-01   2.6369237E+05   8.1178857E+04   3.4487122E+05   8.0573768E-03   9.0658756E-03   8.2702069E-03
   6.6666667E-01   2.3952715E+05   7.4126415E+04   3.1365357E+05   9.7925633E-03   6.2020813E-03   8.9357280E-03
   6.8115942E-01   2.2082382E+05   6.7519175E+04   2.8834299E+05   1.0357304E-02   1.1448418E-02   1.0572437E-02
   6.9565217E-01   1.9930053E+05   6.0540004E+04   2.5984054E+05   1.2519900E-02   1.2372761E-02   1.2455291E-02
   7.1014493E-01   1.8021762E+05   5.2484863E+04   2.3270248E+05   1.2020619E-02   1.0362571E-02   1.1594367E-02
   7.2463768E-01   1.5880645E+05   4.9677217E+04   2.0848367E+05   1.4751230E-02   1.6395222E-02   1.5140655E-02
   7.3913043E-01   1.4523286E+05   4.3235564E+04   1.8846843E+05   1.9006478E-02   1.3893403E-02   1.7743619E-02
   7.5362319E-01   1.2801378E+05   3.7872262E+04   1.6588605E+05   2.2931171E-02   1.8018833E-02   2.1800114E-02
   7.6811594E-01   1.1281698E+05   3.4098151E+04   1.4691514E+05   3.1051491E-02   2.8387078E-02   3.0248786E-02
   7.8260870E-01   1.0229445E+05   2.9649956E+04   1.3194441E+05   3.9929455E-02   3.4698711E-02   3.8753989E-02
   7.9710145E-01   8.9220050E+04   2.6410568E+04   1.1563062E+05   5.7861919E-02   6.1979322E-02   5.8752000E-02
   8.1159420E-01   7.5340676E+04   2.2014957E+04   9.7355633E+04   9.9168957E-02   8.3730385E-02   9.5663644E-02
   8.2608696E-01   6.0366356E+04   1.7401356E+04   7.7767712E+04   1.3102616E-01   1.2621686E-01   1.2994021E-01
   8.4057971E-01   4.5268235E+04   1.3417165E+04   5.8685400E+04   1.7526230E-01   1.6460432E-01   1.7282151E-01
   8.5507246E-01   3.5279706E+04   1.0133123E+04   4.5412829E+04   2.1178159E-01   1.9702315E-01   2.0848682E-01
   8.6956522E-01   2.4904279E+04   6.9838064E+03   3.1888085E+04   2.4072019E-01   2.2790560E-01   2.3791101E-01
   8.8405797E-01   1.7191927E+04   4.5712639E+03   2.1763191E+04   2.6753423E-01   2.7198561E-01   2.6845775E-01
   8.9855072E-01   1.1158284E+04   3.3487073E+03   1.4506991E+04   2.8802398E-01   2.8172174E-01   2.8656730E-01
   9.1304348E-01   6.6271891E+03   1.8402177E+03   8.4674068E+03   2.9410373E-01   3.1569276E-01   2.9879278E-01
   9.2753623E-01   3.5874096E+03   8.7613304E+02   4.4635427E+03   3.0504380E-01   3.2827453E-01   3.0960278E-01
   9.4202899E-01   1.3639260E+03   3.0309467E+02   1.6670207E+03   3.1296076E-01   3.2580500E-01   3.1529388E-01
   9.5652174E-01   1.2628945E+02   2.2961718E+01   1.4925117E+02   3.5018621E-01   4.2592376E-01   3.6183814E-01
   9.7101449E-01   0.0000000E+00   0.0000000E+00   0.0000000E+00   0.0000000E+00   0.0000000E+00   0.0000000E+00
   9.8550725E-01   0.0000000E+00   0.0000000E+00   0.0000000E+00   0.0000000E+00   0.0000000E+00   0.0000000E+00
   1.0000000E+00   0.0000000E+00   0.0000000E+00   0.0000000E+00   0.0000000E+00   0.0000000E+00   0.0000000E+00
