   0.0000000E+00   3.4116973E+10   1.7181340E+10   5.1298313E+10   1.0097009E-06   2.6454545E-06   8.8766798E-07
   1.4492754E-02   3.7591317E+06   1.8375115E+06   5.5966431E+06   2.2953580E-03   1.5432861E-03   1.3199994E-03
   2.8985507E-02   3.6772961E+06   1.8053076E+06   5.4826038E+06   2.1899154E-03   3.3806364E-03   2.1115487E-03
   4.3478261E-02   3.6527960E+06   1.8112433E+06   5.4640392E+06   3.1556534E-03   3.0120362E-03   1.2084665E-03
   5.7971014E-02   3.6231180E+06   1.7746193E+06   5.3977373E+06   3.6247143E-03   2.8242114E-04   2.4481342E-03
   7.2463768E-02   3.5815182E+06   1.7515841E+06   5.3331023E+06   2.0836474E-03   3.4872889E-03   2.4984332E-03
   8.6956522E-02   3.5614887E+06   1.7064230E+06   5.2679117E+06   6.3114020E-03   2.8713813E-03   5.1957122E-03
   1.0144928E-01   3.4945733E+06   1.7019848E+06   5.1965582E+06   6.0278070E-03   5.4326011E-03   5.7709478E-03
   1.1594203E-01   3.3831049E+06   1.6700517E+06   5.0531565E+06   6.8066499E-03   7.0121333E-03   6.8739989E-03
   1.3043478E-01   3.3057526E+06   1.6154104E+06   4.9211630E+06   9.8286057E-03   7.8187651E-03   9.1491821E-03
   1.4492754E-01   3.2068932E+06   1.5941264E+06   4.8010196E+06   1.0423617E-02   8.5822053E-03   9.8023498E-03
   1.5942029E-01   3.0906702E+06   1.5332457E+06   4.6239159E+06   1.2814539E-02   1.3107757E-02   1.2909768E-02
   1.7391304E-01   2.9691281E+06   1.4558016E+06   4.4249297E+06   1.2709112E-02   1.3817044E-02   1.3073021E-02
   1.8840580E-01   2.8245509E+06   1.3945852E+06   4.2191361E+06   1.4534637E-02   1.3741237E-02   1.4270893E-02
   2.0289855E-01   2.6900194E+06   1.3122376E+06   4.0022569E+06   1.5774828E-02   1.4281126E-02   1.5280509E-02
   2.1739130E-01   2.5170497E+06   1.2361716E+06   3.7532213E+06   1.6656537E-02   1.4904985E-02   1.6064869E-02
   2.3188406E-01   2.3620073E+06   1.1670092E+06   3.5290165E+06   1.9771642E-02   1.8570958E-02   1.9374094E-02
   2.4637681E-01   2.1813902E+06   1.0697459E+06   3.2511361E+06   2.3883684E-02   2.1666810E-02   2.3152754E-02
   2.6086957E-01   1.9679264E+06   9.5937883E+05   2.9273052E+06   2.6597841E-02   2.4360479E-02   2.5863179E-02
   2.7536232E-01   1.7350176E+06   8.3789725E+05   2.5729149E+06   2.9496204E-02   2.8306087E-02   2.9104939E-02
   2.8985507E-01   1.5182391E+06   7.3246617E+05   2.2507053E+06   3.3348386E-02   3.0536975E-02   3.2433438E-02
   3.0434783E-01   1.3363949E+06   6.5493707E+05   1.9913320E+06   3.5949907E-02   3.2110417E-02   3.4686763E-02
   3.1884058E-01   1.1753529E+06   5.7550101E+05   1.7508539E+06   3.9736473E-02   3.6881729E-02   3.8796606E-02
   3.3333333E-01   1.0293359E+06   5.0023799E+05   1.5295739E+06   4.2750903E-02   3.6562032E-02   4.0725874E-02
   3.4782609E-01   8.9195079E+05   4.2856324E+05   1.3205140E+06   4.6883358E-02   4.3027231E-02   4.5621524E-02
   3.6231884E-01   7.5503914E+05   3.7468564E+05   1.1297248E+06   5.0102397E-02   4.7660438E-02   4.9291728E-02
   3.7681159E-01   6.3375931E+05   3.0338611E+05   9.3714542E+05   5.3187349E-02   5.0058109E-02   5.2172737E-02
   3.9130435E-01   5.0468070E+05   2.4067962E+05   7.4536032E+05   5.4924476E-02   5.1128053E-02   5.3669653E-02
   4.0579710E-01   3.9924605E+05   1.9573962E+05   5.9498567E+05   5.3268571E-02   5.0545535E-02   5.2360280E-02
   4.2028986E-01   3.3805508E+05   1.5967341E+05   4.9772849E+05   5.2546265E-02   5.0156904E-02   5.1764416E-02
   4.3478261E-01   2.7829143E+05   1.3177041E+05   4.1006184E+05   5.0669262E-02   5.1688361E-02   5.0993029E-02
   4.4927536E-01   2.3646273E+05   1.1598260E+05   3.5244533E+05   5.0331174E-02   4.4896415E-02   4.8541046E-02
   4.6376812E-01   2.0096598E+05   9.1804535E+04   2.9277051E+05   4.7550498E-02   4.8889479E-02   4.7938713E-02
   4.7826087E-01   1.8125980E+05   8.3006609E+04   2.6426641E+05   4.5470109E-02   4.8966871E-02   4.6564149E-02
   4.9275362E-01   1.5319653E+05   7.3411313E+04   2.2660784E+05   4.7136532E-02   4.2971238E-02   4.5784738E-02
   5.0724638E-01   1.3790808E+05   6.6918974E+04   2.0482705E+05   4.7942727E-02   3.9887271E-02   4.5287811E-02
   5.2173913E-01   1.1730185E+05   5.8387821E+04   1.7568967E+05   4.4666629E-02   4.5098079E-02   4.4744198E-02
   5.3623188E-01   1.0561211E+05   4.9580554E+04   1.5519266E+05   4.9032958E-02   3.9746869E-02   4.6063351E-02
   5.5072464E-01   9.4059051E+04   4.2094267E+04   1.3615332E+05   4.5456482E-02   3.9683312E-02   4.3610149E-02
   5.6521739E-01   7.9445777E+04   3.7945122E+04   1.1739090E+05   4.2861066E-02   3.9370721E-02   4.1708240E-02
   5.7971014E-01   6.8196302E+04   3.1218751E+04   9.9415053E+04   3.7794646E-02   3.9464128E-02   3.8308753E-02
   5.9420290E-01   5.8530538E+04   2.6853449E+04   8.5383987E+04   4.3550795E-02   3.7570632E-02   4.1567332E-02
   6.0869565E-01   4.9776084E+04   2.1848074E+04   7.1624158E+04   4.2559576E-02   4.1333829E-02   4.2088736E-02
   6.2318841E-01   4.0794428E+04   1.9419205E+04   6.0213634E+04   4.3317059E-02   4.0573740E-02   4.2426635E-02
   6.3768116E-01   3.2875439E+04   1.5964134E+04   4.8839574E+04   3.9176764E-02   3.6755433E-02   3.8323876E-02
   6.5217391E-01   2.6790201E+04   1.2628945E+04   3.9419146E+04   4.8455449E-02   4.3685126E-02   4.6607046E-02
   6.6666667E-01   2.1249572E+04   1.0674204E+04   3.1923776E+04   3.8009229E-02   4.6215187E-02   4.0166884E-02
   6.8115942E-01   1.6879794E+04   7.6096110E+03   2.4489405E+04   3.7889529E-02   5.0009499E-02   4.1616529E-02
   6.9565217E-01   1.5328382E+04   6.1881829E+03   2.1516565E+04   4.4383567E-02   5.1286494E-02   4.6196212E-02
   7.1014493E-01   1.0917594E+04   5.1185886E+03   1.6036182E+04   5.0428617E-02   4.2970796E-02   4.7957947E-02
   7.2463768E-01   8.8352097E+03   3.6371361E+03   1.2472346E+04   6.3598980E-02   3.4771533E-02   5.4748040E-02
   7.3913043E-01   6.7899150E+03   2.7337951E+03   9.5237101E+03   5.7075643E-02   4.4579799E-02   5.3334001E-02
   7.5362319E-01   5.4061598E+03   2.3460693E+03   7.7522292E+03   7.4545459E-02   7.1253494E-02   7.2264296E-02
   7.6811594E-01   4.4034509E+03   2.1159439E+03   6.5193949E+03   4.8207976E-02   3.1199360E-02   4.2583675E-02
   7.8260870E-01   3.4940080E+03   1.6277307E+03   5.1217387E+03   6.4838598E-02   7.6649075E-02   6.8046532E-02
   7.9710145E-01   2.9207305E+03   1.5430274E+03   4.4637579E+03   5.9368465E-02   7.2972171E-02   6.4066468E-02
   8.1159420E-01   2.3679271E+03   9.6070187E+02   3.3286290E+03   6.7885218E-02   5.4019204E-02   6.3847347E-02
   8.2608696E-01   1.9142821E+03   9.5714107E+02   2.8714232E+03   6.7941267E-02   4.8377963E-02   6.1420075E-02
   8.4057971E-01   1.5285378E+03   8.3612324E+02   2.3646610E+03   7.0035944E-02   1.1353319E-01   8.5361877E-02
   8.5507246E-01   1.0531256E+03   5.6509176E+02   1.6182173E+03   6.4604844E-02   6.9595640E-02   6.6133489E-02
   8.6956522E-01   9.4717086E+02   3.6623940E+02   1.3134103E+03   6.5999205E-02   5.3964935E-02   6.2607364E-02
   8.8405797E-01   7.0804903E+02   2.4843826E+02   9.5648729E+02   9.2296345E-02   1.1902044E-01   9.7814527E-02
   8.9855072E-01   6.2329953E+02   2.3220963E+02   8.5550916E+02   1.0080393E-01   1.0627593E-01   9.3536754E-02
   9.1304348E-01   3.7285456E+02   1.8041350E+02   5.5326806E+02   1.0692881E-01   1.0135476E-01   1.0459520E-01
   9.2753623E-01   1.4207563E+02   7.1037814E+01   2.1311344E+02   1.2333864E-01   2.5402036E-01   1.6609161E-01
   9.4202899E-01   6.9944925E+01   4.6629950E+01   1.1657487E+02   1.1693729E-01   2.5952557E-01   1.7395756E-01
   9.5652174E-01   1.1480859E+01   1.1480859E+01   2.2961718E+01   4.0732536E-01   4.2844048E-01   4.0275107E-01
   9.7101449E-01   0.0000000E+00   0.0000000E+00   0.0000000E+00   0.0000000E+00   0.0000000E+00   0.0000000E+00
   9.8550725E-01   0.0000000E+00   0.0000000E+00   0.0000000E+00   0.0000000E+00   0.0000000E+00   0.0000000E+00
   1.0000000E+00   0.0000000E+00   0.0000000E+00   0.0000000E+00   0.0000000E+00   0.0000000E+00   0.0000000E+00
