   0.0000000E+00   3.0720239E+10   1.5652561E+10   4.6372800E+10   3.5952900E-07   1.0210249E-06   3.8146590E-07
   1.4492754E-02   3.8273280E+06   1.7935627E+06   5.6208907E+06   3.0186860E-03   2.5894458E-03   1.9069533E-03
   2.8985507E-02   3.8902201E+06   1.8844911E+06   5.7747113E+06   3.0097490E-03   1.6267959E-03   2.1398328E-03
   4.3478261E-02   3.8902201E+06   1.8703467E+06   5.7605669E+06   1.4216927E-03   2.9390192E-03   1.7120083E-03
   5.7971014E-02   3.8830216E+06   1.8742617E+06   5.7572833E+06   1.6931413E-03   4.8894344E-03   2.7315913E-03
   7.2463768E-02   3.9135584E+06   1.8988881E+06   5.8124466E+06   4.9774414E-03   4.1899478E-03   4.7201585E-03
   8.6956522E-02   3.9565221E+06   1.9129063E+06   5.8694284E+06   5.5311136E-03   5.0377209E-03   5.3021240E-03
   1.0144928E-01   3.9725969E+06   1.9358007E+06   5.9083977E+06   5.7403419E-03   3.9737584E-03   5.1588133E-03
   1.1594203E-01   4.0447984E+06   1.9354489E+06   5.9802473E+06   4.3668981E-03   4.4056218E-03   4.3474003E-03
   1.3043478E-01   4.0344427E+06   1.9686841E+06   6.0031268E+06   2.2880563E-03   2.9221597E-03   2.4959833E-03
   1.4492754E-01   4.0081997E+06   1.9574612E+06   5.9656609E+06   1.6618274E-03   1.1062386E-03   1.4523059E-03
   1.5942029E-01   4.0325369E+06   1.9383593E+06   5.9708962E+06   8.9674173E-04   6.2646026E-04   7.9940994E-04
   1.7391304E-01   3.9051854E+06   1.8628956E+06   5.7680811E+06   1.7881620E-04   1.5685725E-04   1.7004848E-04
   1.8840580E-01   3.7256164E+06   1.7918724E+06   5.5174888E+06   1.2560273E-04   3.4365939E-04   1.5518662E-04
   2.0289855E-01   3.4998234E+06   1.7190339E+06   5.2188573E+06   1.5173889E-04   2.8572441E-04   1.9277992E-04
   2.1739130E-01   3.3158557E+06   1.6024110E+06   4.9182668E+06   2.3129300E-04   8.0654133E-05   1.3625639E-04
   2.3188406E-01   3.0927970E+06   1.4979033E+06   4.5907003E+06   2.4804631E-04   2.1997204E-04   2.1305933E-04
   2.4637681E-01   2.8368770E+06   1.3552343E+06   4.1921113E+06   1.7907450E-04   1.2591633E-04   1.0653162E-04
   2.6086957E-01   2.4275779E+06   1.1566850E+06   3.5842629E+06   3.3009148E-04   3.1670360E-04   3.0807598E-04
   2.7536232E-01   2.1579543E+06   1.0384981E+06   3.1964524E+06   3.8397608E-04   4.0692375E-04   3.5952616E-04
   2.8985507E-01   1.9273411E+06   9.2140781E+05   2.8487490E+06   4.0581689E-04   6.0806329E-04   3.3985340E-04
   3.0434783E-01   1.7108973E+06   8.2019584E+05   2.5310931E+06   5.7164728E-04   9.5586532E-04   6.7514088E-04
   3.1884058E-01   1.5101348E+06   7.0497066E+05   2.2151054E+06   8.9170884E-04   7.9694091E-04   8.5143662E-04
   3.3333333E-01   1.2985301E+06   6.2776837E+05   1.9262984E+06   1.1523999E-03   1.1083892E-03   1.1270759E-03
   3.4782609E-01   1.1178826E+06   5.2669014E+05   1.6445728E+06   1.5590500E-03   1.2000871E-03   1.4208439E-03
   3.6231884E-01   9.6241652E+05   4.5418737E+05   1.4166039E+06   1.7022466E-03   1.8880907E-03   1.7491953E-03
   3.7681159E-01   8.7218407E+05   4.0288277E+05   1.2750668E+06   1.2965907E-03   2.5523321E-03   1.6652256E-03
   3.9130435E-01   7.8641842E+05   3.7174000E+05   1.1581584E+06   1.8425136E-03   1.8870895E-03   1.8566763E-03
   4.0579710E-01   7.2369266E+05   3.4144156E+05   1.0651342E+06   9.3649536E-04   1.6790057E-03   1.1706871E-03
   4.2028986E-01   6.6921214E+05   3.1124688E+05   9.8045901E+05   1.9559131E-03   2.6115695E-03   2.1640279E-03
   4.3478261E-01   6.3023486E+05   2.8950593E+05   9.1974079E+05   1.5736430E-03   2.0554296E-03   1.5837512E-03
   4.4927536E-01   5.8262618E+05   2.6765215E+05   8.5027833E+05   2.2202825E-03   2.6820757E-03   2.3654074E-03
   4.6376812E-01   5.4109503E+05   2.5462321E+05   7.9571824E+05   2.6628791E-03   2.3711602E-03   2.5459075E-03
   4.7826087E-01   5.2051918E+05   2.3492133E+05   7.5544051E+05   2.4020991E-03   2.4299823E-03   2.3966516E-03
   4.9275362E-01   4.8031591E+05   2.2101396E+05   7.0132987E+05   1.9797180E-03   3.5389266E-03   2.4708172E-03
   5.0724638E-01   4.4433679E+05   2.0491365E+05   6.4925044E+05   3.3441460E-03   2.3260109E-03   2.9666178E-03
   5.2173913E-01   4.1507132E+05   1.9118118E+05   6.0625249E+05   3.8247149E-03   4.4455016E-03   4.0200773E-03
   5.3623188E-01   3.8927186E+05   1.7792477E+05   5.6719663E+05   4.7952605E-03   4.1093447E-03   4.5688162E-03
   5.5072464E-01   3.6491003E+05   1.6714076E+05   5.3205079E+05   4.3414069E-03   4.5893570E-03   4.4152869E-03
   5.6521739E-01   3.3999062E+05   1.5694864E+05   4.9693926E+05   6.2891997E-03   4.2505033E-03   5.6402977E-03
   5.7971014E-01   3.1580571E+05   1.4243555E+05   4.5824126E+05   4.8098104E-03   3.5435169E-03   4.4151270E-03
   5.9420290E-01   2.9278206E+05   1.3567183E+05   4.2845389E+05   5.5548453E-03   6.7127155E-03   5.9095593E-03
   6.0869565E-01   2.7264088E+05   1.2342087E+05   3.9606175E+05   4.8409264E-03   6.6987614E-03   5.4130961E-03
   6.2318841E-01   2.4917202E+05   1.1265606E+05   3.6182808E+05   6.9124325E-03   9.7471428E-03   7.7722500E-03
   6.3768116E-01   2.3102358E+05   1.0289720E+05   3.3392078E+05   7.9025967E-03   7.3082707E-03   7.7193797E-03
   6.5217391E-01   2.0807449E+05   9.5491661E+04   3.0356615E+05   9.6413721E-03   9.2864593E-03   9.5295979E-03
   6.6666667E-01   1.8968126E+05   8.6678488E+04   2.7635975E+05   9.7061236E-03   1.1502933E-02   1.0266601E-02
   6.8115942E-01   1.7115176E+05   7.7144043E+04   2.4829580E+05   1.4142900E-02   1.3220054E-02   1.3783438E-02
   6.9565217E-01   1.5708829E+05   7.2079702E+04   2.2916799E+05   1.7490652E-02   1.8513189E-02   1.7811319E-02
   7.1014493E-01   1.3793900E+05   6.1252959E+04   1.9919196E+05   2.1846799E-02   1.7406525E-02   2.0469274E-02
   7.2463768E-01   1.2622378E+05   5.7118191E+04   1.8334197E+05   2.3976914E-02   2.7258170E-02   2.4988158E-02
   7.3913043E-01   1.1178845E+05   4.9951191E+04   1.6173964E+05   3.3248205E-02   3.3255703E-02   3.3246488E-02
   7.5362319E-01   9.8126901E+04   4.4910470E+04   1.4303737E+05   4.0813692E-02   4.2588943E-02   4.1368121E-02
   7.6811594E-01   8.7425657E+04   3.9502386E+04   1.2692804E+05   5.6525648E-02   5.6586746E-02   5.6542165E-02
   7.8260870E-01   7.4917707E+04   3.4631373E+04   1.0954908E+05   8.1586814E-02   8.3658167E-02   8.2240108E-02
   7.9710145E-01   6.5743990E+04   2.9193528E+04   9.4937518E+04   1.2000552E-01   1.1978030E-01   1.1993447E-01
   8.1159420E-01   5.2405610E+04   2.3773988E+04   7.6179599E+04   1.6627074E-01   1.6929963E-01   1.6721598E-01
   8.2608696E-01   4.0239806E+04   1.8225561E+04   5.8465367E+04   2.1713464E-01   2.2126972E-01   2.1840868E-01
   8.4057971E-01   2.8232224E+04   1.2829266E+04   4.1061490E+04   2.6120300E-01   2.4666765E-01   2.5666120E-01
   8.5507246E-01   1.9598410E+04   8.5662774E+03   2.8164687E+04   2.9957454E-01   2.9881702E-01   2.9934304E-01
   8.6956522E-01   1.2565800E+04   5.4304462E+03   1.7996246E+04   3.0921242E-01   3.1901155E-01   3.1215880E-01
   8.8405797E-01   8.1239310E+03   3.5402452E+03   1.1664176E+04   3.3175313E-01   3.1787614E-01   3.2754021E-01
   8.9855072E-01   4.7908513E+03   2.2854316E+03   7.0762829E+03   3.4378187E-01   3.3404308E-01   3.4062075E-01
   9.1304348E-01   3.1873051E+03   1.4192528E+03   4.6065579E+03   3.5763497E-01   3.3658700E-01   3.5114901E-01
   9.2753623E-01   1.1366050E+03   6.7485923E+02   1.8114643E+03   3.3920595E-01   3.5537189E-01   3.4522828E-01
   9.4202899E-01   5.7121688E+02   2.3314975E+02   8.0436663E+02   3.3760244E-01   2.9725488E-01   3.2590750E-01
   9.5652174E-01   9.1846871E+01   2.2961718E+01   1.1480859E+02   3.7358805E-01   4.2537823E-01   3.8394608E-01
   9.7101449E-01   0.0000000E+00   0.0000000E+00   0.0000000E+00   0.0000000E+00   0.0000000E+00   0.0000000E+00
   9.8550725E-01   0.0000000E+00   0.0000000E+00   0.0000000E+00   0.0000000E+00   0.0000000E+00   0.0000000E+00
   1.0000000E+00   0.0000000E+00   0.0000000E+00   0.0000000E+00   0.0000000E+00   0.0000000E+00   0.0000000E+00
