   0.0000000E+00   3.8775053E+10   1.9431115E+10   5.8206168E+10   6.8753195E-07   7.7410114E-07   7.1619988E-07
   1.4492754E-02   9.4413991E+05   5.0616810E+05   1.4503080E+06   5.3810003E-03   9.0339670E-03   5.4966935E-03
   2.8985507E-02   9.6459880E+05   4.8457261E+05   1.4491714E+06   6.6055926E-03   1.1479336E-02   2.3654271E-03
   4.3478261E-02   9.4186670E+05   4.7282769E+05   1.4146944E+06   3.2815618E-03   4.2585620E-03   3.4637986E-03
   5.7971014E-02   9.1042063E+05   4.5956730E+05   1.3699879E+06   3.1189546E-03   4.7046644E-03   3.4798369E-03
   7.2463768E-02   9.1519437E+05   4.5342963E+05   1.3686240E+06   3.9952001E-03   2.3335419E-03   3.4322536E-03
   8.6956522E-02   8.8768853E+05   4.4403370E+05   1.3317222E+06   5.5202805E-03   7.2235201E-03   6.0503822E-03
   1.0144928E-01   8.8330448E+05   4.3851304E+05   1.3218175E+06   6.9301326E-03   2.7008484E-03   5.5211074E-03
   1.1594203E-01   8.3853036E+05   4.2584802E+05   1.2643784E+06   1.2401541E-02   7.1134679E-03   1.0492010E-02
   1.3043478E-01   8.1162018E+05   4.0008497E+05   1.2117052E+06   1.1051084E-02   1.4483921E-02   1.2066130E-02
   1.4492754E-01   7.8486366E+05   3.8318744E+05   1.1680511E+06   1.3369564E-02   1.2713576E-02   1.3154294E-02
   1.5942029E-01   7.3624452E+05   3.6488466E+05   1.1011292E+06   1.4675283E-02   1.5307096E-02   1.4879257E-02
   1.7391304E-01   6.8234188E+05   3.4047635E+05   1.0228182E+06   1.6892654E-02   1.4999693E-02   1.6258790E-02
   1.8840580E-01   6.4355159E+05   3.2075577E+05   9.6430736E+05   1.9842187E-02   1.5577864E-02   1.8394570E-02
   2.0289855E-01   5.9720476E+05   3.0065909E+05   8.9786385E+05   2.2079016E-02   2.0939485E-02   2.1695951E-02
   2.1739130E-01   5.6815097E+05   2.7500790E+05   8.4315887E+05   2.2168828E-02   2.8261722E-02   2.4042574E-02
   2.3188406E-01   5.2956323E+05   2.5654123E+05   7.8610445E+05   2.9217207E-02   2.5775057E-02   2.8074667E-02
   2.4637681E-01   4.9480205E+05   2.4229745E+05   7.3709950E+05   3.3786218E-02   2.8695733E-02   3.2106071E-02
   2.6086957E-01   4.3052073E+05   2.1549189E+05   6.4601262E+05   3.7498218E-02   3.6991246E-02   3.7325700E-02
   2.7536232E-01   3.8058322E+05   1.8548596E+05   5.6606918E+05   4.0820478E-02   4.1653395E-02   4.1076691E-02
   2.8985507E-01   3.3321471E+05   1.6488350E+05   4.9809821E+05   4.9203319E-02   4.5585492E-02   4.7918206E-02
   3.0434783E-01   3.0204828E+05   1.5501128E+05   4.5705955E+05   5.3577880E-02   4.9343082E-02   5.2119430E-02
   3.1884058E-01   2.7378404E+05   1.3322389E+05   4.0700793E+05   5.8807430E-02   6.0825147E-02   5.9467367E-02
   3.3333333E-01   2.4445244E+05   1.2212739E+05   3.6657983E+05   6.5670401E-02   7.1634073E-02   6.7643822E-02
   3.4782609E-01   2.2937321E+05   1.1511283E+05   3.4448604E+05   7.2124913E-02   7.2836816E-02   7.2323588E-02
   3.6231884E-01   2.0771078E+05   1.0384024E+05   3.1155102E+05   8.1228359E-02   7.9768850E-02   8.0741442E-02
   3.7681159E-01   1.8663637E+05   9.2822744E+04   2.7945912E+05   8.8327090E-02   8.5081720E-02   8.7247140E-02
   3.9130435E-01   1.5999470E+05   7.9758802E+04   2.3975350E+05   9.0485737E-02   9.1154161E-02   9.0674561E-02
   4.0579710E-01   1.4166970E+05   6.5192417E+04   2.0686211E+05   8.7144347E-02   9.3924686E-02   8.9280783E-02
   4.2028986E-01   1.2233528E+05   5.9207977E+04   1.8154326E+05   9.7155710E-02   9.5606483E-02   9.6648741E-02
   4.3478261E-01   1.0600736E+05   5.2157542E+04   1.5816490E+05   9.8610454E-02   9.5797980E-02   9.7658066E-02
   4.4927536E-01   9.4301552E+04   4.5464201E+04   1.3976575E+05   9.5804938E-02   9.1327764E-02   9.4321518E-02
   4.6376812E-01   8.6287265E+04   4.2007027E+04   1.2829429E+05   9.9435739E-02   9.6956823E-02   9.8624006E-02
   4.7826087E-01   7.5635898E+04   3.8208298E+04   1.1384420E+05   9.7838767E-02   9.2554306E-02   9.6043347E-02
   4.9275362E-01   6.8084870E+04   3.3318128E+04   1.0140300E+05   1.0031975E-01   9.1132920E-02   9.7294629E-02
   5.0724638E-01   5.7934382E+04   2.8447600E+04   8.6381982E+04   1.0050144E-01   9.3239999E-02   9.8107680E-02
   5.2173913E-01   5.3231002E+04   2.5805144E+04   7.9036146E+04   9.8060854E-02   8.6329568E-02   9.4221324E-02
   5.3623188E-01   4.6406252E+04   2.2220116E+04   6.8626368E+04   9.3993737E-02   1.0563184E-01   9.7761905E-02
   5.5072464E-01   4.0798138E+04   2.0937461E+04   6.1735599E+04   9.4206689E-02   9.9708176E-02   9.6016088E-02
   5.6521739E-01   3.5438762E+04   1.8088535E+04   5.3527297E+04   9.3933106E-02   1.0322896E-01   9.7073644E-02
   5.7971014E-01   2.8869768E+04   1.4529601E+04   4.3399369E+04   9.5892921E-02   8.8390358E-02   9.3350238E-02
   5.9420290E-01   2.5670640E+04   1.2530377E+04   3.8201018E+04   9.1353922E-02   8.0349705E-02   8.7743140E-02
   6.0869565E-01   2.1108379E+04   1.0770686E+04   3.1879065E+04   1.0030694E-01   9.1846720E-02   9.7391623E-02
   6.2318841E-01   1.6864047E+04   8.7756481E+03   2.5639695E+04   9.9501554E-02   9.5658312E-02   9.8104124E-02
   6.3768116E-01   1.3294835E+04   6.8024089E+03   2.0097243E+04   8.8358704E-02   9.5588638E-02   9.0803419E-02
   6.5217391E-01   1.1079794E+04   5.1694480E+03   1.6249242E+04   8.1016438E-02   9.8131217E-02   8.5677823E-02
   6.6666667E-01   8.2362683E+03   3.6239581E+03   1.1860226E+04   8.0783362E-02   7.2398754E-02   7.7870488E-02
   6.8115942E-01   6.0135273E+03   3.3211438E+03   9.3346711E+03   8.4534591E-02   6.5761644E-02   7.7477878E-02
   6.9565217E-01   5.0673641E+03   2.4942166E+03   7.5615807E+03   8.0614821E-02   6.7774804E-02   7.6119061E-02
   7.1014493E-01   3.3402270E+03   1.8092896E+03   5.1495166E+03   8.6606780E-02   7.9788350E-02   8.4061514E-02
   7.2463768E-01   3.0764109E+03   1.2881524E+03   4.3645633E+03   4.0715646E-02   2.4633246E-02   3.5862678E-02
   7.3913043E-01   2.2583525E+03   9.9545800E+02   3.2538105E+03   5.9449818E-02   5.0590728E-02   5.5024957E-02
   7.5362319E-01   1.8214824E+03   7.2859297E+02   2.5500754E+03   4.8501494E-02   4.7336531E-02   4.5824657E-02
   7.6811594E-01   1.5583641E+03   6.4336134E+02   2.2017255E+03   6.3470353E-02   6.5412871E-02   6.4002241E-02
   7.8260870E-01   1.0804764E+03   5.7531859E+02   1.6557950E+03   4.1760903E-02   8.9583806E-02   5.7364928E-02
   7.9710145E-01   9.6439214E+02   3.8575686E+02   1.3501490E+03   2.5601392E-02   6.1468199E-02   3.5845790E-02
   8.1159420E-01   7.8479871E+02   3.9239935E+02   1.1771981E+03   6.6230617E-02   2.7785734E-02   4.1667040E-02
   8.2608696E-01   6.9126855E+02   3.3234065E+02   1.0236092E+03   7.2401823E-02   3.5018461E-02   5.6295218E-02
   8.4057971E-01   4.8338375E+02   2.2209523E+02   7.0547898E+02   4.7390678E-02   7.2413059E-02   4.5775316E-02
   8.5507246E-01   4.4950481E+02   2.1833091E+02   6.6783572E+02   5.6185129E-02   4.7776263E-02   4.5613713E-02
   8.6956522E-01   3.9149729E+02   1.7680523E+02   5.6830251E+02   9.0507358E-02   5.0093098E-02   7.6534901E-02
   8.8405797E-01   2.2359443E+02   2.1117252E+02   4.3476695E+02   7.8098808E-02   1.2072414E-02   4.5047742E-02
   8.9855072E-01   3.4220366E+02   1.3443715E+02   4.7664082E+02   1.3006896E-01   5.4603620E-02   1.0824132E-01
   9.1304348E-01   1.4433080E+02   8.4192965E+01   2.2852376E+02   8.5816359E-02   5.5091917E-02   7.3018327E-02
   9.2753623E-01   9.4717086E+01   3.5518907E+01   1.3023599E+02   1.5966062E-01   1.5556590E-01   1.5843855E-01
   9.4202899E-01   2.3314975E+01   2.3314975E+01   4.6629950E+01   5.7488167E-05   4.6223135E-06   2.6525226E-05
   9.5652174E-01   0.0000000E+00   1.1480859E+01   1.1480859E+01   0.0000000E+00   4.2849159E-01   4.2849159E-01
   9.7101449E-01   0.0000000E+00   0.0000000E+00   0.0000000E+00   0.0000000E+00   0.0000000E+00   0.0000000E+00
   9.8550725E-01   0.0000000E+00   0.0000000E+00   0.0000000E+00   0.0000000E+00   0.0000000E+00   0.0000000E+00
   1.0000000E+00   0.0000000E+00   0.0000000E+00   0.0000000E+00   0.0000000E+00   0.0000000E+00   0.0000000E+00
