   0.0000000E+00   3.8456252E+10   1.9270396E+10   5.7726648E+10   9.4449313E-08   3.0585154E-07   1.5976630E-07
   1.4492754E-02   1.3631683E+06   6.6983923E+05   2.0330075E+06   2.7027149E-03   4.2275627E-03   7.0946985E-04
   2.8985507E-02   1.3139154E+06   6.7097583E+05   1.9848912E+06   3.7981936E-03   3.8082013E-03   2.6949000E-03
   4.3478261E-02   1.3174515E+06   6.7135470E+05   1.9888062E+06   4.0118986E-03   5.5072189E-03   4.1544592E-03
   5.7971014E-02   1.3230083E+06   6.6207243E+05   1.9850807E+06   5.0815220E-03   5.0320465E-03   5.0649312E-03
   7.2463768E-02   1.3421032E+06   6.4892570E+05   1.9910289E+06   1.0414240E-02   1.2501967E-02   1.1093778E-02
   8.6956522E-02   1.3151783E+06   6.5721028E+05   1.9723886E+06   1.3317228E-02   1.5612076E-02   1.3934903E-02
   1.0144928E-01   1.2954050E+06   6.3844728E+05   1.9338523E+06   1.6795564E-02   1.8040340E-02   1.7206064E-02
   1.1594203E-01   1.2335953E+06   6.1689238E+05   1.8504877E+06   1.9276892E-02   1.8170023E-02   1.8905802E-02
   1.3043478E-01   1.1723028E+06   5.9255009E+05   1.7648529E+06   1.9733320E-02   1.5791319E-02   1.8375958E-02
   1.4492754E-01   1.0691665E+06   5.3397704E+05   1.6031435E+06   1.9506605E-02   1.6336381E-02   1.8448966E-02
   1.5942029E-01   9.4248666E+05   4.7255215E+05   1.4150388E+06   1.8577097E-02   1.7564411E-02   1.8213759E-02
   1.7391304E-01   8.4872823E+05   4.2149103E+05   1.2702193E+06   1.7935195E-02   1.8911025E-02   1.8258705E-02
   1.8840580E-01   7.3296452E+05   3.6295587E+05   1.0959204E+06   1.6379762E-02   2.0704762E-02   1.7797914E-02
   2.0289855E-01   6.4093699E+05   3.1170040E+05   9.5263738E+05   1.8967577E-02   1.2907035E-02   1.6983335E-02
   2.1739130E-01   5.6325094E+05   2.7541203E+05   8.3866296E+05   2.1115726E-02   1.8486145E-02   2.0234931E-02
   2.3188406E-01   5.0517358E+05   2.4967424E+05   7.5484781E+05   2.0782095E-02   2.1450120E-02   2.0991517E-02
   2.4637681E-01   4.7206995E+05   2.3258059E+05   7.0465054E+05   2.6037247E-02   2.3744506E-02   2.5247155E-02
   2.6086957E-01   4.0185302E+05   1.9760089E+05   5.9945391E+05   2.6148328E-02   2.5316183E-02   2.5856058E-02
   2.7536232E-01   3.4528864E+05   1.7057052E+05   5.1585916E+05   2.9958182E-02   3.1785926E-02   3.0561943E-02
   2.8985507E-01   3.0748955E+05   1.5423730E+05   4.6172685E+05   3.3169635E-02   2.9305875E-02   3.1873215E-02
   3.0434783E-01   2.8010999E+05   1.3816066E+05   4.1827065E+05   3.6018910E-02   3.0454727E-02   3.4152565E-02
   3.1884058E-01   2.5384179E+05   1.2588762E+05   3.7972941E+05   3.5579074E-02   3.7624211E-02   3.6177585E-02
   3.3333333E-01   2.3980719E+05   1.2384053E+05   3.6364772E+05   4.4856606E-02   4.0218683E-02   4.3271856E-02
   3.4782609E-01   2.2650012E+05   1.1088213E+05   3.3738226E+05   4.9634107E-02   4.2645459E-02   4.7305030E-02
   3.6231884E-01   2.1074173E+05   1.0423426E+05   3.1497598E+05   5.0790135E-02   4.7497307E-02   4.9687665E-02
   3.7681159E-01   1.9226111E+05   9.3930205E+04   2.8619132E+05   5.9051569E-02   5.6100399E-02   5.8082786E-02
   3.9130435E-01   1.7262364E+05   8.8514870E+04   2.6113851E+05   5.6838495E-02   6.4140275E-02   5.9307488E-02
   4.0579710E-01   1.5717624E+05   7.6964397E+04   2.3414064E+05   5.6059217E-02   5.9636159E-02   5.7188811E-02
   4.2028986E-01   1.3952807E+05   6.8170173E+04   2.0769824E+05   5.7313693E-02   6.6856445E-02   6.0411056E-02
   4.3478261E-01   1.2601161E+05   6.2715340E+04   1.8872695E+05   5.8264919E-02   5.5392817E-02   5.7287648E-02
   4.4927536E-01   1.1524931E+05   5.9030132E+04   1.7427944E+05   5.5138255E-02   5.4345395E-02   5.4862235E-02
   4.6376812E-01   1.0494653E+05   5.1762887E+04   1.5670942E+05   5.5669226E-02   5.5235361E-02   5.5521382E-02
   4.7826087E-01   9.7173989E+04   4.7484832E+04   1.4465882E+05   4.9855956E-02   5.0212866E-02   4.9972646E-02
   4.9275362E-01   8.8410042E+04   4.3614432E+04   1.3202447E+05   5.0854235E-02   4.7047319E-02   4.9591239E-02
   5.0724638E-01   7.9735549E+04   3.8601272E+04   1.1833682E+05   5.0235773E-02   4.6892707E-02   4.9144904E-02
   5.2173913E-01   7.3542555E+04   3.5887251E+04   1.0942981E+05   5.2976879E-02   4.8353974E-02   5.1426416E-02
   5.3623188E-01   6.4735288E+04   3.2726033E+04   9.7461321E+04   4.3361397E-02   5.2249492E-02   4.6328420E-02
   5.5072464E-01   5.9921019E+04   3.0189825E+04   9.0110844E+04   4.6869378E-02   4.5574772E-02   4.6429187E-02
   5.6521739E-01   5.3099855E+04   2.5996197E+04   7.9096052E+04   4.3252000E-02   4.5793441E-02   4.4084684E-02
   5.7971014E-01   4.9915904E+04   2.4474895E+04   7.4390799E+04   4.5138826E-02   3.2947721E-02   4.1127173E-02
   5.9420290E-01   4.2322366E+04   2.0957888E+04   6.3280254E+04   2.8940498E-02   3.6822262E-02   3.1537299E-02
   6.0869565E-01   3.6353319E+04   1.7734647E+04   5.4087966E+04   3.8235502E-02   2.4450410E-02   3.3566023E-02
   6.2318841E-01   3.2547434E+04   1.6035823E+04   4.8583257E+04   3.2786320E-02   2.8278194E-02   3.0957509E-02
   6.3768116E-01   2.6279686E+04   1.3449826E+04   3.9729512E+04   3.4079307E-02   3.3259101E-02   3.3801637E-02
   6.5217391E-01   2.3085711E+04   1.1938562E+04   3.5024273E+04   1.9036382E-02   1.9408813E-02   1.8798092E-02
   6.6666667E-01   1.9338758E+04   9.4387635E+03   2.8777521E+04   2.4900334E-02   3.4106210E-02   2.7914811E-02
   6.8115942E-01   1.7041014E+04   8.7865211E+03   2.5827535E+04   2.0044047E-02   2.7037591E-02   2.1718115E-02
   6.9565217E-01   1.4602217E+04   7.4826498E+03   2.2084867E+04   1.3304527E-02   2.3951358E-02   1.6868518E-02
   7.1014493E-01   1.1443370E+04   5.8608613E+03   1.7304232E+04   1.6525139E-02   1.0600329E-02   1.2551563E-02
   7.2463768E-01   1.0305219E+04   4.9859074E+03   1.5291126E+04   1.2456126E-02   2.2146420E-02   1.4591150E-02
   7.3913043E-01   7.8448033E+03   4.3681291E+03   1.2212932E+04   1.8336968E-02   1.9448976E-02   1.6606080E-02
   7.5362319E-01   7.5045075E+03   3.6283930E+03   1.1132901E+04   1.5954135E-02   1.6354225E-02   1.6014889E-02
   7.6811594E-01   5.9046274E+03   3.3311820E+03   9.2358094E+03   1.8908873E-02   2.2929926E-02   1.9614304E-02
   7.8260870E-01   4.7849668E+03   2.2872422E+03   7.0722091E+03   2.3307853E-02   6.0523724E-03   1.7422308E-02
   7.9710145E-01   4.7117445E+03   2.4385344E+03   7.1502789E+03   9.3299561E-03   1.2455719E-02   1.9972329E-03
   8.1159420E-01   3.7210284E+03   1.7996246E+03   5.5206530E+03   2.2650554E-02   5.3754343E-02   3.2046927E-02
   8.2608696E-01   3.1904702E+03   1.6617033E+03   4.8521735E+03   3.2564353E-02   3.8978980E-02   3.4756381E-02
   8.4057971E-01   3.0570756E+03   1.5154734E+03   4.5725490E+03   3.7979632E-02   3.1510715E-02   3.4867158E-02
   8.5507246E-01   2.3631110E+03   1.1301835E+03   3.4932945E+03   6.3516667E-02   7.4717470E-02   6.6882559E-02
   8.6956522E-01   1.9069707E+03   1.0482024E+03   2.9551731E+03   7.4599878E-02   6.4387263E-02   7.0506577E-02
   8.8405797E-01   1.6148487E+03   9.8133112E+02   2.5961798E+03   5.2513709E-02   7.8241735E-02   6.1680667E-02
   8.9855072E-01   1.4421440E+03   5.6219173E+02   2.0043357E+03   7.8466836E-02   1.3514290E-01   9.4270040E-02
   9.1304348E-01   1.1305912E+03   3.9690969E+02   1.5275009E+03   1.4216444E-01   1.2324289E-01   1.3621228E-01
   9.2753623E-01   7.6957632E+02   3.3150980E+02   1.1010861E+03   2.0198893E-01   1.3882807E-01   1.8261652E-01
   9.4202899E-01   3.3806714E+02   9.3259900E+01   4.3132704E+02   1.7789942E-01   2.6439053E-01   1.9615715E-01
   9.5652174E-01   0.0000000E+00   1.1480859E+01   1.1480859E+01   0.0000000E+00   3.8738828E-05   3.8738828E-05
   9.7101449E-01   0.0000000E+00   0.0000000E+00   0.0000000E+00   0.0000000E+00   0.0000000E+00   0.0000000E+00
   9.8550725E-01   0.0000000E+00   0.0000000E+00   0.0000000E+00   0.0000000E+00   0.0000000E+00   0.0000000E+00
   1.0000000E+00   0.0000000E+00   0.0000000E+00   0.0000000E+00   0.0000000E+00   0.0000000E+00   0.0000000E+00
