   0.0000000E+00   2.0725953E+10   1.4114658E+10   3.4840611E+10   1.1385595E-06   8.9417845E-07   6.2672238E-07
   1.4492754E-02   9.8248138E+06   3.4719495E+06   1.3296763E+07   1.5459093E-03   1.3940786E-03   1.3947934E-03
   2.8985507E-02   9.7914734E+06   3.4768748E+06   1.3268348E+07   1.4887239E-03   2.2230687E-03   1.3949253E-03
   4.3478261E-02   9.8922524E+06   3.4689185E+06   1.3361171E+07   3.8938105E-03   3.7687124E-03   3.8416248E-03
   5.7971014E-02   1.0078466E+07   3.5299163E+06   1.3608383E+07   6.7133326E-03   7.0825861E-03   6.7910072E-03
   7.2463768E-02   1.0306734E+07   3.5903080E+06   1.3897042E+07   1.1032282E-02   1.1671244E-02   1.1196876E-02
   8.6956522E-02   1.0546179E+07   3.7182139E+06   1.4264393E+07   1.6206963E-02   1.5190359E-02   1.5940785E-02
   1.0144928E-01   1.0906429E+07   3.8507096E+06   1.4757138E+07   1.9765646E-02   2.0089723E-02   1.9850091E-02
   1.1594203E-01   1.1187603E+07   3.9922304E+06   1.5179834E+07   2.2528161E-02   2.2866918E-02   2.2614221E-02
   1.3043478E-01   1.1368997E+07   4.0799911E+06   1.5448988E+07   2.2239231E-02   2.0262615E-02   2.1716922E-02
   1.4492754E-01   1.1370748E+07   4.0770780E+06   1.5447826E+07   1.8027615E-02   1.6399715E-02   1.7597541E-02
   1.5942029E-01   1.1090372E+07   3.9433306E+06   1.5033702E+07   1.2344029E-02   1.2154527E-02   1.2294194E-02
   1.7391304E-01   1.0565943E+07   3.7695506E+06   1.4335494E+07   7.5085492E-03   7.2133750E-03   7.4308065E-03
   1.8840580E-01   9.9825979E+06   3.5061059E+06   1.3488704E+07   4.2059511E-03   3.6757529E-03   4.0630621E-03
   2.0289855E-01   9.2210060E+06   3.2118293E+06   1.2432835E+07   1.8281213E-03   1.8466538E-03   1.8317820E-03
   2.1739130E-01   8.4336093E+06   2.8904624E+06   1.1324072E+07   6.6761532E-04   6.1378197E-04   6.5231105E-04
   2.3188406E-01   7.6507252E+06   2.5582138E+06   1.0208939E+07   3.1448662E-04   1.4806753E-04   2.7277597E-04
   2.4637681E-01   6.7836154E+06   2.2340752E+06   9.0176906E+06   1.3884933E-04   1.5642956E-04   1.4265050E-04
   2.6086957E-01   5.6301940E+06   1.8044657E+06   7.4346598E+06   6.8245689E-05   2.4898348E-04   1.1205778E-04
   2.7536232E-01   4.7988262E+06   1.4731996E+06   6.2720258E+06   1.6070147E-04   3.1053352E-04   1.8375912E-04
   2.8985507E-01   3.9952424E+06   1.1888510E+06   5.1840934E+06   3.3676819E-04   5.6286034E-04   3.8861692E-04
   3.0434783E-01   3.2749379E+06   9.5669669E+05   4.2316346E+06   3.7950185E-04   7.2305068E-04   4.5144980E-04
   3.1884058E-01   2.7108030E+06   7.5226031E+05   3.4630633E+06   5.3117270E-04   8.0997732E-04   5.8980735E-04
   3.3333333E-01   2.2608556E+06   6.0786955E+05   2.8687252E+06   8.6566455E-04   8.9767874E-04   8.7208728E-04
   3.4782609E-01   1.9500669E+06   5.1128283E+05   2.4613498E+06   1.0016087E-03   1.1336401E-03   1.0205877E-03
   3.6231884E-01   1.7298825E+06   4.3157651E+05   2.1614590E+06   1.0648424E-03   1.9868665E-03   1.2425220E-03
   3.7681159E-01   1.5203112E+06   3.7175727E+05   1.8920685E+06   1.1970746E-03   1.5965109E-03   1.2730784E-03
   3.9130435E-01   1.3615686E+06   3.2717386E+05   1.6887425E+06   1.0354037E-03   1.9599454E-03   1.2106920E-03
   4.0579710E-01   1.2169522E+06   2.8469250E+05   1.5016447E+06   1.0988522E-03   1.8844225E-03   1.2471582E-03
   4.2028986E-01   1.0809506E+06   2.4678700E+05   1.3277376E+06   1.4142146E-03   2.2116741E-03   1.5598478E-03
   4.3478261E-01   9.7063543E+05   2.1976890E+05   1.1904043E+06   1.0563673E-03   1.3974498E-03   1.1120318E-03
   4.4927536E-01   8.6660634E+05   1.9156072E+05   1.0581671E+06   1.0554958E-03   2.7110705E-03   1.3351677E-03
   4.6376812E-01   7.6491150E+05   1.6762556E+05   9.3253707E+05   1.1847963E-03   2.1026477E-03   1.3403497E-03
   4.7826087E-01   6.8588947E+05   1.4734534E+05   8.3323481E+05   1.8299814E-03   2.8709231E-03   2.0137736E-03
   4.9275362E-01   6.1196152E+05   1.2921639E+05   7.4117791E+05   1.3327356E-03   2.0526309E-03   1.4399526E-03
   5.0724638E-01   5.4951064E+05   1.1190688E+05   6.6141753E+05   1.6626916E-03   1.3420687E-03   1.5519144E-03
   5.2173913E-01   4.8196263E+05   1.0010544E+05   5.8206806E+05   1.2934538E-03   2.2172677E-03   1.4196828E-03
   5.3623188E-01   4.3641537E+05   8.4948426E+04   5.2136380E+05   1.6244554E-03   2.5237126E-03   1.7683947E-03
   5.5072464E-01   3.8776178E+05   7.7089737E+04   4.6485152E+05   1.8896551E-03   1.4062855E-03   1.8007278E-03
   5.6521739E-01   3.5009378E+05   6.6505966E+04   4.1659974E+05   2.0853885E-03   1.3874231E-03   1.9739536E-03
   5.7971014E-01   3.0891030E+05   5.5636816E+04   3.6454712E+05   2.0195412E-03   2.5022736E-03   2.0625226E-03
   5.9420290E-01   2.7675870E+05   5.0583544E+04   3.2734225E+05   3.8430155E-03   2.4379444E-03   3.6242310E-03
   6.0869565E-01   2.4597576E+05   4.5157498E+04   2.9113326E+05   2.8377792E-03   4.0839649E-03   2.9568142E-03
   6.2318841E-01   2.1954980E+05   3.8010187E+04   2.5755999E+05   3.8884824E-03   3.1858175E-03   3.7082095E-03
   6.3768116E-01   1.8871088E+05   3.4477019E+04   2.2318790E+05   4.5955007E-03   5.1672652E-03   4.6661285E-03
   6.5217391E-01   1.6751032E+05   2.8911864E+04   1.9642219E+05   5.6354580E-03   5.1438655E-03   5.5628761E-03
   6.6666667E-01   1.5054251E+05   2.4857058E+04   1.7539957E+05   7.9106895E-03   4.0301043E-03   7.3598715E-03
   6.8115942E-01   1.2617122E+05   2.0813576E+04   1.4698479E+05   8.1472723E-03   8.5299638E-03   8.1698924E-03
   6.9565217E-01   1.1140308E+05   1.8201467E+04   1.2960455E+05   1.0098612E-02   5.1894478E-03   9.3557745E-03
   7.1014493E-01   9.5165542E+04   1.5123806E+04   1.1028935E+05   1.2445076E-02   1.2866292E-02   1.2477461E-02
   7.2463768E-01   7.9516888E+04   1.2199561E+04   9.1716448E+04   1.7480912E-02   1.4349281E-02   1.7034295E-02
   7.3913043E-01   6.5893376E+04   1.0563741E+04   7.6457117E+04   2.4813290E-02   1.7669147E-02   2.3795415E-02
   7.5362319E-01   5.3799305E+04   8.3933910E+03   6.2192696E+04   3.7966302E-02   3.1057667E-02   3.7033157E-02
   7.6811594E-01   4.3019428E+04   6.2477534E+03   4.9267181E+04   6.0545847E-02   4.8941143E-02   5.9050658E-02
   7.8260870E-01   3.3003642E+04   4.7709347E+03   3.7774577E+04   8.8197959E-02   7.0908052E-02   8.6013752E-02
   7.9710145E-01   2.2029472E+04   3.7060212E+03   2.5735493E+04   1.2584526E-01   1.4552673E-01   1.2866468E-01
   8.1159420E-01   1.5479478E+04   1.9214037E+03   1.7400882E+04   1.6448479E-01   1.8283517E-01   1.6650916E-01
   8.2608696E-01   9.7708151E+03   1.1698391E+03   1.0940654E+04   1.9322734E-01   1.7128238E-01   1.9084584E-01
   8.4057971E-01   5.7744761E+03   6.0096358E+02   6.3754397E+03   2.3079445E-01   2.2812577E-01   2.3051830E-01
   8.5507246E-01   3.1850627E+03   3.8528984E+02   3.5703525E+03   2.5297887E-01   2.4813774E-01   2.5245581E-01
   8.6956522E-01   1.8311970E+03   2.3994995E+02   2.0711469E+03   2.6990823E-01   2.4057671E-01   2.6650979E-01
   8.8405797E-01   1.0061749E+03   8.6953390E+01   1.0931283E+03   2.8154073E-01   3.0079875E-01   2.8307248E-01
   8.9855072E-01   4.7664082E+02   2.4443119E+01   5.0108394E+02   3.3355343E-01   2.0689310E-01   3.2737488E-01
   9.1304348E-01   2.0446863E+02   2.4055133E+01   2.2852376E+02   3.1931216E-01   4.0541678E-01   3.2837581E-01
   9.2753623E-01   1.6575490E+02   1.1839636E+01   1.7759454E+02   3.1651550E-01   4.1813930E-01   3.2328264E-01
   9.4202899E-01   2.3314975E+01   0.0000000E+00   2.3314975E+01   4.2836629E-01   0.0000000E+00   4.2836629E-01
   9.5652174E-01   1.1480859E+01   0.0000000E+00   1.1480859E+01   4.2856751E-01   0.0000000E+00   4.2856751E-01
   9.7101449E-01   0.0000000E+00   0.0000000E+00   0.0000000E+00   0.0000000E+00   0.0000000E+00   0.0000000E+00
   9.8550725E-01   0.0000000E+00   0.0000000E+00   0.0000000E+00   0.0000000E+00   0.0000000E+00   0.0000000E+00
   1.0000000E+00   0.0000000E+00   0.0000000E+00   0.0000000E+00   0.0000000E+00   0.0000000E+00   0.0000000E+00
