   0.0000000E+00   2.7497500E+10   1.4354285E+10   4.1851785E+10   6.1418815E-07   1.6650674E-06   1.6795376E-07
   1.4492754E-02   5.9489907E+06   2.8437858E+06   8.7927765E+06   1.7226982E-03   1.8004336E-03   7.2630854E-04
   2.8985507E-02   5.9959704E+06   2.9176651E+06   8.9136355E+06   3.2122711E-03   2.2674306E-03   2.7666620E-03
   4.3478261E-02   6.0045581E+06   2.9248636E+06   8.9294217E+06   3.4112138E-03   3.3468676E-03   3.3447320E-03
   5.7971014E-02   6.0872777E+06   2.9104666E+06   8.9977443E+06   6.7007232E-03   5.8495988E-03   6.3997141E-03
   7.2463768E-02   6.1085701E+06   2.9754804E+06   9.0840505E+06   1.0288405E-02   9.5437281E-03   1.0030125E-02
   8.6956522E-02   6.1811107E+06   3.0031631E+06   9.1842738E+06   1.6304687E-02   1.2973406E-02   1.5204871E-02
   1.0144928E-01   6.2473225E+06   2.9997713E+06   9.2470937E+06   2.0291842E-02   1.7761608E-02   1.9469767E-02
   1.1594203E-01   6.2741545E+06   3.0481852E+06   9.3223397E+06   2.3035277E-02   2.1257382E-02   2.2453173E-02
   1.3043478E-01   6.1564422E+06   2.9766423E+06   9.1330844E+06   2.2290474E-02   2.1648478E-02   2.2053749E-02
   1.4492754E-01   5.9858167E+06   2.9000098E+06   8.8858265E+06   2.0961166E-02   1.9090022E-02   2.0343664E-02
   1.5942029E-01   5.7069972E+06   2.7509286E+06   8.4579258E+06   1.9755601E-02   1.8833955E-02   1.9455416E-02
   1.7391304E-01   5.3288464E+06   2.5725160E+06   7.9013624E+06   1.6336214E-02   1.4866009E-02   1.5855994E-02
   1.8840580E-01   4.8767350E+06   2.3490420E+06   7.2257770E+06   1.4764617E-02   1.4259634E-02   1.4596502E-02
   2.0289855E-01   4.4314065E+06   2.1325958E+06   6.5640023E+06   1.4140094E-02   1.3339438E-02   1.3875733E-02
   2.1739130E-01   4.0208539E+06   1.9068696E+06   5.9277236E+06   1.2949203E-02   1.1700790E-02   1.2544483E-02
   2.3188406E-01   3.6373255E+06   1.7392898E+06   5.3766154E+06   1.1615702E-02   1.1942514E-02   1.1717884E-02
   2.4637681E-01   3.3134488E+06   1.5781872E+06   4.8916360E+06   1.3248125E-02   1.1899048E-02   1.2812400E-02
   2.6086957E-01   2.8510264E+06   1.3359319E+06   4.1869582E+06   1.2670745E-02   1.2704869E-02   1.2681630E-02
   2.7536232E-01   2.3903801E+06   1.1171830E+06   3.5075631E+06   1.0603455E-02   1.0968438E-02   1.0717025E-02
   2.8985507E-01   2.0877161E+06   9.6168151E+05   3.0493976E+06   9.2780778E-03   8.9826332E-03   9.1461172E-03
   3.0434783E-01   1.8671714E+06   8.4433516E+05   2.7115066E+06   8.1687951E-03   9.2520180E-03   8.5029241E-03
   3.1884058E-01   1.6791100E+06   7.5267363E+05   2.4317837E+06   8.2897502E-03   6.8131580E-03   7.8326605E-03
   3.3333333E-01   1.5193279E+06   6.8855203E+05   2.2078800E+06   4.8343039E-03   5.9367349E-03   5.1733004E-03
   3.4782609E-01   1.3945828E+06   6.1070419E+05   2.0052870E+06   6.3549945E-03   6.1991089E-03   6.3067688E-03
   3.6231884E-01   1.2774228E+06   5.6399857E+05   1.8414214E+06   5.7857059E-03   6.6956954E-03   6.0555218E-03
   3.7681159E-01   1.1654573E+06   5.1024823E+05   1.6757055E+06   5.9013233E-03   6.7434137E-03   6.1446021E-03
   3.9130435E-01   1.0712152E+06   4.6247196E+05   1.5336871E+06   5.9180666E-03   6.3922221E-03   6.0578096E-03
   4.0579710E-01   9.9401522E+05   4.2820241E+05   1.4222176E+06   5.1096242E-03   6.7911101E-03   5.6010776E-03
   4.2028986E-01   9.3708512E+05   4.0617299E+05   1.3432581E+06   4.3204091E-03   5.8269494E-03   4.7607924E-03
   4.3478261E-01   8.9036586E+05   3.7947453E+05   1.2698404E+06   4.6536764E-03   5.6449875E-03   4.9430658E-03
   4.4927536E-01   8.4081884E+05   3.5872721E+05   1.1995461E+06   3.6692671E-03   3.1477315E-03   3.5073488E-03
   4.6376812E-01   8.0833929E+05   3.3986858E+05   1.1482079E+06   5.1854893E-03   4.1496382E-03   4.8752098E-03
   4.7826087E-01   7.6933235E+05   3.2359949E+05   1.0929318E+06   3.5529944E-03   4.0346811E-03   3.6821016E-03
   4.9275362E-01   7.3250851E+05   3.0672735E+05   1.0392359E+06   2.8025747E-03   5.9523705E-03   3.7316630E-03
   5.0724638E-01   6.9501774E+05   2.9105749E+05   9.8607522E+05   4.5376101E-03   4.4369590E-03   4.5030224E-03
   5.2173913E-01   6.5864156E+05   2.7564777E+05   9.3428933E+05   3.9980158E-03   2.5777171E-03   3.5163138E-03
   5.3623188E-01   6.1749396E+05   2.6291415E+05   8.8040811E+05   3.4320360E-03   4.1560771E-03   3.6270368E-03
   5.5072464E-01   5.7936946E+05   2.4598526E+05   8.2535471E+05   3.0318416E-03   3.7619492E-03   3.2253457E-03
   5.6521739E-01   5.4638644E+05   2.3002166E+05   7.7640809E+05   2.9300612E-03   5.2882693E-03   3.5761857E-03
   5.7971014E-01   5.0044719E+05   2.0994989E+05   7.1039708E+05   3.0594102E-03   3.3856296E-03   3.0611480E-03
   5.9420290E-01   4.5861551E+05   1.8987772E+05   6.4849323E+05   1.5150647E-03   3.8764975E-03   2.1874122E-03
   6.0869565E-01   4.1520362E+05   1.7135674E+05   5.8656036E+05   3.7873134E-03   2.0715347E-03   3.2573125E-03
   6.2318841E-01   3.6815430E+05   1.5198788E+05   5.2014218E+05   4.1786047E-03   3.4279819E-03   3.9581484E-03
   6.3768116E-01   3.2377744E+05   1.3418828E+05   4.5796572E+05   4.9072778E-03   3.2026484E-03   4.3211243E-03
   6.5217391E-01   2.8362926E+05   1.1936879E+05   4.0299805E+05   4.4327014E-03   4.0606564E-03   4.3120655E-03
   6.6666667E-01   2.4094379E+05   1.0102607E+05   3.4196986E+05   3.4316972E-03   4.2567637E-03   3.5056440E-03
   6.8115942E-01   2.0781332E+05   8.5608123E+04   2.9342144E+05   4.2059580E-03   5.4298895E-03   4.4995411E-03
   6.9565217E-01   1.7413736E+05   7.1116745E+04   2.4525411E+05   6.7195036E-03   5.7426339E-03   6.4350365E-03
   7.1014493E-01   1.4935145E+05   5.9041605E+04   2.0839305E+05   6.4882401E-03   5.2768665E-03   6.1371125E-03
   7.2463768E-01   1.2269272E+05   5.0556192E+04   1.7324892E+05   7.1697725E-03   5.5528280E-03   6.6867402E-03
   7.3913043E-01   1.0290361E+05   4.1928097E+04   1.4483171E+05   5.7972126E-03   8.0258016E-03   6.4276434E-03
   7.5362319E-01   8.7198006E+04   3.6356789E+04   1.2355480E+05   9.2105057E-03   9.4858076E-03   9.2208324E-03
   7.6811594E-01   7.3957960E+04   3.0566812E+04   1.0452477E+05   1.3173584E-02   1.2391774E-02   1.2941994E-02
   7.8260870E-01   6.2836016E+04   2.6212076E+04   8.9048093E+04   1.6026174E-02   1.0056352E-02   1.4265512E-02
   7.9710145E-01   5.4377940E+04   2.2112134E+04   7.6490074E+04   1.7841445E-02   1.3271390E-02   1.6520208E-02
   8.1159420E-01   4.6763178E+04   1.9917650E+04   6.6680828E+04   2.3474702E-02   2.1507065E-02   2.2860416E-02
   8.2608696E-01   4.1130479E+04   1.7175365E+04   5.8305844E+04   3.1534679E-02   2.9397475E-02   3.0839866E-02
   8.4057971E-01   3.2386711E+04   1.4070386E+04   4.6457097E+04   3.6489745E-02   3.2533812E-02   3.5291252E-02
   8.5507246E-01   2.6392354E+04   1.0428512E+04   3.6820866E+04   4.5964556E-02   4.0795919E-02   4.4495390E-02
   8.6956522E-01   2.0559922E+04   7.7920589E+03   2.8351981E+04   5.8167619E-02   5.9556262E-02   5.8544433E-02
   8.8405797E-01   1.5564657E+04   6.0246277E+03   2.1589285E+04   7.0326587E-02   6.1558077E-02   6.7857861E-02
   8.9855072E-01   1.0473876E+04   4.2531027E+03   1.4726979E+04   8.2463778E-02   6.9372830E-02   7.8623153E-02
   9.1304348E-01   7.1323469E+03   2.8866159E+03   1.0018963E+04   9.5134787E-02   8.8489721E-02   9.3194933E-02
   9.2753623E-01   4.2977878E+03   1.9653795E+03   6.2631673E+03   1.0171173E-01   8.3687425E-02   9.6048082E-02
   9.4202899E-01   1.7952531E+03   6.5281930E+02   2.4480724E+03   9.5300655E-02   8.9965633E-02   9.3822916E-02
   9.5652174E-01   2.4109804E+02   9.1846871E+01   3.3294491E+02   1.1804939E-01   1.6049924E-01   1.2975433E-01
   9.7101449E-01   0.0000000E+00   0.0000000E+00   0.0000000E+00   0.0000000E+00   0.0000000E+00   0.0000000E+00
   9.8550725E-01   0.0000000E+00   0.0000000E+00   0.0000000E+00   0.0000000E+00   0.0000000E+00   0.0000000E+00
   1.0000000E+00   0.0000000E+00   0.0000000E+00   0.0000000E+00   0.0000000E+00   0.0000000E+00   0.0000000E+00
