   0.0000000E+00   3.3654275E+10   1.6941319E+10   5.0595594E+10   7.4573388E-06   2.6034176E-06   4.5520750E-06
   1.4492754E-02   3.5831095E+07   1.7720430E+07   5.3551525E+07   1.2202205E-02   1.3892758E-02   1.2761574E-02
   2.8985507E-02   3.3554475E+07   1.6440613E+07   4.9995088E+07   2.4327664E-02   2.4555754E-02   2.4392499E-02
   4.3478261E-02   2.4819160E+07   1.2627177E+07   3.7446337E+07   2.1743762E-02   2.1188487E-02   2.1556398E-02
   5.7971014E-02   1.5128592E+07   7.5243253E+06   2.2652917E+07   1.8254664E-02   1.9066984E-02   1.8521972E-02
   7.2463768E-02   9.0828381E+06   4.4648876E+06   1.3547726E+07   1.1333331E-02   1.2681867E-02   1.1775604E-02
   8.6956522E-02   6.1572420E+06   3.0271581E+06   9.1844001E+06   6.9531728E-03   5.4689262E-03   6.4329087E-03
   1.0144928E-01   4.7546894E+06   2.3381589E+06   7.0928484E+06   1.9184918E-03   3.5401875E-03   2.3427534E-03
   1.1594203E-01   3.9080269E+06   1.9040029E+06   5.8120298E+06   2.4106594E-03   9.9860743E-04   1.7922017E-03
   1.3043478E-01   3.3150138E+06   1.6204620E+06   4.9354758E+06   1.4609878E-03   3.2203450E-03   1.6629063E-03
   1.4492754E-01   2.8988732E+06   1.4334105E+06   4.3322837E+06   1.6427926E-03   3.6780679E-03   2.2878350E-03
   1.5942029E-01   2.5630788E+06   1.2501278E+06   3.8132065E+06   2.9842507E-03   8.8730420E-04   2.2914373E-03
   1.7391304E-01   2.3146330E+06   1.1328163E+06   3.4474493E+06   1.9886345E-03   1.7107140E-03   1.8950585E-03
   1.8840580E-01   2.0448399E+06   1.0074401E+06   3.0522799E+06   2.6652592E-03   2.5196664E-03   2.5808349E-03
   2.0289855E-01   1.8236557E+06   8.8860863E+05   2.7122643E+06   3.4482132E-03   4.6382586E-03   3.8290418E-03
   2.1739130E-01   1.6714156E+06   8.0239263E+05   2.4738082E+06   4.2949166E-03   4.3082146E-03   4.2989890E-03
   2.3188406E-01   1.5212511E+06   7.2714307E+05   2.2483942E+06   2.7987833E-03   3.7432195E-03   3.0524502E-03
   2.4637681E-01   1.3757824E+06   6.5963207E+05   2.0354145E+06   3.5517559E-03   4.7838442E-03   3.9300375E-03
   2.6086957E-01   1.2598214E+06   6.1351414E+05   1.8733356E+06   2.5523571E-03   3.4388006E-03   2.7889089E-03
   2.7536232E-01   1.1930763E+06   5.6786382E+05   1.7609402E+06   3.8426389E-03   2.5419126E-03   3.3445688E-03
   2.8985507E-01   1.1018628E+06   5.2950639E+05   1.6313692E+06   4.6478386E-03   3.5199758E-03   4.2812053E-03
   3.0434783E-01   1.0051197E+06   4.8412158E+05   1.4892412E+06   2.9101444E-03   3.1816098E-03   2.9895961E-03
   3.1884058E-01   9.2585090E+05   4.4107164E+05   1.3669225E+06   2.6052884E-03   3.2119157E-03   2.7844923E-03
   3.3333333E-01   8.6019586E+05   4.0825535E+05   1.2684512E+06   2.8743896E-03   4.6091698E-03   3.3693457E-03
   3.4782609E-01   7.8422590E+05   3.6977550E+05   1.1540014E+06   5.0763464E-03   4.0492904E-03   4.7303490E-03
   3.6231884E-01   6.9338968E+05   3.2967608E+05   1.0230658E+06   4.0016848E-03   2.2291042E-03   2.4848319E-03
   3.7681159E-01   5.8564303E+05   2.7855566E+05   8.6419869E+05   3.6984831E-03   5.3900426E-03   4.1439525E-03
   3.9130435E-01   4.6951610E+05   2.2569327E+05   6.9520938E+05   2.7119899E-03   5.4535363E-03   3.5950240E-03
   4.0579710E-01   3.3221341E+05   1.5942239E+05   4.9163580E+05   7.3231309E-03   2.7397255E-03   5.8228660E-03
   4.2028986E-01   1.7049075E+05   8.3403293E+04   2.5389405E+05   1.1120667E-02   1.2232102E-02   1.1423544E-02
   4.3478261E-01   5.4203431E+04   2.5409437E+04   7.9612868E+04   3.8518144E-02   3.1003840E-02   3.6117712E-02
   4.4927536E-01   1.9187848E+04   8.4817622E+03   2.7669611E+04   8.9106437E-02   8.4409731E-02   8.7619016E-02
   4.6376812E-01   1.7001717E+04   8.0035937E+03   2.5005311E+04   9.9915206E-02   1.0039493E-01   1.0006200E-01
   4.7826087E-01   1.8966379E+04   8.5876824E+03   2.7554061E+04   1.0947410E-01   1.1109455E-01   1.0996299E-01
   4.9275362E-01   1.8675981E+04   9.3379903E+03   2.8013971E+04   1.0747870E-01   1.0956997E-01   1.0817206E-01
   5.0724638E-01   1.8878468E+04   8.2052058E+03   2.7083674E+04   1.1656892E-01   1.1862468E-01   1.1719173E-01
   5.2173913E-01   1.8143584E+04   7.4721256E+03   2.5615710E+04   1.3085824E-01   1.2562261E-01   1.2932846E-01
   5.3623188E-01   1.7858011E+04   7.9459955E+03   2.5804006E+04   1.3039275E-01   1.3495335E-01   1.3179712E-01
   5.5072464E-01   1.5752947E+04   7.4577242E+03   2.3210671E+04   1.3776973E-01   1.2361391E-01   1.3322059E-01
   5.6521739E-01   1.2862094E+04   6.1007518E+03   1.8962846E+04   1.4774402E-01   1.4956873E-01   1.4833107E-01
   5.7971014E-01   1.0911408E+04   5.1147226E+03   1.6026131E+04   1.5796630E-01   1.4924491E-01   1.5518151E-01
   5.9420290E-01   8.7786567E+03   3.8071648E+03   1.2585822E+04   1.7801238E-01   1.4598020E-01   1.6832255E-01
   6.0869565E-01   6.9639610E+03   3.8067248E+03   1.0770686E+04   1.9295911E-01   1.8964381E-01   1.9178733E-01
   6.2318841E-01   5.7799449E+03   2.6608893E+03   8.4408342E+03   2.1464167E-01   2.1334015E-01   2.1423106E-01
   6.3768116E-01   5.2352716E+03   2.1698823E+03   7.4051540E+03   2.2984827E-01   2.2930703E-01   2.2968762E-01
   6.5217391E-01   3.7550062E+03   1.6501821E+03   5.4051883E+03   2.3800104E-01   2.4944961E-01   2.4149259E-01
   6.6666667E-01   3.5086503E+03   1.5648910E+03   5.0735413E+03   2.5880841E-01   2.4020993E-01   2.5306711E-01
   6.8115942E-01   2.8213600E+03   1.4509851E+03   4.2723451E+03   2.6985344E-01   2.6446866E-01   2.6802003E-01
   6.9565217E-01   2.4784304E+03   1.2155359E+03   3.6939663E+03   2.6393744E-01   2.5886387E-01   2.6226793E-01
   7.1014493E-01   2.6443464E+03   9.8969689E+02   3.6340433E+03   2.6076077E-01   2.8173542E-01   2.6647273E-01
   7.2463768E-01   2.3944479E+03   1.0153672E+03   3.4098151E+03   2.7841369E-01   2.7182464E-01   2.7643296E-01
   7.3913043E-01   1.9909160E+03   7.8745185E+02   2.7783678E+03   2.8534789E-01   3.1574539E-01   2.9396019E-01
   7.5362319E-01   1.6466201E+03   9.1802714E+02   2.5646472E+03   3.1284517E-01   2.9093190E-01   3.0500121E-01
   7.6811594E-01   1.4868795E+03   8.2922128E+02   2.3161008E+03   2.9737820E-01   3.1324101E-01   3.0305748E-01
   7.8260870E-01   1.1506372E+03   4.7709347E+02   1.6277307E+03   3.1394852E-01   2.9026444E-01   3.0700663E-01
   7.9710145E-01   1.1434935E+03   6.1996638E+02   1.7634599E+03   3.1347452E-01   3.0682415E-01   3.1111939E-01
   8.1159420E-01   1.2854462E+03   5.4124049E+02   1.8266866E+03   3.2540525E-01   2.9533123E-01   3.1649346E-01
   8.2608696E-01   9.0396657E+02   5.5833229E+02   1.4622989E+03   3.1343086E-01   3.5482394E-01   3.2923549E-01
   8.4057971E-01   8.3612324E+02   3.5273949E+02   1.1888627E+03   3.5617851E-01   3.2025500E-01   3.4551989E-01
   8.5507246E-01   7.4489369E+02   3.5960385E+02   1.1044975E+03   3.6733462E-01   3.7809015E-01   3.7083641E-01
   8.6956522E-01   6.3144724E+02   2.9046573E+02   9.2191297E+02   3.6424983E-01   3.1269498E-01   3.4799960E-01
   8.8405797E-01   4.8445460E+02   1.9875061E+02   6.8320521E+02   3.8704134E-01   3.4619880E-01   3.7515988E-01
   8.9855072E-01   5.3774861E+02   1.7110183E+02   7.0885045E+02   3.9126680E-01   3.9206926E-01   3.9146050E-01
   9.1304348E-01   5.1718536E+02   2.6460646E+02   7.8179182E+02   3.7424274E-01   3.9507264E-01   3.8128981E-01
   9.2753623E-01   3.5518907E+02   1.3023599E+02   4.8542506E+02   3.7799859E-01   3.9723129E-01   3.8315858E-01
   9.4202899E-01   3.4972462E+02   1.3988985E+02   4.8961447E+02   3.9091184E-01   3.3960438E-01   3.7625256E-01
   9.5652174E-01   2.6405975E+02   1.6073202E+02   4.2479178E+02   4.1539491E-01   4.1538691E-01   4.1539189E-01
   9.7101449E-01   1.9226155E+02   1.0178552E+02   2.9404707E+02   3.9294573E-01   4.1522770E-01   4.0065872E-01
   9.8550725E-01   1.7829098E+02   3.3429560E+01   2.1172054E+02   3.9587752E-01   4.2283480E-01   4.0013393E-01
   1.0000000E+00   4.3768184E+01   0.0000000E+00   4.3768184E+01   4.2506196E-01   0.0000000E+00   4.2506196E-01
