   0.0000000E+00   3.3248304E+10   1.6774363E+10   5.0022666E+10   6.0049707E-07   4.4271423E-07   2.5513058E-07
   1.4492754E-02   1.4623560E+07   7.4576444E+06   2.2081205E+07   1.1687778E-04   9.4948816E-04   2.4860078E-04
   2.8985507E-02   1.5906030E+07   7.9641914E+06   2.3870221E+07   3.5235988E-04   3.9153568E-05   2.3141670E-04
   4.3478261E-02   1.3591775E+07   6.8213982E+06   2.0413174E+07   9.8627070E-05   2.0546827E-04   1.3425996E-04
   5.7971014E-02   1.0225657E+07   5.0993784E+06   1.5325035E+07   1.6194918E-04   2.5663709E-04   9.9376203E-05
   7.2463768E-02   8.2935796E+06   4.0887471E+06   1.2382327E+07   1.2692324E-04   5.9014478E-04   2.7060337E-04
   8.6956522E-02   7.0753663E+06   3.4820526E+06   1.0557419E+07   3.3873748E-04   4.0678020E-04   2.8047521E-04
   1.0144928E-01   6.2096521E+06   3.0884265E+06   9.2980786E+06   2.2434425E-04   4.2988245E-04   2.7608739E-04
   1.1594203E-01   5.5994847E+06   2.7483110E+06   8.3477956E+06   3.0271596E-04   2.8938775E-04   2.9267589E-04
   1.3043478E-01   5.1196900E+06   2.4820928E+06   7.6017828E+06   2.6802380E-04   5.5890153E-04   2.3195858E-04
   1.4492754E-01   4.6073421E+06   2.2412336E+06   6.8485757E+06   1.0275125E-03   2.7910129E-04   7.8258523E-04
   1.5942029E-01   4.2423610E+06   2.0560152E+06   6.2983762E+06   6.5301432E-04   8.4303803E-04   7.0432537E-04
   1.7391304E-01   3.8953980E+06   1.8903004E+06   5.7856985E+06   5.7721325E-04   1.3202873E-03   8.1936165E-04
   1.8840580E-01   3.5842694E+06   1.7277562E+06   5.3120256E+06   5.8338799E-04   6.0416830E-04   5.6975405E-04
   2.0289855E-01   3.1945096E+06   1.5626695E+06   4.7571792E+06   1.1311977E-03   1.5489560E-03   1.2547583E-03
   2.1739130E-01   2.7915019E+06   1.3561466E+06   4.1476485E+06   1.4182604E-03   8.2025799E-04   1.2208476E-03
   2.3188406E-01   2.3834134E+06   1.1490603E+06   3.5324737E+06   9.7425531E-04   7.7266265E-04   8.8954593E-04
   2.4637681E-01   1.9948533E+06   9.5385677E+05   2.9487100E+06   1.0028542E-03   1.3855426E-03   1.0962988E-03
   2.6086957E-01   1.5311754E+06   7.3673054E+05   2.2679059E+06   1.8387170E-03   1.3887642E-03   1.6911472E-03
   2.7536232E-01   1.2074733E+06   5.7954892E+05   1.7870223E+06   2.1948063E-03   1.7907165E-03   1.8777179E-03
   2.8985507E-01   1.0456387E+06   4.9309715E+05   1.5387359E+06   3.8003947E-03   2.1718598E-03   3.1458718E-03
   3.0434783E-01   9.1715005E+05   4.3248723E+05   1.3496373E+06   3.7484993E-03   2.8783411E-03   3.3457227E-03
   3.1884058E-01   8.0151320E+05   3.7745620E+05   1.1789694E+06   3.2430945E-03   3.9620569E-03   3.1673870E-03
   3.3333333E-01   7.0762723E+05   3.3300880E+05   1.0406360E+06   4.3069864E-03   2.3898399E-03   3.6729808E-03
   3.4782609E-01   6.2238597E+05   2.9469643E+05   9.1708239E+05   4.8156659E-03   2.7124403E-03   4.1395072E-03
   3.6231884E-01   5.4344875E+05   2.6144947E+05   8.0489822E+05   4.7341645E-03   3.7601173E-03   4.3799388E-03
   3.7681159E-01   4.6650350E+05   2.2516437E+05   6.9166787E+05   4.1359694E-03   3.6693389E-03   3.8384994E-03
   3.9130435E-01   3.9461243E+05   1.9139867E+05   5.8601110E+05   6.3097194E-03   5.7286441E-03   6.0313649E-03
   4.0579710E-01   3.3467606E+05   1.5752804E+05   4.9220410E+05   6.0407313E-03   9.8074968E-03   6.9288796E-03
   4.2028986E-01   2.4610765E+05   1.1551565E+05   3.6162330E+05   1.1840774E-02   7.2799582E-03   1.0321424E-02
   4.3478261E-01   9.1635623E+04   4.3468828E+04   1.3510445E+05   3.8000162E-02   4.2022733E-02   3.9290087E-02
   4.4927536E-01   1.7134626E+04   7.4551512E+03   2.4589778E+04   2.3349805E-01   2.3062684E-01   2.3262376E-01
   4.6376812E-01   1.4633790E+04   6.4407618E+03   2.1074552E+04   2.5345294E-01   2.3805727E-01   2.4874736E-01
   4.7826087E-01   1.1320127E+04   5.6945060E+03   1.7014633E+04   2.6328355E-01   2.5650053E-01   2.6101336E-01
   4.9275362E-01   8.7139719E+03   4.4349882E+03   1.3148960E+04   2.6866377E-01   2.6108056E-01   2.6610561E-01
   5.0724638E-01   8.2918043E+03   3.8319827E+03   1.2123787E+04   2.6734061E-01   2.5595217E-01   2.6374038E-01
   5.2173913E-01   7.0511608E+03   3.2835256E+03   1.0334686E+04   2.7120744E-01   2.7624694E-01   2.7280840E-01
   5.3623188E-01   5.6523061E+03   2.9490293E+03   8.6013353E+03   2.6777869E-01   2.8012201E-01   2.7201055E-01
   5.5072464E-01   4.8056458E+03   2.4925549E+03   7.2982007E+03   2.7513327E-01   2.7834864E-01   2.7623142E-01
   5.6521739E-01   3.9829749E+03   2.1954935E+03   6.1784683E+03   2.6282023E-01   2.6698352E-01   2.6429964E-01
   5.7971014E-01   3.6181927E+03   1.9322285E+03   5.5504212E+03   2.5718284E-01   2.8905050E-01   2.6827573E-01
   5.9420290E-01   3.6223510E+03   1.6263617E+03   5.2487126E+03   2.7995535E-01   2.9127618E-01   2.8346284E-01
   6.0869565E-01   2.9948640E+03   1.3170185E+03   4.3118826E+03   2.6858995E-01   2.8879929E-01   2.7476260E-01
   6.2318841E-01   2.6256457E+03   1.1101724E+03   3.7358181E+03   2.6455187E-01   2.9195446E-01   2.7269509E-01
   6.3768116E-01   2.3593165E+03   1.1538263E+03   3.5131428E+03   2.7289334E-01   2.5606896E-01   2.6736331E-01
   6.5217391E-01   2.1890171E+03   1.4649576E+03   3.6539747E+03   2.8056260E-01   2.9719227E-01   2.8722980E-01
   6.6666667E-01   1.9602319E+03   1.2024952E+03   3.1627270E+03   2.5112695E-01   2.3923583E-01   2.4660585E-01
   6.8115942E-01   1.9830130E+03   8.5446903E+02   2.8374821E+03   2.5112918E-01   1.7565642E-01   2.2840158E-01
   6.9565217E-01   1.8943417E+03   8.9981231E+02   2.7941540E+03   1.8966488E-01   2.6807638E-01   2.1491604E-01
   7.1014493E-01   1.8402177E+03   6.4948859E+02   2.4897062E+03   2.1104016E-01   2.0055408E-01   2.0830467E-01
   7.2463768E-01   1.7124849E+03   6.9711775E+02   2.4096027E+03   2.2156772E-01   1.9075450E-01   2.1265320E-01
   7.3913043E-01   1.5303310E+03   7.2802152E+02   2.2583525E+03   2.6150418E-01   2.1718093E-01   2.4721576E-01
   7.5362319E-01   1.3406111E+03   7.4316482E+02   2.0837759E+03   2.1908090E-01   2.2582642E-01   2.2148548E-01
   7.6811594E-01   1.1580504E+03   6.5765825E+02   1.8157087E+03   2.3267383E-01   2.3714776E-01   2.3429431E-01
   7.8260870E-01   9.5418694E+02   5.0515779E+02   1.4593447E+03   2.4142815E-01   2.3420524E-01   2.3892791E-01
   7.9710145E-01   1.1159395E+03   4.9597310E+02   1.6119126E+03   2.4666400E-01   1.9323674E-01   2.3022484E-01
   8.1159420E-01   9.0657782E+02   2.9768227E+02   1.2042601E+03   2.5313622E-01   2.5645921E-01   2.5395763E-01
   8.2608696E-01   8.6408569E+02   4.6527691E+02   1.3293626E+03   2.3711462E-01   2.3667040E-01   2.3695914E-01
   8.4057971E-01   8.7531651E+02   3.3967507E+02   1.2149916E+03   2.0528343E-01   2.2875913E-01   2.1184653E-01
   8.5507246E-01   6.2930674E+02   2.6970289E+02   8.9900963E+02   2.1496921E-01   2.4734454E-01   2.2468181E-01
   8.6956522E-01   6.3144724E+02   2.9046573E+02   9.2191297E+02   2.2864516E-01   2.0857394E-01   2.2232135E-01
   8.8405797E-01   5.8382990E+02   2.6086017E+02   8.4469007E+02   2.2891904E-01   2.6827968E-01   2.4107453E-01
   8.9855072E-01   5.3774861E+02   2.5665275E+02   7.9440136E+02   2.3247824E-01   2.5153131E-01   2.3863385E-01
   9.1304348E-01   3.3677186E+02   1.5635836E+02   4.9313022E+02   2.1252358E-01   2.0965348E-01   2.1161355E-01
   9.2753623E-01   3.3150980E+02   9.4717086E+01   4.2622688E+02   2.3472128E-01   1.4052387E-01   2.1378852E-01
   9.4202899E-01   3.8469709E+02   8.1602412E+01   4.6629950E+02   2.6846771E-01   2.7371805E-01   2.6938652E-01
   9.5652174E-01   2.4109804E+02   1.0332773E+02   3.4442577E+02   2.9114385E-01   3.2075750E-01   3.0002795E-01
   9.7101449E-01   2.4880906E+02   7.9166519E+01   3.2797558E+02   2.6213262E-01   3.6006032E-01   2.8576807E-01
   9.8550725E-01   1.5600461E+02   3.3429560E+01   1.8943417E+02   1.5026604E-01   2.7915451E-01   1.7301106E-01
   1.0000000E+00   6.5652276E+01   0.0000000E+00   6.5652276E+01   1.4124931E-01   0.0000000E+00   1.4124931E-01
