   0.0000000E+00   3.1724616E+10   1.6120278E+10   4.7844895E+10   1.3703383E-06   1.0063683E-05   3.9253475E-06
   1.4492754E-02   5.2212604E+07   2.5291735E+07   7.7504339E+07   5.0387468E-03   4.2827060E-03   4.7751725E-03
   2.8985507E-02   4.7827961E+07   2.3345867E+07   7.1173828E+07   1.4480367E-02   1.4242111E-02   1.4402193E-02
   4.3478261E-02   3.9685954E+07   1.9532936E+07   5.9218890E+07   2.0268085E-02   1.8256262E-02   1.9601510E-02
   5.7971014E-02   2.8512684E+07   1.3878705E+07   4.2391389E+07   2.4888663E-02   2.3933484E-02   2.4575816E-02
   7.2463768E-02   1.8424519E+07   9.0625307E+06   2.7487050E+07   2.9344973E-02   2.6834684E-02   2.8513813E-02
   8.6956522E-02   1.1742519E+07   5.7046206E+06   1.7447140E+07   2.9648197E-02   2.6003837E-02   2.8447230E-02
   1.0144928E-01   7.8262292E+06   3.7651936E+06   1.1591423E+07   2.3867708E-02   2.1811473E-02   2.3197871E-02
   1.1594203E-01   5.6471274E+06   2.6586139E+06   8.3057412E+06   1.6963920E-02   1.5785221E-02   1.6586043E-02
   1.3043478E-01   4.4353696E+06   2.0695473E+06   6.5049169E+06   1.1458869E-02   1.1708838E-02   1.1529905E-02
   1.4492754E-01   3.6480475E+06   1.6891466E+06   5.3371941E+06   7.4140915E-03   8.2606572E-03   7.6626920E-03
   1.5942029E-01   3.0827484E+06   1.4402508E+06   4.5229992E+06   7.1849649E-03   8.8624660E-03   7.7112728E-03
   1.7391304E-01   2.6460165E+06   1.2353634E+06   3.8813799E+06   7.9571809E-03   8.0230123E-03   7.9756524E-03
   1.8840580E-01   2.2905797E+06   1.0614725E+06   3.3520522E+06   6.8184027E-03   7.3174101E-03   6.9150392E-03
   2.0289855E-01   1.9920356E+06   9.2108306E+05   2.9131187E+06   7.4451616E-03   7.6200800E-03   7.4990611E-03
   2.1739130E-01   1.7028364E+06   7.9865446E+05   2.5014909E+06   7.7765489E-03   9.7066043E-03   8.3839401E-03
   2.3188406E-01   1.4929307E+06   6.8172622E+05   2.1746569E+06   7.6808005E-03   6.6385643E-03   7.3155303E-03
   2.4637681E-01   1.3272427E+06   6.0133092E+05   1.9285736E+06   8.5109875E-03   1.0297199E-02   9.0585726E-03
   2.6086957E-01   1.1652306E+06   5.4599138E+05   1.7112220E+06   8.0170377E-03   8.3660477E-03   8.1088184E-03
   2.7536232E-01   1.0423665E+06   4.7498126E+05   1.5173478E+06   8.5488271E-03   7.5077958E-03   8.2075644E-03
   2.8985507E-01   9.2568902E+05   4.2198356E+05   1.3476726E+06   7.8811785E-03   9.3157591E-03   8.3303484E-03
   3.0434783E-01   8.2448968E+05   3.7067757E+05   1.1951672E+06   5.6789271E-03   9.3758962E-03   6.7962957E-03
   3.1884058E-01   7.1433904E+05   3.2754890E+05   1.0418879E+06   8.9754474E-03   8.5806404E-03   8.7865330E-03
   3.3333333E-01   6.3205123E+05   2.8560084E+05   9.1765207E+05   7.2458647E-03   7.9309821E-03   7.4509153E-03
   3.4782609E-01   5.3644600E+05   2.4193901E+05   7.7838501E+05   8.6610439E-03   6.7809549E-03   8.0762745E-03
   3.6231884E-01   4.5242942E+05   2.0837759E+05   6.6080701E+05   1.2127021E-02   8.7199136E-03   1.0952419E-02
   3.7681159E-01   3.6528737E+05   1.6378770E+05   5.2907507E+05   1.0284493E-02   8.0311249E-03   9.5789262E-03
   3.9130435E-01   2.7068038E+05   1.2000304E+05   3.9068342E+05   1.3026992E-02   8.1929598E-03   1.1498609E-02
   4.0579710E-01   1.7444181E+05   7.6369033E+04   2.5081084E+05   1.8143882E-02   1.8392321E-02   1.8195766E-02
   4.2028986E-01   8.7374878E+04   4.0943910E+04   1.2831879E+05   3.8613642E-02   2.4524453E-02   3.4112926E-02
   4.3478261E-01   3.4350730E+04   1.4245450E+04   4.8596179E+04   6.0722971E-02   5.8776067E-02   5.9937021E-02
   4.4927536E-01   1.1048290E+04   4.8886238E+03   1.5936913E+04   8.9167924E-02   8.3286791E-02   8.7362556E-02
   4.6376812E-01   1.0703031E+04   4.2385896E+03   1.4941620E+04   1.0952148E-01   8.0856528E-02   1.0135340E-01
   4.7826087E-01   1.0240926E+04   4.2708795E+03   1.4511806E+04   1.0601189E-01   1.2085259E-01   1.1036555E-01
   4.9275362E-01   1.0519168E+04   4.5018474E+03   1.5021015E+04   1.3551875E-01   1.1284548E-01   1.2871451E-01
   5.0724638E-01   9.9804746E+03   4.5247705E+03   1.4505245E+04   1.4796501E-01   1.1753318E-01   1.3846827E-01
   5.2173913E-01   1.1366050E+04   4.6306131E+03   1.5996663E+04   1.5848801E-01   1.3943077E-01   1.5293102E-01
   5.3623188E-01   1.1898514E+04   4.9560075E+03   1.6854521E+04   1.6291061E-01   1.1692279E-01   1.4938702E-01
   5.5072464E-01   1.0947301E+04   4.9252884E+03   1.5872589E+04   1.6686363E-01   1.3645273E-01   1.5742664E-01
   5.6521739E-01   1.1016326E+04   4.4298452E+03   1.5446171E+04   1.7354265E-01   1.7080611E-01   1.7275471E-01
   5.7971014E-01   1.1309220E+04   4.3190991E+03   1.5628319E+04   1.8334275E-01   1.7195571E-01   1.8019146E-01
   5.9420290E-01   1.0589832E+04   4.6573084E+03   1.5247141E+04   1.9864685E-01   1.6133623E-01   1.8724976E-01
   6.0869565E-01   9.8686182E+03   4.3660066E+03   1.4234625E+04   1.9709003E-01   2.1021935E-01   2.0111673E-01
   6.2318841E-01   9.5862501E+03   4.0882537E+03   1.3674504E+04   1.9575825E-01   1.8843065E-01   1.9356734E-01
   6.3768116E-01   9.6611427E+03   4.2364369E+03   1.3897580E+04   1.9755470E-01   1.9274139E-01   1.9608728E-01
   6.5217391E-01   8.9076157E+03   3.5866203E+03   1.2494236E+04   1.9987647E-01   1.7314179E-01   1.9220196E-01
   6.6666667E-01   8.0715429E+03   3.2286172E+03   1.1300160E+04   2.0779742E-01   1.6649820E-01   1.9599700E-01
   6.8115942E-01   7.6257330E+03   2.9180923E+03   1.0543825E+04   2.0548421E-01   2.0793126E-01   2.0615374E-01
   6.9565217E-01   6.8354163E+03   2.4784304E+03   9.3138467E+03   2.0309887E-01   1.9370005E-01   2.0059776E-01
   7.1014493E-01   6.2319976E+03   3.0928028E+03   9.3248004E+03   2.0017359E-01   1.8422537E-01   1.9487885E-01
   7.2463768E-01   5.9103461E+03   2.1822817E+03   8.0926278E+03   2.0619793E-01   1.8765492E-01   2.0119645E-01
   7.3913043E-01   5.3933023E+03   2.2434949E+03   7.6367972E+03   2.0438992E-01   2.0355629E-01   2.0414362E-01
   7.5362319E-01   4.8815729E+03   1.7486231E+03   6.6301960E+03   1.8565062E-01   1.9441028E-01   1.8796050E-01
   7.6811594E-01   4.7608739E+03   2.0015686E+03   6.7624425E+03   2.1449112E-01   1.9760245E-01   2.0948775E-01
   7.8260870E-01   4.3219055E+03   1.3751518E+03   5.6970573E+03   2.0615356E-01   2.2037224E-01   2.0958216E-01
   7.9710145E-01   4.0917781E+03   1.5292504E+03   5.6210285E+03   1.9511306E-01   1.9400610E-01   1.9481104E-01
   8.1159420E-01   3.7345594E+03   1.4748803E+03   5.2094397E+03   2.0579123E-01   1.6975143E-01   1.9558625E-01
   8.2608696E-01   3.3101129E+03   1.2761881E+03   4.5863010E+03   1.8814719E-01   1.4590762E-01   1.7639322E-01
   8.4057971E-01   2.8611092E+03   1.0320896E+03   3.8931988E+03   1.8901759E-01   1.4037214E-01   1.7611911E-01
   8.5507246E-01   2.7227149E+03   9.6322460E+02   3.6859395E+03   2.2761584E-01   1.7606408E-01   2.1414248E-01
   8.6956522E-01   2.3868706E+03   1.0734603E+03   3.4603309E+03   2.0914070E-01   1.6683282E-01   1.9601477E-01
   8.8405797E-01   2.1862567E+03   8.9437773E+02   3.0806344E+03   1.8031502E-01   1.4168287E-01   1.6909924E-01
   8.9855072E-01   2.3587610E+03   1.0266110E+03   3.3853720E+03   1.7928660E-01   2.1517890E-01   1.9017053E-01
   9.1304348E-01   1.8883279E+03   7.0962642E+02   2.5979543E+03   1.9463124E-01   1.7293417E-01   1.8870473E-01
   9.2753623E-01   1.5273130E+03   7.6957632E+02   2.2968893E+03   1.9023240E-01   1.5297782E-01   1.7775020E-01
   9.4202899E-01   1.3988985E+03   5.7121688E+02   1.9701154E+03   1.9548429E-01   1.6688096E-01   1.8719102E-01
   9.5652174E-01   1.2973370E+03   4.7071521E+02   1.7680523E+03   1.9780156E-01   1.7270324E-01   1.9111954E-01
   9.7101449E-01   1.0065457E+03   3.9583260E+02   1.4023783E+03   2.0081818E-01   9.6131658E-02   1.7126956E-01
   9.8550725E-01   5.4601614E+02   2.6743648E+02   8.1345262E+02   1.3146925E-01   1.2285722E-01   1.2860426E-01
   1.0000000E+00   3.2826138E+02   2.8449320E+02   6.1275457E+02   1.9864802E-01   9.8593075E-02   1.5219394E-01
