   0.0000000E+00   2.6119371E+10   1.3697673E+10   3.9817044E+10   1.9605302E-06   2.7088628E-06   2.0439398E-06
   1.4492754E-02   6.0647729E+07   2.9838913E+07   9.0486642E+07   5.9232967E-03   5.2216464E-03   5.6918820E-03
   2.8985507E-02   5.7079926E+07   2.8212810E+07   8.5292735E+07   1.4448344E-02   1.3299883E-02   1.4066914E-02
   4.3478261E-02   4.8405230E+07   2.4044500E+07   7.2449730E+07   1.7486810E-02   1.6214486E-02   1.7059048E-02
   5.7971014E-02   3.5766687E+07   1.7836553E+07   5.3603240E+07   1.7589656E-02   1.5151237E-02   1.6778251E-02
   7.2463768E-02   2.3909623E+07   1.1886767E+07   3.5796390E+07   1.5899252E-02   1.4646416E-02   1.5482272E-02
   8.6956522E-02   1.5763954E+07   7.7140120E+06   2.3477966E+07   1.4057995E-02   1.2167559E-02   1.3433572E-02
   1.0144928E-01   1.0896795E+07   5.2208058E+06   1.6117601E+07   9.5040014E-03   8.6737662E-03   9.2350654E-03
   1.1594203E-01   8.1942592E+06   3.8515756E+06   1.2045835E+07   5.0532553E-03   5.5558619E-03   5.2125283E-03
   1.3043478E-01   6.7121157E+06   3.0855880E+06   9.7977037E+06   2.6418518E-03   3.3194550E-03   2.8534915E-03
   1.4492754E-01   5.7544797E+06   2.6047199E+06   8.3591996E+06   2.5682402E-03   2.1335804E-03   2.4313609E-03
   1.5942029E-01   5.0741493E+06   2.2750700E+06   7.3492192E+06   1.7757579E-03   3.4954805E-03   2.2070006E-03
   1.7391304E-01   4.5316442E+06   2.0357859E+06   6.5674301E+06   2.5357367E-03   2.9785292E-03   2.6728399E-03
   1.8840580E-01   4.1066997E+06   1.8116901E+06   5.9183898E+06   2.5533111E-03   2.4984117E-03   2.5309302E-03
   2.0289855E-01   3.7236263E+06   1.6308117E+06   5.3544380E+06   2.5494700E-03   3.0731555E-03   2.7024590E-03
   2.1739130E-01   3.4104718E+06   1.4677360E+06   4.8782077E+06   3.0293775E-03   4.1107408E-03   3.3331631E-03
   2.3188406E-01   3.1436601E+06   1.3495764E+06   4.4932365E+06   3.2644778E-03   2.8900678E-03   3.1507694E-03
   2.4637681E-01   2.9095751E+06   1.2522713E+06   4.1618465E+06   2.6507706E-03   2.3114740E-03   2.5323351E-03
   2.6086957E-01   2.7273890E+06   1.1650622E+06   3.8924512E+06   2.2052283E-03   2.7792701E-03   2.3103305E-03
   2.7536232E-01   2.5674512E+06   1.0950492E+06   3.6625003E+06   2.8403005E-03   3.4027205E-03   3.0084489E-03
   2.8985507E-01   2.3928567E+06   1.0140411E+06   3.4068978E+06   1.9256078E-03   3.1750261E-03   2.2668522E-03
   3.0434783E-01   2.2701069E+06   9.6026887E+05   3.2303758E+06   3.1405525E-03   2.9123375E-03   3.0634659E-03
   3.1884058E-01   2.1287234E+06   8.9719468E+05   3.0259181E+06   2.9254486E-03   2.5034701E-03   2.7854270E-03
   3.3333333E-01   1.9676774E+06   8.3532233E+05   2.8029998E+06   3.1954823E-03   2.5733562E-03   2.9914273E-03
   3.4782609E-01   1.8097594E+06   7.5770511E+05   2.5674645E+06   3.4100979E-03   2.1972551E-03   3.0521634E-03
   3.6231884E-01   1.6189196E+06   6.7202151E+05   2.2909411E+06   2.9032148E-03   2.5568485E-03   2.7924952E-03
   3.7681159E-01   1.3532011E+06   5.5985083E+05   1.9130520E+06   2.7692840E-03   2.7033904E-03   2.7499963E-03
   3.9130435E-01   1.0338335E+06   4.3409893E+05   1.4679324E+06   4.3210096E-03   3.3142152E-03   3.7996219E-03
   4.0579710E-01   6.8358674E+05   2.8434069E+05   9.6792743E+05   6.4470808E-03   5.5257588E-03   6.1697503E-03
   4.2028986E-01   3.4934274E+05   1.4843800E+05   4.9778074E+05   1.1689166E-02   1.1487857E-02   1.1628940E-02
   4.3478261E-01   1.2391521E+05   5.2258573E+04   1.7617378E+05   2.4355510E-02   1.8685001E-02   2.2609897E-02
   4.4927536E-01   2.2634328E+04   9.4106008E+03   3.2044929E+04   5.1361162E-02   4.4196368E-02   4.9242980E-02
   4.6376812E-01   1.9464361E+04   6.8196302E+03   2.6283991E+04   6.1302758E-02   6.0222146E-02   6.0994826E-02
   4.7826087E-01   2.0412967E+04   7.4395965E+03   2.7852564E+04   7.8042782E-02   6.8209696E-02   7.5407201E-02
   4.9275362E-01   2.0681754E+04   8.3351035E+03   2.9016858E+04   7.7075801E-02   6.9840189E-02   7.4990173E-02
   5.0724638E-01   1.9874351E+04   8.1402569E+03   2.8014608E+04   8.4993980E-02   7.5180885E-02   8.2132062E-02
   5.2173913E-01   2.1258724E+04   7.8088975E+03   2.9067621E+04   8.7628386E-02   7.5833887E-02   8.4459754E-02
   5.3623188E-01   2.0315535E+04   7.5364081E+03   2.7851943E+04   9.4222871E-02   8.7766571E-02   9.2475870E-02
   5.5072464E-01   1.9521690E+04   8.0559374E+03   2.7577627E+04   1.0903707E-01   1.0048083E-01   1.0653674E-01
   5.6521739E-01   1.8846271E+04   7.1304965E+03   2.5976768E+04   1.0878430E-01   8.9542685E-02   1.0350003E-01
   5.7971014E-01   1.7181679E+04   7.2742722E+03   2.4455951E+04   1.2223161E-01   1.0670205E-01   1.1760869E-01
   5.9420290E-01   1.5838545E+04   6.6163349E+03   2.2454880E+04   1.3462896E-01   1.1704853E-01   1.2944856E-01
   6.0869565E-01   1.4198542E+04   5.2680741E+03   1.9466616E+04   1.4343544E-01   1.1635141E-01   1.3610547E-01
   6.2318841E-01   1.2211896E+04   5.2512914E+03   1.7463187E+04   1.6596680E-01   1.3608653E-01   1.5698144E-01
   6.3768116E-01   1.0384437E+04   4.4603137E+03   1.4844750E+04   1.6277347E-01   1.5584597E-01   1.6068765E-01
   6.5217391E-01   8.7729069E+03   3.3845572E+03   1.2157464E+04   1.9292083E-01   1.9165238E-01   1.9256763E-01
   6.6666667E-01   8.0880155E+03   2.5532432E+03   1.0641259E+04   2.0568278E-01   1.6318100E-01   1.9548354E-01
   6.8115942E-01   6.1263817E+03   2.3538203E+03   8.4802020E+03   2.1224885E-01   2.1033379E-01   2.1171729E-01
   6.9565217E-01   5.7461699E+03   1.9259141E+03   7.6720839E+03   2.4239555E-01   2.2421569E-01   2.3783029E-01
   7.1014493E-01   5.1649807E+03   1.8092896E+03   6.9742703E+03   2.6877177E-01   2.4569679E-01   2.6278552E-01
   7.2463768E-01   4.1523970E+03   1.5306281E+03   5.6830251E+03   2.6924655E-01   2.4876125E-01   2.6372899E-01
   7.3913043E-01   3.5509621E+03   1.2926096E+03   4.8435717E+03   2.9388203E-01   2.8256295E-01   2.9086043E-01
   7.5362319E-01   3.5118181E+03   1.1220332E+03   4.6338513E+03   2.9748498E-01   2.7734550E-01   2.9260720E-01
   7.6811594E-01   2.8307899E+03   9.5789354E+02   3.7886834E+03   2.9328102E-01   3.1489738E-01   2.9874536E-01
   7.8260870E-01   2.4836925E+03   7.7176884E+02   3.2554613E+03   3.0387661E-01   2.9921671E-01   3.0277189E-01
   7.9710145E-01   2.1216627E+03   7.1640559E+02   2.8380683E+03   3.0265021E-01   2.9424728E-01   3.0052908E-01
   8.1159420E-01   1.8672797E+03   6.9008162E+02   2.5573613E+03   3.2582871E-01   3.2942180E-01   3.2679827E-01
   8.2608696E-01   1.9275758E+03   4.6527691E+02   2.3928527E+03   3.1221391E-01   3.1146646E-01   3.1206819E-01
   8.4057971E-01   1.4109580E+03   4.0499719E+02   1.8159552E+03   3.5490137E-01   3.6301864E-01   3.5671140E-01
   8.5507246E-01   1.3099855E+03   4.8803380E+02   1.7980193E+03   3.2396376E-01   3.4251826E-01   3.2897009E-01
   8.6956522E-01   1.2376366E+03   4.2938412E+02   1.6670207E+03   3.3752676E-01   3.2278898E-01   3.3372865E-01
   8.8405797E-01   9.8133112E+02   4.3476695E+02   1.4160981E+03   3.4603969E-01   3.8285393E-01   3.5734231E-01
   8.9855072E-01   9.8994631E+02   3.5442522E+02   1.3443715E+03   3.3313668E-01   3.8233355E-01   3.4610677E-01
   9.1304348E-01   7.9381938E+02   2.2852376E+02   1.0223431E+03   3.6751295E-01   3.5441106E-01   3.6458372E-01
   9.2753623E-01   6.1566106E+02   2.2495308E+02   8.4061413E+02   3.7668385E-01   3.9215308E-01   3.8082351E-01
   9.4202899E-01   6.0618935E+02   2.3314975E+02   8.3933910E+02   3.9725546E-01   3.3518983E-01   3.7999589E-01
   9.5652174E-01   5.5108122E+02   1.1480859E+02   6.6588981E+02   3.7696674E-01   3.6449551E-01   3.7481653E-01
   9.7101449E-01   3.7321359E+02   1.5833304E+02   5.3154663E+02   4.1558219E-01   3.9829158E-01   4.1036700E-01
   9.8550725E-01   2.1172054E+02   6.6859119E+01   2.7857966E+02   3.9963874E-01   4.2033359E-01   4.0460550E-01
   1.0000000E+00   1.3130455E+02   4.3768184E+01   1.7507274E+02   4.2765829E-01   4.2751468E-01   4.2762239E-01
