   0.0000000E+00   4.3039444E+06   1.9337440E+06   6.2376884E+06   4.6596058E-03   3.3377661E-03   2.4462800E-03
   1.4492754E-02   4.0372211E+06   2.0140641E+06   6.0512852E+06   1.4065193E-03   8.1105189E-04   1.0862261E-03
   2.8985507E-02   4.0622264E+06   2.0307343E+06   6.0929607E+06   6.8142628E-04   1.9712833E-03   3.3415923E-04
   4.3478261E-02   4.0566696E+06   2.0650850E+06   6.1217547E+06   1.6178230E-03   1.7525888E-03   6.8606771E-04
   5.7971014E-02   4.0453667E+06   2.0708944E+06   6.1162611E+06   1.6157456E-03   2.7949333E-04   1.0148396E-03
   7.2463768E-02   4.0767749E+06   2.0696820E+06   6.1463053E+06   3.9407121E-04   3.4904137E-04   3.7316658E-04
   8.6956522E-02   4.0932936E+06   2.0638221E+06   6.1569894E+06   6.4366448E-04   4.2176152E-04   3.5905124E-04
   1.0144928E-01   4.1505568E+06   2.0962244E+06   6.2467812E+06   5.7288833E-04   4.2092931E-04   3.5953341E-04
   1.1594203E-01   4.1570382E+06   2.1348284E+06   6.2918666E+06   4.2463878E-04   3.2188686E-04   2.1277176E-04
   1.3043478E-01   4.2018183E+06   2.1438897E+06   6.3456238E+06   1.4399488E-04   5.0545302E-04   8.7671238E-05
   1.4492754E-01   4.2092273E+06   2.1613681E+06   6.3703681E+06   1.4991290E-04   1.3323611E-04   1.4188772E-04
   1.5942029E-01   4.2444965E+06   2.1803529E+06   6.4248493E+06   1.8167061E-04   3.7156995E-04   3.1597220E-05
   1.7391304E-01   4.2966196E+06   2.2151801E+06   6.5117996E+06   3.8402653E-04   1.1122434E-04   2.1544892E-04
   1.8840580E-01   4.3448621E+06   2.2429589E+06   6.5877627E+06   1.8455092E-04   1.5390304E-04   1.6771578E-04
   2.0289855E-01   4.3581767E+06   2.2471223E+06   6.6052448E+06   2.0966412E-04   2.1093984E-04   1.7199871E-04
   2.1739130E-01   4.3493581E+06   2.2613894E+06   6.6106464E+06   8.5161243E-05   1.2125172E-04   4.7777645E-05
   2.3188406E-01   4.3495980E+06   2.2832974E+06   6.6328007E+06   1.9223853E-04   2.0207427E-04   1.7584447E-04
   2.4637681E-01   4.3567185E+06   2.2705803E+06   6.6271650E+06   1.6530785E-04   3.6334166E-04   1.8138156E-04
   2.6086957E-01   4.3419154E+06   2.2833974E+06   6.6250602E+06   2.2355928E-04   1.8357492E-04   9.6481386E-05
   2.7536232E-01   4.3274741E+06   2.2728112E+06   6.6000062E+06   6.1965544E-05   3.6637235E-04   1.3808406E-04
   2.8985507E-01   4.3133024E+06   2.2697624E+06   6.5827996E+06   3.7894563E-04   3.2223594E-04   2.5687012E-04
   3.0434783E-01   4.2514801E+06   2.2247871E+06   6.4761589E+06   3.5869905E-04   1.2532900E-04   2.7787663E-04
   3.1884058E-01   4.2158403E+06   2.2123500E+06   6.4280525E+06   2.1100071E-04   1.3773170E-04   1.1027727E-04
   3.3333333E-01   4.1420523E+06   2.1914404E+06   6.3333938E+06   1.8375460E-04   3.2540251E-04   2.0714895E-04
   3.4782609E-01   4.1010288E+06   2.1413007E+06   6.2421401E+06   8.9227283E-05   2.4954896E-04   1.4144323E-04
   3.6231884E-01   4.0048809E+06   2.1031436E+06   6.1079639E+06   7.5014719E-05   3.3888373E-04   1.3143775E-04
   3.7681159E-01   3.9376661E+06   2.0574008E+06   5.9948921E+06   2.7701062E-04   2.0621318E-04   2.3848659E-04
   3.9130435E-01   3.8533436E+06   2.0121277E+06   5.8653029E+06   1.4814671E-04   2.2160816E-04   1.2513854E-04
   4.0579710E-01   3.7845429E+06   1.9532557E+06   5.7376904E+06   5.0035113E-04   7.4611291E-05   3.0493788E-04
   4.2028986E-01   3.7153136E+06   1.9196867E+06   5.6346868E+06   2.4931980E-04   1.9505089E-04   2.2883480E-04
   4.3478261E-01   3.6083168E+06   1.8511002E+06   5.4592655E+06   2.4739454E-04   2.8731719E-04   6.8784135E-05
   4.4927536E-01   3.4859065E+06   1.8134350E+06   5.2991948E+06   5.2374055E-05   2.8067619E-04   9.0608207E-05
   4.6376812E-01   3.4357202E+06   1.7601750E+06   5.1955400E+06   1.8866235E-04   1.5877451E-04   1.6627886E-04
   4.7826087E-01   3.3298165E+06   1.6987768E+06   5.0284784E+06   1.6872509E-04   2.5746980E-04   1.9058156E-04
   4.9275362E-01   3.2447399E+06   1.6549861E+06   4.8996368E+06   2.3826429E-04   2.9916489E-04   1.7065026E-04
   5.0724638E-01   3.1308164E+06   1.5913336E+06   4.7220202E+06   2.1941855E-04   1.7131915E-04   1.9767226E-04
   5.2173913E-01   3.0257268E+06   1.5320383E+06   4.5576809E+06   2.8878114E-04   1.7058505E-04   2.2871016E-04
   5.3623188E-01   2.9288776E+06   1.4843038E+06   4.4130584E+06   2.0389459E-04   9.2215033E-05   1.6223578E-04
   5.5072464E-01   2.8569863E+06   1.4336976E+06   4.2907438E+06   3.0513091E-04   2.1572856E-04   2.3249418E-04
   5.6521739E-01   2.7216930E+06   1.3812374E+06   4.1027944E+06   1.2450216E-04   2.2486705E-04   6.7651266E-06
   5.7971014E-01   2.6457513E+06   1.3322716E+06   3.9778524E+06   2.1590781E-04   2.9889727E-05   1.3245709E-04
   5.9420290E-01   2.5480652E+06   1.2784127E+06   3.8263115E+06   3.2374813E-04   3.8948708E-04   2.1209892E-04
   6.0869565E-01   2.4601906E+06   1.2236726E+06   3.6837730E+06   2.8195884E-04   2.0178140E-04   1.6242509E-04
   6.2318841E-01   2.3712929E+06   1.1727121E+06   3.5439873E+06   4.2399894E-04   1.0076312E-04   2.4840252E-04
   6.3768116E-01   2.2836462E+06   1.1340735E+06   3.4176680E+06   4.0444706E-04   3.8294495E-04   2.9973885E-04
   6.5217391E-01   2.1888655E+06   1.0824353E+06   3.2711829E+06   7.8730097E-05   3.1814618E-04   5.1750613E-05
   6.6666667E-01   2.0963280E+06   1.0322680E+06   3.1284312E+06   2.7708326E-04   5.5115368E-04   3.6777440E-04
   6.8115942E-01   2.0173046E+06   9.8417098E+05   3.0014111E+06   1.5044176E-04   2.2372175E-04   3.6047118E-05
   6.9565217E-01   1.9315024E+06   9.3593109E+05   2.8673230E+06   4.8316673E-04   2.1619887E-04   3.8371933E-04
   7.1014493E-01   1.8552332E+06   8.9719116E+05   2.7523471E+06   3.7096225E-04   1.8451754E-04   2.8601601E-04
   7.2463768E-01   1.7789687E+06   8.6148599E+05   2.6403638E+06   2.8030489E-04   3.8507655E-04   6.3453565E-05
   7.3913043E-01   1.6973747E+06   8.1629041E+05   2.5136354E+06   2.9051595E-04   3.4967131E-04   8.5511660E-05
   7.5362319E-01   1.6141686E+06   7.7429032E+05   2.3884589E+06   3.6641579E-04   3.3468487E-04   3.4646927E-04
   7.6811594E-01   1.5490425E+06   7.3431833E+05   2.2833037E+06   1.2075762E-04   6.2396273E-04   1.3336474E-04
   7.8260870E-01   1.4657153E+06   6.9584082E+05   2.1614720E+06   6.4313332E-04   3.2274345E-04   5.3660953E-04
   7.9710145E-01   1.3900748E+06   6.5756389E+05   2.0475561E+06   4.1571045E-04   1.3808972E-04   2.9471659E-04
   8.1159420E-01   1.3157827E+06   6.2168236E+05   1.9374245E+06   5.3903496E-04   3.9330561E-04   3.8468967E-04
   8.2608696E-01   1.2474739E+06   5.8554435E+05   1.8330315E+06   1.0693127E-03   4.6714098E-04   8.6817496E-04
   8.4057971E-01   1.1727412E+06   5.5125344E+05   1.7240077E+06   4.9203293E-04   4.8511664E-04   4.8501792E-04
   8.5507246E-01   1.0957386E+06   5.1300058E+05   1.6087264E+06   6.1772616E-04   1.3634685E-04   4.3582151E-04
   8.6956522E-01   1.0262280E+06   4.7761406E+05   1.5038421E+06   6.3002468E-04   8.8141316E-04   6.2567393E-04
   8.8405797E-01   9.5452463E+05   4.3644391E+05   1.3909685E+06   4.0447616E-04   1.0701258E-04   2.4808624E-04
   8.9855072E-01   8.8620972E+05   4.0427696E+05   1.2904622E+06   2.6328757E-04   7.3423164E-04   1.6767397E-04
   9.1304348E-01   8.0538990E+05   3.6259504E+05   1.1679609E+06   8.3940498E-04   8.6942727E-04   5.8474665E-04
   9.2753623E-01   7.2549736E+05   3.2659635E+05   1.0520700E+06   6.1275451E-04   6.4458904E-04   3.3417851E-04
   9.4202899E-01   6.4215270E+05   2.8713557E+05   9.2928827E+05   7.6609604E-04   7.7331043E-04   3.9273413E-04
   9.5652174E-01   5.4335461E+05   2.4234945E+05   7.8570406E+05   1.0865343E-03   4.6771306E-04   6.0756456E-04
   9.7101449E-01   4.2532778E+05   1.8685560E+05   6.1217207E+05   1.1561618E-03   1.7984848E-03   1.1565520E-03
   9.8550725E-01   2.7777735E+05   1.2539428E+05   4.0317163E+05   3.0141008E-03   1.2584633E-03   2.3423909E-03
   1.0000000E+00   1.3749775E+05   6.2435314E+04   1.9993306E+05   4.6694733E-03   3.5593885E-03   4.2816045E-03
