   0.0000000E+00   3.4189079E+06   2.0549819E+06   5.4738898E+06   2.5363287E-03   1.0841576E-03   1.2244606E-03
   1.4492754E-02   3.6371361E+06   2.0625593E+06   5.6996953E+06   3.0702190E-03   2.2562057E-04   1.8776752E-03
   2.8985507E-02   3.6162983E+06   2.1072657E+06   5.7235640E+06   2.1399386E-03   6.1341344E-05   1.3394445E-03
   4.3478261E-02   3.7227603E+06   2.0931213E+06   5.8158816E+06   2.6500312E-03   3.0902822E-04   1.8068135E-03
   5.7971014E-02   3.6587316E+06   2.0788506E+06   5.7375822E+06   7.4156941E-04   3.1304448E-04   5.7055921E-04
   7.2463768E-02   3.6865405E+06   2.1136307E+06   5.8001712E+06   6.6312957E-04   5.2765337E-05   4.1803812E-04
   8.6956522E-02   3.6606259E+06   2.1416164E+06   5.8021161E+06   9.9599223E-04   1.3113250E-04   6.1062621E-04
   1.0144928E-01   3.6657136E+06   2.1459103E+06   5.8116239E+06   6.9703230E-04   8.1638623E-05   4.1100365E-04
   1.1594203E-01   3.7168879E+06   2.1519722E+06   5.8687653E+06   7.5036452E-04   6.3804581E-05   4.9197810E-04
   1.3043478E-01   3.7110575E+06   2.1949948E+06   5.9060523E+06   1.0806881E-03   5.8536058E-05   7.0076416E-04
   1.4492754E-01   3.6919204E+06   2.2130458E+06   5.9049662E+06   1.9162476E-04   1.5583490E-04   1.7758314E-04
   1.5942029E-01   3.7036103E+06   2.2337389E+06   5.9373491E+06   4.8295350E-04   5.7218402E-05   3.2118796E-04
   1.7391304E-01   3.6968710E+06   2.2594445E+06   5.9562523E+06   1.8813768E-04   4.0250965E-05   1.2374931E-04
   1.8840580E-01   3.7002614E+06   2.2887728E+06   5.9889176E+06   6.6823580E-04   6.1315462E-05   4.0545134E-04
   2.0289855E-01   3.7162654E+06   2.3037901E+06   6.0198932E+06   9.7769717E-04   1.4402096E-04   6.1450146E-04
   2.1739130E-01   3.6754776E+06   2.3245341E+06   5.9999611E+06   4.2343564E-04   6.8507222E-05   2.3791754E-04
   2.3188406E-01   3.6966184E+06   2.3192426E+06   6.0156715E+06   5.3029947E-04   1.0053001E-04   3.6702028E-04
   2.4637681E-01   3.6504188E+06   2.3181840E+06   5.9684690E+06   6.6909462E-04   3.1315943E-05   4.1811707E-04
   2.6086957E-01   3.6514910E+06   2.3249466E+06   5.9762271E+06   4.7857383E-04   1.5544009E-04   3.3658322E-04
   2.7536232E-01   3.6441950E+06   2.3236594E+06   5.9677746E+06   3.3434944E-04   3.8770770E-05   2.1747383E-04
   2.8985507E-01   3.6139872E+06   2.3062095E+06   5.9200831E+06   7.8569761E-04   5.7957656E-05   4.5860087E-04
   3.0434783E-01   3.5699140E+06   2.2743286E+06   5.8441705E+06   3.3653855E-04   1.5573916E-04   2.2095911E-04
   3.1884058E-01   3.5584348E+06   2.2695591E+06   5.8278906E+06   6.1203483E-04   3.1785885E-05   3.6662262E-04
   3.3333333E-01   3.5236733E+06   2.2197731E+06   5.7433146E+06   7.6869040E-04   1.1913342E-04   5.1696815E-04
   3.4782609E-01   3.4885881E+06   2.1886593E+06   5.6771527E+06   7.2345370E-04   3.8512973E-05   4.5294966E-04
   3.6231884E-01   3.4566735E+06   2.1562761E+06   5.6127375E+06   2.9910906E-04   3.8247031E-05   1.8393674E-04
   3.7681159E-01   3.4138952E+06   2.0958414E+06   5.5095909E+06   3.6061011E-04   7.8498352E-05   2.5016212E-04
   3.9130435E-01   3.3691779E+06   2.0557677E+06   5.4247772E+06   6.7201937E-04   1.5345267E-04   4.2213778E-04
   4.0579710E-01   3.3208081E+06   2.0063785E+06   5.3269971E+06   1.3698210E-04   3.5970664E-05   8.1116853E-05
   4.2028986E-01   3.2678048E+06   1.9381598E+06   5.2058339E+06   3.4493795E-04   8.2128325E-05   2.1514339E-04
   4.3478261E-01   3.2282361E+06   1.8901236E+06   5.1183092E+06   2.7869358E-04   1.5683869E-04   2.0877270E-04
   4.4927536E-01   3.1682926E+06   1.8390758E+06   5.0071973E+06   9.0252267E-05   1.3754048E-04   2.2031862E-05
   4.6376812E-01   3.1068862E+06   1.7908396E+06   4.8975600E+06   5.0880294E-04   5.1855953E-05   3.3434956E-04
   4.7826087E-01   3.0624961E+06   1.7329438E+06   4.7953022E+06   2.4923568E-04   2.3256841E-05   1.5190941E-04
   4.9275362E-01   2.9945977E+06   1.6658395E+06   4.6603480E+06   2.5891950E-04   3.2360864E-05   1.6745150E-04
   5.0724638E-01   2.9352121E+06   1.6158410E+06   4.5508150E+06   4.2380110E-04   2.1148387E-04   2.4366751E-04
   5.2173913E-01   2.8900498E+06   1.5582855E+06   4.4481880E+06   2.6062688E-04   1.0788977E-04   1.6365366E-04
   5.3623188E-01   2.8210537E+06   1.5036977E+06   4.3246900E+06   2.1306049E-04   1.0185127E-04   1.6614079E-04
   5.5072464E-01   2.7756892E+06   1.4354125E+06   4.2110219E+06   2.8665065E-04   8.7750549E-05   2.0914679E-04
   5.6521739E-01   2.7108904E+06   1.3913211E+06   4.1021727E+06   5.7308093E-04   3.3605123E-05   3.7459064E-04
   5.7971014E-01   2.6417163E+06   1.3305667E+06   3.9721125E+06   1.3990459E-04   6.5543307E-05   1.1469710E-04
   5.9420290E-01   2.5816828E+06   1.2763058E+06   3.8578592E+06   3.6662587E-04   5.2990711E-05   2.5982265E-04
   6.0869565E-01   2.5195106E+06   1.2259277E+06   3.7452940E+06   1.6468075E-04   9.6525108E-05   1.0053846E-04
   6.2318841E-01   2.4601948E+06   1.1676722E+06   3.6277789E+06   2.6781590E-04   1.8007185E-05   1.7780412E-04
   6.3768116E-01   2.3911070E+06   1.1264445E+06   3.5175170E+06   3.4311197E-04   5.8837771E-05   2.2703928E-04
   6.5217391E-01   2.3167210E+06   1.0734435E+06   3.3901308E+06   8.6257637E-04   6.1072472E-05   5.9565008E-04
   6.6666667E-01   2.2610533E+06   1.0270297E+06   3.2880336E+06   2.1413552E-04   9.7321337E-05   1.7557246E-04
   6.8115942E-01   2.1847644E+06   9.7933436E+05   3.1640343E+06   2.1401604E-04   1.1138405E-04   1.3407754E-04
   6.9565217E-01   2.1291612E+06   9.3106895E+05   3.0601512E+06   9.2460908E-05   1.5843659E-04   3.5625857E-05
   7.1014493E-01   2.0692706E+06   8.8219107E+05   2.9513844E+06   5.5431404E-04   1.8782594E-06   3.9061379E-04
   7.2463768E-01   1.9897711E+06   8.3901152E+05   2.8287068E+06   1.0509298E-04   6.7937115E-05   9.2452073E-05
   7.3913043E-01   1.9298810E+06   7.9895162E+05   2.7287732E+06   2.8950806E-04   1.3074530E-04   1.8703539E-04
   7.5362319E-01   1.8735040E+06   7.5947074E+05   2.6328290E+06   2.7662819E-04   3.2979008E-05   2.0560563E-04
   7.6811594E-01   1.7964650E+06   7.1511757E+05   2.5115969E+06   3.0912318E-04   1.0494852E-04   2.4524545E-04
   7.8260870E-01   1.7362133E+06   6.7849707E+05   2.4146402E+06   2.7944414E-04   1.5096160E-04   2.3595761E-04
   7.9710145E-01   1.6640724E+06   6.3758720E+05   2.3016183E+06   6.4906380E-04   6.0524102E-05   4.7343843E-04
   8.1159420E-01   1.5938044E+06   5.9651467E+05   2.1902649E+06   8.5486146E-04   2.7901450E-04   5.5593951E-04
   8.2608696E-01   1.5280093E+06   5.6327752E+05   2.0912469E+06   2.5471652E-04   3.1882840E-05   1.9402332E-04
   8.4057971E-01   1.4611384E+06   5.2714957E+05   1.9882749E+06   1.8020221E-04   2.3239649E-04   1.4372997E-04
   8.5507246E-01   1.3876856E+06   4.8760998E+05   1.8752827E+06   3.9840727E-04   1.4873944E-04   3.2551668E-04
   8.6956522E-01   1.3087502E+06   4.5182576E+05   1.7605254E+06   5.5506564E-05   9.1988330E-05   5.9090145E-05
   8.8405797E-01   1.2336947E+06   4.1323977E+05   1.6469469E+06   9.6291009E-04   2.1155007E-04   6.9913609E-04
   8.9855072E-01   1.1510509E+06   3.8172819E+05   1.5327424E+06   6.0107027E-04   9.8198059E-05   4.3061995E-04
   9.1304348E-01   1.0541921E+06   3.4572037E+05   1.3998644E+06   4.7005201E-04   5.9241739E-05   3.3935120E-04
   9.2753623E-01   9.4869817E+05   3.0559284E+05   1.2542673E+06   3.2997560E-04   9.7731419E-05   2.2592156E-04
   9.4202899E-01   8.4801227E+05   2.6992912E+05   1.1179181E+06   2.7434580E-04   7.6961099E-05   2.2200202E-04
   9.5652174E-01   7.1405202E+05   2.2693066E+05   9.4097119E+05   1.0726682E-04   1.5209092E-04   4.0938273E-05
   9.7101449E-01   5.5861027E+05   1.8178895E+05   7.4041053E+05   4.9242070E-04   3.0937139E-04   4.0800093E-04
   9.8550725E-01   3.5304958E+05   1.1987840E+05   4.7292798E+05   2.9752363E-04   4.0419778E-04   3.2348582E-04
   1.0000000E+00   1.4423805E+05   5.4250664E+04   1.9848871E+05   1.9261546E-03   3.5805201E-05   1.4094665E-03
