   0.0000000E+00   3.5401458E+06   2.0064867E+06   5.5466325E+06   4.7336859E-03   9.7413440E-04   3.2872021E-03
   1.4492754E-02   3.2590255E+06   2.1065080E+06   5.3655335E+06   2.3234878E-03   2.7766928E-04   1.3177682E-03
   2.8985507E-02   3.2908504E+06   2.0148218E+06   5.3056723E+06   1.4007521E-03   3.3928629E-04   8.6520258E-04
   4.3478261E-02   3.3272218E+06   2.0643273E+06   5.3915491E+06   1.6791175E-03   5.9135536E-04   1.2447342E-03
   5.7971014E-02   3.3344203E+06   2.0654008E+06   5.3998210E+06   2.1952857E-03   4.0190094E-04   1.2335684E-03
   7.2463768E-02   3.3588952E+06   2.0798357E+06   5.4385793E+06   3.5189945E-04   1.2161989E-04   2.3086318E-04
   8.6956522E-02   3.4072893E+06   2.1134539E+06   5.5207432E+06   8.5334834E-04   2.3823604E-04   4.3891186E-04
   1.0144928E-01   3.4226966E+06   2.1174410E+06   5.5400294E+06   9.8252127E-04   2.5343215E-04   7.0347916E-04
   1.1594203E-01   3.4700551E+06   2.1430688E+06   5.6131239E+06   5.2898544E-04   2.6784985E-04   3.9155106E-04
   1.3043478E-01   3.5032693E+06   2.1357229E+06   5.6388238E+06   8.7546992E-04   2.1166553E-04   6.2401043E-04
   1.4492754E-01   3.5055930E+06   2.1618228E+06   5.6674158E+06   5.6131286E-04   1.3840172E-04   3.6904950E-04
   1.5942029E-01   3.5979404E+06   2.1840727E+06   5.7818064E+06   3.4881949E-04   2.0892829E-04   2.8417069E-04
   1.7391304E-01   3.6193924E+06   2.2275564E+06   5.8470751E+06   8.5351783E-04   6.6140826E-05   5.4278449E-04
   1.8840580E-01   3.6749063E+06   2.2538003E+06   5.9285901E+06   3.5353785E-04   1.2171863E-04   2.5978116E-04
   2.0289855E-01   3.6925050E+06   2.2701791E+06   5.9626841E+06   1.1072969E-03   5.5089138E-05   6.8778997E-04
   2.1739130E-01   3.7476141E+06   2.2853844E+06   6.0329479E+06   1.0313752E-03   1.0794035E-04   6.8000139E-04
   2.3188406E-01   3.7672300E+06   2.2860916E+06   6.0532269E+06   7.2518008E-04   1.8179832E-04   5.0027581E-04
   2.4637681E-01   3.8101229E+06   2.3084671E+06   6.1183226E+06   1.0492268E-03   1.6038938E-04   6.9884241E-04
   2.6086957E-01   3.8200032E+06   2.3019199E+06   6.1218810E+06   8.4512541E-04   6.3099183E-05   5.0747353E-04
   2.7536232E-01   3.8364607E+06   2.2888832E+06   6.1253041E+06   2.6148247E-04   8.7635064E-05   1.6664769E-04
   2.8985507E-01   3.8450969E+06   2.2666935E+06   6.1116768E+06   4.9267107E-04   5.5465021E-05   3.0230112E-04
   3.0434783E-01   3.8392353E+06   2.2704317E+06   6.1095226E+06   3.1861374E-04   7.2374732E-05   2.2612548E-04
   3.1884058E-01   3.7967085E+06   2.2229928E+06   6.0195980E+06   9.2369263E-04   8.3097819E-05   5.5475435E-04
   3.3333333E-01   3.7797224E+06   2.2091978E+06   5.9887884E+06   6.7594339E-04   2.7453623E-04   5.1632820E-04
   3.4782609E-01   3.7513965E+06   2.1819028E+06   5.9332677E+06   3.5109564E-04   1.5144982E-04   1.7768931E-04
   3.6231884E-01   3.7157892E+06   2.1291795E+06   5.8448474E+06   3.7635266E-04   6.1736494E-05   2.3220633E-04
   3.7681159E-01   3.6645603E+06   2.1007084E+06   5.7650356E+06   3.7612272E-04   9.5370902E-05   2.0294635E-04
   3.9130435E-01   3.6121869E+06   2.0497058E+06   5.6616682E+06   3.1523060E-04   2.4786116E-04   1.4498409E-04
   4.0579710E-01   3.5424190E+06   1.9881116E+06   5.5303412E+06   6.3247968E-04   9.3504225E-05   3.8984793E-04
   4.2028986E-01   3.4930093E+06   1.9286228E+06   5.4215276E+06   4.0801396E-04   1.1121083E-04   2.9865532E-04
   4.3478261E-01   3.4158265E+06   1.8880525E+06   5.3038284E+06   1.3983970E-04   1.1900579E-04   1.2672278E-04
   4.4927536E-01   3.3687751E+06   1.8380492E+06   5.2066532E+06   6.6031152E-04   2.3599828E-04   5.0880351E-04
   4.6376812E-01   3.3049633E+06   1.7764426E+06   5.0812638E+06   2.4856505E-04   5.6101965E-05   1.6983148E-04
   4.7826087E-01   3.2166152E+06   1.7306017E+06   4.9471480E+06   9.1109807E-04   3.1620051E-05   5.8244593E-04
   4.9275362E-01   3.1546807E+06   1.6675779E+06   4.8221471E+06   5.7048866E-04   1.4114448E-04   4.0366547E-04
   5.0724638E-01   3.0562984E+06   1.6082420E+06   4.6643239E+06   5.7429743E-04   6.4001956E-05   3.8552824E-04
   5.2173913E-01   3.0154763E+06   1.5573173E+06   4.5726883E+06   4.2743628E-04   1.4609681E-04   2.5107994E-04
   5.3623188E-01   2.9444214E+06   1.5031653E+06   4.4474638E+06   3.9437215E-04   8.2964002E-05   2.3050604E-04
   5.5072464E-01   2.8641250E+06   1.4382839E+06   4.3022494E+06   5.8060511E-04   5.1444679E-05   4.0276330E-04
   5.6521739E-01   2.7771438E+06   1.3964504E+06   4.1734777E+06   3.2793938E-04   2.6793581E-04   1.9451488E-04
   5.7971014E-01   2.7011418E+06   1.3419327E+06   4.0430556E+06   4.6553417E-04   1.5937562E-04   3.5884407E-04
   5.9420290E-01   2.6304737E+06   1.2678968E+06   3.8983335E+06   6.7688681E-04   8.3236698E-05   4.3055663E-04
   6.0869565E-01   2.5711629E+06   1.2334690E+06   3.8045057E+06   4.2806022E-04   1.0390845E-04   2.6892341E-04
   6.2318841E-01   2.5047250E+06   1.1826507E+06   3.6873053E+06   9.6966743E-04   1.6706138E-04   6.5270669E-04
   6.3768116E-01   2.4049185E+06   1.1184538E+06   3.5232173E+06   9.7709312E-04   2.3512110E-04   5.9465551E-04
   6.5217391E-01   2.3378702E+06   1.0735108E+06   3.4113137E+06   3.1608681E-04   3.8312132E-05   2.0499630E-04
   6.6666667E-01   2.2731606E+06   1.0302419E+06   3.3033531E+06   6.9877661E-04   1.9292600E-04   5.3747991E-04
   6.8115942E-01   2.1928738E+06   9.8520279E+05   3.1780283E+06   5.7008216E-04   1.5110051E-04   3.4683695E-04
   6.9565217E-01   2.1319395E+06   9.3421040E+05   3.0660710E+06   1.0924837E-03   9.1395306E-05   7.8273862E-04
   7.1014493E-01   2.0586778E+06   8.9833550E+05   2.9569824E+06   4.7835991E-04   1.7804313E-04   3.7902566E-04
   7.2463768E-01   1.9908925E+06   8.5387831E+05   2.8446647E+06   4.9364396E-04   2.6441324E-04   3.2643359E-04
   7.3913043E-01   1.9149789E+06   8.0795531E+05   2.7228896E+06   8.8946638E-04   2.2437955E-04   6.8426511E-04
   7.5362319E-01   1.8374095E+06   7.7375116E+05   2.6110440E+06   3.4098208E-04   2.2095211E-04   1.9434756E-04
   7.6811594E-01   1.7517585E+06   7.2912855E+05   2.4808728E+06   3.7627188E-04   1.0573677E-04   2.7482338E-04
   7.8260870E-01   1.6748647E+06   6.9210827E+05   2.3669309E+06   1.7132604E-04   9.2267753E-05   1.1517105E-04
   7.9710145E-01   1.6020207E+06   6.6164190E+05   2.2636075E+06   3.7136970E-04   1.5390529E-04   2.3737502E-04
   8.1159420E-01   1.5162311E+06   6.1321194E+05   2.1294160E+06   2.5281041E-04   4.6749354E-05   1.8640597E-04
   8.2608696E-01   1.4392344E+06   5.7203802E+05   2.0112326E+06   2.4359455E-04   4.7634241E-05   1.8280455E-04
   8.4057971E-01   1.3539448E+06   5.3467468E+05   1.8886195E+06   5.1563590E-04   1.3520195E-04   3.8862978E-04
   8.5507246E-01   1.2700566E+06   5.0085111E+05   1.7708435E+06   7.5840592E-04   2.3283315E-04   5.9792649E-04
   8.6956522E-01   1.1871966E+06   4.6346964E+05   1.6506283E+06   7.1667457E-04   1.5980444E-04   5.5641853E-04
   8.8405797E-01   1.0943954E+06   4.2350027E+05   1.5178584E+06   5.8940974E-04   2.0759429E-04   4.1303419E-04
   8.9855072E-01   1.0065554E+06   3.8417250E+05   1.3906790E+06   5.8393190E-05   4.2424627E-05   3.6963956E-05
   9.1304348E-01   9.1018609E+05   3.4829427E+05   1.2584443E+06   1.0983812E-03   1.6380994E-04   8.0710939E-04
   9.2753623E-01   8.0258522E+05   3.0713199E+05   1.1097172E+06   8.2497880E-04   6.6745251E-05   6.1229906E-04
   9.4202899E-01   6.8045920E+05   2.6328435E+05   9.4374355E+05   1.5528645E-04   1.5067427E-04   1.5189151E-04
   9.5652174E-01   5.6249320E+05   2.1868740E+05   7.8116912E+05   1.4628594E-04   3.3088208E-04   1.4164402E-04
   9.7101449E-01   4.2734087E+05   1.6986873E+05   5.9720960E+05   9.7251060E-04   2.8659480E-04   7.0563687E-04
   9.8550725E-01   2.7929283E+05   1.1379422E+05   3.9308705E+05   3.5730693E-03   3.3461862E-04   2.5299730E-03
   1.0000000E+00   1.4078036E+05   5.7927191E+04   1.9870755E+05   7.6112661E-03   4.4411720E-04   5.2947718E-03
