   0.0000000E+00   3.4370936E+06   2.1519722E+06   5.5890658E+06   1.5768008E-02   5.4107192E-04   9.8967373E-03
   1.4492754E-02   3.4530061E+06   2.0261879E+06   5.4791940E+06   1.0553371E-03   7.9691934E-04   7.7098803E-04
   2.8985507E-02   3.4128460E+06   2.1167374E+06   5.5295835E+06   3.5227371E-03   3.8364274E-04   2.1919741E-03
   4.3478261E-02   3.4113306E+06   2.1065080E+06   5.5178385E+06   4.5688115E-04   4.9096835E-04   2.0657414E-04
   5.7971014E-02   3.3937132E+06   2.0932476E+06   5.4869608E+06   1.5659906E-04   9.1428072E-05   1.2663727E-04
   7.2463768E-02   3.4111790E+06   2.1272700E+06   5.5384490E+06   2.0284292E-03   2.9424178E-04   1.1973497E-03
   8.6956522E-02   3.4740964E+06   2.0894589E+06   5.5635553E+06   7.5142938E-04   1.1811205E-04   4.8585232E-04
   1.0144928E-01   3.4635061E+06   2.1407144E+06   5.6041123E+06   7.8037250E-04   1.3476198E-04   5.3064927E-04
   1.1594203E-01   3.4549951E+06   2.1746096E+06   5.6295100E+06   6.6670844E-04   7.7673025E-05   3.9758470E-04
   1.3043478E-01   3.4901352E+06   2.1723469E+06   5.6623979E+06   5.6350604E-04   2.7453819E-04   4.1609321E-04
   1.4492754E-01   3.4882408E+06   2.1986488E+06   5.6867380E+06   4.7098720E-04   1.4393313E-04   2.9898341E-04
   1.5942029E-01   3.5643245E+06   2.2273325E+06   5.7916570E+06   6.4211564E-04   1.5255944E-04   3.5877042E-04
   1.7391304E-01   3.5484809E+06   2.2645592E+06   5.8129770E+06   4.0447021E-04   3.3123362E-05   2.5479993E-04
   1.8840580E-01   3.5805390E+06   2.2600954E+06   5.8405761E+06   2.8284889E-04   5.9720483E-05   1.8726850E-04
   2.0289855E-01   3.5976797E+06   2.2968081E+06   5.8941089E+06   9.9708442E-04   1.1058165E-04   5.7842650E-04
   2.1739130E-01   3.6249113E+06   2.3171588E+06   5.9419185E+06   5.4719196E-04   1.1072844E-04   2.9076317E-04
   2.3188406E-01   3.6339157E+06   2.3083027E+06   5.9421237E+06   8.4074425E-04   1.1357212E-04   5.4384074E-04
   2.4637681E-01   3.6440894E+06   2.3322244E+06   5.9761801E+06   6.6887426E-04   3.8879160E-05   3.9502096E-04
   2.6086957E-01   3.6305690E+06   2.3176218E+06   5.9481067E+06   3.8015306E-04   4.8213612E-05   2.2915146E-04
   2.7536232E-01   3.6327891E+06   2.3120540E+06   5.9446836E+06   6.3851126E-04   2.9858707E-05   3.9589862E-04
   2.8985507E-01   3.6180790E+06   2.2907138E+06   5.9087549E+06   4.5051266E-04   5.0287424E-05   2.6627249E-04
   3.0434783E-01   3.6035792E+06   2.2861637E+06   5.8896347E+06   2.3824299E-04   5.3149537E-05   1.2614296E-04
   3.1884058E-01   3.5910175E+06   2.2448638E+06   5.8357091E+06   2.6356094E-04   4.9465204E-05   1.6389110E-04
   3.3333333E-01   3.5605388E+06   2.2102850E+06   5.7707249E+06   4.5686293E-04   1.1694916E-04   3.2026776E-04
   3.4782609E-01   3.5387250E+06   2.1826921E+06   5.7211330E+06   5.0738466E-04   1.3840459E-04   3.4699426E-04
   3.6231884E-01   3.4879529E+06   2.1350292E+06   5.6229518E+06   9.7385854E-04   7.9981315E-05   6.2822909E-04
   3.7681159E-01   3.4687728E+06   2.1091892E+06   5.5776706E+06   6.6182354E-04   5.1263030E-05   3.9034555E-04
   3.9130435E-01   3.4240156E+06   2.0534103E+06   5.4773417E+06   1.5691163E-04   1.9002855E-04   7.4742914E-05
   4.0579710E-01   3.3731190E+06   2.0082458E+06   5.3812565E+06   6.8810335E-04   6.0431367E-05   4.1380838E-04
   4.2028986E-01   3.3151241E+06   1.9653338E+06   5.2803534E+06   4.9758931E-04   6.7092748E-05   2.9426057E-04
   4.3478261E-01   3.2824395E+06   1.9071980E+06   5.1893597E+06   1.5866225E-04   9.6233441E-05   1.3032123E-04
   4.4927536E-01   3.2376133E+06   1.8356293E+06   5.0730715E+06   5.6112796E-04   1.4621607E-04   3.9370935E-04
   4.6376812E-01   3.1991643E+06   1.7855355E+06   4.9845813E+06   4.7087737E-04   5.9968759E-05   3.1980255E-04
   4.7826087E-01   3.1134941E+06   1.7346200E+06   4.8479075E+06   4.7538710E-04   1.3742969E-04   3.0469273E-04
   4.9275362E-01   3.0775030E+06   1.6792559E+06   4.7566920E+06   6.1477157E-04   8.4237995E-05   4.2791823E-04
   5.0724638E-01   3.0029321E+06   1.6210153E+06   4.6238824E+06   6.6158894E-04   9.8008293E-05   3.9913399E-04
   5.2173913E-01   2.9495532E+06   1.5569805E+06   4.5063443E+06   2.0426972E-04   1.0969394E-04   1.0057858E-04
   5.3623188E-01   2.8721907E+06   1.4995609E+06   4.3714853E+06   3.2293612E-04   1.3015155E-04   2.4976261E-04
   5.5072464E-01   2.8140546E+06   1.4422521E+06   4.2561471E+06   3.9090913E-04   7.7224817E-05   2.8316696E-04
   5.6521739E-01   2.7484470E+06   1.3902720E+06   4.1385829E+06   1.1904219E-04   9.0302970E-05   9.8448068E-05
   5.7971014E-01   2.6859113E+06   1.3357003E+06   4.0215170E+06   7.3608487E-05   1.3789711E-04   3.9689196E-06
   5.9420290E-01   2.6038050E+06   1.2786714E+06   3.8824395E+06   5.6344282E-04   9.1492266E-05   3.7869593E-04
   6.0869565E-01   2.5508845E+06   1.2232937E+06   3.7740880E+06   5.3917761E-04   1.0402503E-04   3.4267487E-04
   6.2318841E-01   2.4717723E+06   1.1726944E+06   3.6443786E+06   2.0940531E-04   5.0230596E-05   1.3485855E-04
   6.3768116E-01   2.4241546E+06   1.1207098E+06   3.5448300E+06   4.4143067E-04   1.9230806E-04   2.4107678E-04
   6.5217391E-01   2.3496741E+06   1.0688465E+06   3.4185038E+06   1.6706152E-04   1.5200624E-04   8.9517983E-05
   6.6666667E-01   2.2825665E+06   1.0267167E+06   3.3091514E+06   7.0748379E-04   2.0925712E-05   4.9414310E-04
   6.8115942E-01   2.2329533E+06   9.7636790E+05   3.2092083E+06   3.5130921E-04   5.5088930E-05   2.3047296E-04
   6.9565217E-01   2.1486729E+06   9.3572587E+05   3.0843514E+06   1.2819587E-03   1.2823448E-04   8.9662575E-04
   7.1014493E-01   2.0799717E+06   8.8877874E+05   2.9686732E+06   2.4023685E-04   1.3960108E-04   2.0070526E-04
   7.2463768E-01   2.0213838E+06   8.4708899E+05   2.8683668E+06   4.7570187E-04   8.9924253E-05   3.5969929E-04
   7.3913043E-01   1.9648409E+06   7.9780758E+05   2.7625891E+06   3.6286508E-04   6.9028800E-05   2.7983745E-04
   7.5362319E-01   1.8905530E+06   7.5868385E+05   2.6491786E+06   1.3483787E-04   9.4045058E-05   1.2013801E-04
   7.6811594E-01   1.8255163E+06   7.1736219E+05   2.5428070E+06   2.3540018E-04   9.7507939E-05   1.7436115E-04
   7.8260870E-01   1.7524625E+06   6.8325397E+05   2.4356884E+06   5.0369142E-04   1.1155973E-04   3.4558996E-04
   7.9710145E-01   1.6779183E+06   6.4435172E+05   2.3222150E+06   5.3590278E-04   1.5069723E-04   3.5962722E-04
   8.1159420E-01   1.6120307E+06   6.0686590E+05   2.2188695E+06   5.1316888E-04   2.2174539E-04   4.3346817E-04
   8.2608696E-01   1.5443338E+06   5.6842216E+05   2.1127028E+06   5.1461659E-04   2.3678312E-04   3.1797236E-04
   8.4057971E-01   1.4686374E+06   5.2988004E+05   1.9984652E+06   8.2170222E-04   3.0287755E-04   6.7399346E-04
   8.5507246E-01   1.3920393E+06   4.9496901E+05   1.8869698E+06   9.2341528E-04   1.3041073E-04   7.1479679E-04
   8.6956522E-01   1.3026630E+06   4.5148477E+05   1.7541478E+06   3.2995064E-04   2.6646421E-04   2.0270372E-04
   8.8405797E-01   1.2168878E+06   4.1682971E+05   1.6337051E+06   2.0639470E-04   9.5536441E-05   1.5423906E-04
   8.9855072E-01   1.1095098E+06   3.8137376E+05   1.4908469E+06   1.8173287E-04   2.0667090E-04   1.8224643E-04
   9.1304348E-01   1.0078620E+06   3.4285781E+05   1.3506957E+06   7.2647626E-05   2.4583921E-04   1.1181804E-04
   9.2753623E-01   8.9191528E+05   3.0447991E+05   1.1963597E+06   5.7069719E-04   2.9093656E-04   4.8051935E-04
   9.4202899E-01   7.6383355E+05   2.6361076E+05   1.0274443E+06   8.7398015E-04   1.6368457E-04   6.4990624E-04
   9.5652174E-01   6.2608568E+05   2.1578274E+05   8.4184546E+05   7.2099205E-04   2.2598077E-04   5.2545506E-04
   9.7101449E-01   4.6936698E+05   1.7035504E+05   6.3972202E+05   6.1736354E-04   1.5488002E-04   4.2010693E-04
   9.8550725E-01   2.9990772E+05   1.1296963E+05   4.1287735E+05   1.7035116E-03   3.6902466E-04   1.1370388E-03
   1.0000000E+00   1.4916197E+05   5.3440953E+04   2.0260292E+05   5.2629125E-03   6.7612077E-04   4.0403139E-03
