   0.0000000E+00   4.1160257E+06   2.0610438E+06   6.1770694E+06   2.8598444E-03   3.3866682E-03   1.4538819E-03
   1.4492754E-02   4.1395155E+06   2.0868068E+06   6.2263223E+06   1.4597131E-03   7.6774322E-04   1.0206742E-03
   2.8985507E-02   4.1451985E+06   2.0708944E+06   6.2157140E+06   9.8287257E-04   1.2908038E-03   9.3315355E-04
   4.3478261E-02   4.1140050E+06   2.0620541E+06   6.1760591E+06   8.7153815E-04   5.5644288E-04   4.6853540E-04
   5.7971014E-02   4.0932936E+06   2.0546030E+06   6.1478966E+06   1.6713963E-03   2.7902951E-04   1.1971086E-03
   7.2463768E-02   4.1528517E+06   2.0639232E+06   6.2167749E+06   1.3886981E-04   5.0286756E-04   2.3329857E-04
   8.6956522E-02   4.1906627E+06   2.0863017E+06   6.2769644E+06   7.2151793E-04   1.1055975E-03   5.2419243E-04
   1.0144928E-01   4.1906086E+06   2.1136524E+06   6.3040445E+06   6.9897852E-04   8.9995610E-04   4.4530903E-04
   1.1594203E-01   4.1781601E+06   2.1441107E+06   6.3221760E+06   4.4144962E-04   5.5862722E-04   3.2921544E-04
   1.3043478E-01   4.2546073E+06   2.1481835E+06   6.4027066E+06   8.1329488E-04   4.7913806E-04   3.9314289E-04
   1.4492754E-01   4.2381728E+06   2.1676573E+06   6.4057544E+06   3.9254261E-05   5.3371636E-04   1.7922434E-04
   1.5942029E-01   4.2563447E+06   2.1995029E+06   6.4557099E+06   3.3951327E-04   8.8808420E-05   2.3504756E-04
   1.7391304E-01   4.3104483E+06   2.2255358E+06   6.5356683E+06   2.9898040E-04   9.8670824E-05   1.7442352E-04
   1.8840580E-01   4.3127458E+06   2.2476219E+06   6.5600762E+06   1.9074311E-04   1.1223382E-04   1.1839896E-04
   2.0289855E-01   4.3505452E+06   2.2732101E+06   6.6235929E+06   2.4567861E-04   1.8822884E-04   2.2595385E-04
   2.1739130E-01   4.3502673E+06   2.2579543E+06   6.6081711E+06   2.6165884E-04   4.9148482E-05   1.8016806E-04
   2.3188406E-01   4.3638056E+06   2.2768567E+06   6.6404254E+06   2.3740424E-04   1.9611484E-04   1.3466722E-04
   2.4637681E-01   4.3409397E+06   2.2815897E+06   6.6224403E+06   5.5514642E-04   2.7060246E-04   2.7757095E-04
   2.6086957E-01   4.3457883E+06   2.2787668E+06   6.6242604E+06   1.8625803E-04   3.4302858E-04   5.8615022E-05
   2.7536232E-01   4.3025485E+06   2.2643964E+06   6.5667854E+06   5.8317825E-05   1.1642714E-04   6.2942063E-05
   2.8985507E-01   4.2742032E+06   2.2739299E+06   6.5478679E+06   5.4710435E-05   9.2173548E-05   8.0189179E-06
   3.0434783E-01   4.2379491E+06   2.2354675E+06   6.4732362E+06   5.4550624E-05   9.9252402E-05   3.9554303E-05
   3.1884058E-01   4.1859441E+06   2.2196518E+06   6.4054582E+06   3.5810099E-04   4.7490801E-05   2.1756420E-04
   3.3333333E-01   4.1089095E+06   2.1752973E+06   6.2838774E+06   4.9910880E-05   2.7774912E-04   6.3523386E-05
   3.4782609E-01   4.0836324E+06   2.1447105E+06   6.2280904E+06   1.5201893E-04   1.5344179E-04   8.7956033E-05
   3.6231884E-01   3.9925752E+06   2.0948691E+06   6.0872019E+06   1.0182661E-04   1.3020410E-04   7.6187067E-05
   3.7681159E-01   3.9324202E+06   2.0507560E+06   5.9826808E+06   1.6261050E-04   2.7616600E-04   1.4346522E-04
   3.9130435E-01   3.8356631E+06   2.0060938E+06   5.8413921E+06   2.7633760E-04   2.4697335E-04   2.0956958E-04
   4.0579710E-01   3.7723650E+06   1.9632957E+06   5.7352278E+06   3.2101236E-05   6.1113332E-05   3.8072434E-05
   4.2028986E-01   3.6946457E+06   1.9137554E+06   5.6080615E+06   1.1911373E-04   2.4483840E-04   1.5799593E-04
   4.3478261E-01   3.5870749E+06   1.8585008E+06   5.4453989E+06   1.6314520E-04   2.6693923E-04   1.3158906E-04
   4.4927536E-01   3.5035789E+06   1.8339428E+06   5.3372772E+06   1.7130427E-04   9.8334117E-05   1.3760006E-04
   4.6376812E-01   3.4150956E+06   1.7602223E+06   5.1752468E+06   1.7144713E-04   2.0536691E-04   1.5909142E-04
   4.7826087E-01   3.3240071E+06   1.7106480E+06   5.0344485E+06   2.9289533E-04   2.7577176E-04   1.0157661E-04
   4.9275362E-01   3.2105972E+06   1.6495928E+06   4.8600117E+06   9.0344717E-05   1.8053925E-04   1.2003247E-04
   5.0724638E-01   3.1193854E+06   1.5870037E+06   4.7059995E+06   8.3628691E-05   4.5020234E-05   6.3581309E-05
   5.2173913E-01   3.0261056E+06   1.5418679E+06   4.5677420E+06   4.4471826E-04   1.7271685E-04   2.9244974E-04
   5.3623188E-01   2.9325229E+06   1.4850615E+06   4.4173182E+06   3.0321663E-04   6.3953750E-05   2.0874718E-04
   5.5072464E-01   2.8374248E+06   1.4333586E+06   4.2705641E+06   1.8969675E-04   1.0155246E-04   1.1770340E-04
   5.6521739E-01   2.7443474E+06   1.3706874E+06   4.1149182E+06   1.2870232E-04   1.5251517E-04   3.8105564E-05
   5.7971014E-01   2.6606408E+06   1.3344690E+06   3.9949962E+06   4.3778231E-04   1.4881314E-04   2.5013828E-04
   5.9420290E-01   2.5484163E+06   1.2841049E+06   3.8322995E+06   4.8577718E-04   1.2261736E-04   3.5804884E-04
   6.0869565E-01   2.4558066E+06   1.2280205E+06   3.6835926E+06   3.2642869E-04   3.4875881E-04   1.1833302E-04
   6.2318841E-01   2.3654072E+06   1.1757606E+06   3.5410797E+06   3.8711074E-04   3.0563780E-05   2.6571109E-04
   6.3768116E-01   2.2635317E+06   1.1228624E+06   3.3862564E+06   1.4528115E-04   1.6469745E-04   1.1787136E-04
   6.5217391E-01   2.1918291E+06   1.0856683E+06   3.2773795E+06   3.1488768E-04   3.7570079E-04   2.9750375E-04
   6.6666667E-01   2.1092589E+06   1.0265191E+06   3.1356132E+06   8.6845431E-05   2.8106244E-04   1.4763014E-04
   6.8115942E-01   2.0063416E+06   9.8310692E+05   2.9893196E+06   1.7302765E-04   9.7332123E-05   8.9063463E-05
   6.9565217E-01   1.9341071E+06   9.4136154E+05   2.8754055E+06   4.2991109E-04   2.8724753E-04   3.5450574E-04
   7.1014493E-01   1.8533466E+06   8.8610346E+05   2.7393573E+06   9.4648552E-05   1.3080786E-04   5.2797233E-05
   7.2463768E-01   1.7641777E+06   8.5384801E+05   2.6179651E+06   1.0040713E-04   1.3682047E-04   1.0752725E-04
   7.3913043E-01   1.6846121E+06   8.0578610E+05   2.4903388E+06   1.0960384E-04   2.6778564E-04   1.5868513E-04
   7.5362319E-01   1.6073489E+06   7.6901530E+05   2.3763060E+06   4.3738779E-04   1.8888690E-04   2.3564623E-04
   7.6811594E-01   1.5335733E+06   7.3640568E+05   2.2699361E+06   4.6218711E-04   4.9639655E-04   1.6484665E-04
   7.8260870E-01   1.4631053E+06   6.8878265E+05   2.1518319E+06   3.7175483E-04   6.0249830E-04   2.0369326E-04
   7.9710145E-01   1.3866719E+06   6.5757767E+05   2.0441807E+06   1.0766770E-04   2.6911315E-04   7.2171398E-05
   8.1159420E-01   1.3146326E+06   6.1637820E+05   1.9309160E+06   4.0072549E-04   3.2818820E-04   1.8621455E-04
   8.2608696E-01   1.2443897E+06   5.8604950E+05   1.8304260E+06   2.9159688E-04   6.4984988E-04   3.7473211E-04
   8.4057971E-01   1.1714609E+06   5.4912394E+05   1.7205326E+06   2.3752758E-04   1.2889987E-04   1.6326571E-04
   8.5507246E-01   1.1013638E+06   5.1135667E+05   1.6126306E+06   6.1550144E-04   2.2251745E-04   4.7714061E-04
   8.6956522E-01   1.0333129E+06   4.7366120E+05   1.5069488E+06   1.2161951E-04   1.8678266E-04   1.4209889E-04
   8.8405797E-01   9.6135668E+05   4.3859290E+05   1.3999123E+06   3.2540331E-04   4.8113544E-04   3.2525677E-04
   8.9855072E-01   8.8454758E+05   3.9979165E+05   1.2842904E+06   5.8018874E-04   8.1325544E-04   2.2082911E-04
   9.1304348E-01   8.1188479E+05   3.6925832E+05   1.1810830E+06   1.6233666E-04   3.4955929E-04   9.2736054E-05
   9.2753623E-01   7.3166581E+05   3.2876300E+05   1.0604170E+06   7.3038959E-04   7.2494649E-04   5.4968672E-04
   9.4202899E-01   6.4823790E+05   2.9329073E+05   9.4149366E+05   3.1105740E-04   2.9272229E-04   2.7948952E-04
   9.5652174E-01   5.6631632E+05   2.4721733E+05   8.1353366E+05   9.9760341E-04   5.9926067E-04   8.4461121E-04
   9.7101449E-01   4.5838546E+05   1.9795023E+05   6.5633568E+05   1.7908222E-04   9.6288097E-04   3.3550303E-04
   9.8550725E-01   3.0056517E+05   1.2989613E+05   4.3046130E+05   5.3387109E-04   2.3106735E-04   4.2767776E-04
   1.0000000E+00   1.3377745E+05   5.8386757E+04   1.9216421E+05   2.9163896E-03   1.5069604E-03   2.3604523E-03
