   0.0000000E+00   3.7644358E+06   2.0004248E+06   5.7648607E+06   4.9947982E-03   7.4868219E-03   5.5194967E-03
   1.4492754E-02   3.8818850E+06   2.0292188E+06   5.9111039E+06   8.1219474E-04   2.1630252E-03   2.6736058E-04
   2.8985507E-02   4.0114580E+06   2.0284611E+06   6.0399191E+06   1.1736048E-03   7.8843358E-04   1.0284839E-03
   4.3478261E-02   4.0304014E+06   2.0337653E+06   6.0641667E+06   1.0241060E-03   2.9539217E-04   7.7875560E-04
   5.7971014E-02   4.0014180E+06   2.0650219E+06   6.0664399E+06   6.4457201E-04   9.2319754E-04   7.1353768E-04
   7.2463768E-02   4.0479809E+06   2.0927172E+06   6.1406981E+06   3.7728975E-04   3.4429709E-04   2.1921429E-04
   8.6956522E-02   4.0574274E+06   2.0811238E+06   6.1385512E+06   6.0291248E-04   4.1449920E-04   4.5190818E-04
   1.0144928E-01   4.0807368E+06   2.0479458E+06   6.1285743E+06   1.3510534E-04   7.4350747E-04   1.9831493E-04
   1.1594203E-01   4.0948090E+06   2.1108650E+06   6.2056740E+06   4.6820999E-04   5.4165606E-04   4.2847309E-04
   1.3043478E-01   4.1547544E+06   2.1025509E+06   6.2572212E+06   3.5544774E-04   3.2777066E-04   1.3661893E-04
   1.4492754E-01   4.2030896E+06   2.1581856E+06   6.3609721E+06   4.6293398E-04   1.1602108E-04   3.1812170E-04
   1.5942029E-01   4.2318905E+06   2.1769775E+06   6.4086613E+06   3.4654731E-04   2.2650732E-04   3.0246192E-04
   1.7391304E-01   4.3110797E+06   2.1895433E+06   6.5005599E+06   1.4311970E-04   2.3849551E-04   1.5899986E-04
   1.8840580E-01   4.3479514E+06   2.2210428E+06   6.5687610E+06   3.8226449E-04   2.7619552E-04   2.9369692E-04
   2.0289855E-01   4.3714912E+06   2.2439831E+06   6.6153119E+06   2.0147727E-04   2.4213367E-04   6.0519490E-05
   2.1739130E-01   4.3854263E+06   2.2778070E+06   6.6631323E+06   1.6942568E-04   1.9056934E-04   7.4904972E-05
   2.3188406E-01   4.3900422E+06   2.2811663E+06   6.6710664E+06   2.6776304E-04   3.3392483E-04   6.4647446E-05
   2.4637681E-01   4.4057931E+06   2.2811440E+06   6.6868034E+06   1.5762937E-04   3.1666508E-04   7.8923667E-05
   2.6086957E-01   4.4104485E+06   2.2725786E+06   6.6828587E+06   2.6114638E-04   1.9347058E-04   1.3667526E-04
   2.7536232E-01   4.3753311E+06   2.2729309E+06   6.6477436E+06   1.7454374E-04   3.3028268E-04   3.6709835E-05
   2.8985507E-01   4.3633509E+06   2.2382784E+06   6.6012883E+06   2.4173004E-04   1.4543913E-04   1.8232669E-04
   3.0434783E-01   4.3018877E+06   2.2377047E+06   6.5394480E+06   8.5796438E-05   2.3919289E-04   1.0778070E-04
   3.1884058E-01   4.2576191E+06   2.2228894E+06   6.4803708E+06   1.9516383E-04   1.9079758E-04   6.2919783E-05
   3.3333333E-01   4.2160140E+06   2.1775376E+06   6.3934197E+06   3.4935685E-04   2.4522192E-04   2.2504094E-04
   3.4782609E-01   4.1360110E+06   2.1504251E+06   6.2862782E+06   1.2226436E-04   1.4329679E-04   1.0315829E-04
   3.6231884E-01   4.0781085E+06   2.0962937E+06   6.1740688E+06   2.7396866E-04   1.0311220E-04   1.9111614E-04
   3.7681159E-01   3.9990719E+06   2.0680674E+06   6.0669353E+06   1.5539145E-04   1.8255971E-04   1.0034966E-04
   3.9130435E-01   3.9144116E+06   2.0058693E+06   5.9200564E+06   2.8344874E-05   1.2895478E-04   2.9083148E-05
   4.0579710E-01   3.8213743E+06   1.9710625E+06   5.7921122E+06   1.4543347E-04   1.4349482E-04   1.0468625E-04
   4.2028986E-01   3.7217152E+06   1.9116390E+06   5.6330929E+06   7.2772594E-05   1.3540472E-04   8.0979239E-05
   4.3478261E-01   3.6413036E+06   1.8649668E+06   5.5058916E+06   1.3228310E-04   3.3402424E-04   1.1303822E-04
   4.4927536E-01   3.5441056E+06   1.8203035E+06   5.3642135E+06   2.6311058E-04   9.6604573E-05   2.0468301E-04
   4.6376812E-01   3.4480808E+06   1.7624008E+06   5.2101264E+06   2.7333237E-05   1.2230892E-04   2.3921245E-05
   4.7826087E-01   3.3383812E+06   1.6930593E+06   5.0313945E+06   1.3303999E-04   1.9722103E-04   1.4109611E-04
   4.9275362E-01   3.2583792E+06   1.6406336E+06   4.8987677E+06   8.2823965E-05   2.6250834E-04   1.4214488E-04
   5.0724638E-01   3.1248628E+06   1.5910738E+06   4.7157201E+06   1.1267528E-04   3.2852917E-04   1.7706460E-04
   5.2173913E-01   3.0522686E+06   1.5414679E+06   4.5935471E+06   7.0084880E-05   1.1067121E-04   7.2586678E-05
   5.3623188E-01   2.9453225E+06   1.4810885E+06   4.4262676E+06   4.1304465E-04   2.3398787E-04   1.9953369E-04
   5.5072464E-01   2.8472355E+06   1.4278551E+06   4.2747516E+06   1.2914235E-05   1.7028650E-04   4.7430695E-05
   5.6521739E-01   2.7512253E+06   1.3880376E+06   4.1391852E+06   1.0467076E-04   1.9408450E-04   5.5254666E-05
   5.7971014E-01   2.6452777E+06   1.3390344E+06   3.9841037E+06   3.1256597E-04   1.3772357E-04   2.4640619E-04
   5.9420290E-01   2.5520017E+06   1.2822568E+06   3.8340737E+06   1.6908493E-04   5.6533655E-05   9.6593268E-05
   6.0869565E-01   2.4522344E+06   1.2151029E+06   3.6671930E+06   1.3188250E-04   1.9354736E-04   1.2467482E-04
   6.2318841E-01   2.3611780E+06   1.1744214E+06   3.5354231E+06   1.4793638E-04   2.4988783E-04   1.6434713E-04
   6.3768116E-01   2.2702480E+06   1.1290793E+06   3.3992240E+06   1.1908928E-04   9.1913769E-05   6.1865284E-05
   6.5217391E-01   2.1890002E+06   1.0772321E+06   3.2660640E+06   3.7021362E-04   5.0753406E-04   3.7939351E-04
   6.6666667E-01   2.0984859E+06   1.0456272E+06   3.1440307E+06   1.5667087E-04   1.4237757E-04   1.5178315E-04
   6.8115942E-01   2.0076153E+06   9.8494483E+05   2.9925118E+06   1.6387684E-04   1.7132463E-04   1.6376434E-04
   6.9565217E-01   1.9125116E+06   9.4873369E+05   2.8610559E+06   2.0343043E-04   2.2373298E-04   1.9309663E-04
   7.1014493E-01   1.8402177E+06   9.0260357E+05   2.7427130E+06   1.5095128E-04   1.2433558E-04   1.2583078E-04
   7.2463768E-01   1.7533724E+06   8.5686380E+05   2.6101907E+06   2.7687200E-04   1.6629214E-04   1.7078956E-04
   7.3913043E-01   1.6747021E+06   8.2380835E+05   2.4984213E+06   3.0762347E-04   6.1377854E-05   2.2786106E-04
   7.5362319E-01   1.5911013E+06   7.7672382E+05   2.3677668E+06   3.5689440E-04   4.9095014E-04   1.5436718E-04
   7.6811594E-01   1.5168459E+06   7.3503318E+05   2.2517790E+06   3.6822890E-04   1.4030317E-04   2.1234870E-04
   7.8260870E-01   1.4439374E+06   6.9854903E+05   2.1424163E+06   4.9980067E-04   3.4253921E-04   2.3079587E-04
   7.9710145E-01   1.3801554E+06   6.6333647E+05   2.0434643E+06   2.8961048E-04   5.4493605E-05   1.7998667E-04
   8.1159420E-01   1.2897761E+06   6.2238597E+05   1.9120944E+06   9.5468018E-05   4.3673317E-04   1.4290157E-04
   8.2608696E-01   1.2171378E+06   5.9345405E+05   1.8105520E+06   8.8662208E-05   7.9855826E-04   2.0721419E-04
   8.4057971E-01   1.1517859E+06   5.4981635E+05   1.7015500E+06   7.6266073E-04   2.2493016E-04   5.7121227E-04
   8.5507246E-01   1.0811490E+06   5.1555633E+05   1.5966668E+06   1.7853073E-04   3.3342612E-04   2.9515793E-05
   8.6956522E-01   1.0094694E+06   4.8360018E+05   1.4930191E+06   2.1230300E-04   5.3920580E-04   2.3899537E-04
   8.8405797E-01   9.3821466E+05   4.4495292E+05   1.3831055E+06   3.8973846E-04   1.7891295E-04   2.0689938E-04
   8.9855072E-01   8.6524974E+05   4.0703904E+05   1.2722399E+06   8.5497911E-04   1.8131983E-04   6.2546646E-04
   9.1304348E-01   7.8999462E+05   3.7387690E+05   1.1638715E+06   1.4918330E-04   5.2153706E-04   6.6504806E-05
   9.2753623E-01   7.0756031E+05   3.3349886E+05   1.0410000E+06   6.4541093E-04   1.9662005E-04   4.8997570E-04
   9.4202899E-01   6.2438669E+05   2.9290603E+05   9.1726940E+05   5.6082255E-04   1.4799223E-03   8.0871119E-04
   9.5652174E-01   5.2767175E+05   2.4422083E+05   7.7185814E+05   2.9846336E-04   8.3094483E-04   4.6280188E-04
   9.7101449E-01   4.1478732E+05   1.9061036E+05   6.0538637E+05   5.7790297E-04   8.7861187E-04   1.6404699E-04
   9.8550725E-01   2.7164860E+05   1.2807979E+05   3.9972839E+05   2.0910401E-03   2.0864550E-03   2.0889617E-03
   1.0000000E+00   1.3156716E+05   6.0049948E+04   1.9161711E+05   4.8951849E-03   6.7032847E-03   5.4350186E-03
