   0.0000000E+00   3.9947878E+06   1.7337015E+06   5.7284893E+06   4.9953292E-03   1.0322145E-06   3.4838275E-03
   1.4492754E-02   3.9076481E+06   1.9458678E+06   5.8535159E+06   2.9368854E-04   3.3357666E-04   2.9270901E-04
   2.8985507E-02   3.9004496E+06   1.9958784E+06   5.8963280E+06   6.3630945E-04   3.0130637E-04   3.4117413E-04
   4.3478261E-02   3.9389679E+06   1.9501616E+06   5.8891295E+06   9.7376452E-04   2.4314695E-04   7.2820760E-04
   5.7971014E-02   3.9326534E+06   2.0275139E+06   5.9601673E+06   7.2556977E-04   2.2826762E-04   4.5778245E-04
   7.2463768E-02   4.0093363E+06   2.0231569E+06   6.0323417E+06   2.4766368E-04   2.4488349E-04   8.2749291E-05
   8.6956522E-02   4.0392417E+06   2.0278297E+06   6.0670713E+06   9.0382968E-04   2.2486206E-04   5.7117945E-04
   1.0144928E-01   4.0510768E+06   2.0513015E+06   6.1023783E+06   4.5110038E-04   1.8484980E-04   3.5575147E-04
   1.1594203E-01   4.1454827E+06   2.0681476E+06   6.2136302E+06   9.6209687E-04   1.2658543E-04   6.5801725E-04
   1.3043478E-01   4.1960090E+06   2.0886591E+06   6.2846681E+06   6.0954547E-04   2.8861331E-05   4.0294609E-04
   1.4492754E-01   4.2821973E+06   2.1451526E+06   6.4272741E+06   7.8982414E-04   1.7265190E-05   5.2210642E-04
   1.5942029E-01   4.3629101E+06   2.1836594E+06   6.5463628E+06   5.7756216E-04   2.3766138E-04   4.5665878E-04
   1.7391304E-01   4.4445677E+06   2.2224417E+06   6.6669462E+06   5.7301191E-04   1.3202357E-04   4.1153673E-04
   1.8840580E-01   4.5341215E+06   2.2819532E+06   6.8158415E+06   2.6595168E-04   1.2848679E-04   2.1973854E-04
   2.0289855E-01   4.6066060E+06   2.2924782E+06   6.8990301E+06   3.0269653E-04   1.9039499E-04   2.5487600E-04
   2.1739130E-01   4.6283567E+06   2.3405476E+06   6.9687527E+06   7.5425851E-04   1.2452111E-04   4.8754881E-04
   2.3188406E-01   4.6756142E+06   2.3474209E+06   7.0227036E+06   4.2140371E-04   1.2031148E-05   2.8278101E-04
   2.4637681E-01   4.6998395E+06   2.3720278E+06   7.0716890E+06   4.8081156E-04   1.4729384E-04   3.4479299E-04
   2.6086957E-01   4.7395167E+06   2.3668747E+06   7.1062230E+06   1.6236292E-04   1.2834157E-04   1.4491007E-04
   2.7536232E-01   4.7165519E+06   2.3688045E+06   7.0853564E+06   7.5240430E-05   1.0312205E-04   7.9053854E-05
   2.8985507E-01   4.7063404E+06   2.3561064E+06   7.0622953E+06   2.5385509E-04   1.4189062E-04   2.0938274E-04
   3.0434783E-01   4.6223020E+06   2.3284527E+06   6.9506825E+06   5.7764894E-04   2.1176871E-05   3.7777567E-04
   3.1884058E-01   4.6167863E+06   2.3155744E+06   6.9321196E+06   2.4880145E-04   1.0942626E-05   1.6305248E-04
   3.3333333E-01   4.5489239E+06   2.2718593E+06   6.8206844E+06   3.0200015E-04   7.5392863E-05   1.7664127E-04
   3.4782609E-01   4.4725724E+06   2.2302085E+06   6.7026546E+06   5.8709641E-04   8.5923178E-05   3.9721991E-04
   3.6231884E-01   4.3766871E+06   2.2126820E+06   6.5891570E+06   1.0260281E-04   7.6596555E-05   6.0002043E-05
   3.7681159E-01   4.2923452E+06   2.1648246E+06   6.4572280E+06   3.1648562E-04   1.3692582E-04   2.5273829E-04
   3.9130435E-01   4.1933709E+06   2.0935142E+06   6.2866606E+06   1.2483609E-04   5.8278344E-05   7.6591650E-05
   4.0579710E-01   4.0691813E+06   2.0417756E+06   6.1107134E+06   2.4162557E-04   6.5425474E-05   1.7455120E-04
   4.2028986E-01   3.9457701E+06   2.0019403E+06   5.9475536E+06   9.6003833E-05   7.9525492E-05   4.5700733E-05
   4.3478261E-01   3.8340971E+06   1.9272780E+06   5.7612488E+06   4.2202113E-04   1.0258963E-04   2.9239925E-04
   4.4927536E-01   3.7360329E+06   1.8806536E+06   5.6165643E+06   4.8434947E-04   8.9703737E-05   3.1446293E-04
   4.6376812E-01   3.6166535E+06   1.8133112E+06   5.4298937E+06   5.8239162E-04   3.4427524E-05   3.9785242E-04
   4.7826087E-01   3.4931891E+06   1.7579491E+06   5.2510004E+06   3.8338972E-04   3.8045235E-05   2.4475179E-04
   4.9275362E-01   3.3671812E+06   1.6993805E+06   5.0663389E+06   2.7492774E-04   6.8766083E-05   2.0043051E-04
   5.0724638E-01   3.2420522E+06   1.6334205E+06   4.8753211E+06   3.8212367E-04   5.2809918E-05   2.6794248E-04
   5.2173913E-01   3.1321467E+06   1.5610007E+06   4.6930001E+06   6.0591325E-04   1.0473180E-04   4.1099247E-04
   5.3623188E-01   3.0138465E+06   1.5090224E+06   4.5226026E+06   5.5754334E-04   8.4011830E-05   3.8785630E-04
   5.5072464E-01   2.8900077E+06   1.4434884E+06   4.3333964E+06   2.6188135E-04   7.5042330E-05   1.7341595E-04
   5.6521739E-01   2.7648257E+06   1.3882125E+06   4.1529410E+06   2.2042573E-04   1.2700080E-04   1.5701343E-04
   5.7971014E-01   2.6580456E+06   1.3319117E+06   3.9898246E+06   1.8610231E-04   1.2307897E-04   1.4413028E-04
   5.9420290E-01   2.5525561E+06   1.2764167E+06   3.8288804E+06   2.3624135E-04   8.1372945E-05   1.7972494E-04
   6.0869565E-01   2.4388296E+06   1.2206055E+06   3.6593811E+06   3.8967188E-04   1.2912362E-04   2.2521347E-04
   6.2318841E-01   2.3325955E+06   1.1649761E+06   3.4975011E+06   6.5989340E-04   7.8512162E-05   4.3500731E-04
   6.3768116E-01   2.2294335E+06   1.1061750E+06   3.3355569E+06   6.5254391E-04   3.4368885E-05   4.2518971E-04
   6.5217391E-01   2.1276067E+06   1.0678194E+06   3.1953588E+06   4.4332133E-04   1.5701135E-04   2.4837486E-04
   6.6666667E-01   2.0313109E+06   1.0089923E+06   3.0401878E+06   5.6712243E-04   4.2436375E-05   3.9025159E-04
   6.8115942E-01   1.9269244E+06   9.6569510E+05   2.8925711E+06   6.2467788E-04   1.7106541E-05   4.1205975E-04
   6.9565217E-01   1.8451835E+06   9.1652988E+05   2.7616976E+06   4.6620060E-04   1.8469637E-05   3.1730890E-04
   7.1014493E-01   1.7527687E+06   8.7438174E+05   2.6270885E+06   7.0527927E-04   4.9138925E-05   4.5766889E-04
   7.2463768E-01   1.6595343E+06   8.2505401E+05   2.4844822E+06   1.3118723E-04   1.5658683E-04   3.6876732E-05
   7.3913043E-01   1.5781724E+06   7.9034908E+05   2.3684620E+06   2.9652110E-04   1.1390442E-06   1.9793122E-04
   7.5362319E-01   1.4902641E+06   7.4427229E+05   2.2344926E+06   4.4570969E-04   7.3327251E-05   3.0284787E-04
   7.6811594E-01   1.4145943E+06   7.0150690E+05   2.1160297E+06   7.4776030E-04   7.6898139E-05   5.2481380E-04
   7.8260870E-01   1.3316240E+06   6.6286524E+05   1.9944892E+06   1.0110024E-03   1.5082164E-04   6.2704858E-04
   7.9710145E-01   1.2637395E+06   6.2737842E+05   1.8910903E+06   5.7842117E-04   1.5635155E-04   4.0963186E-04
   8.1159420E-01   1.1762103E+06   5.8997919E+05   1.7661895E+06   6.6408865E-04   5.9057109E-05   4.2509317E-04
   8.2608696E-01   1.1059499E+06   5.5402516E+05   1.6599352E+06   7.0012942E-04   4.4294038E-05   4.5359918E-04
   8.4057971E-01   1.0251132E+06   5.1613626E+05   1.5412103E+06   6.4257691E-04   1.2057208E-04   3.9153023E-04
   8.5507246E-01   9.5825436E+05   4.7930056E+05   1.4375292E+06   5.8789806E-04   1.2294252E-04   3.8929468E-04
   8.6956522E-01   8.8103307E+05   4.4340225E+05   1.3244101E+06   7.9546777E-04   1.0603252E-04   5.1620182E-04
   8.8405797E-01   8.1502655E+05   4.0486741E+05   1.2198691E+06   9.2826143E-04   8.3200610E-05   6.3726918E-04
   8.9855072E-01   7.3485792E+05   3.7060657E+05   1.1054645E+06   9.1568822E-04   2.5393789E-04   6.6399292E-04
   9.1304348E-01   6.6271891E+05   3.2961546E+05   9.9229828E+05   3.7633971E-04   1.3354066E-04   2.5569502E-04
   9.2753623E-01   5.9284608E+05   2.9473589E+05   8.8758197E+05   9.4333143E-04   1.0482441E-04   6.2039944E-04
   9.4202899E-01   5.0423296E+05   2.5151029E+05   7.5574325E+05   9.3887580E-04   4.8641483E-05   6.2054975E-04
   9.5652174E-01   4.2184120E+05   2.1308474E+05   6.3492594E+05   1.6151944E-03   3.8715525E-05   1.0738190E-03
   9.7101449E-01   3.3471604E+05   1.6733540E+05   5.0205145E+05   3.4645839E-03   1.9531063E-04   2.3686764E-03
   9.8550725E-01   2.3135484E+05   1.1605629E+05   3.4741113E+05   5.8577811E-03   2.0991717E-04   3.9022063E-03
   1.0000000E+00   1.1574496E+05   5.4775882E+04   1.7052084E+05   7.7049213E-03   3.4123440E-04   5.3187097E-03
