   0.0000000E+00   4.3221300E+06   2.2429006E+06   6.5650306E+06   8.7583052E-04   3.6728820E-03   9.9468248E-04
   1.4492754E-02   4.2092273E+06   2.1322710E+06   6.3414983E+06   8.8615838E-04   2.4344506E-03   1.1077843E-03
   2.8985507E-02   4.3603957E+06   2.1652326E+06   6.5256283E+06   3.8181167E-04   4.1944732E-04   2.2332158E-04
   4.3478261E-02   4.3145527E+06   2.1590444E+06   6.4733445E+06   6.0313721E-04   5.4299807E-04   3.2877412E-04
   5.7971014E-02   4.3585014E+06   2.1392801E+06   6.4975921E+06   7.7432114E-04   3.7565320E-04   6.0634261E-04
   7.2463768E-02   4.3484993E+06   2.1556093E+06   6.5041086E+06   2.1739228E-04   5.5899270E-04   2.9756316E-04
   8.6956522E-02   4.3172048E+06   2.1474258E+06   6.4645042E+06   1.0265615E-03   7.7995225E-04   7.7929548E-04
   1.0144928E-01   4.3331714E+06   2.1574928E+06   6.4905559E+06   6.6066457E-04   6.2698150E-04   3.4757565E-04
   1.1594203E-01   4.3770660E+06   2.1706314E+06   6.5475080E+06   1.4663326E-03   7.5397786E-05   1.0012578E-03
   1.3043478E-01   4.3608588E+06   2.2391961E+06   6.6000549E+06   5.5732986E-04   1.5595312E-04   3.3873416E-04
   1.4492754E-01   4.3800211E+06   2.2127427E+06   6.5927638E+06   3.2185447E-04   1.9661234E-04   2.2445835E-04
   1.5942029E-01   4.3705563E+06   2.2568154E+06   6.6272339E+06   3.1907563E-04   4.9313407E-04   2.4945144E-04
   1.7391304E-01   4.3913367E+06   2.2589393E+06   6.6501497E+06   3.2870903E-04   1.8118065E-04   2.7793041E-04
   1.8840580E-01   4.3619404E+06   2.3008966E+06   6.6628952E+06   4.5813986E-04   2.5158460E-04   2.1887988E-04
   2.0289855E-01   4.3868624E+06   2.3292826E+06   6.7161450E+06   2.0627310E-04   1.9314261E-04   1.7068806E-04
   2.1739130E-01   4.3789098E+06   2.3270094E+06   6.7059697E+06   4.3317851E-04   1.2634127E-04   2.8577671E-04
   2.3188406E-01   4.3348221E+06   2.3311769E+06   6.6659043E+06   2.7852011E-04   2.0733118E-04   1.1137963E-04
   2.4637681E-01   4.3463330E+06   2.3065950E+06   6.6529281E+06   1.9070028E-04   3.3347092E-04   2.1242854E-04
   2.6086957E-01   4.3113112E+06   2.3094130E+06   6.6205559E+06   3.8078050E-04   1.5820948E-04   3.0178848E-04
   2.7536232E-01   4.2520195E+06   2.3115356E+06   6.5635550E+06   2.2835704E-04   1.3156976E-04   1.9089102E-04
   2.8985507E-01   4.2350661E+06   2.3089752E+06   6.5441550E+06   2.0460814E-04   6.8577613E-05   1.1827469E-04
   3.0434783E-01   4.2026602E+06   2.2966999E+06   6.4992880E+06   1.7532247E-04   2.0899718E-04   7.6355971E-05
   3.1884058E-01   4.1346935E+06   2.2464482E+06   6.3811762E+06   2.9225358E-04   1.9617757E-04   1.2046692E-04
   3.3333333E-01   4.0889119E+06   2.2351914E+06   6.3240045E+06   3.3503544E-04   8.6893130E-05   1.8562396E-04
   3.4782609E-01   4.0130682E+06   2.1721785E+06   6.1852783E+06   3.6469609E-04   5.1312669E-05   2.5334082E-04
   3.6231884E-01   3.9419584E+06   2.1553062E+06   6.0972343E+06   2.8249883E-04   2.4783705E-04   2.5599556E-04
   3.7681159E-01   3.8809233E+06   2.0948214E+06   5.9756281E+06   1.1663343E-04   2.9208310E-04   6.4816138E-05
   3.9130435E-01   3.8108542E+06   2.0378907E+06   5.8489133E+06   1.4264240E-04   1.7106838E-05   8.8263942E-05
   4.0579710E-01   3.7173750E+06   2.0003707E+06   5.7177186E+06   9.5107202E-05   1.1461975E-04   1.0273203E-04
   4.2028986E-01   3.6541198E+06   1.9379769E+06   5.5919400E+06   1.6813409E-04   5.9471225E-05   1.1041505E-04
   4.3478261E-01   3.5622212E+06   1.8978020E+06   5.4599980E+06   2.0696396E-04   3.7593290E-04   1.8980780E-04
   4.4927536E-01   3.4789891E+06   1.8345294E+06   5.3134452E+06   1.3742465E-04   2.3917867E-04   1.5670305E-04
   4.6376812E-01   3.3907296E+06   1.7767504E+06   5.1673853E+06   2.5207728E-04   9.5916563E-05   1.3369782E-04
   4.7826087E-01   3.2973486E+06   1.7225651E+06   5.0199826E+06   6.7553645E-05   1.3441367E-04   4.0991813E-05
   4.9275362E-01   3.2052262E+06   1.6672436E+06   4.8723806E+06   8.0714712E-05   3.6818145E-04   1.2392429E-04
   5.0724638E-01   3.1110287E+06   1.6069647E+06   4.7180583E+06   1.9207202E-04   3.0049826E-04   1.8818784E-04
   5.2173913E-01   3.0264845E+06   1.5604956E+06   4.5869590E+06   1.8389316E-04   1.7286022E-04   8.8189866E-05
   5.3623188E-01   2.9261743E+06   1.4911644E+06   4.4172567E+06   1.9411539E-04   1.3820539E-04   1.7648938E-04
   5.5072464E-01   2.8479932E+06   1.4468982E+06   4.2948914E+06   6.7068201E-05   2.7428843E-04   1.3030657E-04
   5.6521739E-01   2.7578701E+06   1.3825780E+06   4.1403121E+06   2.8222032E-04   4.6531354E-04   5.3142955E-05
   5.7971014E-01   2.6653009E+06   1.3345637E+06   3.9997699E+06   1.5683813E-04   1.4801976E-04   1.0083234E-04
   5.9420290E-01   2.5798716E+06   1.2745131E+06   3.8543108E+06   2.0321528E-04   1.0677440E-04   1.6974082E-04
   6.0869565E-01   2.4787191E+06   1.2210927E+06   3.6997576E+06   1.5578736E-04   1.3413120E-04   1.3690186E-04
   6.2318841E-01   2.3918575E+06   1.1785449E+06   3.5703495E+06   1.5132041E-04   9.7576171E-05   1.2741041E-04
   6.3768116E-01   2.2893808E+06   1.1254973E+06   3.4149470E+06   3.1540432E-04   1.9202564E-04   2.3602650E-04
   6.5217391E-01   2.2044244E+06   1.0728204E+06   3.2771270E+06   2.7388260E-04   2.8477147E-04   2.4449306E-04
   6.6666667E-01   2.1251549E+06   1.0295665E+06   3.1547873E+06   3.1179309E-04   1.0962464E-04   2.4606692E-04
   6.8115942E-01   2.0324110E+06   9.7675483E+05   3.0091981E+06   4.8611637E-04   2.5949927E-04   3.8040751E-04
   6.9565217E-01   1.9441629E+06   9.3400518E+05   2.8780734E+06   3.4633162E-04   1.8895404E-04   2.2033706E-04
   7.1014493E-01   1.8625168E+06   8.9099009E+05   2.7534605E+06   2.1970352E-04   1.2956738E-04   1.0995446E-04
   7.2463768E-01   1.7851670E+06   8.4795281E+05   2.6331501E+06   3.0763247E-04   2.3405443E-04   2.5771667E-04
   7.3913043E-01   1.6985485E+06   8.0214600E+05   2.5007242E+06   2.7389082E-04   1.3281186E-04   1.9666317E-04
   7.5362319E-01   1.6214399E+06   7.5437058E+05   2.3758251E+06   3.3709450E-04   3.8392132E-04   3.2547377E-04
   7.6811594E-01   1.5374048E+06   7.1909211E+05   2.2565541E+06   1.1960146E-04   1.5989319E-04   1.1467168E-04
   7.8260870E-01   1.4637087E+06   6.8570960E+05   2.1494324E+06   4.0560162E-04   2.9726447E-04   1.8442722E-04
   7.9710145E-01   1.3856249E+06   6.3823472E+05   2.0238182E+06   1.2097606E-04   4.4327912E-04   1.2332066E-04
   8.1159420E-01   1.3190978E+06   6.0073635E+05   1.9198612E+06   2.4979172E-04   1.0964251E-04   1.5514574E-04
   8.2608696E-01   1.2389925E+06   5.5815948E+05   1.7971520E+06   3.8881572E-04   3.2077918E-04   2.3530033E-04
   8.4057971E-01   1.1647589E+06   5.2424927E+05   1.6889689E+06   6.7391627E-04   1.9442669E-05   4.6103506E-04
   8.5507246E-01   1.0921683E+06   4.9220777E+05   1.5843503E+06   4.2940091E-04   1.1132748E-04   2.8326769E-04
   8.6956522E-01   1.0213533E+06   4.5396005E+05   1.4753007E+06   7.6265288E-04   3.9142707E-04   6.4828153E-04
   8.8405797E-01   9.4828883E+05   4.1422111E+05   1.3624975E+06   7.7041133E-04   2.3566820E-04   5.7130490E-04
   8.9855072E-01   8.7752019E+05   3.7671735E+05   1.2542131E+06   4.1906376E-04   3.4638293E-04   2.5764814E-04
   9.1304348E-01   8.0093970E+05   3.4254509E+05   1.1434848E+06   5.2106813E-04   3.4677245E-04   4.6647255E-04
   9.2753623E-01   7.1846461E+05   3.0556916E+05   1.0240101E+06   3.7593176E-04   4.5013499E-04   3.3282756E-04
   9.4202899E-01   6.3679025E+05   2.6396049E+05   9.0075074E+05   1.8127013E-04   4.0487194E-04   7.4202266E-05
   9.5652174E-01   5.3627092E+05   2.2356676E+05   7.5982620E+05   5.2028745E-04   6.5481117E-04   5.0625782E-04
   9.7101449E-01   4.2900337E+05   1.7499194E+05   6.0398399E+05   1.1363223E-03   5.8941627E-04   7.9735214E-04
   9.8550725E-01   2.8343809E+05   1.1695889E+05   4.0039698E+05   2.3878371E-03   6.0349884E-04   1.6018420E-03
   1.0000000E+00   1.4196210E+05   5.5585594E+04   1.9754770E+05   3.5318732E-03   6.4348606E-04   2.7065540E-03
