   0.0000000E+00   4.0008497E+06   2.1034770E+06   6.1043267E+06   2.5534437E-03   4.9066397E-03   4.5652900E-04
   1.4492754E-02   4.1842220E+06   2.0958997E+06   6.2801216E+06   3.3723288E-03   1.9298132E-03   1.6468282E-03
   2.8985507E-02   4.0546490E+06   2.0765774E+06   6.1308475E+06   1.7383871E-03   1.0579939E-03   9.0600209E-04
   4.3478261E-02   4.1102164E+06   2.0913532E+06   6.2015696E+06   1.5800378E-03   8.7917373E-04   9.8394977E-04
   5.7971014E-02   4.1334536E+06   2.0597177E+06   6.1931714E+06   1.2664128E-03   3.0067835E-04   7.8171409E-04
   7.2463768E-02   4.1777054E+06   2.1052956E+06   6.2830010E+06   5.8783287E-04   3.1774773E-04   3.6439402E-04
   8.6956522E-02   4.1294123E+06   2.1254514E+06   6.2549900E+06   3.9145160E-04   5.6218709E-04   3.2970723E-04
   1.0144928E-01   4.1438454E+06   2.1133276E+06   6.2570648E+06   6.8407082E-04   3.9362658E-04   3.2016984E-04
   1.1594203E-01   4.1577959E+06   2.1365333E+06   6.2941398E+06   7.4418649E-04   3.5033589E-04   5.0446647E-04
   1.3043478E-01   4.1498712E+06   2.1598021E+06   6.3096734E+06   3.1706124E-04   3.6118628E-04   2.0967321E-04
   1.4492754E-01   4.1798271E+06   2.1620501E+06   6.3418014E+06   5.5807893E-04   2.7585141E-04   3.9842543E-04
   1.5942029E-01   4.2051631E+06   2.1928900E+06   6.3979841E+06   7.3695557E-04   4.4385515E-04   5.9238999E-04
   1.7391304E-01   4.2484402E+06   2.2146117E+06   6.4628625E+06   6.9514077E-05   3.2355474E-04   8.2229694E-05
   1.8840580E-01   4.2495039E+06   2.2452321E+06   6.4946777E+06   2.4680011E-04   3.7494519E-04   4.4330979E-05
   2.0289855E-01   4.2673565E+06   2.2597332E+06   6.5269814E+06   6.8305646E-05   1.3290234E-04   5.8069663E-05
   2.1739130E-01   4.2685328E+06   2.2679564E+06   6.5365397E+06   1.7056417E-04   2.7888805E-04   2.0767301E-04
   2.3188406E-01   4.2948515E+06   2.2797455E+06   6.5745023E+06   4.4895289E-04   2.1173370E-04   2.8678061E-04
   2.4637681E-01   4.2616003E+06   2.2773107E+06   6.5387327E+06   3.4254331E-04   2.5728213E-04   2.9049343E-04
   2.6086957E-01   4.2194988E+06   2.2785563E+06   6.4979288E+06   2.4692781E-04   2.1827357E-04   1.2469538E-04
   2.7536232E-01   4.1828660E+06   2.2635190E+06   6.4463451E+06   1.0352516E-04   4.6714593E-04   1.7856872E-04
   2.8985507E-01   4.1735758E+06   2.2533952E+06   6.4267816E+06   5.2858243E-04   2.5637042E-04   3.7253357E-04
   3.0434783E-01   4.1208968E+06   2.2240654E+06   6.3446736E+06   3.2667869E-04   4.0359217E-04   3.5404600E-04
   3.1884058E-01   4.0877483E+06   2.1953354E+06   6.2830493E+06   6.6064565E-04   1.3240352E-04   4.6485874E-04
   3.3333333E-01   4.0266457E+06   2.1884094E+06   6.2149892E+06   1.0980652E-04   3.4181050E-04   1.6168676E-04
   3.4782609E-01   3.9619525E+06   2.1489097E+06   6.1106412E+06   2.0816072E-04   2.2062449E-04   1.4222156E-04
   3.6231884E-01   3.8857343E+06   2.1085387E+06   5.9941518E+06   3.9358589E-04   8.9955709E-05   2.6823350E-04
   3.7681159E-01   3.8370620E+06   2.0530293E+06   5.8900038E+06   1.4938910E-04   1.6505605E-04   1.0883813E-04
   3.9130435E-01   3.7500108E+06   2.0030910E+06   5.7530175E+06   5.3017964E-04   2.8930763E-04   4.1150745E-04
   4.0579710E-01   3.6769714E+06   1.9548253E+06   5.6317426E+06   8.6151633E-06   2.5257342E-04   8.2056058E-05
   4.2028986E-01   3.5912799E+06   1.8987836E+06   5.4899852E+06   1.9981095E-04   3.7531111E-04   2.4961292E-04
   4.3478261E-01   3.5053152E+06   1.8671642E+06   5.3723026E+06   2.2308057E-04   1.4106745E-04   1.5158254E-04
   4.4927536E-01   3.4216211E+06   1.8061754E+06   5.2276254E+06   1.4394915E-04   5.1430003E-05   1.0369670E-04
   4.6376812E-01   3.3395824E+06   1.7592515E+06   5.0986681E+06   1.0118009E-04   4.0514532E-04   1.8852623E-04
   4.7826087E-01   3.2562930E+06   1.6993967E+06   4.9555979E+06   3.0265634E-04   4.0036734E-04   3.3529210E-04
   4.9275362E-01   3.1514046E+06   1.6450686E+06   4.7963395E+06   1.4416671E-04   2.2544011E-04   1.6190412E-04
   5.0724638E-01   3.0616892E+06   1.5923079E+06   4.6540620E+06   1.8172296E-04   1.6600609E-04   1.1181725E-04
   5.2173913E-01   2.9829988E+06   1.5279550E+06   4.5108486E+06   2.9479727E-04   1.2362391E-04   1.5563997E-04
   5.3623188E-01   2.9032988E+06   1.4752109E+06   4.3784074E+06   4.5205078E-04   7.0625755E-05   3.0995384E-04
   5.5072464E-01   2.8107644E+06   1.4292709E+06   4.2398757E+06   1.6111014E-04   1.4590758E-04   6.1002096E-05
   5.6521739E-01   2.7160197E+06   1.3716394E+06   4.0875425E+06   9.3635363E-05   2.9575259E-04   1.4676107E-04
   5.7971014E-01   2.6194578E+06   1.3310592E+06   3.9503844E+06   1.3721420E-04   2.9385024E-04   8.1708576E-05
   5.9420290E-01   2.5276248E+06   1.2716115E+06   3.7991439E+06   2.9008246E-04   2.0057720E-04   2.2350988E-04
   6.0869565E-01   2.4516751E+06   1.2176287E+06   3.6691775E+06   5.5624848E-05   3.1291717E-04   1.3984732E-04
   6.2318841E-01   2.3650195E+06   1.1693463E+06   3.5344011E+06   1.7385252E-04   4.1572740E-04   1.6476203E-04
   6.3768116E-01   2.2960283E+06   1.1249634E+06   3.4209745E+06   2.6659377E-04   2.1525894E-04   2.0830727E-04
   6.5217391E-01   2.2048285E+06   1.0765923E+06   3.2813029E+06   5.4657333E-04   3.6937483E-04   2.5236936E-04
   6.6666667E-01   2.1198837E+06   1.0350683E+06   3.1548037E+06   1.2252382E-04   4.0750241E-04   1.0820353E-04
   6.8115942E-01   2.0386180E+06   9.8246204E+05   3.0209994E+06   3.8187841E-04   3.3957798E-04   2.2290685E-04
   6.9565217E-01   1.9688998E+06   9.4000393E+05   2.9088091E+06   3.0990925E-04   4.6178681E-04   2.3281402E-04
   7.1014493E-01   1.8916974E+06   8.9968087E+05   2.7913318E+06   3.5472091E-04   4.1191697E-04   3.7050036E-04
   7.2463768E-01   1.8026707E+06   8.5674256E+05   2.6593224E+06   4.3324051E-04   2.0876764E-04   2.3445408E-04
   7.3913043E-01   1.7342661E+06   8.1759788E+05   2.5518046E+06   9.8671912E-05   4.4333471E-04   1.2456280E-04
   7.5362319E-01   1.6579279E+06   7.7391145E+05   2.4318102E+06   2.7960260E-04   1.4445646E-04   1.5734521E-04
   7.6811594E-01   1.5930913E+06   7.4176703E+05   2.3348298E+06   3.4744056E-04   1.2762566E-04   2.3122243E-04
   7.8260870E-01   1.5173396E+06   6.9711775E+05   2.2144714E+06   2.2220245E-04   1.0576720E-04   1.1925554E-04
   7.9710145E-01   1.4305104E+06   6.6201388E+05   2.0925243E+06   6.0733892E-04   2.2351554E-04   4.8627277E-04
   8.1159420E-01   1.3714628E+06   6.2402322E+05   1.9954860E+06   6.3350921E-04   3.8959385E-04   4.7701580E-04
   8.2608696E-01   1.2954240E+06   5.8862847E+05   1.8840657E+06   2.4073278E-04   3.2825649E-04   2.4638171E-04
   8.4057971E-01   1.2269194E+06   5.4777830E+05   1.7746846E+06   3.6857436E-04   6.8906522E-05   2.3411135E-04
   8.5507246E-01   1.1547650E+06   5.0840279E+05   1.6631806E+06   6.8137677E-04   9.0260847E-04   6.8717370E-04
   8.6956522E-01   1.0870869E+06   4.7902850E+05   1.5661154E+06   1.9570890E-04   3.8434393E-04   3.1481516E-05
   8.8405797E-01   1.0158640E+06   4.4058041E+05   1.4564196E+06   4.0066538E-04   6.4600300E-04   3.1948746E-04
   8.9855072E-01   9.4203780E+05   4.0387365E+05   1.3458748E+06   5.3659423E-04   3.7611513E-04   4.7146282E-04
   9.1304348E-01   8.6359130E+05   3.7115867E+05   1.2347379E+06   3.3626516E-04   2.4611699E-04   1.6729757E-04
   9.2753623E-01   7.8840134E+05   3.3315551E+05   1.1215568E+06   1.9972342E-04   1.6944994E-04   1.4814371E-04
   9.4202899E-01   7.0077820E+05   2.9447979E+05   9.9528131E+05   2.5318628E-04   6.8593762E-04   4.4515471E-05
   9.5652174E-01   6.0182662E+05   2.5178672E+05   8.5362482E+05   1.1591207E-03   8.3561819E-04   1.0557956E-03
   9.7101449E-01   4.7494257E+05   1.9325678E+05   6.6821066E+05   9.8128410E-04   4.6823004E-04   8.2842646E-04
   9.8550725E-01   3.0042031E+05   1.2795721E+05   4.2837752E+05   7.1777370E-04   3.7675602E-04   4.1439802E-04
   1.0000000E+00   1.3572514E+05   5.9371541E+04   1.9509668E+05   1.6637295E-03   3.5335977E-03   1.6032296E-03
