   0.0000000E+00   4.0857162E+06   1.9640535E+06   6.0497697E+06   4.3856081E-03   7.4052654E-03   3.7657407E-03
   1.4492754E-02   3.9311379E+06   2.0110332E+06   5.9421711E+06   9.3742977E-04   9.1129949E-04   6.3140863E-04
   2.8985507E-02   4.0565433E+06   2.0417215E+06   6.0982648E+06   5.1851914E-04   1.5024880E-03   6.8745672E-04
   4.3478261E-02   3.9836743E+06   1.9840072E+06   5.9676815E+06   1.3818144E-03   6.0742164E-04   8.0959048E-04
   5.7971014E-02   3.9771704E+06   1.9962573E+06   5.9734277E+06   3.1729957E-04   1.0757678E-03   4.1999281E-04
   7.2463768E-02   3.9828156E+06   2.0122455E+06   5.9949095E+06   5.3380371E-04   2.2327473E-04   3.7567231E-04
   8.6956522E-02   4.0226978E+06   2.0496777E+06   6.0723755E+06   4.2454173E-04   3.5074073E-04   3.9873535E-04
   1.0144928E-01   4.0209838E+06   2.0298683E+06   6.0506357E+06   1.1727330E-03   4.1616439E-04   7.6413877E-04
   1.1594203E-01   4.0788019E+06   2.0727887E+06   6.1514958E+06   2.5333665E-04   4.9493705E-04   4.5560732E-05
   1.3043478E-01   4.0799911E+06   2.1115596E+06   6.1914664E+06   3.1253196E-04   6.6667024E-04   4.3009876E-04
   1.4492754E-01   4.1342871E+06   2.1202230E+06   6.2545101E+06   3.8762700E-04   1.0624889E-04   2.3354621E-04
   1.5942029E-01   4.1667251E+06   2.1425349E+06   6.3092601E+06   4.8958953E-04   3.8888116E-04   3.2352259E-04
   1.7391304E-01   4.1988715E+06   2.1818396E+06   6.3806480E+06   2.6286258E-04   5.0868685E-04   7.2523520E-05
   1.8840580E-01   4.2218757E+06   2.1790176E+06   6.4006018E+06   1.8179928E-04   4.2041371E-04   2.2874300E-04
   2.0289855E-01   4.2412146E+06   2.2190319E+06   6.4600300E+06   1.7920205E-04   1.2570811E-04   1.5700240E-04
   2.1739130E-01   4.2839401E+06   2.2664409E+06   6.5503305E+06   1.9761171E-04   4.0713801E-04   2.7000662E-04
   2.3188406E-01   4.2647315E+06   2.2479679E+06   6.5124626E+06   2.1730171E-04   2.6028054E-04   2.0684255E-04
   2.4637681E-01   4.2784042E+06   2.2468676E+06   6.5251826E+06   9.4001416E-05   2.8714600E-04   7.3767742E-05
   2.6086957E-01   4.2403787E+06   2.2441214E+06   6.4843738E+06   2.2190802E-04   9.4472604E-05   1.4028612E-04
   2.7536232E-01   4.2603944E+06   2.2343262E+06   6.4943218E+06   1.8061027E-04   1.1005962E-04   8.2705778E-05
   2.8985507E-01   4.2373014E+06   2.2218355E+06   6.4589854E+06   8.5011313E-05   2.8518826E-05   6.0754089E-05
   3.0434783E-01   4.1712322E+06   2.1985549E+06   6.3696789E+06   1.5270863E-04   7.3980389E-05   1.2178839E-04
   3.1884058E-01   4.1295616E+06   2.1619950E+06   6.2912810E+06   3.6909603E-04   3.0718311E-04   3.3057234E-04
   3.3333333E-01   4.0915804E+06   2.1495013E+06   6.2410158E+06   1.2029198E-04   9.1051976E-05   1.0715950E-04
   3.4782609E-01   4.0017337E+06   2.1128225E+06   6.1144299E+06   1.3281040E-04   1.1452751E-04   1.1261475E-04
   3.6231884E-01   3.9566585E+06   2.0762894E+06   6.0326145E+06   2.4116807E-04   2.3387083E-04   1.8824166E-04
   3.7681159E-01   3.9010325E+06   2.0256633E+06   5.9264335E+06   2.1465158E-04   2.0489617E-04   1.3026291E-04
   3.9130435E-01   3.8095633E+06   1.9870662E+06   5.7965453E+06   1.4302535E-04   1.7406721E-04   8.3832798E-05
   4.0579710E-01   3.7194046E+06   1.9420250E+06   5.6611590E+06   4.0371335E-05   5.9503667E-05   7.4678012E-06
   4.2028986E-01   3.6257700E+06   1.9054465E+06   5.5309291E+06   2.0562074E-04   3.3431595E-04   2.0004833E-04
   4.3478261E-01   3.5504510E+06   1.8379661E+06   5.3882656E+06   2.6312666E-04   3.3047865E-05   1.6205665E-04
   4.4927536E-01   3.4614634E+06   1.7865964E+06   5.2479621E+06   2.3450186E-04   2.0027827E-04   9.1510985E-05
   4.6376812E-01   3.3466861E+06   1.7375613E+06   5.0838922E+06   1.3243269E-04   1.4145886E-04   1.1416299E-04
   4.7826087E-01   3.2657533E+06   1.6774683E+06   4.9430608E+06   1.3153905E-04   2.9328280E-04   1.2730740E-04
   4.9275362E-01   3.1807557E+06   1.6202416E+06   4.8007299E+06   2.8278416E-04   3.0009746E-04   2.7851630E-04
   5.0724638E-01   3.0694614E+06   1.5787769E+06   4.6480218E+06   2.1702182E-04   2.8828782E-04   2.0821820E-04
   5.2173913E-01   2.9836513E+06   1.5095167E+06   4.4929786E+06   2.4395177E-04   4.5395303E-04   3.1214418E-04
   5.3623188E-01   2.8941650E+06   1.4753952E+06   4.3693555E+06   8.0279930E-06   1.7629470E-04   6.0220060E-05
   5.5072464E-01   2.7943933E+06   1.4182438E+06   4.2124377E+06   1.1804868E-04   4.5243314E-04   1.5549180E-04
   5.6521739E-01   2.7054503E+06   1.3703376E+06   4.0756713E+06   3.1602926E-04   2.0525707E-04   1.4229558E-04
   5.7971014E-01   2.6237012E+06   1.3169464E+06   3.9404202E+06   2.0306463E-04   2.4446347E-04   2.1501448E-04
   5.9420290E-01   2.5271627E+06   1.2738847E+06   3.8008996E+06   2.0435764E-04   9.1662343E-05   1.1911783E-04
   6.0869565E-01   2.4371879E+06   1.2125230E+06   3.6496387E+06   2.3964557E-04   3.5624357E-04   9.7724392E-05
   6.2318841E-01   2.3598387E+06   1.1709323E+06   3.5306476E+06   1.8079680E-04   6.9612322E-05   1.2999270E-04
   6.3768116E-01   2.2628773E+06   1.1205376E+06   3.3832771E+06   2.8697563E-04   3.0302936E-04   2.6678799E-04
   6.5217391E-01   2.1960051E+06   1.0888508E+06   3.2848222E+06   2.6822574E-04   1.9721897E-04   2.3686326E-04
   6.6666667E-01   2.1132782E+06   1.0331740E+06   3.1462380E+06   3.4854097E-04   4.0598481E-04   2.8460666E-04
   6.8115942E-01   2.0365866E+06   9.8710519E+05   3.0235145E+06   2.3623727E-04   2.1560795E-04   1.9693697E-04
   6.9565217E-01   1.9474780E+06   9.4636576E+05   2.8937806E+06   3.9839539E-04   4.4631708E-04   1.8389592E-04
   7.1014493E-01   1.8685787E+06   9.0339223E+05   2.7718626E+06   2.4196416E-04   2.1209812E-04   2.1075032E-04
   7.2463768E-01   1.7871826E+06   8.6280445E+05   2.6498355E+06   2.4371671E-04   5.5483125E-04   2.8153182E-04
   7.3913043E-01   1.7141787E+06   8.1963337E+05   2.5336783E+06   2.6255329E-04   4.6319814E-04   1.2525837E-04
   7.5362319E-01   1.6377896E+06   7.8995506E+05   2.4276718E+06   3.5662050E-04   5.5704493E-04   1.3150085E-04
   7.6811594E-01   1.5678001E+06   7.4435477E+05   2.3121263E+06   3.4447666E-04   3.7620888E-04   3.0751095E-04
   7.8260870E-01   1.4964598E+06   7.0786638E+05   2.2041999E+06   7.0832394E-04   6.6023268E-04   4.0143074E-04
   7.9710145E-01   1.4311028E+06   6.7559803E+05   2.1065355E+06   9.0331368E-04   2.0208597E-04   6.6949871E-04
   8.1159420E-01   1.3615446E+06   6.3667472E+05   1.9981787E+06   5.1678088E-04   4.5481421E-04   3.6584418E-04
   8.2608696E-01   1.2830609E+06   5.9894432E+05   1.8819786E+06   4.3495112E-04   5.4492841E-04   1.4088017E-04
   8.4057971E-01   1.2231046E+06   5.6920396E+05   1.7922432E+06   1.3268478E-04   6.0214073E-04   1.9758861E-04
   8.5507246E-01   1.1493710E+06   5.3158439E+05   1.6808911E+06   3.7396721E-04   6.4594669E-04   4.1675357E-04
   8.6956522E-01   1.0821364E+06   4.9636804E+05   1.5784792E+06   3.3579266E-04   1.7796896E-04   2.1157104E-04
   8.8405797E-01   1.0027589E+06   4.5893999E+05   1.4616741E+06   2.6100884E-04   4.3439478E-04   4.8406842E-05
   8.9855072E-01   9.3922684E+05   4.2828011E+05   1.3674703E+06   1.0740963E-03   9.6840949E-04   6.8140624E-04
   9.1304348E-01   8.6663427E+05   3.8957288E+05   1.2561831E+06   4.8914996E-04   3.2260183E-04   3.3612387E-04
   9.2753623E-01   7.9097054E+05   3.5020458E+05   1.1411514E+06   1.6475297E-04   3.0494114E-04   1.3242319E-04
   9.4202899E-01   7.0284158E+05   3.1160464E+05   1.0144229E+06   7.7259409E-04   4.5909636E-04   4.9280754E-04
   9.5652174E-01   6.1989749E+05   2.6932947E+05   8.8922696E+05   8.6113711E-04   5.4418428E-04   7.6116890E-04
   9.7101449E-01   4.9103599E+05   2.1501627E+05   7.0605226E+05   8.7827302E-04   8.3057272E-04   3.6700758E-04
   9.8550725E-01   3.2557048E+05   1.4343510E+05   4.6900558E+05   7.8848065E-04   2.0173967E-04   4.8822257E-04
   1.0000000E+00   1.3741021E+05   6.3026185E+04   2.0043640E+05   8.4695123E-04   8.4929863E-04   4.6566916E-04
