   0.0000000E+00   4.1887684E+06   1.6973302E+06   5.8860986E+06   4.9950880E-04   6.2836185E-03   2.1665164E-03
   1.4492754E-02   3.7629204E+06   1.9701154E+06   5.7330358E+06   1.6962715E-03   1.3507002E-03   7.1537385E-04
   2.8985507E-02   4.0046384E+06   1.9488988E+06   5.9535371E+06   7.4283755E-04   2.3166180E-03   1.2417925E-03
   4.3478261E-02   3.8798644E+06   1.9822392E+06   5.8621036E+06   2.8650062E-04   2.8537532E-04   2.1358143E-04
   5.7971014E-02   3.8957137E+06   1.9778822E+06   5.8734065E+06   1.5308025E-04   2.6372937E-04   1.0402405E-04
   7.2463768E-02   3.9017377E+06   1.9893619E+06   5.8909481E+06   6.1415383E-04   2.9401906E-04   3.1664839E-04
   8.6956522E-02   3.9550066E+06   2.0158322E+06   5.9708388E+06   4.8047885E-04   9.6826161E-04   6.3422250E-04
   1.0144928E-01   4.0091848E+06   1.9982599E+06   6.0073364E+06   7.2943377E-04   1.0025667E-03   5.4212407E-04
   1.1594203E-01   4.0633630E+06   2.0346177E+06   6.0978860E+06   3.6352602E-04   6.0178706E-04   4.3955735E-04
   1.3043478E-01   4.1174569E+06   2.0772930E+06   6.1947500E+06   4.9970044E-04   8.8566058E-04   6.1940210E-04
   1.4492754E-01   4.1902081E+06   2.1184802E+06   6.3083852E+06   5.2021323E-04   9.8077177E-05   3.1858925E-04
   1.5942029E-01   4.2940249E+06   2.1702956E+06   6.4639761E+06   3.5095626E-04   5.1326888E-04   4.0546510E-04
   1.7391304E-01   4.3505452E+06   2.1950369E+06   6.5455189E+06   4.5584370E-04   2.2192568E-04   2.3247689E-04
   1.8840580E-01   4.4404535E+06   2.2567147E+06   6.6968185E+06   6.6867165E-04   1.3739892E-04   4.6240567E-04
   2.0289855E-01   4.4927832E+06   2.2902050E+06   6.7827176E+06   2.8336866E-04   4.6949003E-04   2.1126212E-04
   2.1739130E-01   4.5352056E+06   2.3140773E+06   6.8490303E+06   1.2571955E-04   4.8433333E-04   1.6366764E-04
   2.3188406E-01   4.5573126E+06   2.3045140E+06   6.8617319E+06   1.9661970E-04   4.8602179E-04   2.0829813E-04
   2.4637681E-01   4.5980799E+06   2.3159107E+06   6.9138569E+06   1.8194351E-04   5.5910809E-04   1.5238305E-04
   2.6086957E-01   4.6307394E+06   2.3199371E+06   6.9502976E+06   2.3577501E-04   2.8360033E-04   1.2559459E-04
   2.7536232E-01   4.6095914E+06   2.3199106E+06   6.9294222E+06   2.3427823E-04   2.8408488E-04   6.6973548E-05
   2.8985507E-01   4.6063950E+06   2.3162116E+06   6.9224171E+06   4.9040768E-04   1.0847743E-04   3.6140202E-04
   3.0434783E-01   4.5634151E+06   2.2889060E+06   6.8520324E+06   1.7339936E-04   3.7841358E-04   1.3203927E-04
   3.1884058E-01   4.4941363E+06   2.2523379E+06   6.7461986E+06   2.2023362E-04   4.4632064E-04   2.2630315E-04
   3.3333333E-01   4.4759506E+06   2.2540031E+06   6.7298548E+06   7.9287748E-05   6.9580333E-05   3.3950160E-05
   3.4782609E-01   4.3601432E+06   2.2054558E+06   6.5653779E+06   2.8518255E-04   3.7798799E-04   2.8922755E-04
   3.6231884E-01   4.3071269E+06   2.1656721E+06   6.4724352E+06   3.5964092E-04   2.8740109E-04   2.5083073E-04
   3.7681159E-01   4.1980361E+06   2.1293858E+06   6.3271596E+06   4.4171847E-04   2.4545568E-04   3.7285783E-04
   3.9130435E-01   4.1259604E+06   2.0675266E+06   6.1932626E+06   6.2258518E-05   2.1305612E-04   9.4702835E-05
   4.0579710E-01   4.0022299E+06   2.0154172E+06   6.0174306E+06   2.0150525E-04   2.2985282E-04   2.0107342E-04
   4.2028986E-01   3.8964649E+06   1.9666141E+06   5.8627132E+06   2.0691738E-04   1.6875748E-04   1.9451543E-04
   4.3478261E-01   3.7903252E+06   1.9029294E+06   5.6929262E+06   2.7405145E-04   4.7417845E-04   2.9082582E-04
   4.4927536E-01   3.6782739E+06   1.8594614E+06   5.5373930E+06   7.9485759E-05   1.3624025E-04   9.4823573E-05
   4.6376812E-01   3.5782694E+06   1.8101382E+06   5.3880524E+06   1.3389784E-04   3.4832114E-04   8.2504434E-05
   4.7826087E-01   3.4413186E+06   1.7380643E+06   5.1790384E+06   1.0703440E-04   2.9168931E-04   8.9928565E-05
   4.9275362E-01   3.3527842E+06   1.6866550E+06   5.0392164E+06   4.9107096E-04   3.3314961E-04   2.1505824E-04
   5.0724638E-01   3.2288459E+06   1.6254967E+06   4.8542344E+06   1.4007573E-04   3.5726438E-04   2.1280594E-04
   5.2173913E-01   3.0965120E+06   1.5571068E+06   4.6534294E+06   4.7426501E-04   4.9747373E-04   4.6613617E-04
   5.3623188E-01   2.9952717E+06   1.4978406E+06   4.4929689E+06   1.8270341E-04   6.3632435E-04   3.1705690E-04
   5.5072464E-01   2.8870366E+06   1.4576262E+06   4.3443238E+06   2.0882043E-04   3.7335371E-04   2.5834224E-04
   5.6521739E-01   2.7660498E+06   1.3855507E+06   4.1514839E+06   2.2572799E-04   2.3598204E-04   1.8963043E-04
   5.7971014E-01   2.6407692E+06   1.3348479E+06   3.9753708E+06   1.2835747E-04   2.4811304E-04   8.2603250E-05
   5.9420290E-01   2.5559937E+06   1.2759547E+06   3.8317450E+06   6.5293907E-05   6.5696118E-04   1.7542589E-04
   6.0869565E-01   2.4537679E+06   1.2245746E+06   3.6781080E+06   6.3606991E-05   3.8733864E-04   9.2125350E-05
   6.2318841E-01   2.3444902E+06   1.1625972E+06   3.5069287E+06   1.5153274E-04   5.7463875E-04   1.7604687E-04
   6.3768116E-01   2.2512357E+06   1.1137696E+06   3.3648331E+06   3.6242870E-04   4.3484002E-04   3.3016389E-04
   6.5217391E-01   2.1422732E+06   1.0757167E+06   3.2177878E+06   4.5119118E-04   2.9487291E-04   3.9029321E-04
   6.6666667E-01   2.0614556E+06   1.0245094E+06   3.0858662E+06   2.2216292E-04   4.4748855E-04   2.6144545E-04
   6.8115942E-01   1.9616997E+06   9.7504589E+05   2.9365360E+06   1.8922592E-04   5.0161131E-04   1.8628640E-04
   6.9565217E-01   1.8662423E+06   9.2750127E+05   2.7937120E+06   1.3268888E-04   4.0606601E-04   2.2062284E-04
   7.1014493E-01   1.7827225E+06   8.8472717E+05   2.6674187E+06   3.6012738E-04   3.9991546E-04   2.1303852E-04
   7.2463768E-01   1.7035588E+06   8.4651311E+05   2.5499052E+06   2.5965224E-04   3.9116111E-04   3.0242160E-04
   7.3913043E-01   1.6150043E+06   8.0476093E+05   2.4197058E+06   3.8882990E-04   2.5295166E-04   2.6720999E-04
   7.5362319E-01   1.5343585E+06   7.5887329E+05   2.2931444E+06   3.9470420E-04   8.9262316E-04   5.5871625E-04
   7.6811594E-01   1.4574136E+06   7.2026446E+05   2.1776494E+06   1.0921832E-04   6.3317162E-04   2.5051694E-04
   7.8260870E-01   1.3678550E+06   6.8507816E+05   2.0528911E+06   2.2102797E-04   6.2336930E-04   1.8676478E-04
   7.9710145E-01   1.2973830E+06   6.4134833E+05   1.9386211E+06   6.4605725E-04   1.0230870E-03   6.5833196E-04
   8.1159420E-01   1.2210521E+06   6.0729889E+05   1.8282833E+06   3.7116142E-04   7.9268941E-04   4.6121199E-04
   8.2608696E-01   1.1462961E+06   5.7171897E+05   1.7179220E+06   2.7173385E-04   5.7608250E-04   2.7095082E-04
   8.4057971E-01   1.0689182E+06   5.3504049E+05   1.6039326E+06   3.5850264E-04   4.5397893E-04   3.5886435E-04
   8.5507246E-01   9.9711726E+05   4.9878338E+05   1.4959006E+06   1.3297193E-04   4.3512051E-04   2.3358514E-04
   8.6956522E-01   9.2937667E+05   4.5903688E+05   1.3884009E+06   4.8448620E-04   2.9300290E-04   2.9421459E-04
   8.8405797E-01   8.4844149E+05   4.1952526E+05   1.2678922E+06   2.7783467E-04   3.7957009E-04   3.0224319E-04
   8.9855072E-01   7.7396691E+05   3.8232704E+05   1.1562695E+06   4.5691165E-04   1.9477697E-04   2.5574674E-04
   9.1304348E-01   6.9682909E+05   3.4499872E+05   1.0418037E+06   6.9599579E-04   2.4392097E-04   5.4345676E-04
   9.2753623E-01   6.1454813E+05   3.0051363E+05   9.1504992E+05   7.1967574E-04   4.0267423E-04   5.6685514E-04
   9.4202899E-01   5.2937816E+05   2.6380894E+05   7.9317545E+05   7.3677028E-04   5.7432339E-04   6.8225349E-04
   9.5652174E-01   4.4250674E+05   2.1841186E+05   6.6091860E+05   1.0001435E-03   3.9239243E-04   6.8234461E-04
   9.7101449E-01   3.4962197E+05   1.7418896E+05   5.2381093E+05   1.2793804E-03   8.4728245E-04   1.1251204E-03
   9.8550725E-01   2.3942251E+05   1.1711489E+05   3.5653740E+05   3.2032128E-03   2.9442744E-03   3.0787100E-03
   1.0000000E+00   1.1707989E+05   5.7117480E+04   1.7419737E+05   4.5325187E-03   2.7482895E-03   3.7654727E-03
