   0.0000000E+00   3.7462502E+06   1.9094964E+06   5.6557466E+06   2.3729630E-03   4.3204031E-03   2.2795897E-03
   1.4492754E-02   3.7295800E+06   1.8708519E+06   5.6004318E+06   2.0589362E-04   1.8048960E-03   6.4883357E-04
   2.8985507E-02   3.7310954E+06   1.9731463E+06   5.7042418E+06   9.1238688E-04   1.8868532E-03   3.0051031E-04
   4.3478261E-02   3.7715081E+06   1.9473833E+06   5.7188913E+06   4.1045074E-04   7.8274420E-04   4.5666638E-04
   5.7971014E-02   3.7784540E+06   1.9394270E+06   5.7178810E+06   8.5474547E-04   7.3025314E-04   3.5091883E-04
   7.2463768E-02   3.8055052E+06   1.9755711E+06   5.7810763E+06   4.6712753E-04   5.6689622E-04   4.7676558E-04
   8.6956522E-02   3.8597844E+06   2.0061079E+06   5.8658923E+06   8.4721345E-04   4.6339889E-04   6.6287977E-04
   1.0144928E-01   3.8513591E+06   2.0131981E+06   5.8643407E+06   7.2498630E-04   6.0184800E-05   4.8953224E-04
   1.1594203E-01   3.9201507E+06   2.0494883E+06   5.9695443E+06   9.9051825E-04   5.5390512E-04   4.6360534E-04
   1.3043478E-01   3.9932723E+06   2.0686211E+06   6.0617251E+06   4.5548841E-04   6.9950151E-05   2.8073214E-04
   1.4492754E-01   4.0496479E+06   2.1194653E+06   6.1688859E+06   3.8919307E-04   2.9716709E-04   3.1267009E-04
   1.5942029E-01   4.0658773E+06   2.1370241E+06   6.2028325E+06   2.2744211E-04   1.5951932E-04   2.0387530E-04
   1.7391304E-01   4.1808753E+06   2.2010988E+06   6.3819109E+06   9.8254155E-05   4.9507946E-04   1.4646010E-04
   1.8840580E-01   4.2326588E+06   2.2069372E+06   6.4394795E+06   2.5803431E-04   5.2798865E-04   1.4875884E-04
   2.0289855E-01   4.2923077E+06   2.2289366E+06   6.5211360E+06   4.1227721E-04   5.6067827E-04   8.3799657E-05
   2.1739130E-01   4.3165228E+06   2.2417387E+06   6.5582110E+06   3.6501203E-04   4.6835272E-04   3.8584202E-04
   2.3188406E-01   4.3553284E+06   2.2631227E+06   6.6184037E+06   2.4315005E-04   4.7814732E-04   3.2122766E-04
   2.4637681E-01   4.3753499E+06   2.2794057E+06   6.6546664E+06   8.4239938E-04   2.1422365E-04   5.6805455E-04
   2.6086957E-01   4.3894844E+06   2.2804086E+06   6.6696404E+06   7.3064344E-04   3.6507816E-04   3.8211273E-04
   2.7536232E-01   4.3734169E+06   2.2945862E+06   6.6680828E+06   3.2341356E-04   1.4722045E-04   2.5384454E-04
   2.8985507E-01   4.3644875E+06   2.2727175E+06   6.6370914E+06   8.4951322E-04   1.1795078E-04   5.5046363E-04
   3.0434783E-01   4.3161764E+06   2.2478800E+06   6.5638038E+06   4.7354903E-04   1.0100051E-04   3.2963348E-04
   3.1884058E-01   4.2804545E+06   2.2417295E+06   6.5220463E+06   1.8845373E-04   2.0853682E-04   1.6792511E-04
   3.3333333E-01   4.2240526E+06   2.1977988E+06   6.4216866E+06   3.5556308E-04   1.8281828E-04   2.9379832E-04
   3.4782609E-01   4.1732348E+06   2.1663376E+06   6.3393198E+06   4.0436449E-04   1.8013659E-04   2.1685544E-04
   3.6231884E-01   4.1046899E+06   2.1319679E+06   6.2365972E+06   3.0810479E-04   1.2910303E-04   2.4419149E-04
   3.7681159E-01   4.0288859E+06   2.0861948E+06   6.1149933E+06   3.6232699E-04   1.8678760E-04   2.9402079E-04
   3.9130435E-01   3.9504181E+06   2.0429704E+06   5.9930798E+06   9.1839189E-05   1.0165664E-04   8.4410025E-05
   4.0579710E-01   3.8642947E+06   1.9942818E+06   5.8584682E+06   2.3993259E-04   1.8215960E-04   2.2006401E-04
   4.2028986E-01   3.7568585E+06   1.9319934E+06   5.6886167E+06   2.1293569E-04   3.8066808E-04   2.6964335E-04
   4.3478261E-01   3.6714363E+06   1.8871937E+06   5.5584280E+06   4.7972766E-04   3.5481533E-04   3.8961878E-04
   4.4927536E-01   3.5727040E+06   1.8292497E+06   5.4016359E+06   1.6450466E-04   1.2236053E-04   1.2804026E-04
   4.6376812E-01   3.4786507E+06   1.7979197E+06   5.2765231E+06   2.8809364E-04   2.5836739E-04   2.4940419E-04
   4.7826087E-01   3.3843046E+06   1.7192127E+06   5.1034255E+06   3.3407173E-04   1.1959239E-04   2.6252353E-04
   4.9275362E-01   3.2576437E+06   1.6576381E+06   4.9148807E+06   1.1364069E-04   1.1468916E-04   8.8667515E-05
   5.0724638E-01   3.1685950E+06   1.6109915E+06   4.7793484E+06   1.5490904E-04   9.6440113E-05   1.0093453E-04
   5.2173913E-01   3.0784947E+06   1.5470668E+06   4.6254352E+06   5.1656625E-04   1.7594695E-04   3.9714516E-04
   5.3623188E-01   2.9487016E+06   1.4956084E+06   4.4440642E+06   7.1713046E-04   1.2815671E-04   4.6025113E-04
   5.5072464E-01   2.8613334E+06   1.4306467E+06   4.2917807E+06   3.8771995E-04   2.2927571E-04   2.7846129E-04
   5.6521739E-01   2.7648452E+06   1.3828500E+06   4.1476369E+06   4.3186611E-04   1.3260927E-04   2.8659871E-04
   5.7971014E-01   2.6581403E+06   1.3187460E+06   3.9767347E+06   1.4097381E-04   2.7348048E-04   1.0695450E-04
   5.9420290E-01   2.5521865E+06   1.2740880E+06   3.8261637E+06   2.8947026E-04   1.7661558E-04   2.5060577E-04
   6.0869565E-01   2.4720077E+06   1.2276236E+06   3.6994870E+06   3.4182004E-04   3.8248413E-04   2.0344401E-04
   6.2318841E-01   2.3732665E+06   1.1761307E+06   3.5493091E+06   8.4116486E-04   5.0639329E-04   6.0031350E-04
   6.3768116E-01   2.2875037E+06   1.1255834E+06   3.4130699E+06   2.6782877E-04   1.8191651E-04   1.9285778E-04
   6.5217391E-01   2.1947927E+06   1.0760703E+06   3.2707788E+06   3.1748067E-04   1.4796119E-04   1.7029395E-04
   6.6666667E-01   2.1090283E+06   1.0380169E+06   3.1469958E+06   2.7071211E-04   1.4818554E-04   2.3109341E-04
   6.8115942E-01   2.0258493E+06   9.8454178E+05   3.0103266E+06   1.2553203E-04   3.7851150E-04   7.0866983E-05
   6.9565217E-01   1.9273348E+06   9.4554488E+05   2.8728323E+06   3.0040063E-04   2.2978860E-04   2.4737434E-04
   7.1014493E-01   1.8450115E+06   9.0206233E+05   2.7470274E+06   9.5989301E-04   2.7348195E-04   5.6254579E-04
   7.2463768E-01   1.7737555E+06   8.5728813E+05   2.6309375E+06   5.8643792E-04   1.6642874E-04   4.4171380E-04
   7.3913043E-01   1.6914169E+06   8.1245716E+05   2.5038294E+06   2.3110013E-04   3.2162664E-04   2.3027351E-04
   7.5362319E-01   1.6121139E+06   7.7775842E+05   2.3898141E+06   6.8522373E-04   6.6565865E-05   4.7367242E-04
   7.6811594E-01   1.5356892E+06   7.3244544E+05   2.2680632E+06   2.8179054E-04   1.4353924E-04   2.3301538E-04
   7.8260870E-01   1.4641718E+06   6.9763694E+05   2.1617386E+06   6.3436174E-04   2.0570726E-04   4.9664026E-04
   7.9710145E-01   1.3896340E+06   6.5994732E+05   2.0495537E+06   4.2940294E-04   2.2039248E-04   2.4776883E-04
   8.1159420E-01   1.3031177E+06   6.2235891E+05   1.9254089E+06   7.1992927E-04   2.2289943E-04   5.5994551E-04
   8.2608696E-01   1.2388596E+06   5.8826954E+05   1.8270760E+06   9.4542478E-04   1.4794014E-04   5.9913358E-04
   8.4057971E-01   1.1618847E+06   5.4858829E+05   1.7104207E+06   9.3346772E-04   3.1738744E-04   5.5098501E-04
   8.5507246E-01   1.0904987E+06   5.1415645E+05   1.6046038E+06   4.1550717E-04   2.8172828E-04   2.7470009E-04
   8.6956522E-01   1.0189285E+06   4.6967045E+05   1.4885863E+06   7.3606948E-04   3.1178063E-04   4.0426139E-04
   8.8405797E-01   9.3471168E+05   4.3788485E+05   1.3725841E+06   5.9564800E-04   1.3037650E-04   4.3996568E-04
   8.9855072E-01   8.5979893E+05   3.9919280E+05   1.2589673E+06   3.2693731E-04   4.9218823E-04   3.6476323E-04
   9.1304348E-01   7.8164749E+05   3.6275140E+05   1.1443869E+06   1.0814244E-03   3.1764380E-04   6.5566164E-04
   9.2753623E-01   7.0169969E+05   3.2381404E+05   1.0255137E+06   6.6614539E-04   5.7849527E-04   5.5836489E-04
   9.4202899E-01   6.0838095E+05   2.8183142E+05   8.9020071E+05   6.5740617E-04   2.7720331E-04   3.6677498E-04
   9.5652174E-01   5.0421636E+05   2.3273997E+05   7.3693337E+05   1.1084808E-03   3.9475896E-04   6.5439727E-04
   9.7101449E-01   3.9240582E+05   1.8236573E+05   5.7477155E+05   9.0880823E-04   6.5390464E-04   8.2765830E-04
   9.8550725E-01   2.5521240E+05   1.2088129E+05   3.7607140E+05   6.9335742E-04   3.2682072E-04   4.1581441E-04
   1.0000000E+00   1.2139106E+05   5.5607478E+04   1.7699854E+05   4.3041164E-03   1.1369379E-03   3.2576075E-03
