   0.0000000E+00   3.8189929E+06   2.0489200E+06   5.8679129E+06   5.8812768E-03   2.0185244E-06   3.8274803E-03
   1.4492754E-02   4.0296437E+06   2.0534664E+06   6.0831101E+06   1.9484729E-03   1.4194940E-04   1.2580372E-03
   2.8985507E-02   3.9288647E+06   2.0580128E+06   5.9868775E+06   2.9471272E-03   5.8761242E-05   1.9150408E-03
   4.3478261E-02   3.9510916E+06   2.1254514E+06   6.0765430E+06   9.0328334E-04   1.0986673E-05   5.8409125E-04
   5.7971014E-02   3.9999025E+06   2.1038559E+06   6.1037584E+06   8.0885780E-04   1.3989187E-05   5.3305271E-04
   7.2463768E-02   3.9609927E+06   2.1251483E+06   6.0859895E+06   1.1630255E-03   3.7527322E-05   7.7745620E-04
   8.6956522E-02   3.9726871E+06   2.1455314E+06   6.1182186E+06   4.5182902E-04   3.2773156E-05   2.9109214E-04
   1.0144928E-01   3.9839630E+06   2.1646372E+06   6.1484920E+06   2.5354064E-04   3.6021754E-05   1.5204751E-04
   1.1594203E-01   3.9545330E+06   2.1959209E+06   6.1504539E+06   1.1840394E-04   9.2519807E-06   7.9088512E-05
   1.3043478E-01   3.9629629E+06   2.2178111E+06   6.1807739E+06   2.0602964E-04   2.3788030E-05   1.4024830E-04
   1.4492754E-01   3.9763748E+06   2.2260031E+06   6.2022263E+06   3.1961428E-04   2.2568845E-05   2.0500548E-04
   1.5942029E-01   3.9450527E+06   2.2703858E+06   6.2154385E+06   7.6102831E-04   3.9860880E-05   4.6909808E-04
   1.7391304E-01   3.9459138E+06   2.3005517E+06   6.2464655E+06   2.6604642E-04   2.9317069E-06   1.6839064E-04
   1.8840580E-01   3.9595822E+06   2.3248527E+06   6.2843183E+06   5.9923206E-04   2.0207087E-05   3.8109830E-04
   2.0289855E-01   3.9276199E+06   2.3692802E+06   6.2967918E+06   2.9056039E-04   3.7651909E-05   1.7056985E-04
   2.1739130E-01   3.9181554E+06   2.3739385E+06   6.2921444E+06   4.4736414E-04   9.0931198E-06   2.8088111E-04
   2.3188406E-01   3.9166462E+06   2.3875809E+06   6.3040377E+06   8.5503829E-04   1.8184427E-05   5.2548650E-04
   2.4637681E-01   3.8771157E+06   2.3771537E+06   6.2540020E+06   7.4808998E-04   1.8654839E-05   4.7133397E-04
   2.6086957E-01   3.8328005E+06   2.3870810E+06   6.2196711E+06   3.5479091E-04   2.6672986E-05   2.1015218E-04
   2.7536232E-01   3.7994911E+06   2.3778575E+06   6.1771492E+06   3.2632726E-04   2.7164634E-05   2.1131582E-04
   2.8985507E-01   3.7772037E+06   2.4017222E+06   6.1788122E+06   3.0719544E-04   4.0514847E-05   1.7379144E-04
   3.0434783E-01   3.7142087E+06   2.3607828E+06   6.0746667E+06   5.4004704E-04   2.0751845E-05   3.2844098E-04
   3.1884058E-01   3.6666878E+06   2.3367566E+06   6.0032722E+06   1.3029395E-04   6.9608268E-06   7.9238545E-05
   3.3333333E-01   3.6407930E+06   2.2979847E+06   5.9386130E+06   4.6842805E-04   6.4503779E-06   2.8689189E-04
   3.4782609E-01   3.5934715E+06   2.2766199E+06   5.8699651E+06   3.4134504E-04   1.4797858E-05   2.1176625E-04
   3.6231884E-01   3.5478444E+06   2.2385057E+06   5.7862289E+06   5.4557890E-04   1.6147609E-05   3.3761759E-04
   3.7681159E-01   3.4962553E+06   2.1801250E+06   5.6762055E+06   5.6247093E-04   3.2298666E-05   3.3548230E-04
   3.9130435E-01   3.4295162E+06   2.1305030E+06   5.5599631E+06   2.2602908E-04   1.0466269E-05   1.3580475E-04
   4.0579710E-01   3.3848639E+06   2.0817733E+06   5.4662854E+06   5.0707626E-04   2.0652991E-05   3.1520418E-04
   4.2028986E-01   3.3347730E+06   2.0269195E+06   5.3615357E+06   2.1066029E-04   2.6446646E-05   1.2650499E-04
   4.3478261E-01   3.2565249E+06   1.9640282E+06   5.2203006E+06   1.1567929E-04   9.7738343E-06   7.2741398E-05
   4.4927536E-01   3.2110192E+06   1.8921907E+06   5.1031121E+06   8.9435692E-04   1.9896965E-05   5.5744179E-04
   4.6376812E-01   3.1344488E+06   1.8339359E+06   4.9681242E+06   7.4466205E-04   4.2810512E-05   4.6923792E-04
   4.7826087E-01   3.0626798E+06   1.7656183E+06   4.8281833E+06   7.3919705E-04   2.0571655E-05   4.7543479E-04
   4.9275362E-01   3.0093735E+06   1.7132649E+06   4.7225939E+06   4.8057100E-04   7.4840037E-06   3.0893351E-04
   5.0724638E-01   2.9435905E+06   1.6476876E+06   4.5912565E+06   3.4351093E-04   6.9598443E-06   2.2170930E-04
   5.2173913E-01   2.9058149E+06   1.5796916E+06   4.4853802E+06   3.0451168E-04   4.1491872E-05   1.8311177E-04
   5.3623188E-01   2.8370276E+06   1.5060324E+06   4.3430190E+06   8.2672359E-04   3.1650899E-05   5.4014674E-04
   5.5072464E-01   2.7425083E+06   1.4569083E+06   4.1993368E+06   1.7286738E-04   9.4809907E-06   1.1261333E-04
   5.6521739E-01   2.6893241E+06   1.3897085E+06   4.0789549E+06   3.3687151E-04   2.5781028E-05   2.2907243E-04
   5.7971014E-01   2.6139832E+06   1.3327073E+06   3.9466147E+06   3.3640094E-04   8.9502954E-06   2.2003810E-04
   5.9420290E-01   2.5605771E+06   1.2776365E+06   3.8381396E+06   5.5897351E-04   3.3114406E-05   3.6772009E-04
   6.0869565E-01   2.4923764E+06   1.2172138E+06   3.7094458E+06   1.9976798E-04   1.4919975E-05   1.3780835E-04
   6.2318841E-01   2.4254623E+06   1.1714257E+06   3.5967998E+06   3.3682196E-04   1.8318955E-05   2.3208251E-04
   6.3768116E-01   2.3585760E+06   1.1131324E+06   3.4716739E+06   1.8657746E-04   3.1220128E-05   1.3585971E-04
   6.5217391E-01   2.3002360E+06   1.0637950E+06   3.3639131E+06   3.7819553E-04   4.4901342E-05   2.6989260E-04
   6.6666667E-01   2.2277129E+06   1.0110019E+06   3.2386819E+06   4.0833192E-04   2.8851026E-05   2.8507221E-04
   6.8115942E-01   2.1646119E+06   9.5860139E+05   3.1231004E+06   2.5146013E-04   5.7223158E-05   1.5750931E-04
   6.9565217E-01   2.0986307E+06   9.1397252E+05   3.0125243E+06   1.0861651E-04   3.7683811E-05   6.9609520E-05
   7.1014493E-01   2.0385591E+06   8.7175286E+05   2.9102192E+06   3.5537042E-04   1.3926019E-05   2.4494032E-04
   7.2463768E-01   1.9639777E+06   8.1871933E+05   2.7826667E+06   5.5094993E-04   2.7830854E-05   3.7935133E-04
   7.3913043E-01   1.8958869E+06   7.7853730E+05   2.6744093E+06   6.2430457E-04   2.6407356E-05   4.4091402E-04
   7.5362319E-01   1.8275297E+06   7.2972957E+05   2.5572010E+06   7.4627526E-04   5.9965913E-05   5.2066727E-04
   7.6811594E-01   1.7685574E+06   6.9564517E+05   2.4642026E+06   2.8592625E-04   4.9815759E-05   2.1873012E-04
   7.8260870E-01   1.6951552E+06   6.4372538E+05   2.3388244E+06   3.5423241E-04   1.7709412E-05   2.6051258E-04
   7.9710145E-01   1.6269984E+06   6.1109397E+05   2.2380097E+06   2.9557530E-04   2.0200705E-05   2.0717067E-04
   8.1159420E-01   1.5583396E+06   5.7179351E+05   2.1301061E+06   5.9673477E-04   3.4259040E-05   4.4574672E-04
   8.2608696E-01   1.4917442E+06   5.3392520E+05   2.0256296E+06   5.2598117E-04   5.4442914E-05   3.7429519E-04
   8.4057971E-01   1.4211221E+06   4.9518092E+05   1.9162899E+06   4.7304620E-04   3.2007206E-05   3.5142996E-04
   8.5507246E-01   1.3524829E+06   4.5599052E+05   1.8084478E+06   7.9335863E-04   2.1131848E-05   5.9527573E-04
   8.6956522E-01   1.2615053E+06   4.2145314E+05   1.6829332E+06   3.6410614E-04   6.7219032E-05   2.9100088E-04
   8.8405797E-01   1.1743676E+06   3.8463211E+05   1.5589625E+06   7.8697923E-04   2.3810436E-05   5.9807129E-04
   8.9855072E-01   1.1026291E+06   3.4896219E+05   1.4515668E+06   7.8139316E-04   3.9862731E-05   6.0122970E-04
   9.1304348E-01   1.0096060E+06   3.0741257E+05   1.3169824E+06   1.8798690E-03   7.0646286E-05   1.4311677E-03
   9.2753623E-01   8.9962288E+05   2.6714954E+05   1.1667369E+06   1.2492108E-03   1.2730680E-04   9.4469392E-04
   9.4202899E-01   7.6377526E+05   2.2657493E+05   9.9035019E+05   2.4468290E-03   1.1151228E-04   1.8625641E-03
   9.5652174E-01   6.1587919E+05   1.8097278E+05   7.9684049E+05   2.7823148E-03   1.4998981E-05   2.1472069E-03
   9.7101449E-01   4.5400868E+05   1.3651701E+05   5.9052569E+05   1.3913434E-03   1.2656799E-04   1.0406363E-03
   9.8550725E-01   2.8933284E+05   8.7540873E+04   3.7687371E+05   1.4361578E-03   2.6690238E-04   1.1640827E-03
   1.0000000E+00   1.5145980E+05   4.4577895E+04   1.9603770E+05   5.6781685E-03   1.0219227E-04   4.4102212E-03
