   0.0000000E+00   3.5583315E+06   1.8125061E+06   5.3708376E+06   3.0138224E-03   3.1787911E-03   1.9951893E-03
   1.4492754E-02   3.6075844E+06   1.8572126E+06   5.4647970E+06   1.0525199E-03   1.0172999E-03   3.5755078E-04
   2.8985507E-02   3.6977550E+06   1.8613802E+06   5.5591352E+06   6.9554188E-04   1.5643195E-03   6.4573405E-05
   4.3478261E-02   3.7151830E+06   1.8753983E+06   5.5900761E+06   6.6813189E-04   1.0405159E-03   6.7537052E-04
   5.7971014E-02   3.6988916E+06   1.9144217E+06   5.6133134E+06   2.2197877E-04   1.2498855E-03   5.3010656E-04
   7.2463768E-02   3.7682245E+06   1.9146491E+06   5.6828736E+06   2.5937012E-04   3.7745185E-04   2.4775463E-04
   8.6956522E-02   3.7543327E+06   1.9025505E+06   5.6568832E+06   5.6883979E-04   1.5059347E-04   3.2994778E-04
   1.0144928E-01   3.8014567E+06   1.9353677E+06   5.7368244E+06   8.0092490E-04   6.8501039E-04   7.3276535E-04
   1.1594203E-01   3.8616156E+06   1.9670844E+06   5.8285106E+06   1.9278714E-04   8.3528591E-04   4.0341860E-04
   1.3043478E-01   3.9180880E+06   2.0035400E+06   5.9215438E+06   4.6745355E-04   1.0347381E-03   2.2048649E-04
   1.4492754E-01   3.9778145E+06   2.0593010E+06   6.0371155E+06   4.3283075E-04   3.0406557E-04   2.0408741E-04
   1.5942029E-01   4.0465894E+06   2.0862557E+06   6.1327763E+06   5.9468403E-04   1.4457115E-04   4.2692834E-04
   1.7391304E-01   4.1092692E+06   2.1073920E+06   6.2166612E+06   6.5532719E-04   5.0350529E-04   2.8502461E-04
   1.8840580E-01   4.1436539E+06   2.1368174E+06   6.2804131E+06   1.0119235E-05   2.6663051E-04   8.4444897E-05
   2.0289855E-01   4.2156680E+06   2.1618228E+06   6.3771661E+06   3.7674463E-04   4.2699782E-04   3.7571991E-04
   2.1739130E-01   4.2610060E+06   2.1926879E+06   6.4534413E+06   1.3211718E-04   2.0316307E-04   1.1017005E-04
   2.3188406E-01   4.3045600E+06   2.2145328E+06   6.5189034E+06   2.2119015E-04   2.5253897E-04   6.5150795E-05
   2.4637681E-01   4.3652765E+06   2.2110311E+06   6.5760847E+06   1.6653508E-04   1.2464986E-04   1.3276440E-04
   2.6086957E-01   4.3633425E+06   2.2370492E+06   6.6000549E+06   3.1719732E-04   6.7488050E-04   4.2557204E-04
   2.7536232E-01   4.3402360E+06   2.2294607E+06   6.5696568E+06   3.7518499E-04   1.3940412E-04   2.0585597E-04
   2.8985507E-01   4.3336098E+06   2.2249801E+06   6.5583625E+06   1.0850642E-04   3.2970366E-04   1.7819153E-04
   3.0434783E-01   4.3004083E+06   2.2153695E+06   6.5155613E+06   2.4158647E-04   3.0394277E-04   2.6199566E-04
   3.1884058E-01   4.2507995E+06   2.1755653E+06   6.4260893E+06   3.6976179E-04   2.8094761E-04   1.8917464E-04
   3.3333333E-01   4.2146962E+06   2.1448231E+06   6.3593875E+06   1.3540087E-04   1.3014643E-05   8.7195392E-05
   3.4782609E-01   4.1395786E+06   2.1222310E+06   6.2616518E+06   1.0051679E-04   4.9916138E-04   1.7741667E-04
   3.6231884E-01   4.0688338E+06   2.0785323E+06   6.1472449E+06   2.0364852E-04   2.0007078E-04   1.1423664E-04
   3.7681159E-01   3.9952541E+06   2.0368254E+06   6.0318463E+06   3.7410351E-04   2.4269871E-04   3.1455947E-04
   3.9130435E-01   3.9407359E+06   2.0124364E+06   5.9528355E+06   2.4435191E-04   1.8914280E-04   2.2374203E-04
   4.0579710E-01   3.8257313E+06   1.9480869E+06   5.7736288E+06   1.1841918E-04   5.4323822E-04   2.1721970E-04
   4.2028986E-01   3.7450221E+06   1.9123706E+06   5.6570531E+06   2.6530735E-04   2.4583146E-04   1.6380094E-04
   4.3478261E-01   3.6548166E+06   1.8502920E+06   5.5050075E+06   7.8048136E-05   2.4522337E-04   1.0409361E-04
   4.4927536E-01   3.5381659E+06   1.7918517E+06   5.3297976E+06   1.5464864E-04   3.7434818E-04   9.0158941E-05
   4.6376812E-01   3.4611517E+06   1.7581385E+06   5.2191956E+06   1.8855390E-04   1.6527620E-04   1.5978195E-04
   4.7826087E-01   3.3488747E+06   1.6954473E+06   5.0442072E+06   2.8097199E-04   2.3541220E-04   1.3526494E-04
   4.9275362E-01   3.2493086E+06   1.6443109E+06   4.8932629E+06   2.1252030E-04   2.3361561E-04   6.6435446E-05
   5.0724638E-01   3.1394113E+06   1.5997986E+06   4.7389285E+06   2.3906685E-04   3.0324563E-04   2.4372593E-04
   5.2173913E-01   3.0351774E+06   1.5398893E+06   4.5747931E+06   6.0684539E-05   5.4252783E-04   1.9851361E-04
   5.3623188E-01   2.9451382E+06   1.4718318E+06   4.4168676E+06   3.8064281E-04   1.8489535E-04   1.9755873E-04
   5.5072464E-01   2.8442444E+06   1.4273765E+06   4.2714614E+06   2.9352012E-04   5.3694039E-04   3.7588675E-04
   5.6521739E-01   2.7385964E+06   1.3843461E+06   4.1227287E+06   3.3094853E-05   1.7606475E-04   3.7611946E-05
   5.7971014E-01   2.6541243E+06   1.3240880E+06   3.9781934E+06   1.6159005E-04   1.1717554E-04   6.9103683E-05
   5.9420290E-01   2.5610761E+06   1.2692644E+06   3.8301372E+06   2.3668949E-04   1.2208772E-04   1.5164653E-04
   6.0869565E-01   2.4655850E+06   1.2357964E+06   3.7012009E+06   2.9866280E-04   5.9124495E-05   1.8864166E-04
   6.2318841E-01   2.3797866E+06   1.1900343E+06   3.5697151E+06   2.0853325E-04   3.4336850E-04   2.0607456E-04
   6.3768116E-01   2.2815624E+06   1.1321619E+06   3.4136210E+06   2.3464057E-04   3.0702122E-05   1.6058018E-04
   6.5217391E-01   2.2035993E+06   1.0802126E+06   3.2836940E+06   3.7763332E-04   2.2999297E-04   3.0890211E-04
   6.6666667E-01   2.1079740E+06   1.0324821E+06   3.1404067E+06   2.6933971E-04   3.8841812E-04   1.1315343E-04
   6.8115942E-01   2.0197391E+06   9.9708474E+05   3.0167432E+06   2.8722815E-04   4.4643848E-04   3.3065591E-04
   6.9565217E-01   1.9466729E+06   9.6005238E+05   2.9066148E+06   5.9971743E-05   8.0871453E-05   2.1246973E-05
   7.1014493E-01   1.8596095E+06   9.1398508E+05   2.7735018E+06   7.4127442E-05   1.9572669E-04   9.2635528E-05
   7.2463768E-01   1.7814541E+06   8.7447360E+05   2.6558671E+06   2.8455528E-04   5.5821409E-04   3.7696609E-05
   7.3913043E-01   1.7092014E+06   8.3223260E+05   2.5413151E+06   1.5145486E-04   4.0288512E-04   4.1412146E-05
   7.5362319E-01   1.6285364E+06   7.9117910E+05   2.4196572E+06   3.7171071E-04   2.2441693E-04   2.6355255E-04
   7.6811594E-01   1.5588645E+06   7.5520613E+05   2.3140135E+06   3.7313334E-04   5.4816230E-04   8.1035645E-05
   7.8260870E-01   1.4884895E+06   7.2648706E+05   2.2148643E+06   4.6317987E-04   4.1428050E-04   4.2395198E-04
   7.9710145E-01   1.4106853E+06   6.8613746E+05   2.0967538E+06   5.2234655E-04   5.6223806E-04   5.1555976E-04
   8.1159420E-01   1.3410316E+06   6.4552400E+05   1.9864879E+06   1.0632615E-04   4.6094278E-04   1.8062933E-04
   8.2608696E-01   1.2651810E+06   6.1280957E+05   1.8778975E+06   3.3389427E-04   8.5787963E-04   3.8161002E-04
   8.4057971E-01   1.1835847E+06   5.7210426E+05   1.7556628E+06   6.0696809E-04   5.3340687E-04   5.7292949E-04
   8.5507246E-01   1.1212962E+06   5.3705551E+05   1.6583003E+06   1.4346419E-04   5.7135771E-04   1.6830587E-04
   8.6956522E-01   1.0373415E+06   4.9835079E+05   1.5356923E+06   2.8357489E-04   1.4540453E-04   2.3420880E-04
   8.8405797E-01   9.6162996E+05   4.6195852E+05   1.4235512E+06   5.5886988E-04   5.1155770E-04   5.0587911E-04
   8.9855072E-01   8.8216438E+05   4.2121605E+05   1.3033682E+06   4.5903445E-04   4.9266589E-04   2.4664341E-04
   9.1304348E-01   7.9923179E+05   3.8205565E+05   1.1812754E+06   1.2234809E-04   4.6944667E-04   9.9156426E-05
   9.2753623E-01   7.1621508E+05   3.4304160E+05   1.0591975E+06   3.5973857E-04   5.0002177E-04   2.3365021E-04
   9.4202899E-01   6.2977244E+05   2.9985389E+05   9.2959136E+05   6.1166283E-04   3.5822651E-04   3.6238625E-04
   9.5652174E-01   5.3144896E+05   2.5377290E+05   7.8522186E+05   1.0996597E-04   5.5244467E-04   2.3998609E-04
   9.7101449E-01   4.1919803E+05   2.0014427E+05   6.1934230E+05   1.4597955E-03   1.4115582E-03   1.3777482E-03
   9.8550725E-01   2.7060114E+05   1.3175704E+05   4.0235818E+05   5.6129117E-04   3.6978308E-04   3.0569383E-04
   1.0000000E+00   1.2112845E+05   5.7511394E+04   1.7863984E+05   1.6699377E-03   2.0071755E-03   1.7265241E-03
