   0.0000000E+00   4.2130160E+06   2.0731676E+06   6.2861835E+06   4.2879852E-03   3.6683351E-03   3.0082195E-03
   1.4492754E-02   3.9576587E+06   2.0671057E+06   6.0247644E+06   1.1721687E-03   1.5154478E-03   1.1078340E-03
   2.8985507E-02   3.9368209E+06   1.9932263E+06   5.9300473E+06   1.3962315E-03   1.6064103E-03   1.4666916E-03
   4.3478261E-02   3.9513442E+06   2.0256827E+06   5.9767744E+06   1.2823189E-03   1.4836887E-03   1.2034798E-03
   5.7971014E-02   3.9601213E+06   2.0273245E+06   5.9874458E+06   5.5315671E-04   6.2338366E-04   5.7525158E-04
   7.2463768E-02   4.0182776E+06   2.0342199E+06   6.0524975E+06   5.1950054E-04   1.0791769E-03   1.6560800E-04
   8.6956522E-02   4.0422726E+06   2.0285874E+06   6.0708600E+06   7.1044281E-04   6.9955683E-04   5.3525812E-04
   1.0144928E-01   4.0360303E+06   2.0702449E+06   6.1061669E+06   6.2469164E-04   1.4805958E-03   4.9625806E-04
   1.1594203E-01   4.0852426E+06   2.0994989E+06   6.1845521E+06   7.2193257E-04   1.9273987E-04   5.4154869E-04
   1.3043478E-01   4.1461667E+06   2.1183792E+06   6.2642934E+06   6.6763586E-04   2.2139579E-04   5.1669554E-04
   1.4492754E-01   4.1677033E+06   2.1495474E+06   6.3171750E+06   3.0739890E-04   9.4962865E-04   3.5658405E-04
   1.5942029E-01   4.2259664E+06   2.1667136E+06   6.3925422E+06   2.2295441E-04   4.5753924E-04   1.8003773E-04
   1.7391304E-01   4.2798231E+06   2.1926374E+06   6.4722710E+06   3.0880542E-04   1.8710940E-04   2.2209318E-04
   1.8840580E-01   4.2753252E+06   2.2148060E+06   6.4900730E+06   4.0963476E-04   6.6512617E-04   2.9643004E-04
   2.0289855E-01   4.3279754E+06   2.2489625E+06   6.5767755E+06   1.1496182E-04   2.1837074E-04   8.7876771E-05
   2.1739130E-01   4.3465292E+06   2.2485584E+06   6.5949865E+06   1.4670218E-04   1.2867202E-04   7.7732097E-05
   2.3188406E-01   4.3552337E+06   2.2691846E+06   6.6243235E+06   4.0981616E-04   2.3177818E-04   3.4874258E-04
   2.4637681E-01   4.3569414E+06   2.2527957E+06   6.6093805E+06   8.5485549E-05   1.9967285E-04   7.7081761E-05
   2.6086957E-01   4.3656157E+06   2.2610442E+06   6.6264494E+06   2.7183151E-04   1.5490807E-04   1.4018827E-04
   2.7536232E-01   4.3066961E+06   2.2506375E+06   6.5571342E+06   1.6767784E-04   2.3694325E-04   8.1844810E-05
   2.8985507E-01   4.2838265E+06   2.2340730E+06   6.5176342E+06   1.2798037E-04   3.2102954E-04   1.7266947E-04
   3.0434783E-01   4.2347017E+06   2.2131324E+06   6.4477258E+06   1.7515284E-04   1.7361207E-04   1.7334701E-04
   3.1884058E-01   4.2163569E+06   2.1824194E+06   6.3985008E+06   2.2046498E-04   3.9517391E-04   1.4801399E-04
   3.3333333E-01   4.1506180E+06   2.1624817E+06   6.3127043E+06   1.6312621E-04   1.0159103E-04   1.0084408E-04
   3.4782609E-01   4.0860004E+06   2.1172742E+06   6.2029904E+06   2.3426698E-04   1.5030109E-04   1.3378258E-04
   3.6231884E-01   4.0089120E+06   2.0768047E+06   6.0854136E+06   4.7379584E-05   8.6514707E-05   2.8072231E-05
   3.7681159E-01   3.9539866E+06   2.0547196E+06   6.0083273E+06   3.0299626E-05   2.4937158E-04   6.7106160E-05
   3.9130435E-01   3.8597703E+06   1.9993865E+06   5.8590726E+06   1.2710991E-04   3.5388722E-04   4.8994674E-05
   4.0579710E-01   3.7621085E+06   1.9376409E+06   5.6994518E+06   2.7993270E-04   1.5359857E-04   1.3888393E-04
   4.2028986E-01   3.6965531E+06   1.9080071E+06   5.6042989E+06   1.8591501E-04   2.2062497E-04   1.9791251E-04
   4.3478261E-01   3.5788156E+06   1.8532219E+06   5.4317849E+06   1.6205816E-04   2.5131811E-04   4.4798848E-05
   4.4927536E-01   3.4991302E+06   1.7891630E+06   5.2880488E+06   3.3893255E-04   2.3863581E-04   2.9612434E-04
   4.6376812E-01   3.4098861E+06   1.7534500E+06   5.1631230E+06   1.7724110E-04   1.8334292E-04   7.0175383E-05
   4.7826087E-01   3.3243056E+06   1.6813029E+06   5.0053100E+06   3.9371943E-04   2.7203986E-05   2.6878812E-04
   4.9275362E-01   3.2136950E+06   1.6443332E+06   4.8578053E+06   2.6305532E-05   1.9241145E-04   7.8900561E-05
   5.0724638E-01   3.1137132E+06   1.5835614E+06   4.6969499E+06   2.3915070E-04   2.0972632E-04   2.0893260E-04
   5.2173913E-01   3.0136872E+06   1.5317437E+06   4.5453677E+06   3.4084362E-04   1.6772678E-04   2.0074885E-04
   5.3623188E-01   2.9185150E+06   1.4810066E+06   4.3993577E+06   2.5940784E-04   5.7282966E-04   3.5630778E-04
   5.5072464E-01   2.8124793E+06   1.4276357E+06   4.2399954E+06   2.6937057E-04   5.5099322E-04   3.6066122E-04
   5.6521739E-01   2.7175158E+06   1.3700462E+06   4.0874065E+06   1.0503844E-04   5.3970211E-04   1.8889618E-04
   5.7971014E-01   2.6319415E+06   1.3146353E+06   3.9463684E+06   1.2839477E-04   2.3427636E-04   4.5779505E-05
   5.9420290E-01   2.5213041E+06   1.2804456E+06   3.8015834E+06   1.8055269E-04   2.6889579E-04   6.8462712E-05
   6.0869565E-01   2.4438632E+06   1.2221210E+06   3.6658218E+06   3.1080687E-04   2.4056817E-04   2.5380738E-04
   6.2318841E-01   2.3514508E+06   1.1737341E+06   3.5250968E+06   2.8627409E-04   2.3143616E-04   2.6500288E-04
   6.3768116E-01   2.2662527E+06   1.1334535E+06   3.3995684E+06   9.4640658E-05   2.6264794E-04   1.1910204E-04
   6.5217391E-01   2.1833088E+06   1.0796906E+06   3.2628815E+06   1.4335510E-04   1.1633357E-04   1.1295724E-04
   6.6666667E-01   2.1015992E+06   1.0301101E+06   3.1316434E+06   1.8164495E-04   1.5744408E-04   1.4497404E-04
   6.8115942E-01   2.0069865E+06   9.9386033E+05   3.0007018E+06   4.6289623E-04   3.8038861E-04   4.0128843E-04
   6.9565217E-01   1.9348964E+06   9.4702878E+05   2.8817989E+06   1.3371092E-04   1.6671714E-04   3.8020626E-05
   7.1014493E-01   1.8568879E+06   8.9861385E+05   2.7554089E+06   2.3098430E-04   2.4286724E-04   2.2436095E-04
   7.2463768E-01   1.7675269E+06   8.5828834E+05   2.6256485E+06   2.6848978E-04   5.7976087E-04   3.6502213E-04
   7.3913043E-01   1.6980879E+06   8.2493753E+05   2.5229214E+06   4.3151342E-04   1.2812912E-04   3.2840760E-04
   7.5362319E-01   1.6257969E+06   7.8271285E+05   2.4084806E+06   5.3762291E-04   1.8861076E-04   3.0787538E-04
   7.6811594E-01   1.5498861E+06   7.4516969E+05   2.2949414E+06   3.3030697E-04   2.8812421E-04   1.2773519E-04
   7.8260870E-01   1.4664590E+06   7.1005540E+05   2.1764583E+06   1.6608951E-04   5.7400876E-04   1.4736417E-04
   7.9710145E-01   1.4067313E+06   6.6530659E+05   2.0719552E+06   2.5131554E-04   1.0315088E-04   1.6233456E-04
   8.1159420E-01   1.3270134E+06   6.2994980E+05   1.9568415E+06   2.2674957E-04   2.0112562E-04   2.0785974E-04
   8.2608696E-01   1.2630939E+06   5.9486318E+05   1.8579172E+06   1.5157754E-04   3.1041439E-04   1.7492582E-05
   8.4057971E-01   1.1831797E+06   5.5735452E+05   1.7405212E+06   1.8458218E-04   8.2345403E-04   1.3735413E-04
   8.5507246E-01   1.1157737E+06   5.2396850E+05   1.6397165E+06   1.0367422E-04   2.9809588E-04   1.0911990E-04
   8.6956522E-01   1.0495790E+06   4.8621437E+05   1.5357428E+06   1.5373627E-04   8.1276693E-04   1.5366584E-04
   8.8405797E-01   9.7443695E+05   4.5543701E+05   1.4298491E+06   5.1497964E-04   7.4187736E-04   4.2860988E-04
   8.9855072E-01   9.0092447E+05   4.1484861E+05   1.3157486E+06   5.6852866E-04   4.4332756E-04   4.0832499E-04
   9.1304348E-01   8.2788145E+05   3.8576014E+05   1.2136296E+06   3.3891613E-04   5.0652810E-04   3.8089673E-04
   9.2753623E-01   7.4607464E+05   3.4168005E+05   1.0877310E+06   8.2316780E-05   1.0550125E-03   3.8595331E-04
   9.4202899E-01   6.6261159E+05   3.0213876E+05   9.6472703E+05   2.0464254E-04   6.3356821E-04   1.4439925E-04
   9.5652174E-01   5.7249303E+05   2.6021367E+05   8.3268373E+05   7.2522065E-04   7.0189770E-04   2.7943006E-04
   9.7101449E-01   4.4576405E+05   2.0519962E+05   6.5094105E+05   8.9827782E-04   5.1703907E-04   6.9817018E-04
   9.8550725E-01   2.8545501E+05   1.3205790E+05   4.1749063E+05   1.6251269E-03   9.1114793E-04   1.1672819E-03
   1.0000000E+00   1.2920368E+05   6.0028064E+04   1.8923174E+05   2.1526776E-03   1.3588736E-03   1.8706089E-03
