   0.0000000E+00   4.0190354E+06   2.1216627E+06   6.1406981E+06   7.2871644E-03   6.5559151E-06   4.7682242E-03
   1.4492754E-02   4.1569434E+06   2.1906168E+06   6.3475602E+06   2.5438100E-03   8.6514567E-05   1.6788707E-03
   2.8985507E-02   4.2740138E+06   2.1872069E+06   6.4612207E+06   1.9995177E-03   9.0828628E-05   1.3223502E-03
   4.3478261E-02   4.2577224E+06   2.1709156E+06   6.4286380E+06   1.6697769E-03   3.4456036E-05   1.0977266E-03
   5.7971014E-02   4.2560175E+06   2.2010356E+06   6.4570532E+06   2.0314984E-03   3.0861542E-05   1.3289517E-03
   7.2463768E-02   4.2630266E+06   2.1954663E+06   6.4584929E+06   1.1749629E-03   1.6438117E-05   7.7973390E-04
   8.6956522E-02   4.3035655E+06   2.2008462E+06   6.5042854E+06   1.8512866E-03   1.0344558E-05   1.2321426E-03
   1.0144928E-01   4.2989650E+06   2.2010086E+06   6.4999735E+06   7.4998745E-04   3.1650886E-06   4.9531716E-04
   1.1594203E-01   4.3471354E+06   2.2314398E+06   6.5785752E+06   4.7069406E-04   2.8264546E-07   3.0890979E-04
   1.3043478E-01   4.4002611E+06   2.2374280E+06   6.6376050E+06   1.2726255E-03   1.2354909E-05   8.4356914E-04
   1.4492754E-01   4.4431406E+06   2.2605558E+06   6.7036964E+06   2.0066434E-03   4.4368296E-05   1.3386172E-03
   1.5942029E-01   4.5013003E+06   2.2761721E+06   6.7773347E+06   9.8970536E-04   1.0402927E-05   6.5473310E-04
   1.7391304E-01   4.5733829E+06   2.3006149E+06   6.8738715E+06   8.0372398E-04   1.7620819E-05   5.3855748E-04
   1.8840580E-01   4.6163067E+06   2.3480511E+06   6.9640664E+06   9.6965733E-04   1.1401591E-05   6.4617821E-04
   2.0289855E-01   4.6610548E+06   2.3392955E+06   7.0002962E+06   1.0273198E-03   2.9293067E-05   6.9081615E-04
   2.1739130E-01   4.6896323E+06   2.3734839E+06   7.0630657E+06   1.9422361E-03   2.8789031E-05   1.2952936E-03
   2.3188406E-01   4.7424845E+06   2.3783460E+06   7.1208305E+06   2.1004296E-03   2.1582638E-05   1.3947088E-03
   2.4637681E-01   4.7393755E+06   2.3969440E+06   7.1361412E+06   7.5515746E-04   3.3638917E-05   4.9144002E-04
   2.6086957E-01   4.7655323E+06   2.3906171E+06   7.1558969E+06   2.6960185E-03   2.1330164E-05   1.8039725E-03
   2.7536232E-01   4.7566322E+06   2.4026235E+06   7.1590962E+06   1.3245835E-03   1.8437312E-05   8.7555667E-04
   2.8985507E-01   4.7391883E+06   2.3618274E+06   7.1008262E+06   7.4894200E-04   2.3289201E-05   4.9266988E-04
   3.0434783E-01   4.7144572E+06   2.3564168E+06   7.0707657E+06   7.0754479E-04   9.4628775E-06   4.6889776E-04
   3.1884058E-01   4.6508500E+06   2.3254594E+06   6.9759995E+06   9.1602192E-04   1.0010997E-05   6.0540393E-04
   3.3333333E-01   4.5982098E+06   2.2838843E+06   6.8817316E+06   1.0566357E-03   2.7149819E-05   6.9532234E-04
   3.4782609E-01   4.5152898E+06   2.2667693E+06   6.7818380E+06   1.0586915E-03   1.9343963E-05   7.0897410E-04
   3.6231884E-01   4.4511271E+06   2.2247149E+06   6.6756602E+06   1.2320018E-03   2.4835879E-05   8.2460974E-04
   3.7681159E-01   4.3768037E+06   2.1781724E+06   6.5546263E+06   5.1217995E-04   1.9733109E-05   3.3645480E-04
   3.9130435E-01   4.2434658E+06   2.1264617E+06   6.3697030E+06   8.3101616E-04   1.7893063E-05   5.6107834E-04
   4.0579710E-01   4.1436289E+06   2.0655902E+06   6.2088673E+06   7.2741246E-04   2.7187340E-05   4.8265945E-04
   4.2028986E-01   4.0275272E+06   2.0071138E+06   6.0342753E+06   1.3021046E-03   1.5266479E-05   8.6710359E-04
   4.3478261E-01   3.9072945E+06   1.9619571E+06   5.8691000E+06   1.1577717E-03   1.0582854E-05   7.6679481E-04
   4.4927536E-01   3.7859702E+06   1.9070521E+06   5.6927046E+06   1.6696488E-04   2.5232676E-05   1.1789685E-04
   4.6376812E-01   3.6691268E+06   1.8442837E+06   5.5131027E+06   1.1822966E-03   1.8952598E-05   7.9005315E-04
   4.7826087E-01   3.5464832E+06   1.7759281E+06   5.3222506E+06   5.7588859E-04   3.0906530E-05   3.7555029E-04
   4.9275362E-01   3.4161890E+06   1.7083396E+06   5.1243280E+06   5.6215473E-04   2.5498940E-05   3.8326119E-04
   5.0724638E-01   3.2865421E+06   1.6479474E+06   4.9342947E+06   1.0878971E-03   3.5151210E-05   7.2956858E-04
   5.2173913E-01   3.1511532E+06   1.5843432E+06   4.7351176E+06   1.1045259E-03   2.2887252E-05   7.2892129E-04
   5.3623188E-01   3.0400191E+06   1.5276381E+06   4.5676163E+06   6.7853844E-04   1.2930623E-05   4.5201178E-04
   5.5072464E-01   2.9226901E+06   1.4595404E+06   4.3820710E+06   5.6126528E-04   3.1769944E-05   3.6857787E-04
   5.6521739E-01   2.7866252E+06   1.3956150E+06   4.1821042E+06   2.3779285E-04   2.5866633E-05   1.6019700E-04
   5.7971014E-01   2.6734276E+06   1.3373484E+06   4.0105677E+06   8.9542232E-04   1.7546618E-05   6.0337987E-04
   5.9420290E-01   2.5571026E+06   1.2820350E+06   3.8390637E+06   7.0405425E-04   2.5084147E-05   4.7470255E-04
   6.0869565E-01   2.4546880E+06   1.2215437E+06   3.6761234E+06   4.4249914E-04   3.6310689E-05   3.0519433E-04
   6.2318841E-01   2.3329303E+06   1.1717429E+06   3.5045850E+06   5.1998047E-04   3.3786861E-05   3.5339506E-04
   6.3768116E-01   2.2318101E+06   1.1190565E+06   3.3507805E+06   1.1387887E-03   4.3047904E-05   7.4608345E-04
   6.5217391E-01   2.1423742E+06   1.0629530E+06   3.2051925E+06   8.7870451E-04   5.7987304E-06   5.8669208E-04
   6.6666667E-01   2.0244583E+06   1.0142635E+06   3.0385900E+06   8.3281127E-04   3.0551385E-05   5.5306638E-04
   6.8115942E-01   1.9268438E+06   9.6390555E+05   2.8906848E+06   1.1486982E-03   5.4173454E-05   7.8185071E-04
   6.9565217E-01   1.8345437E+06   9.1454082E+05   2.7490529E+06   4.4797706E-04   6.7765652E-05   3.0443912E-04
   7.1014493E-01   1.7381242E+06   8.7082502E+05   2.6088410E+06   1.2558918E-03   4.8194371E-05   8.2651288E-04
   7.2463768E-01   1.6411667E+06   8.2422050E+05   2.4653569E+06   7.1502784E-04   5.2657648E-05   4.9653329E-04
   7.3913043E-01   1.5575500E+06   7.8376717E+05   2.3412281E+06   9.3544908E-04   4.4832655E-05   6.2685991E-04
   7.5362319E-01   1.4766102E+06   7.3000644E+05   2.2065438E+06   1.1333292E-03   5.6750865E-05   7.6673466E-04
   7.6811594E-01   1.3795955E+06   6.8865397E+05   2.0681351E+06   1.0185141E-03   8.2527555E-05   7.0288886E-04
   7.8260870E-01   1.3031668E+06   6.5531594E+05   1.9584126E+06   4.9723862E-04   6.4333746E-05   3.2572599E-04
   7.9710145E-01   1.2246403E+06   6.0792525E+05   1.8325517E+06   1.4556909E-03   2.8500625E-05   9.6328388E-04
   8.1159420E-01   1.1505284E+06   5.6870844E+05   1.7192098E+06   1.3786798E-03   9.2231808E-05   9.2344077E-04
   8.2608696E-01   1.0731014E+06   5.3549384E+05   1.6085686E+06   4.7044142E-04   1.9929623E-05   3.0705505E-04
   8.4057971E-01   9.9433343E+05   4.9455383E+05   1.4888481E+06   3.3211890E-04   1.0370128E-04   1.8751314E-04
   8.5507246E-01   9.2185731E+05   4.6075528E+05   1.3825612E+06   1.0381378E-03   4.5767815E-05   6.9827500E-04
   8.6956522E-01   8.4206015E+05   4.2137737E+05   1.2633870E+06   7.4881294E-05   8.3427183E-05   7.5763291E-05
   8.8405797E-01   7.6189802E+05   3.8182476E+05   1.1437228E+06   7.9316927E-04   1.6086632E-04   4.8009384E-04
   8.9855072E-01   6.8610612E+05   3.4162925E+05   1.0277476E+06   3.2872361E-03   4.0153177E-05   2.1982000E-03
   9.1304348E-01   6.0889555E+05   2.9942627E+05   9.0829776E+05   2.5032026E-03   1.2575581E-04   1.6474447E-03
   9.2753623E-01   5.2248312E+05   2.5870788E+05   7.8119100E+05   2.8288681E-03   4.7261501E-05   1.8915129E-03
   9.4202899E-01   4.3490588E+05   2.1391489E+05   6.4880912E+05   4.6943842E-03   1.4885122E-04   3.1046085E-03
   9.5652174E-01   3.4917884E+05   1.7140922E+05   5.2058806E+05   2.8118259E-03   1.0827642E-04   1.8555390E-03
   9.7101449E-01   2.5352512E+05   1.2899619E+05   3.8251000E+05   1.1397154E-03   6.5416658E-05   7.7601324E-04
   9.8550725E-01   1.6332568E+05   8.3863622E+04   2.4718931E+05   7.7364294E-03   1.6760503E-05   5.1088612E-03
   1.0000000E+00   8.4516363E+04   4.5190650E+04   1.2970701E+05   1.5764169E-02   1.3975364E-04   1.0284672E-02
