   0.0000000E+00   4.0069116E+06   2.2368387E+06   6.2437503E+06   6.6450452E-03   5.3985578E-03   5.8046610E-03
   1.4492754E-02   4.1296649E+06   2.0110332E+06   6.1406981E+06   9.4462438E-04   1.3716241E-03   2.2350356E-04
   2.8985507E-02   4.1770235E+06   2.0894589E+06   6.2664824E+06   8.4023527E-04   4.5919818E-04   4.1383578E-04
   4.3478261E-02   4.1266340E+06   2.1198947E+06   6.2465286E+06   7.9185398E-04   1.1429712E-03   2.2256384E-04
   5.7971014E-02   4.1984295E+06   2.1712945E+06   6.3695346E+06   5.9181450E-04   1.2607779E-03   3.0729338E-04
   7.2463768E-02   4.1963458E+06   2.0824120E+06   6.2787577E+06   4.1346827E-04   8.8239967E-04   3.9557932E-04
   8.6956522E-02   4.1976087E+06   2.0941316E+06   6.2914877E+06   5.2956217E-04   1.0931973E-03   3.1350906E-04
   1.0144928E-01   4.2112840E+06   2.1185235E+06   6.3298075E+06   6.5355387E-04   3.1875465E-04   3.5044115E-04
   1.1594203E-01   4.2397262E+06   2.1456261E+06   6.3852576E+06   1.7255373E-04   2.2872190E-04   1.0523841E-04
   1.3043478E-01   4.2443357E+06   2.1743675E+06   6.4186191E+06   2.0923722E-04   4.0196343E-04   2.5849493E-04
   1.4492754E-01   4.2803788E+06   2.2146370E+06   6.4950158E+06   2.7117755E-04   2.0007308E-04   2.3464166E-04
   1.5942029E-01   4.3056665E+06   2.1957143E+06   6.5013119E+06   2.3216291E-04   1.0387683E-03   3.1169146E-04
   1.7391304E-01   4.3365902E+06   2.2392382E+06   6.5758915E+06   2.0560626E-04   4.7774064E-04   2.9931896E-05
   1.8840580E-01   4.3389168E+06   2.2813703E+06   6.6202871E+06   9.9437521E-05   2.5662798E-04   1.5166587E-04
   2.0289855E-01   4.3612076E+06   2.2719652E+06   6.6331728E+06   3.1082855E-04   5.0234025E-04   3.7717798E-04
   2.1739130E-01   4.3649169E+06   2.2953360E+06   6.6601518E+06   3.2517899E-04   5.8226146E-05   2.3301345E-04
   2.3188406E-01   4.3412155E+06   2.3038984E+06   6.6450666E+06   7.6675275E-05   8.0284107E-05   2.6483673E-05
   2.4637681E-01   4.3626021E+06   2.3002211E+06   6.6626895E+06   8.7214430E-05   2.1173515E-04   7.9038607E-05
   2.6086957E-01   4.3554284E+06   2.2921956E+06   6.6473714E+06   2.3919285E-04   1.3578049E-04   1.9694571E-04
   2.7536232E-01   4.3264771E+06   2.2792719E+06   6.6057091E+06   2.2458980E-04   6.7571157E-05   1.5426904E-04
   2.8985507E-01   4.2682550E+06   2.2908274E+06   6.5590066E+06   2.1320009E-04   9.2565072E-05   1.5667809E-04
   3.0434783E-01   4.2201964E+06   2.2747977E+06   6.4948137E+06   2.0723054E-04   1.4917546E-04   8.5746239E-05
   3.1884058E-01   4.1793656E+06   2.2137277E+06   6.3930244E+06   1.1832602E-04   1.5236821E-04   1.2460063E-04
   3.3333333E-01   4.1336513E+06   2.1912098E+06   6.3246634E+06   1.9831132E-04   2.7094129E-04   1.9263544E-04
   3.4782609E-01   4.0760866E+06   2.1562345E+06   6.2322264E+06   1.2952028E-04   2.2240891E-04   2.0645148E-05
   3.6231884E-01   3.9893927E+06   2.1162373E+06   6.1055694E+06   1.0941635E-04   2.2525383E-04   1.2463857E-04
   3.7681159E-01   3.9381907E+06   2.0656485E+06   6.0034895E+06   2.0351928E-04   1.2789418E-04   1.6404155E-04
   3.9130435E-01   3.8480114E+06   2.0311272E+06   5.8790825E+06   1.6532152E-04   2.2305905E-04   1.8397786E-04
   4.0579710E-01   3.7567773E+06   1.9758255E+06   5.7324133E+06   4.5661248E-04   2.0661804E-05   2.9993471E-04
   4.2028986E-01   3.6757284E+06   1.9155061E+06   5.5912083E+06   7.3027099E-05   1.0278327E-04   6.8047508E-05
   4.3478261E-01   3.5981379E+06   1.8800205E+06   5.4781836E+06   1.0154143E-04   3.1277922E-04   1.6572319E-04
   4.4927536E-01   3.5060476E+06   1.8177614E+06   5.3238091E+06   1.5452820E-04   1.1786664E-04   6.4449946E-05
   4.6376812E-01   3.4200208E+06   1.7703097E+06   5.1903069E+06   2.1490215E-04   2.0029741E-04   2.0961536E-04
   4.7826087E-01   3.3234331E+06   1.7234836E+06   5.0467100E+06   1.2694923E-04   1.1082679E-04   6.0023290E-05
   4.9275362E-01   3.2335076E+06   1.6659510E+06   4.8992802E+06   2.2342216E-04   1.1650299E-04   1.1462534E-04
   5.0724638E-01   3.1199267E+06   1.6056440E+06   4.7254841E+06   1.4482974E-04   2.1327043E-04   9.4080469E-05
   5.2173913E-01   3.0361457E+06   1.5477824E+06   4.5838018E+06   1.7965729E-04   3.7855622E-04   8.8827476E-05
   5.3623188E-01   2.9359634E+06   1.4871504E+06   4.4230114E+06   1.9401607E-04   2.3042586E-04   8.1544702E-05
   5.5072464E-01   2.8351117E+06   1.4346747E+06   4.2697066E+06   3.9699939E-04   3.9693368E-04   3.7461104E-04
   5.6521739E-01   2.7486024E+06   1.3868330E+06   4.1353771E+06   1.4069009E-04   1.6600946E-04   1.4277633E-04
   5.7971014E-01   2.6477593E+06   1.3323474E+06   3.9798983E+06   2.6501911E-04   2.6476617E-04   2.4560324E-04
   5.9420290E-01   2.5565666E+06   1.2798357E+06   3.8363469E+06   6.4124512E-05   2.8844524E-04   1.3508783E-04
   6.0869565E-01   2.4601365E+06   1.2306365E+06   3.6906287E+06   1.2987396E-04   2.7703766E-04   1.7865435E-04
   6.2318841E-01   2.3770200E+06   1.1817168E+06   3.5586663E+06   1.7306021E-04   2.9499676E-04   2.0462776E-04
   6.3768116E-01   2.2884337E+06   1.1239990E+06   3.4124155E+06   1.7237697E-04   1.9397481E-04   1.7882250E-04
   6.5217391E-01   2.2031110E+06   1.0762892E+06   3.2794002E+06   4.9983965E-04   1.4362876E-05   3.4039731E-04
   6.6666667E-01   2.1194719E+06   1.0298465E+06   3.1492525E+06   1.0245517E-04   4.3054455E-04   1.7868852E-04
   6.8115942E-01   2.0218994E+06   9.8741151E+05   3.0092948E+06   5.7361101E-05   2.8313762E-04   8.7628381E-05
   6.9565217E-01   1.9428369E+06   9.3566273E+05   2.8784364E+06   4.0295995E-04   1.1600371E-04   2.3692853E-04
   7.1014493E-01   1.8451198E+06   8.9227361E+05   2.7374243E+06   1.4326110E-04   2.1508351E-04   1.4582213E-04
   7.2463768E-01   1.7698456E+06   8.5296903E+05   2.6227540E+06   1.5812820E-04   6.9165637E-05   1.1738148E-04
   7.3913043E-01   1.6889951E+06   8.0526609E+05   2.4942612E+06   1.1201319E-04   1.3585460E-04   4.3045772E-05
   7.5362319E-01   1.6121722E+06   7.6940874E+05   2.3815518E+06   3.8046835E-04   3.3237721E-04   2.7268941E-04
   7.6811594E-01   1.5401927E+06   7.2589745E+05   2.2660044E+06   3.0643747E-04   6.8169870E-04   4.1357338E-04
   7.8260870E-01   1.4598078E+06   6.8754782E+05   2.1472854E+06   2.8791185E-04   1.2793539E-04   2.3544014E-04
   7.9710145E-01   1.3940426E+06   6.5316902E+05   2.0471703E+06   4.5203945E-04   4.7426090E-04   3.8845665E-04
   8.1159420E-01   1.3146326E+06   6.1494391E+05   1.9294953E+06   4.7384665E-04   9.8033506E-05   2.9976980E-04
   8.2608696E-01   1.2367326E+06   5.7195826E+05   1.8086244E+06   1.1940852E-04   3.3878789E-04   1.0610366E-04
   8.4057971E-01   1.1607742E+06   5.3898594E+05   1.6997340E+06   2.0270368E-04   3.5547156E-04   2.3740566E-04
   8.5507246E-01   1.0925921E+06   5.0300873E+05   1.5955494E+06   7.5126868E-04   9.3101616E-04   7.2689329E-04
   8.6956522E-01   1.0237780E+06   4.6249721E+05   1.4862374E+06   6.8148200E-05   3.4837145E-04   6.1915524E-05
   8.8405797E-01   9.4534483E+05   4.3178569E+05   1.3771181E+06   5.5472263E-05   4.0981222E-04   1.5300429E-04
   8.9855072E-01   8.6956395E+05   3.9551411E+05   1.2650414E+06   4.3009077E-04   9.8847269E-04   4.7260467E-04
   9.1304348E-01   7.9792078E+05   3.5576339E+05   1.1536962E+06   4.3565828E-04   7.8778018E-04   4.0539496E-04
   9.2753623E-01   7.2019320E+05   3.2038054E+05   1.0405501E+06   3.9069851E-04   1.0968897E-03   1.1266298E-04
   9.4202899E-01   6.3090322E+05   2.7946495E+05   9.1037982E+05   2.1301687E-04   3.8011539E-04   1.9290678E-04
   9.5652174E-01   5.3694829E+05   2.3499022E+05   7.7191554E+05   8.9054659E-04   9.8393416E-04   7.6618838E-04
   9.7101449E-01   4.2822301E+05   1.8634668E+05   6.1458100E+05   6.1653649E-04   1.0508081E-03   3.5247957E-04
   9.8550725E-01   2.8176661E+05   1.2215161E+05   4.0391823E+05   1.9914886E-03   1.0981131E-03   1.5288311E-03
   1.0000000E+00   1.3614094E+05   5.8736903E+04   1.9487784E+05   4.8854747E-03   2.1774845E-03   3.9358925E-03
