   0.0000000E+00   4.2796968E+06   2.2186530E+06   6.4983498E+06   1.5278196E-02   1.6820163E-06   1.0062432E-02
   1.4492754E-02   4.4797393E+06   2.2807874E+06   6.7605267E+06   5.5669738E-03   5.1116909E-05   3.6746070E-03
   2.8985507E-02   4.4668578E+06   2.2951844E+06   6.7620422E+06   2.9036896E-03   7.8659670E-05   1.8996206E-03
   4.3478261E-02   4.5353066E+06   2.2878596E+06   6.8231663E+06   2.0877597E-03   5.6365141E-05   1.3754357E-03
   5.7971014E-02   4.4808759E+06   2.2870387E+06   6.7677252E+06   2.7701375E-03   3.9532712E-05   1.8172406E-03
   7.2463768E-02   4.5095941E+06   2.2507810E+06   6.7602236E+06   2.7118220E-04   6.0124898E-05   1.6779581E-04
   8.6956522E-02   4.4994404E+06   2.2753570E+06   6.7747974E+06   1.6479318E-03   1.1260168E-05   1.0957140E-03
   1.0144928E-01   4.5163271E+06   2.2583801E+06   6.7744907E+06   1.0928825E-03   1.6456274E-05   7.3037797E-04
   1.1594203E-01   4.5600594E+06   2.2939531E+06   6.8537283E+06   1.6996282E-03   1.8151021E-05   1.1411145E-03
   1.3043478E-01   4.5803499E+06   2.3067189E+06   6.8870687E+06   2.1119477E-03   3.4737657E-05   1.4069057E-03
   1.4492754E-01   4.5737744E+06   2.3143552E+06   6.8881296E+06   1.5804939E-03   3.6684805E-05   1.0448488E-03
   1.5942029E-01   4.6454770E+06   2.3170210E+06   6.9623602E+06   1.1589943E-03   2.5848532E-05   7.8189261E-04
   1.7391304E-01   4.6483357E+06   2.3223998E+06   6.9707355E+06   2.9513268E-03   2.5550849E-05   1.9620238E-03
   1.8840580E-01   4.6469659E+06   2.3418727E+06   6.9888386E+06   1.0652433E-03   1.1312523E-05   7.0903422E-04
   2.0289855E-01   4.6810266E+06   2.3434631E+06   7.0244356E+06   2.6006590E-03   1.1883992E-05   1.7346525E-03
   2.1739130E-01   4.7072118E+06   2.3429723E+06   7.0501337E+06   1.3793080E-03   1.7043752E-05   9.1614451E-04
   2.3188406E-01   4.7009037E+06   2.3479418E+06   7.0487508E+06   9.1302870E-04   1.2543144E-05   6.1450494E-04
   2.4637681E-01   4.6826344E+06   2.3462648E+06   7.0286318E+06   1.3644121E-03   3.1789710E-05   9.0102260E-04
   2.6086957E-01   4.6559972E+06   2.3334922E+06   6.9894053E+06   2.5178803E-03   1.0577294E-05   1.6742330E-03
   2.7536232E-01   4.6553348E+06   2.3491432E+06   7.0042786E+06   2.2335484E-03   2.4038056E-05   1.4848606E-03
   2.8985507E-01   4.6276874E+06   2.3178407E+06   6.9454144E+06   2.7430501E-03   1.2235743E-05   1.8303179E-03
   3.0434783E-01   4.5907297E+06   2.2803544E+06   6.8708676E+06   1.5113975E-03   7.6020203E-06   1.0122015E-03
   3.1884058E-01   4.5450768E+06   2.2644961E+06   6.8093318E+06   2.6577103E-03   2.5045728E-05   1.7682405E-03
   3.3333333E-01   4.4784874E+06   2.2323582E+06   6.7107796E+06   9.4651959E-04   1.1493852E-05   6.3455041E-04
   3.4782609E-01   4.4349381E+06   2.2062766E+06   6.6409937E+06   2.2127221E-03   5.0424133E-06   1.4811526E-03
   3.6231884E-01   4.3597744E+06   2.1646718E+06   6.5242038E+06   1.1229415E-03   2.1512681E-05   7.5996856E-04
   3.7681159E-01   4.2544583E+06   2.1223622E+06   6.3766456E+06   1.0880299E-03   9.0419496E-06   7.2963103E-04
   3.9130435E-01   4.1886281E+06   2.0769001E+06   6.2652475E+06   1.3244509E-03   1.7195014E-05   8.8967728E-04
   4.0579710E-01   4.0948632E+06   2.0241853E+06   6.1187508E+06   9.2553942E-04   2.0027562E-05   6.1499270E-04
   4.2028986E-01   3.9683454E+06   1.9801489E+06   5.9482591E+06   7.9817255E-05   3.0594884E-05   5.5883574E-05
   4.3478261E-01   3.8756463E+06   1.9354868E+06   5.8110826E+06   9.5463680E-04   2.5722590E-06   6.3802892E-04
   4.4927536E-01   3.7706200E+06   1.8739806E+06   5.6445028E+06   7.2995157E-04   2.8331685E-05   4.9039830E-04
   4.6376812E-01   3.6396224E+06   1.8200598E+06   5.4595165E+06   5.8151009E-04   3.0634795E-05   3.8720583E-04
   4.7826087E-01   3.5412020E+06   1.7719558E+06   5.3129282E+06   3.9593357E-04   3.0844691E-05   2.7116189E-04
   4.9275362E-01   3.4021709E+06   1.7119055E+06   5.1138534E+06   7.1153382E-04   2.2439457E-05   4.6525951E-04
   5.0724638E-01   3.2836627E+06   1.6454144E+06   4.9289689E+06   1.3873765E-03   3.7067659E-05   9.3385584E-04
   5.2173913E-01   3.1808102E+06   1.5846168E+06   4.7652376E+06   7.3167803E-04   2.9072537E-05   4.9694669E-04
   5.3623188E-01   3.0501564E+06   1.5195488E+06   4.5695823E+06   1.1841545E-03   1.5259495E-05   7.9720848E-04
   5.5072464E-01   2.9309255E+06   1.4614946E+06   4.3923005E+06   2.9852207E-04   3.5906675E-05   2.0070762E-04
   5.6521739E-01   2.8058989E+06   1.4146944E+06   4.2204768E+06   1.8471786E-03   2.4796369E-05   1.2368309E-03
   5.7971014E-01   2.6898895E+06   1.3580157E+06   4.0477915E+06   1.3912109E-03   3.7181255E-05   9.3240363E-04
   5.9420290E-01   2.5875599E+06   1.3010708E+06   3.8885753E+06   1.8944983E-03   4.2244977E-05   1.2757736E-03
   6.0869565E-01   2.4751288E+06   1.2419124E+06   3.7169691E+06   1.5990853E-03   2.9662018E-05   1.0751551E-03
   6.2318841E-01   2.3734251E+06   1.1802189E+06   3.5535560E+06   1.4333779E-03   2.2681408E-05   9.6620947E-04
   6.3768116E-01   2.2608107E+06   1.1366567E+06   3.3974674E+06   2.4401087E-03   3.4383488E-05   1.6350545E-03
   6.5217391E-01   2.1528478E+06   1.0792023E+06   3.2318985E+06   1.1782680E-03   6.8276984E-05   8.0907361E-04
   6.6666667E-01   2.0572057E+06   1.0273756E+06   3.0844990E+06   1.2015080E-03   2.1033254E-05   8.0921094E-04
   6.8115942E-01   1.9574596E+06   9.9126468E+05   2.9486759E+06   1.7435131E-03   3.5069423E-05   1.1663648E-03
   6.9565217E-01   1.8539922E+06   9.2876417E+05   2.7827090E+06   2.0076664E-03   8.9206629E-05   1.3671607E-03
   7.1014493E-01   1.7639337E+06   8.9111380E+05   2.6550011E+06   1.3631102E-03   5.1870064E-05   9.1870993E-04
   7.2463768E-01   1.6630047E+06   8.3766275E+05   2.5006220E+06   1.3809928E-03   4.2191527E-05   9.2445494E-04
   7.3913043E-01   1.5692578E+06   7.9694584E+05   2.3662185E+06   9.6931954E-04   5.2622718E-05   6.5713373E-04
   7.5362319E-01   1.4814189E+06   7.5158736E+05   2.2329626E+06   1.1986806E-03   4.8101392E-05   8.0508175E-04
   7.6811594E-01   1.4013840E+06   7.1110014E+05   2.1124412E+06   1.2167223E-03   5.0853313E-05   8.2149608E-04
   7.8260870E-01   1.3162027E+06   6.6374927E+05   1.9798818E+06   6.4811725E-04   6.7224724E-05   4.3683074E-04
   7.9710145E-01   1.2331682E+06   6.2317643E+05   1.8563033E+06   9.2468866E-04   1.0769365E-04   6.3719767E-04
   8.1159420E-01   1.1567392E+06   5.7546042E+05   1.7321725E+06   1.2043841E-03   1.1418738E-04   8.4151290E-04
   8.2608696E-01   1.0655905E+06   5.3718213E+05   1.6027460E+06   3.6984235E-04   1.1898383E-04   2.7019625E-04
   8.4057971E-01   9.8632494E+05   4.9843397E+05   1.4847328E+06   6.2534228E-04   8.8277394E-05   4.1977144E-04
   8.5507246E-01   9.1457533E+05   4.5789129E+05   1.3724666E+06   9.9170943E-04   1.9647758E-04   6.0174664E-04
   8.6956522E-01   8.3551835E+05   4.1882632E+05   1.2543320E+06   1.2925489E-03   8.8492411E-05   8.8319020E-04
   8.8405797E-01   7.4897924E+05   3.7705474E+05   1.1260216E+06   1.0970528E-03   5.7408222E-05   7.0990513E-04
   8.9855072E-01   6.6502393E+05   3.3441853E+05   9.9943024E+05   6.5663423E-04   6.9559837E-05   4.2768483E-04
   9.1304348E-01   5.8188164E+05   2.9866853E+05   8.8053814E+05   1.3236165E-03   9.1880203E-05   9.0575277E-04
   9.2753623E-01   5.0369362E+05   2.5803302E+05   7.6172664E+05   2.8248443E-03   7.8099907E-05   1.8935714E-03
   9.4202899E-01   4.2549829E+05   2.1907916E+05   6.4457745E+05   5.6626541E-03   1.7337783E-04   3.7941963E-03
   9.5652174E-01   3.4690563E+05   1.7976729E+05   5.2667292E+05   9.1784432E-03   1.9689288E-04   6.1127816E-03
   9.7101449E-01   2.6511736E+05   1.4124438E+05   4.0636174E+05   1.2847848E-02   1.8374835E-04   8.4295666E-03
   9.8550725E-01   1.8632522E+05   1.0050040E+05   2.8682562E+05   1.9452436E-02   1.2379310E-04   1.2679322E-02
   1.0000000E+00   1.0723205E+05   5.9656035E+04   1.6688809E+05   2.2719798E-02   5.7190044E-05   1.4590868E-02
