   0.0000000E+00   4.3706252E+06   1.9276821E+06   6.2983073E+06   4.6635215E-03   4.3779584E-03   1.8972547E-03
   1.4492754E-02   4.2706040E+06   2.0595283E+06   6.3301323E+06   1.9685186E-03   1.7311212E-03   1.0718696E-03
   2.8985507E-02   4.3262976E+06   2.0731676E+06   6.3994652E+06   6.8685960E-04   9.5932923E-04   4.7225897E-04
   4.3478261E-02   4.2670678E+06   2.0612964E+06   6.3283642E+06   1.9000806E-04   8.3854256E-04   1.4580066E-04
   5.7971014E-02   4.2838643E+06   2.0799872E+06   6.3634727E+06   7.4203437E-04   3.5091903E-04   4.3402120E-04
   7.2463768E-02   4.3528942E+06   2.0899893E+06   6.4428835E+06   2.5311191E-04   1.7409146E-04   2.2721918E-04
   8.6956522E-02   4.2997768E+06   2.1294927E+06   6.4292695E+06   7.1111999E-04   2.5464502E-04   5.1955575E-04
   1.0144928E-01   4.3767953E+06   2.1172245E+06   6.4938034E+06   2.3637079E-04   6.1310459E-04   3.1410670E-04
   1.1594203E-01   4.3814229E+06   2.1595495E+06   6.5409725E+06   1.5625054E-04   6.7951462E-04   3.2619731E-04
   1.3043478E-01   4.4217303E+06   2.1876700E+06   6.6093161E+06   1.0863489E-03   3.3658876E-04   8.2072977E-04
   1.4492754E-01   4.4882259E+06   2.2365356E+06   6.7247615E+06   1.9170559E-04   2.6152087E-04   2.0711804E-04
   1.5942029E-01   4.5555818E+06   2.2725212E+06   6.8278275E+06   6.1957276E-05   4.2853307E-04   1.7953152E-04
   1.7391304E-01   4.5712360E+06   2.2875439E+06   6.8585273E+06   6.3072592E-05   3.1191343E-04   6.2641167E-05
   1.8840580E-01   4.6360662E+06   2.3204812E+06   6.9564308E+06   4.5706332E-04   3.0598591E-04   2.1389448E-04
   2.0289855E-01   4.6445470E+06   2.3454115E+06   6.9895255E+06   3.3989046E-04   2.6278000E-04   3.1242420E-04
   2.1739130E-01   4.6583631E+06   2.3802025E+06   7.0383130E+06   4.4982940E-04   1.4868862E-04   3.1399697E-04
   2.3188406E-01   4.6536872E+06   2.4048194E+06   7.0583646E+06   2.4040396E-04   4.6109530E-04   2.5459633E-04
   2.4637681E-01   4.6739427E+06   2.3897232E+06   7.0633985E+06   1.7557683E-04   1.1588777E-04   8.0065871E-05
   2.6086957E-01   4.6636167E+06   2.4029093E+06   7.0661893E+06   4.3440033E-04   3.2144350E-05   2.7724814E-04
   2.7536232E-01   4.6264610E+06   2.3844777E+06   7.0104203E+06   9.0394894E-05   2.0731381E-04   1.2746520E-04
   2.8985507E-01   4.6024926E+06   2.3498930E+06   6.9520446E+06   1.2850559E-04   1.0148391E-04   9.9817291E-05
   3.0434783E-01   4.5586161E+06   2.3473239E+06   6.9057235E+06   1.8479859E-04   1.7557878E-04   7.4045610E-05
   3.1884058E-01   4.5187283E+06   2.3178821E+06   6.8363348E+06   1.9347906E-04   1.4370654E-04   9.4918519E-05
   3.3333333E-01   4.4442904E+06   2.2791731E+06   6.7231999E+06   7.2460501E-05   8.9578140E-05   7.6303515E-05
   3.4782609E-01   4.3576174E+06   2.2515514E+06   6.6087584E+06   4.7362773E-05   2.8008596E-04   1.2520867E-04
   3.6231884E-01   4.2756050E+06   2.2099845E+06   6.4854077E+06   2.3615003E-04   5.5482744E-05   1.5420423E-04
   3.7681159E-01   4.1971618E+06   2.1680887E+06   6.3648133E+06   1.3156032E-04   1.0281743E-04   1.1837586E-04
   3.9130435E-01   4.0905994E+06   2.1077709E+06   6.1980616E+06   8.7588497E-05   1.0007585E-04   7.3706162E-05
   4.0579710E-01   4.0027982E+06   2.0437782E+06   6.0463057E+06   1.0791527E-04   1.6124909E-04   9.0313555E-05
   4.2028986E-01   3.9087194E+06   2.0052064E+06   5.9135861E+06   1.3233799E-04   1.5173047E-04   1.3890476E-04
   4.3478261E-01   3.8228573E+06   1.9523591E+06   5.7749133E+06   7.4649081E-05   1.2640380E-04   8.4652722E-05
   4.4927536E-01   3.6861934E+06   1.8754716E+06   5.5614695E+06   8.0844244E-05   1.2033269E-04   7.7525410E-05
   4.6376812E-01   3.5759015E+06   1.8197520E+06   5.3952983E+06   1.4054675E-04   1.9298876E-04   1.5804409E-04
   4.7826087E-01   3.4789298E+06   1.7529894E+06   5.2313911E+06   5.8016273E-05   8.9766230E-05   4.2737066E-05
   4.9275362E-01   3.3593364E+06   1.6856744E+06   5.0444983E+06   7.4921134E-05   1.8098875E-04   1.0367287E-04
   5.0724638E-01   3.2455161E+06   1.6448731E+06   4.8901728E+06   1.9787816E-04   7.8638758E-05   1.5384499E-04
   5.2173913E-01   3.1199597E+06   1.5726614E+06   4.6924528E+06   3.8308860E-05   1.0025141E-04   5.8661579E-05
   5.3623188E-01   3.0088085E+06   1.5168864E+06   4.5254697E+06   1.3375876E-04   1.4547616E-04   6.0498341E-05
   5.5072464E-01   2.8927794E+06   1.4564497E+06   4.3490297E+06   1.4306866E-04   8.4750881E-05   7.5146887E-05
   5.6521739E-01   2.7844880E+06   1.3859781E+06   4.1701747E+06   1.5520779E-04   1.8494988E-04   1.6411668E-04
   5.7971014E-01   2.6695063E+06   1.3329914E+06   4.0022704E+06   1.1805369E-04   6.3017516E-05   6.6148234E-05
   5.9420290E-01   2.5808327E+06   1.2736445E+06   3.8541630E+06   3.0892405E-05   1.4674390E-04   6.7105088E-05
   6.0869565E-01   2.4527215E+06   1.2158787E+06   3.6684378E+06   1.4325091E-04   4.1742119E-05   1.0840751E-04
   6.2318841E-01   2.3454241E+06   1.1668616E+06   3.5121095E+06   1.7359415E-04   1.1519503E-04   9.0375975E-05
   6.3768116E-01   2.2565743E+06   1.1164906E+06   3.3729099E+06   4.4382023E-05   2.1937985E-04   4.3112233E-05
   6.5217391E-01   2.1512650E+06   1.0660345E+06   3.2172489E+06   1.4894966E-04   1.9691011E-04   1.5022883E-04
   6.6666667E-01   2.0544877E+06   1.0102277E+06   3.0644848E+06   1.5697336E-04   9.1385705E-05   9.2600892E-05
   6.8115942E-01   1.9514460E+06   9.5745673E+05   2.9087899E+06   6.9839363E-05   6.8275731E-05   4.8370393E-05
   6.9565217E-01   1.8583808E+06   9.1979762E+05   2.7781468E+06   9.2593334E-05   1.4722697E-04   7.5338819E-05
   7.1014493E-01   1.7760265E+06   8.7200028E+05   2.6479340E+06   1.6688753E-04   8.8964031E-05   1.3971702E-04
   7.2463768E-01   1.6806145E+06   8.2993384E+05   2.5104119E+06   7.4596977E-05   6.0865446E-05   6.5642781E-05
   7.3913043E-01   1.5983638E+06   7.7731898E+05   2.3755491E+06   9.6843449E-05   2.0351676E-04   8.7363026E-05
   7.5362319E-01   1.5094260E+06   7.3287709E+05   2.2422740E+06   2.3288656E-04   1.1939340E-04   1.8490948E-04
   7.6811594E-01   1.4278476E+06   6.9850455E+05   2.1261948E+06   2.0843380E-04   2.4816225E-04   1.3672808E-04
   7.8260870E-01   1.3517181E+06   6.5426353E+05   2.0059114E+06   1.7652800E-04   1.8634743E-04   6.7314904E-05
   7.9710145E-01   1.2620724E+06   6.1795493E+05   1.8799034E+06   1.2693277E-04   1.9505311E-04   5.7382208E-05
   8.1159420E-01   1.1787135E+06   5.7780128E+05   1.7564201E+06   3.2632225E-04   1.6700094E-04   2.0734585E-04
   8.2608696E-01   1.0990904E+06   5.3684979E+05   1.6359003E+06   1.5023397E-04   1.7473430E-04   6.3243479E-05
   8.4057971E-01   1.0213637E+06   4.9947912E+05   1.5207383E+06   1.3501257E-04   7.4425262E-05   1.0778974E-04
   8.5507246E-01   9.4609204E+05   4.6084518E+05   1.4068987E+06   2.5560783E-04   3.3878331E-04   2.3231016E-04
   8.6956522E-01   8.6750747E+05   4.2466090E+05   1.2921431E+06   2.1319823E-04   3.4531027E-04   7.7919923E-05
   8.8405797E-01   7.8743748E+05   3.8403586E+05   1.1713988E+06   3.9477789E-04   4.1911140E-04   2.3973842E-04
   8.9855072E-01   7.1591451E+05   3.5055099E+05   1.0664288E+06   2.3117809E-04   3.0656146E-04   5.9231461E-05
   9.1304348E-01   6.4440093E+05   3.1425626E+05   9.5864515E+05   1.3812631E-04   1.5401163E-04   1.2221835E-04
   9.2753623E-01   5.7212672E+05   2.8122687E+05   8.5336542E+05   1.2729672E-04   4.7342587E-04   1.9515383E-04
   9.4202899E-01   4.9419587E+05   2.4203275E+05   7.3621696E+05   2.7428707E-04   3.1975100E-04   1.1809925E-04
   9.5652174E-01   4.2418329E+05   2.0047876E+05   6.2466205E+05   1.7562657E-04   4.9246904E-04   1.6098532E-04
   9.7101449E-01   3.4357138E+05   1.6007470E+05   5.0364609E+05   2.0001496E-04   1.0437152E-03   4.6774975E-04
   9.8550725E-01   2.4092684E+05   1.1026183E+05   3.5118867E+05   1.2310928E-03   1.5031675E-03   1.0412080E-03
   1.0000000E+00   1.2382019E+05   5.5716898E+04   1.7953709E+05   7.9127971E-04   2.0131512E-03   1.1704300E-03
