   0.0000000E+00   4.4676155E+06   2.0852914E+06   6.5529068E+06   8.1621184E-03   2.8725726E-03   4.7152796E-03
   1.4492754E-02   4.1736137E+06   2.0784717E+06   6.2513276E+06   1.4960108E-03   1.9874837E-03   1.5763129E-03
   2.8985507E-02   4.1921782E+06   2.1049925E+06   6.2971707E+06   8.3613703E-04   7.3075732E-04   7.6413713E-04
   4.3478261E-02   4.1319381E+06   2.0893326E+06   6.2212708E+06   5.8465314E-04   5.9223996E-04   5.0670363E-04
   5.7971014E-02   4.1455774E+06   2.0921110E+06   6.2376884E+06   1.1398448E-03   9.3026191E-05   7.7046358E-04
   7.2463768E-02   4.1066297E+06   2.0962028E+06   6.2028325E+06   1.6930273E-04   6.1802257E-04   2.0966860E-04
   8.6956522E-02   4.1503764E+06   2.1180003E+06   6.2683767E+06   9.8460083E-04   4.8173619E-04   6.6932356E-04
   1.0144928E-01   4.1558610E+06   2.1434206E+06   6.2992816E+06   5.3041045E-04   4.9819020E-04   4.3660877E-04
   1.1594203E-01   4.1058909E+06   2.1745148E+06   6.2802164E+06   7.8791176E-04   1.8741127E-04   5.7953566E-04
   1.3043478E-01   4.1514709E+06   2.1962577E+06   6.3475602E+06   3.1689973E-04   4.6917110E-04   1.0589083E-04
   1.4492754E-01   4.1476233E+06   2.1947085E+06   6.3422560E+06   7.4681601E-04   8.5034431E-05   4.6289944E-04
   1.5942029E-01   4.1761624E+06   2.2324300E+06   6.4085236E+06   6.4373794E-04   2.7681029E-04   4.4150883E-04
   1.7391304E-01   4.1632579E+06   2.2357021E+06   6.3988969E+06   2.8248994E-04   4.5594734E-04   2.1082930E-04
   1.8840580E-01   4.1702330E+06   2.2501865E+06   6.4201281E+06   2.9523470E-04   2.9580745E-04   1.7580151E-04
   2.0289855E-01   4.1759410E+06   2.2834936E+06   6.4593264E+06   3.8366602E-04   6.0999985E-05   2.3099660E-04
   2.1739130E-01   4.1525991E+06   2.2950329E+06   6.4476320E+06   3.6582708E-04   2.8752680E-04   2.8336891E-04
   2.3188406E-01   4.1538178E+06   2.2890278E+06   6.4426088E+06   3.7373955E-04   4.0913971E-04   2.9376384E-04
   2.4637681E-01   4.1374652E+06   2.2999983E+06   6.4372406E+06   1.1489383E-04   1.7901677E-04   1.3585258E-04
   2.6086957E-01   4.1237714E+06   2.3071819E+06   6.4309954E+06   3.1747307E-04   1.1299760E-04   2.1368903E-04
   2.7536232E-01   4.0980793E+06   2.2955832E+06   6.3935429E+06   1.8888187E-04   1.0623623E-04   1.2428066E-04
   2.8985507E-01   4.0373726E+06   2.2731722E+06   6.3105069E+06   3.2055038E-04   1.0422339E-04   1.7887387E-04
   3.0434783E-01   3.9758083E+06   2.2473027E+06   6.2228584E+06   3.1228587E-04   1.3640521E-04   2.1690772E-04
   3.1884058E-01   3.9740534E+06   2.2238194E+06   6.1977350E+06   8.0794547E-05   2.6660091E-04   9.6389380E-05
   3.3333333E-01   3.9152584E+06   2.1943395E+06   6.1094332E+06   3.5512084E-04   1.9638483E-04   2.4536648E-04
   3.4782609E-01   3.8626575E+06   2.1566765E+06   6.0191129E+06   2.7570382E-04   2.1949053E-04   2.3829149E-04
   3.6231884E-01   3.7904111E+06   2.1148431E+06   5.9052238E+06   2.6352375E-04   3.7615926E-04   2.9229450E-04
   3.7681159E-01   3.7414706E+06   2.0599363E+06   5.8012612E+06   5.0366411E-04   2.8920449E-04   3.9443281E-04
   3.9130435E-01   3.6508034E+06   2.0300046E+06   5.6806677E+06   1.0825120E-04   1.8154920E-04   1.3444551E-04
   4.0579710E-01   3.5765171E+06   1.9898436E+06   5.5662254E+06   2.7196015E-04   1.5531472E-04   1.6792675E-04
   4.2028986E-01   3.5374806E+06   1.9227438E+06   5.4600676E+06   2.6162388E-04   9.1850749E-05   1.3823844E-04
   4.3478261E-01   3.4344163E+06   1.8883808E+06   5.3226961E+06   1.1194717E-04   2.6921282E-04   1.5766695E-04
   4.4927536E-01   3.3632754E+06   1.8303252E+06   5.1934783E+06   1.6301543E-04   2.9445564E-04   9.0244260E-05
   4.6376812E-01   3.2958467E+06   1.7680602E+06   5.0637175E+06   1.3089145E-04   3.2779890E-04   1.9154194E-04
   4.7826087E-01   3.2110355E+06   1.7153092E+06   4.9262299E+06   2.6567689E-04   3.8843857E-04   8.5755107E-05
   4.9275362E-01   3.1133617E+06   1.6649704E+06   4.7780647E+06   2.7666343E-04   1.8139655E-04   1.2206210E-04
   5.0724638E-01   3.0231312E+06   1.6030461E+06   4.6260907E+06   2.8966530E-04   2.4477784E-04   1.8598830E-04
   5.2173913E-01   2.9507950E+06   1.5451514E+06   4.4959043E+06   4.4457123E-04   2.4103457E-04   3.6530598E-04
   5.3623188E-01   2.8696717E+06   1.4921269E+06   4.3617167E+06   3.2994849E-04   1.2053065E-04   1.7716533E-04
   5.5072464E-01   2.7883314E+06   1.4326009E+06   4.2208725E+06   4.3421110E-04   9.9335556E-05   3.1579745E-04
   5.6521739E-01   2.7033713E+06   1.3662964E+06   4.0696483E+06   2.0461725E-04   2.5981983E-04   2.2065211E-04
   5.7971014E-01   2.6283802E+06   1.3118127E+06   3.9400982E+06   3.6307878E-04   3.8068622E-04   2.5614289E-04
   5.9420290E-01   2.5439069E+06   1.2802608E+06   3.8240198E+06   3.7667051E-04   3.0738729E-04   3.5103362E-04
   6.0869565E-01   2.4667396E+06   1.2338840E+06   3.7004793E+06   4.1277934E-05   3.8286558E-04   1.1366117E-04
   6.2318841E-01   2.3987653E+06   1.1769942E+06   3.5756537E+06   3.1448012E-04   1.5766088E-04   1.7371036E-04
   6.3768116E-01   2.3133529E+06   1.1267028E+06   3.4399696E+06   5.5283527E-04   4.5202064E-04   5.1612150E-04
   6.5217391E-01   2.2411830E+06   1.0775521E+06   3.3186846E+06   3.6000062E-04   5.6066449E-04   1.1915232E-04
   6.6666667E-01   2.1608509E+06   1.0333387E+06   3.1941237E+06   1.8681928E-04   6.2081615E-04   2.1348548E-04
   6.8115942E-01   2.0920465E+06   9.8425159E+05   3.0762981E+06   1.2860922E-04   5.1613388E-04   2.4984167E-04
   6.9565217E-01   1.9981832E+06   9.3555223E+05   2.9336565E+06   1.6692656E-04   2.1571890E-04   1.8354498E-04
   7.1014493E-01   1.9374090E+06   8.9443857E+05   2.8316929E+06   3.7832252E-04   2.7476791E-04   1.9205938E-04
   7.2463768E-01   1.8482562E+06   8.5530286E+05   2.7033923E+06   2.0132669E-04   1.9834651E-04   1.9013457E-04
   7.3913043E-01   1.7824790E+06   8.1522067E+05   2.5976551E+06   4.3742842E-04   9.4919073E-05   3.2595952E-04
   7.5362319E-01   1.7102554E+06   7.6599893E+05   2.4761961E+06   4.5482251E-04   2.6318775E-04   2.4371088E-04
   7.6811594E-01   1.6328654E+06   7.2938589E+05   2.3622513E+06   5.8543134E-04   5.9871986E-04   5.7447179E-04
   7.8260870E-01   1.5704935E+06   6.8921764E+05   2.2597111E+06   2.5181126E-04   1.3602828E-04   1.9764168E-04
   7.9710145E-01   1.5027847E+06   6.4848483E+05   2.1511869E+06   4.4301171E-04   2.0171897E-04   2.5130910E-04
   8.1159420E-01   1.4217305E+06   6.1306310E+05   2.0347666E+06   4.7293375E-04   5.6150083E-04   3.1162542E-04
   8.2608696E-01   1.3604697E+06   5.7659774E+05   1.9370807E+06   7.3744487E-04   1.2323072E-04   4.8343133E-04
   8.4057971E-01   1.2819076E+06   5.4231737E+05   1.8241857E+06   3.0989491E-04   4.3373482E-04   2.7989148E-04
   8.5507246E-01   1.2127255E+06   5.0471685E+05   1.7174038E+06   7.2024982E-04   7.4593376E-05   5.1152362E-04
   8.6956522E-01   1.1400906E+06   4.6513666E+05   1.6052273E+06   1.0232293E-03   7.1306886E-04   6.9731033E-04
   8.8405797E-01   1.0638623E+06   4.3034475E+05   1.4942071E+06   6.9397584E-04   6.1112153E-04   4.6553620E-04
   8.9855072E-01   9.7789586E+05   3.9371754E+05   1.3715767E+06   4.4535104E-04   3.0389555E-04   4.0222431E-04
   9.1304348E-01   8.9491108E+05   3.5398331E+05   1.2488944E+06   9.3253820E-04   1.6569543E-04   7.0090246E-04
   9.2753623E-01   8.0472820E+05   3.1738511E+05   1.1221015E+06   8.7244101E-04   2.3621287E-04   5.7833526E-04
   9.4202899E-01   7.0265506E+05   2.7045371E+05   9.7310876E+05   1.0080390E-03   8.4160658E-04   9.6178189E-04
   9.5652174E-01   5.8400833E+05   2.2496743E+05   8.0897576E+05   3.6435250E-04   1.9597685E-04   2.5721016E-04
   9.7101449E-01   4.4885155E+05   1.7346515E+05   6.2229408E+05   6.0637051E-04   6.2594730E-04   4.6795228E-04
   9.8550725E-01   2.9704392E+05   1.1658002E+05   4.1362394E+05   3.6258546E-03   2.8146725E-04   2.6828466E-03
   1.0000000E+00   1.5126284E+05   5.7883423E+04   2.0914627E+05   6.8650392E-03   2.6818877E-03   5.6376849E-03
