   0.0000000E+00   4.1220876E+06   2.0246724E+06   6.1467600E+06   1.5535580E-03   1.9505546E-03   1.1012894E-03
   1.4492754E-02   4.0811698E+06   1.9928475E+06   6.0740173E+06   2.2413761E-03   1.4572839E-03   1.7847184E-03
   2.8985507E-02   4.0675305E+06   2.0561185E+06   6.1236490E+06   1.7558512E-03   5.1471745E-04   1.0137652E-03
   4.3478261E-02   4.0632367E+06   2.0660954E+06   6.1293320E+06   1.3924085E-03   1.2315736E-03   5.7383050E-04
   5.7971014E-02   4.1086377E+06   2.0826393E+06   6.1910876E+06   6.4874931E-04   9.1074906E-04   1.7269766E-04
   7.2463768E-02   4.1845251E+06   2.0901409E+06   6.2746659E+06   7.4207279E-04   6.7721189E-04   2.8651550E-04
   8.6956522E-02   4.1160257E+06   2.1139591E+06   6.2297321E+06   5.8767533E-04   5.1710028E-04   4.8189762E-04
   1.0144928E-01   4.1067163E+06   2.0928687E+06   6.1995851E+06   6.7244233E-04   6.2471570E-04   5.9496281E-04
   1.1594203E-01   4.1453880E+06   2.1433529E+06   6.2886462E+06   3.8258072E-04   3.6535293E-04   1.4442329E-04
   1.3043478E-01   4.1747924E+06   2.1591286E+06   6.3339209E+06   4.0741370E-04   5.5648416E-04   2.0344134E-04
   1.4492754E-01   4.1388335E+06   2.1793265E+06   6.3180085E+06   3.0735459E-04   2.2423717E-04   2.7756790E-04
   1.5942029E-01   4.1742336E+06   2.1986763E+06   6.3727722E+06   4.8075248E-04   3.1559489E-04   4.1322115E-04
   1.7391304E-01   4.1932517E+06   2.2258515E+06   6.4190400E+06   7.3231457E-04   6.9130058E-04   5.8217243E-04
   1.8840580E-01   4.2145897E+06   2.2660407E+06   6.4803973E+06   3.2716265E-04   6.1565482E-04   3.9282901E-04
   2.0289855E-01   4.1962375E+06   2.2650373E+06   6.4612207E+06   1.3412984E-04   1.3767746E-04   1.3491662E-04
   2.1739130E-01   4.1974571E+06   2.3029638E+06   6.5004209E+06   1.3950256E-04   1.0926313E-04   1.1664827E-04
   2.3188406E-01   4.1712931E+06   2.2598076E+06   6.4309586E+06   4.8490766E-05   2.6901205E-04   1.2498298E-04
   2.4637681E-01   4.1486083E+06   2.2810103E+06   6.4293512E+06   2.1903547E-04   3.3008847E-04   2.4503878E-04
   2.6086957E-01   4.1288230E+06   2.2795245E+06   6.4081370E+06   1.2919481E-04   2.0557895E-04   1.5264138E-04
   2.7536232E-01   4.0898638E+06   2.2692618E+06   6.3589661E+06   9.6880001E-05   4.3979225E-05   4.8162068E-05
   2.8985507E-01   4.0664697E+06   2.2537362E+06   6.3200922E+06   3.5101363E-04   1.9955198E-04   1.6647250E-04
   3.0434783E-01   4.0509325E+06   2.2341686E+06   6.2850289E+06   3.0645717E-04   2.7755056E-04   1.0317199E-04
   3.1884058E-01   3.9852472E+06   2.2123845E+06   6.1974595E+06   4.4402752E-04   1.8113828E-04   2.7648227E-04
   3.3333333E-01   3.9330487E+06   2.1669622E+06   6.0998791E+06   1.6159466E-04   2.4526029E-04   4.7114120E-05
   3.4782609E-01   3.8611420E+06   2.1277246E+06   5.9887403E+06   3.9607095E-04   4.1519533E-04   2.5693713E-04
   3.6231884E-01   3.7829549E+06   2.0981729E+06   5.8808247E+06   1.5160939E-05   1.1020939E-04   4.8291799E-05
   3.7681159E-01   3.7302794E+06   2.0601695E+06   5.7902740E+06   1.3856013E-04   2.0231533E-04   4.8040755E-05
   3.9130435E-01   3.6673614E+06   2.0002565E+06   5.6674214E+06   4.5896181E-04   2.5349048E-04   3.2959198E-04
   4.0579710E-01   3.5789798E+06   1.9469232E+06   5.5258218E+06   6.2086017E-05   2.3973477E-05   3.8133398E-05
   4.2028986E-01   3.5208627E+06   1.9000378E+06   5.4208482E+06   5.2228917E-04   2.2181860E-04   4.1398760E-04
   4.3478261E-01   3.4439637E+06   1.8589301E+06   5.3027676E+06   6.8787555E-05   8.9213340E-05   6.9470342E-05
   4.4927536E-01   3.3610999E+06   1.8035600E+06   5.1644399E+06   2.4484226E-04   7.0065490E-05   1.3787508E-04
   4.6376812E-01   3.2756720E+06   1.7539236E+06   5.0293825E+06   2.3568664E-04   1.2181334E-04   1.8218822E-04
   4.7826087E-01   3.2048358E+06   1.6986390E+06   4.9033600E+06   2.5294847E-04   7.3288935E-05   1.4802287E-04
   4.9275362E-01   3.1018174E+06   1.6394302E+06   4.7410916E+06   1.7550220E-04   2.3852775E-04   1.8048512E-04
   5.0724638E-01   3.0302323E+06   1.5850769E+06   4.6151793E+06   3.2304674E-04   1.3662677E-04   2.1887018E-04
   5.2173913E-01   2.9486692E+06   1.5318699E+06   4.4803286E+06   4.8153995E-04   5.1876085E-05   3.2371849E-04
   5.3623188E-01   2.8574865E+06   1.4713813E+06   4.3286425E+06   3.2116092E-04   8.1668243E-05   2.3896693E-04
   5.5072464E-01   2.7867561E+06   1.4227304E+06   4.2093469E+06   4.5532240E-04   1.8461015E-04   2.3892278E-04
   5.6521739E-01   2.6862543E+06   1.3747286E+06   4.0609246E+06   3.3826186E-04   2.5672519E-04   2.4827361E-04
   5.7971014E-01   2.6100619E+06   1.3158476E+06   3.9257580E+06   2.6713755E-04   2.2799262E-04   2.1553705E-04
   5.9420290E-01   2.5261093E+06   1.2711125E+06   3.7970924E+06   1.9397048E-04   9.9539980E-05   1.5985451E-04
   6.0869565E-01   2.4444766E+06   1.2285979E+06   3.6729482E+06   3.1425636E-04   5.0741798E-04   6.1801209E-05
   6.2318841E-01   2.3667641E+06   1.1700335E+06   3.5367448E+06   3.5969171E-04   2.1949513E-04   2.3219112E-04
   6.3768116E-01   2.2904830E+06   1.1169211E+06   3.4073008E+06   3.4116951E-04   1.8192090E-04   2.1414095E-04
   6.5217391E-01   2.2165482E+06   1.0747064E+06   3.2911198E+06   3.4401882E-04   1.5606319E-04   1.9270668E-04
   6.6666667E-01   2.1341983E+06   1.0364355E+06   3.1704691E+06   4.3752548E-04   3.1061500E-04   2.6354870E-04
   6.8115942E-01   2.0554817E+06   9.8618623E+05   3.0416357E+06   1.7820430E-05   2.5191480E-04   8.0152311E-05
   6.9565217E-01   1.9882695E+06   9.4054066E+05   2.9286681E+06   2.8132978E-04   1.3884932E-04   1.5871815E-04
   7.1014493E-01   1.9174913E+06   8.9689735E+05   2.8143423E+06   3.7900833E-04   3.3923891E-04   2.1443309E-04
   7.2463768E-01   1.8266152E+06   8.6139506E+05   2.6878890E+06   2.2372449E-04   3.6096450E-04   1.6310600E-04
   7.3913043E-01   1.7710535E+06   8.1569611E+05   2.5866307E+06   3.3230719E-04   3.9274074E-04   2.6552764E-04
   7.5362319E-01   1.6946490E+06   7.7482948E+05   2.4693764E+06   1.0344200E-04   3.8517412E-04   1.0372163E-04
   7.6811594E-01   1.6190117E+06   7.3584810E+05   2.3547311E+06   3.4569998E-04   4.8584296E-04   3.3685007E-04
   7.8260870E-01   1.5487998E+06   7.0000837E+05   2.2487239E+06   5.7372177E-04   2.5442196E-04   3.4413894E-04
   7.9710145E-01   1.4706705E+06   6.6206898E+05   2.1327394E+06   1.3273991E-04   2.0993868E-04   7.4440486E-05
   8.1159420E-01   1.4016234E+06   6.2123583E+05   2.0227781E+06   1.3802006E-04   3.8802800E-04   5.6517692E-05
   8.2608696E-01   1.3344408E+06   5.8636855E+05   1.9207429E+06   4.0219894E-04   2.9150686E-04   2.7481235E-04
   8.4057971E-01   1.2734810E+06   5.5095296E+05   1.8243817E+06   5.2606748E-04   5.1308878E-04   3.7042235E-04
   8.5507246E-01   1.1997412E+06   5.1599300E+05   1.7156828E+06   4.2380162E-04   4.3252003E-04   3.8990607E-04
   8.6956522E-01   1.1204273E+06   4.8022825E+05   1.6006303E+06   3.3356623E-05   5.3130406E-04   1.4536398E-04
   8.8405797E-01   1.0612785E+06   4.4496534E+05   1.5062439E+06   4.1529078E-04   6.8565425E-04   4.8269645E-04
   8.9855072E-01   9.8541211E+05   4.1024109E+05   1.3956410E+06   8.3059991E-04   4.6759955E-04   6.5686445E-04
   9.1304348E-01   9.1393869E+05   3.6664833E+05   1.2805630E+06   7.3658464E-04   2.5219825E-04   4.8506830E-04
   9.2753623E-01   8.3090563E+05   3.3141508E+05   1.1623207E+06   2.7619785E-04   5.9037092E-04   2.8432807E-04
   9.4202899E-01   7.4955313E+05   2.9440985E+05   1.0439280E+06   4.7695282E-04   1.7118121E-04   2.9667784E-04
   9.5652174E-01   6.5241128E+05   2.5387623E+05   9.0628752E+05   6.8813342E-04   6.0266527E-04   3.2777413E-04
   9.7101449E-01   5.2839128E+05   2.0000856E+05   7.2839983E+05   2.2525172E-04   3.1010116E-04   1.9041096E-04
   9.8550725E-01   3.4537192E+05   1.3468770E+05   4.8005962E+05   7.3442005E-04   3.1774734E-04   6.0484618E-04
   1.0000000E+00   1.4692979E+05   6.1888212E+04   2.0881801E+05   1.8608908E-04   1.5907298E-03   5.4815106E-04
