   0.0000000E+00   4.1948303E+06   1.8367537E+06   6.0315840E+06   1.8667410E-03   2.4016374E-04   1.3709937E-03
   1.4492754E-02   4.0576799E+06   2.0398272E+06   6.0975071E+06   4.2163717E-04   1.4886104E-04   3.2750208E-04
   2.8985507E-02   4.1243608E+06   2.0875646E+06   6.2119253E+06   1.8580640E-03   5.8945980E-05   1.2475156E-03
   4.3478261E-02   4.1849797E+06   2.0729150E+06   6.2576421E+06   3.5167719E-03   5.5359313E-05   2.3599670E-03
   5.7971014E-02   4.1544808E+06   2.1082129E+06   6.2626937E+06   2.6354004E-03   4.7967768E-05   1.7643857E-03
   7.2463768E-02   4.1990736E+06   2.1159039E+06   6.3149775E+06   1.4404577E-03   1.9684095E-05   9.6302243E-04
   8.6956522E-02   4.2234980E+06   2.1214101E+06   6.3447818E+06   8.8074767E-04   9.5437609E-06   5.9078631E-04
   1.0144928E-01   4.2474389E+06   2.1302143E+06   6.3775449E+06   1.0867998E-03   2.3257232E-05   7.1760755E-04
   1.1594203E-01   4.3174889E+06   2.1322710E+06   6.4497599E+06   1.3978078E-03   2.8969754E-05   9.3199140E-04
   1.3043478E-01   4.3136266E+06   2.1809346E+06   6.4943927E+06   2.2690299E-03   3.9125598E-05   1.4942654E-03
   1.4492754E-01   4.3575163E+06   2.1912229E+06   6.5485877E+06   1.0954166E-03   1.0654794E-05   7.2979611E-04
   1.5942029E-01   4.4038278E+06   2.2265748E+06   6.6304026E+06   1.3986119E-03   4.1349871E-05   9.4233999E-04
   1.7391304E-01   4.4678681E+06   2.2326080E+06   6.7004129E+06   5.5311649E-04   1.8167315E-05   3.7164530E-04
   1.8840580E-01   4.5066098E+06   2.2621937E+06   6.7686286E+06   3.3162462E-04   2.3329364E-05   2.1603068E-04
   2.0289855E-01   4.5607630E+06   2.3027077E+06   6.8633624E+06   2.1832241E-04   2.2968139E-05   1.4859462E-04
   2.1739130E-01   4.6020380E+06   2.3047319E+06   6.9065678E+06   7.5857685E-04   3.7277509E-05   5.1385447E-04
   2.3188406E-01   4.6094070E+06   2.2840552E+06   6.8934621E+06   2.0250138E-03   2.1202171E-05   1.3578517E-03
   2.4637681E-01   4.5966982E+06   2.3249590E+06   6.9217017E+06   1.0611940E-03   8.8895232E-06   7.0174909E-04
   2.6086957E-01   4.5829178E+06   2.2987205E+06   6.8815120E+06   7.9379841E-04   1.6163606E-05   5.3393645E-04
   2.7536232E-01   4.5973879E+06   2.3122534E+06   6.9095615E+06   4.9979228E-04   6.0322800E-06   3.3325917E-04
   2.8985507E-01   4.5833219E+06   2.2705201E+06   6.8536525E+06   8.8909687E-04   1.5788670E-05   6.0088234E-04
   3.0434783E-01   4.5267190E+06   2.2704678E+06   6.7971146E+06   1.2767419E-03   4.4069281E-06   8.4809771E-04
   3.1884058E-01   4.4938952E+06   2.2349443E+06   6.7288051E+06   6.8237805E-04   3.7025677E-05   4.4356568E-04
   3.3333333E-01   4.4271260E+06   2.2109439E+06   6.6379710E+06   9.0599248E-04   2.1332139E-05   6.0901957E-04
   3.4782609E-01   4.3527868E+06   2.2028353E+06   6.5554642E+06   5.1601181E-04   2.1383765E-05   3.4667672E-04
   3.6231884E-01   4.2667850E+06   2.1384542E+06   6.4051179E+06   1.1057000E-03   1.7955875E-05   7.3347010E-04
   3.7681159E-01   4.2189030E+06   2.1075863E+06   6.3263144E+06   1.1249371E-03   1.7705981E-05   7.5170534E-04
   3.9130435E-01   4.1028635E+06   2.0790891E+06   6.1818684E+06   1.1176181E-03   3.1085760E-05   7.3509401E-04
   4.0579710E-01   4.0197931E+06   2.0015073E+06   6.0212192E+06   3.0939409E-04   1.5324396E-05   2.1205820E-04
   4.2028986E-01   3.9217054E+06   1.9568681E+06   5.8784951E+06   8.6747596E-04   2.4790036E-05   5.7266016E-04
   4.3478261E-01   3.8091423E+06   1.9069959E+06   5.7159867E+06   5.3111369E-04   2.3200423E-05   3.5557017E-04
   4.4927536E-01   3.6929153E+06   1.8571882E+06   5.5499568E+06   2.3723936E-04   4.0972105E-05   1.4431156E-04
   4.6376812E-01   3.5738414E+06   1.7938232E+06   5.3675225E+06   4.9561815E-04   3.8621706E-05   3.3148610E-04
   4.7826087E-01   3.4648773E+06   1.7440113E+06   5.2087738E+06   7.9252842E-04   2.6438952E-05   5.3252693E-04
   4.9275362E-01   3.3424434E+06   1.6860756E+06   5.0283183E+06   7.0344718E-04   9.6638562E-06   4.7018385E-04
   5.0724638E-01   3.2391295E+06   1.6170534E+06   4.8560963E+06   9.6311909E-04   2.9367797E-05   6.5015383E-04
   5.2173913E-01   3.1146977E+06   1.5589169E+06   4.6734673E+06   4.8853382E-04   3.6943185E-05   3.3627641E-04
   5.3623188E-01   3.0031153E+06   1.5158010E+06   4.5186910E+06   8.3674536E-04   5.6215516E-05   5.6238236E-04
   5.5072464E-01   2.8858003E+06   1.4586232E+06   4.3443437E+06   6.5201652E-04   5.0792160E-05   4.4408125E-04
   5.6521739E-01   2.7830891E+06   1.3959064E+06   4.1789372E+06   6.2575443E-04   1.3922114E-05   4.2096175E-04
   5.7971014E-01   2.6753220E+06   1.3448500E+06   4.0201341E+06   6.5085878E-04   6.4554171E-05   4.4999407E-04
   5.9420290E-01   2.5703907E+06   1.2991488E+06   3.8694101E+06   7.8012970E-04   7.7183706E-05   5.4052420E-04
   6.0869565E-01   2.4503039E+06   1.2411005E+06   3.6913143E+06   7.3378166E-04   4.6378570E-05   4.9988960E-04
   6.2318841E-01   2.3565611E+06   1.1836904E+06   3.5401987E+06   1.3419849E-03   7.5560724E-05   9.1917663E-04
   6.3768116E-01   2.2557821E+06   1.1374316E+06   3.3931104E+06   6.8715966E-04   4.5564395E-05   4.7209582E-04
   6.5217391E-01   2.1575794E+06   1.0818459E+06   3.2394085E+06   7.6142809E-04   9.3126661E-05   5.3681772E-04
   6.6666667E-01   2.0572716E+06   1.0279851E+06   3.0851908E+06   1.1198648E-03   1.1650505E-04   7.8545114E-04
   6.8115942E-01   1.9639406E+06   9.8666989E+05   2.9505138E+06   1.2421248E-03   1.0213014E-04   8.5350160E-04
   6.9565217E-01   1.8763928E+06   9.3986185E+05   2.8162389E+06   1.1057523E-03   7.0794818E-05   7.5674897E-04
   7.1014493E-01   1.7916916E+06   8.9510352E+05   2.6867642E+06   2.8075105E-04   9.2124911E-05   1.9472167E-04
   7.2463768E-01   1.6982849E+06   8.5112015E+05   2.5493445E+06   2.1083062E-03   4.5799886E-05   1.4198865E-03
   7.3913043E-01   1.6147963E+06   8.1141713E+05   2.4262134E+06   1.2751138E-03   7.0124698E-05   8.7251315E-04
   7.5362319E-01   1.5253531E+06   7.6509547E+05   2.2904194E+06   5.4390949E-04   7.7055723E-05   3.8160970E-04
   7.6811594E-01   1.4411151E+06   7.2681245E+05   2.1678990E+06   1.5896012E-03   1.5177228E-04   1.0763249E-03
   7.8260870E-01   1.3604741E+06   6.7747272E+05   2.0379328E+06   7.5621301E-04   1.0682807E-04   5.4045892E-04
   7.9710145E-01   1.2901776E+06   6.4307046E+05   1.9331792E+06   9.9545105E-04   1.2120956E-04   6.5853047E-04
   8.1159420E-01   1.2043142E+06   6.0712299E+05   1.8113966E+06   1.3159824E-03   1.1680013E-04   9.1406671E-04
   8.2608696E-01   1.1276185E+06   5.6576343E+05   1.6933155E+06   6.6775563E-04   1.3149951E-04   4.5224329E-04
   8.4057971E-01   1.0530058E+06   5.2538587E+05   1.5783786E+06   2.4412122E-04   7.5422645E-05   1.3638349E-04
   8.5507246E-01   9.7265136E+05   4.9236189E+05   1.4650004E+06   1.1543428E-03   1.2589468E-04   7.8043349E-04
   8.6956522E-01   9.0069634E+05   4.4932522E+05   1.3500216E+06   1.2979173E-03   1.6037075E-04   9.1919185E-04
   8.8405797E-01   8.2346102E+05   4.1172430E+05   1.2351356E+06   1.1930650E-03   1.3225204E-04   8.2887133E-04
   8.9855072E-01   7.3953878E+05   3.7198760E+05   1.1115386E+06   1.0771142E-03   1.9124335E-04   7.6500509E-04
   9.1304348E-01   6.6105911E+05   3.3283885E+05   9.9389795E+05   3.1145622E-04   1.0096842E-04   2.3775291E-04
   9.2753623E-01   5.7847276E+05   2.9208381E+05   8.7055657E+05   1.2331558E-03   1.4131261E-04   8.6407276E-04
   9.4202899E-01   4.9670223E+05   2.4851432E+05   7.4520489E+05   1.3944213E-03   2.4897220E-04   1.0083730E-03
   9.5652174E-01   4.0577948E+05   2.0452002E+05   6.1029949E+05   4.1193167E-03   1.1220030E-04   2.7761118E-03
   9.7101449E-01   3.1582917E+05   1.6185029E+05   4.7767947E+05   6.4352443E-03   1.9581616E-04   4.3172576E-03
   9.8550725E-01   2.1768215E+05   1.0999439E+05   3.2767654E+05   1.1218603E-02   2.9673813E-04   7.5519598E-03
   1.0000000E+00   1.1445380E+05   5.7664582E+04   1.7211838E+05   1.7202077E-02   1.6925126E-04   1.1494183E-02
