   0.0000000E+00   4.2615111E+06   1.9398059E+06   6.2013170E+06   6.6960965E-03   1.6930116E-03   4.6897441E-03
   1.4492754E-02   4.1971035E+06   2.0072445E+06   6.2043480E+06   1.3587271E-03   2.1406020E-04   9.8801736E-04
   2.8985507E-02   4.2778024E+06   1.9826180E+06   6.2604205E+06   1.1878718E-03   1.2206715E-04   7.9683561E-04
   4.3478261E-02   4.2569647E+06   1.9855227E+06   6.2424874E+06   1.1715404E-03   9.2360541E-05   8.1216849E-04
   5.7971014E-02   4.2615111E+06   1.9941735E+06   6.2556846E+06   3.8915767E-04   9.4757360E-05   2.7471364E-04
   7.2463768E-02   4.3245548E+06   2.0439189E+06   6.3683222E+06   8.5328925E-04   7.5080691E-05   5.7051879E-04
   8.6956522E-02   4.3283182E+06   2.0542242E+06   6.3825424E+06   2.0259132E-04   7.3291635E-05   1.5415872E-04
   1.0144928E-01   4.3615324E+06   2.0931935E+06   6.4547258E+06   3.8666698E-04   1.0204299E-04   2.9272282E-04
   1.1594203E-01   4.4503770E+06   2.1138959E+06   6.5642729E+06   4.4004271E-04   1.3584680E-04   3.2823119E-04
   1.3043478E-01   4.4960727E+06   2.1166953E+06   6.6126838E+06   6.6878064E-04   1.0674138E-04   4.7369904E-04
   1.4492754E-01   4.5111096E+06   2.1793265E+06   6.6904361E+06   3.8630425E-04   2.5733905E-05   2.5238325E-04
   1.5942029E-01   4.5887156E+06   2.2522001E+06   6.8408468E+06   1.4122633E-04   5.2846779E-05   8.3435936E-05
   1.7391304E-01   4.5942207E+06   2.2962579E+06   6.8899734E+06   3.7273317E-04   4.2246558E-05   2.3489396E-04
   1.8840580E-01   4.6713301E+06   2.3418144E+06   7.0128530E+06   1.9100525E-04   3.5956663E-05   1.1965066E-04
   2.0289855E-01   4.7356919E+06   2.3676024E+06   7.1031319E+06   1.7004924E-04   4.2990499E-05   1.2730642E-04
   2.1739130E-01   4.7157490E+06   2.3874767E+06   7.1030742E+06   1.4139243E-04   5.1573922E-05   7.7587793E-05
   2.3188406E-01   4.7419635E+06   2.4061455E+06   7.1480143E+06   3.0015298E-04   6.6022326E-05   1.9055012E-04
   2.4637681E-01   4.7402670E+06   2.4349645E+06   7.1750087E+06   1.5853036E-04   4.1126040E-05   1.1620187E-04
   2.6086957E-01   4.7081548E+06   2.4458056E+06   7.1537499E+06   5.1951172E-05   2.9334710E-05   2.2926999E-05
   2.7536232E-01   4.6960532E+06   2.4463728E+06   7.1423063E+06   1.5862049E-04   4.3397494E-05   8.9446110E-05
   2.8985507E-01   4.6739851E+06   2.4207414E+06   7.0944613E+06   4.9324648E-05   1.0557982E-05   3.0016854E-05
   3.0434783E-01   4.6401990E+06   2.3967572E+06   7.0365954E+06   1.5557552E-04   2.0809755E-05   1.0058069E-04
   3.1884058E-01   4.5765574E+06   2.3810153E+06   6.9575727E+06   1.6376013E-04   1.8715185E-05   1.1408705E-04
   3.3333333E-01   4.5131126E+06   2.3260869E+06   6.8392654E+06   1.6060939E-04   2.0637638E-05   1.0096278E-04
   3.4782609E-01   4.4542920E+06   2.2829659E+06   6.7370369E+06   2.0643027E-04   3.8679080E-05   1.3427300E-04
   3.6231884E-01   4.3653817E+06   2.2453253E+06   6.6105555E+06   2.4262895E-04   2.3464436E-05   1.6049437E-04
   3.7681159E-01   4.2888479E+06   2.2151266E+06   6.5038580E+06   1.3325131E-04   1.1515715E-05   8.6281307E-05
   3.9130435E-01   4.1869442E+06   2.1351617E+06   6.3219655E+06   1.6533783E-04   8.5789540E-06   1.0951467E-04
   4.0579710E-01   4.0916428E+06   2.0810426E+06   6.1725501E+06   5.3923239E-05   3.4549612E-05   3.6293612E-05
   4.2028986E-01   3.9702528E+06   2.0333472E+06   6.0033387E+06   3.9768615E-05   2.4607540E-05   2.5613611E-05
   4.3478261E-01   3.8748633E+06   1.9573096E+06   5.8321477E+06   9.3886104E-05   2.2419847E-05   5.4907301E-05
   4.4927536E-01   3.7599872E+06   1.8999147E+06   5.6599019E+06   2.3837161E-04   1.3049011E-05   1.5406212E-04
   4.6376812E-01   3.6371124E+06   1.8323020E+06   5.4692960E+06   7.5913012E-05   1.1879380E-06   5.0853714E-05
   4.7826087E-01   3.5301804E+06   1.7675241E+06   5.2974749E+06   9.1340024E-05   2.2972469E-05   5.8118102E-05
   4.9275362E-01   3.3944598E+06   1.6950570E+06   5.0895167E+06   5.7314101E-05   2.7974745E-05   4.6194647E-05
   5.0724638E-01   3.2976484E+06   1.6403484E+06   4.9378236E+06   8.1312210E-05   3.5299347E-06   5.3136609E-05
   5.2173913E-01   3.1701809E+06   1.5736297E+06   4.7437053E+06   1.6491919E-04   1.7232990E-05   1.0607792E-04
   5.3623188E-01   3.0352269E+06   1.5141217E+06   4.5491234E+06   1.8947116E-04   5.6453026E-06   1.2648080E-04
   5.5072464E-01   2.9300880E+06   1.4461006E+06   4.3761487E+06   5.4522870E-05   1.2711359E-05   3.7257956E-05
   5.6521739E-01   2.8076087E+06   1.3918651E+06   4.1993767E+06   1.5922474E-04   3.9614193E-05   1.2027614E-04
   5.7971014E-01   2.6824447E+06   1.3337681E+06   4.0162128E+06   6.6545623E-05   3.4770421E-05   3.5622070E-05
   5.9420290E-01   2.5849540E+06   1.2581201E+06   3.8430187E+06   1.4860631E-04   1.1226409E-05   1.0148580E-04
   6.0869565E-01   2.4597035E+06   1.2104302E+06   3.6700435E+06   1.6258567E-04   2.4335553E-05   1.1087138E-04
   6.2318841E-01   2.3559267E+06   1.1517421E+06   3.5076336E+06   7.7698605E-05   2.0755770E-05   5.2314181E-05
   6.3768116E-01   2.2516146E+06   1.0990282E+06   3.3505738E+06   1.9636999E-04   2.6031934E-05   1.3852136E-04
   6.5217391E-01   2.1519385E+06   1.0523279E+06   3.2042664E+06   1.8243183E-04   1.7360229E-05   1.2157980E-04
   6.6666667E-01   2.0419851E+06   1.0056978E+06   3.0477158E+06   2.0772196E-04   3.3519816E-06   1.3935084E-04
   6.8115942E-01   1.9477218E+06   9.5184625E+05   2.8994069E+06   2.1888285E-04   3.9937092E-05   1.5773325E-04
   6.9565217E-01   1.8483250E+06   8.9711288E+05   2.7454379E+06   8.3947385E-05   2.7353600E-05   5.1561489E-05
   7.1014493E-01   1.7596811E+06   8.5611874E+05   2.6157380E+06   4.2385698E-05   4.7880660E-05   4.1824331E-05
   7.2463768E-01   1.6594130E+06   8.1115712E+05   2.4705853E+06   2.5756981E-04   8.8490390E-06   1.7587484E-04
   7.3913043E-01   1.5712339E+06   7.6461574E+05   2.3357308E+06   4.6361805E-04   1.1530501E-05   3.1557734E-04
   7.5362319E-01   1.4819435E+06   7.2787894E+05   2.2097496E+06   1.8332054E-04   6.0376176E-06   1.2233574E-04
   7.6811594E-01   1.4008836E+06   6.8841093E+05   2.0892659E+06   4.9000271E-05   3.0245598E-05   4.0876646E-05
   7.8260870E-01   1.3121754E+06   6.4689665E+05   1.9589738E+06   1.6691556E-04   4.1310301E-05   1.1931629E-04
   7.9710145E-01   1.2346286E+06   6.0839367E+05   1.8430085E+06   1.9398996E-04   1.2281008E-05   1.3097899E-04
   8.1159420E-01   1.1557243E+06   5.6627286E+05   1.7220378E+06   5.7422462E-05   2.6157349E-05   3.5575218E-05
   8.2608696E-01   1.0687942E+06   5.3169187E+05   1.6005127E+06   1.5547178E-04   4.2169776E-05   9.3248686E-05
   8.4057971E-01   9.9356263E+05   4.9329965E+05   1.4868623E+06   1.2453588E-04   5.9545973E-05   7.4055002E-05
   8.5507246E-01   9.1383044E+05   4.6175703E+05   1.3755618E+06   4.0739495E-04   8.5808091E-06   2.7129563E-04
   8.6956522E-01   8.3044152E+05   4.2622688E+05   1.2566810E+06   3.0592540E-04   6.8395276E-05   2.1958681E-04
   8.8405797E-01   7.5091705E+05   3.9007291E+05   1.1409900E+06   3.2354791E-04   3.7925076E-05   2.1190649E-04
   8.9855072E-01   6.7097583E+05   3.5337417E+05   1.0243256E+06   3.6271870E-04   5.8252197E-05   2.5284948E-04
   9.1304348E-01   5.8814800E+05   3.1626486E+05   9.0440083E+05   1.0967366E-03   4.1365268E-05   7.2641092E-04
   9.2753623E-01   5.1327189E+05   2.7552016E+05   7.8878021E+05   1.9295226E-04   2.8923633E-05   1.3490980E-04
   9.4202899E-01   4.3944065E+05   2.4094861E+05   6.8038925E+05   7.2881094E-04   2.2573431E-04   4.5947721E-04
   9.5652174E-01   3.6706602E+05   1.9737893E+05   5.6444494E+05   2.8767336E-04   1.0075470E-04   2.1283879E-04
   9.7101449E-01   2.8883339E+05   1.5194317E+05   4.4076525E+05   1.0521320E-03   1.5915176E-04   7.4003281E-04
   9.8550725E-01   1.9891702E+05   9.9742663E+04   2.9865969E+05   8.3264021E-04   3.3576177E-04   6.2039025E-04
   1.0000000E+00   1.0364306E+05   4.4402823E+04   1.4804588E+05   2.0326460E-03   4.7783105E-04   1.5596121E-03
