   0.0000000E+00   4.4676155E+06   2.0367962E+06   6.5044117E+06   3.2263042E-03   7.1400315E-06   2.2181677E-03
   1.4492754E-02   4.2895474E+06   2.1004461E+06   6.3899935E+06   1.5772141E-03   4.9452312E-05   1.0678591E-03
   2.8985507E-02   4.3153104E+06   2.0292188E+06   6.3445293E+06   2.1247018E-03   6.1910136E-05   1.4258281E-03
   4.3478261E-02   4.3059650E+06   2.0537190E+06   6.3596840E+06   5.9243422E-04   6.1134755E-05   4.0631813E-04
   5.7971014E-02   4.2796968E+06   2.0566868E+06   6.3363836E+06   9.0673268E-04   1.9817573E-05   6.0599581E-04
   7.2463768E-02   4.2986402E+06   2.0427066E+06   6.3413468E+06   1.2238842E-03   1.9060929E-05   8.2424923E-04
   8.6956522E-02   4.2828540E+06   2.0909744E+06   6.3738284E+06   8.1678901E-04   8.0601087E-06   5.4864181E-04
   1.0144928E-01   4.2706040E+06   2.1071575E+06   6.3778697E+06   1.5486868E-04   4.7172377E-05   1.1401515E-04
   1.1594203E-01   4.1875371E+06   2.1435424E+06   6.3310794E+06   5.3392685E-04   5.5446998E-06   3.5164449E-04
   1.3043478E-01   4.2187411E+06   2.1704946E+06   6.3891515E+06   4.2476297E-04   6.4464478E-05   2.8378147E-04
   1.4492754E-01   4.2061963E+06   2.2325196E+06   6.4387159E+06   3.0820913E-04   2.8074819E-05   1.9398643E-04
   1.5942029E-01   4.1973790E+06   2.2608107E+06   6.4581209E+06   1.3430675E-04   1.9856994E-05   8.8124682E-05
   1.7391304E-01   4.1707721E+06   2.2793351E+06   6.4500441E+06   1.1289764E-03   1.2530942E-05   7.2905868E-04
   1.8840580E-01   4.1519890E+06   2.3248527E+06   6.4768417E+06   2.2931463E-04   1.9569721E-05   1.4097949E-04
   2.0289855E-01   4.1244149E+06   2.3558575E+06   6.4801641E+06   4.6469331E-04   1.6328725E-05   3.0154118E-04
   2.1739130E-01   4.1130958E+06   2.3687859E+06   6.4818311E+06   2.0137683E-04   3.6784304E-05   1.2567761E-04
   2.3188406E-01   4.0662992E+06   2.4035881E+06   6.4697926E+06   8.2803996E-05   1.2697755E-05   5.6729450E-05
   2.4637681E-01   4.0347250E+06   2.4021144E+06   6.4365274E+06   2.0774628E-04   1.2528449E-05   1.3248059E-04
   2.6086957E-01   3.9901993E+06   2.3936060E+06   6.3837211E+06   4.0584138E-04   3.0762866E-05   2.4048993E-04
   2.7536232E-01   3.9374790E+06   2.3975187E+06   6.3347584E+06   5.7179279E-04   2.2426566E-05   3.4474647E-04
   2.8985507E-01   3.8680185E+06   2.4227115E+06   6.2905784E+06   3.5050093E-04   6.6854793E-06   2.1267878E-04
   3.0434783E-01   3.8393074E+06   2.3668447E+06   6.2061160E+06   3.0389755E-04   9.7607407E-06   1.9104091E-04
   3.1884058E-01   3.7732187E+06   2.3512914E+06   6.1242690E+06   8.6472270E-04   1.3777371E-05   5.3337569E-04
   3.3333333E-01   3.7122509E+06   2.3339937E+06   6.0460139E+06   7.3349766E-04   1.8995392E-05   4.4383794E-04
   3.4782609E-01   3.6530170E+06   2.2937952E+06   5.9466228E+06   2.4649200E-04   1.2183103E-05   1.4809453E-04
   3.6231884E-01   3.5861252E+06   2.2409002E+06   5.8269345E+06   1.8878843E-04   2.3046513E-05   1.2472199E-04
   3.7681159E-01   3.5216978E+06   2.1944346E+06   5.7158701E+06   6.0066076E-04   3.5385882E-06   3.6883804E-04
   3.9130435E-01   3.4859816E+06   2.1392871E+06   5.6251565E+06   2.7297318E-04   1.0010821E-05   1.7215979E-04
   4.0579710E-01   3.3909528E+06   2.0806096E+06   5.4714813E+06   5.7268753E-04   3.5439964E-05   3.4242389E-04
   4.2028986E-01   3.3538732E+06   2.0229479E+06   5.3767427E+06   1.1707733E-04   1.7377804E-05   8.0459321E-05
   4.3478261E-01   3.2761503E+06   1.9680695E+06   5.2441693E+06   5.4805859E-04   1.2107478E-06   3.4312578E-04
   4.4927536E-01   3.1956689E+06   1.9094231E+06   5.1050431E+06   1.4227110E-04   2.1477639E-05   9.4482183E-05
   4.6376812E-01   3.1417184E+06   1.8291290E+06   4.9707763E+06   5.0235025E-04   1.7824640E-05   3.0979400E-04
   4.7826087E-01   3.0747118E+06   1.7673864E+06   4.8420293E+06   5.8241130E-04   1.7608731E-05   3.7307273E-04
   4.9275362E-01   2.9850591E+06   1.7084288E+06   4.6933319E+06   3.3472865E-04   1.4710453E-05   2.0948570E-04
   5.0724638E-01   2.9199275E+06   1.6361700E+06   4.5559459E+06   6.1211627E-04   3.3083856E-05   3.9954698E-04
   5.2173913E-01   2.8761580E+06   1.5821542E+06   4.4583332E+06   6.7245161E-04   2.4368170E-05   4.2530822E-04
   5.3623188E-01   2.7791734E+06   1.5304847E+06   4.3094124E+06   1.7132937E-04   3.5914524E-05   1.1953967E-04
   5.5072464E-01   2.7339140E+06   1.4455821E+06   4.1795758E+06   3.7685815E-04   2.6053507E-05   2.3514007E-04
   5.6521739E-01   2.6581209E+06   1.3990734E+06   4.0571554E+06   3.1670869E-04   1.2240333E-05   2.1186979E-04
   5.7971014E-01   2.5931454E+06   1.3354351E+06   3.9285806E+06   6.1653187E-04   6.1886733E-06   4.0753656E-04
   5.9420290E-01   2.5106034E+06   1.2729237E+06   3.7834347E+06   4.1458174E-04   2.1389768E-05   2.8030752E-04
   6.0869565E-01   2.4477782E+06   1.2112060E+06   3.6588579E+06   1.7612040E-04   1.0722100E-05   1.2308369E-04
   6.2318841E-01   2.3783769E+06   1.1692582E+06   3.5475646E+06   2.2426012E-04   1.3653778E-05   1.4942141E-04
   6.3768116E-01   2.3182093E+06   1.1056584E+06   3.4238332E+06   1.4085270E-04   3.6864376E-05   1.0825181E-04
   6.5217391E-01   2.2439109E+06   1.0476804E+06   3.2915408E+06   6.5705238E-04   5.7953777E-06   4.4623385E-04
   6.6666667E-01   2.1768128E+06   1.0020409E+06   3.1787878E+06   5.3697688E-04   1.5476651E-05   3.7128004E-04
   6.8115942E-01   2.1125860E+06   9.5176564E+05   3.0644000E+06   3.0667550E-04   2.0547898E-05   2.1484949E-04
   6.9565217E-01   2.0396219E+06   9.0445345E+05   2.9440754E+06   4.1208408E-04   1.0611869E-05   2.8502533E-04
   7.1014493E-01   1.9938062E+06   8.5774246E+05   2.8514869E+06   2.3658375E-04   3.3479748E-05   1.5544041E-04
   7.2463768E-01   1.9168010E+06   8.1749180E+05   2.7341867E+06   4.3998140E-04   5.1945659E-05   3.0752794E-04
   7.3913043E-01   1.8454751E+06   7.7228226E+05   2.6177722E+06   6.5308632E-04   2.2767342E-05   4.6074467E-04
   7.5362319E-01   1.7700875E+06   7.3057474E+05   2.5006622E+06   1.8742326E-04   1.0531355E-05   1.3020625E-04
   7.6811594E-01   1.7062943E+06   6.9508759E+05   2.4013533E+06   1.5803614E-04   2.5641633E-05   1.1895032E-04
   7.8260870E-01   1.6360798E+06   6.4712116E+05   2.2831589E+06   4.0574042E-04   4.1479579E-05   3.0249960E-04
   7.9710145E-01   1.5744391E+06   6.0537650E+05   2.1798293E+06   2.9766663E-04   5.9609900E-05   2.0786769E-04
   8.1159420E-01   1.5065564E+06   5.7015626E+05   2.0766992E+06   5.4742285E-04   4.3507361E-05   3.8761254E-04
   8.2608696E-01   1.4387426E+06   5.3649087E+05   1.9752201E+06   3.6413790E-04   6.2654998E-05   2.6872331E-04
   8.4057971E-01   1.3637562E+06   4.9463222E+05   1.8583492E+06   5.2333593E-04   4.0494617E-05   3.6766422E-04
   8.5507246E-01   1.2916200E+06   4.5695375E+05   1.7486122E+06   3.3758647E-04   5.7254532E-05   2.6287066E-04
   8.6956522E-01   1.2231007E+06   4.2430729E+05   1.6474080E+06   7.7306499E-04   1.8643180E-05   5.6929538E-04
   8.8405797E-01   1.1431762E+06   3.8865681E+05   1.5318082E+06   4.8657722E-04   3.2600318E-05   3.5673930E-04
   8.9855072E-01   1.0659155E+06   3.5114985E+05   1.4170532E+06   9.5489602E-04   3.2004433E-05   7.1340062E-04
   9.1304348E-01   9.8968830E+05   3.1205521E+05   1.3017435E+06   5.7722260E-04   1.5876376E-05   4.4017026E-04
   9.2753623E-01   8.9089707E+05   2.7761578E+05   1.1685128E+06   4.8810615E-04   5.4783387E-05   3.7431230E-04
   9.4202899E-01   8.1047516E+05   2.3345284E+05   1.0439163E+06   5.9474045E-04   9.9615972E-05   4.7040835E-04
   9.5652174E-01   6.7867949E+05   1.9130555E+05   8.6998504E+05   8.3258804E-04   1.6129672E-04   6.3842005E-04
   9.7101449E-01   5.0228895E+05   1.4709139E+05   6.4939165E+05   2.1920770E-03   5.5909529E-05   1.7017841E-03
   9.8550725E-01   3.0056517E+05   9.2120723E+04   3.9267475E+05   7.8198952E-04   1.5888005E-04   6.3184811E-04
   1.0000000E+00   1.3504673E+05   4.2914704E+04   1.7796144E+05   2.7631480E-03   4.2819439E-04   2.0708888E-03
