   0.0000000E+00   3.8674880E+06   1.9276821E+06   5.7951702E+06   3.3563688E-03   2.2755471E-03   2.8416528E-03
   1.4492754E-02   3.9629629E+06   1.9928475E+06   5.9558103E+06   9.0151836E-04   4.3610570E-04   5.9041264E-04
   2.8985507E-02   3.8792330E+06   2.0659691E+06   5.9452020E+06   5.9257627E-04   1.3938318E-03   8.6768784E-04
   4.3478261E-02   3.9440194E+06   2.0562448E+06   6.0002642E+06   1.3813492E-03   1.3346667E-03   5.2281202E-04
   5.7971014E-02   4.0072905E+06   1.9945524E+06   6.0018428E+06   6.0011292E-05   2.5361350E-04   4.7118856E-05
   7.2463768E-02   4.0181261E+06   2.0177012E+06   6.0358273E+06   1.1220763E-03   4.0351111E-04   6.4339435E-04
   8.6956522E-02   4.0315380E+06   2.0538453E+06   6.0853833E+06   5.2930539E-04   4.9207110E-04   2.5120226E-04
   1.0144928E-01   4.0153549E+06   2.0582293E+06   6.0735843E+06   9.4324115E-05   6.4742501E-04   1.9063204E-04
   1.1594203E-01   4.0930094E+06   2.0705155E+06   6.1635249E+06   5.0452143E-04   2.2583895E-04   4.0464445E-04
   1.3043478E-01   4.0916939E+06   2.1235150E+06   6.2152089E+06   4.1721568E-04   5.8195737E-04   8.3555993E-05
   1.4492754E-01   4.1579285E+06   2.1324983E+06   6.2902753E+06   4.1845248E-04   2.6103553E-04   3.0517704E-04
   1.5942029E-01   4.2064719E+06   2.1663003E+06   6.3727722E+06   3.9212636E-04   1.9383073E-04   2.7464864E-04
   1.7391304E-01   4.2361901E+06   2.1817765E+06   6.4179666E+06   2.5900193E-04   6.0121566E-05   1.5716133E-04
   1.8840580E-01   4.2699628E+06   2.1958043E+06   6.4657088E+06   1.3349295E-04   6.3151796E-04   3.0141479E-04
   2.0289855E-01   4.3111429E+06   2.2260139E+06   6.5371567E+06   2.6651031E-04   3.8470251E-04   7.7487371E-05
   2.1739130E-01   4.3294548E+06   2.2215829E+06   6.5509872E+06   6.6539877E-05   2.1286557E-04   1.1238138E-04
   2.3188406E-01   4.3692518E+06   2.2803612E+06   6.6494709E+06   3.9756471E-04   1.5025467E-04   2.9740900E-04
   2.4637681E-01   4.3493640E+06   2.2611754E+06   6.6104503E+06   2.2143179E-04   2.2207353E-04   2.1341043E-04
   2.6086957E-01   4.3269290E+06   2.2408800E+06   6.5676406E+06   2.6600423E-04   1.7974856E-04   1.9698869E-04
   2.7536232E-01   4.3400764E+06   2.2344458E+06   6.5743229E+06   5.7093094E-05   1.7518466E-04   6.8866806E-05
   2.8985507E-01   4.3059903E+06   2.2371797E+06   6.5429805E+06   2.7420999E-04   1.3324992E-04   1.3715626E-04
   3.0434783E-01   4.2573977E+06   2.2053024E+06   6.4626640E+06   1.5130534E-04   1.8511484E-04   8.5928529E-05
   3.1884058E-01   4.2075052E+06   2.1752898E+06   6.3827605E+06   1.8160934E-04   2.8178771E-04   1.5278843E-04
   3.3333333E-01   4.1335854E+06   2.1543442E+06   6.2879626E+06   1.7248075E-04   1.9575116E-04   1.7832495E-04
   3.4782609E-01   4.0896627E+06   2.1264617E+06   6.2161245E+06   3.8898958E-05   9.0841032E-05   4.4056267E-05
   3.6231884E-01   4.0290678E+06   2.0817148E+06   6.1108433E+06   2.4144699E-04   8.9900243E-05   1.6177433E-04
   3.7681159E-01   3.9443109E+06   2.0302972E+06   5.9745497E+06   1.8904819E-04   1.9974152E-04   9.1875466E-05
   3.9130435E-01   3.8872453E+06   1.9898165E+06   5.8769496E+06   1.2751505E-04   5.0184116E-05   1.0063875E-04
   4.0579710E-01   3.7726356E+06   1.9475998E+06   5.7199919E+06   2.8538959E-04   1.7760967E-04   1.4772037E-04
   4.2028986E-01   3.7029547E+06   1.9015794E+06   5.6042989E+06   1.7805735E-04   2.6730440E-04   1.8801240E-04
   4.3478261E-01   3.5949049E+06   1.8293532E+06   5.4242075E+06   3.6699660E-05   3.6183707E-04   1.4326883E-04
   4.4927536E-01   3.5145538E+06   1.8078620E+06   5.3223425E+06   2.6549407E-04   1.6485405E-04   1.8719998E-04
   4.6376812E-01   3.4114253E+06   1.7364246E+06   5.1476368E+06   1.9505987E-04   2.1430485E-04   8.5058487E-05
   4.7826087E-01   3.2951443E+06   1.7011877E+06   4.9963320E+06   2.1473579E-04   6.6541451E-05   1.3437795E-04
   4.9275362E-01   3.2130710E+06   1.6338586E+06   4.8467736E+06   1.9099907E-04   2.3212634E-04   7.2401512E-05
   5.0724638E-01   3.1126957E+06   1.5837130E+06   4.6963654E+06   1.4562025E-04   1.8878285E-04   3.9239341E-05
   5.2173913E-01   3.0210120E+06   1.5224403E+06   4.5432839E+06   8.5196597E-05   7.9357298E-05   7.5700350E-05
   5.3623188E-01   2.9185150E+06   1.4762759E+06   4.3946885E+06   1.8843663E-04   8.3981211E-05   1.5271008E-04
   5.5072464E-01   2.8225293E+06   1.4161700E+06   4.2385995E+06   1.9610408E-04   1.9579017E-04   9.5875031E-05
   5.6521739E-01   2.7281435E+06   1.3700268E+06   4.0980926E+06   3.0659889E-04   1.3823834E-04   1.5815015E-04
   5.7971014E-01   2.6277361E+06   1.3171358E+06   3.9448151E+06   1.1998020E-04   2.2422661E-04   1.5316405E-04
   5.9420290E-01   2.5358859E+06   1.2713528E+06   3.8071833E+06   2.0750032E-04   1.9179061E-04   2.0161302E-04
   6.0869565E-01   2.4354740E+06   1.2250437E+06   3.6602290E+06   2.0739071E-04   1.1242296E-04   1.4400040E-04
   6.2318841E-01   2.3577065E+06   1.1722891E+06   3.5300485E+06   4.9692271E-05   9.8447372E-05   6.1510436E-05
   6.3768116E-01   2.2597430E+06   1.1261000E+06   3.3857225E+06   1.7160417E-04   3.9659204E-04   1.9026598E-04
   6.5217391E-01   2.1827531E+06   1.0752957E+06   3.2578973E+06   2.5329888E-04   4.5407045E-04   1.8652580E-04
   6.6666667E-01   2.0877128E+06   1.0295171E+06   3.1170652E+06   4.9432823E-05   6.2198565E-04   2.2538381E-04
   6.8115942E-01   2.0127260E+06   9.9297362E+05   3.0056835E+06   1.8556084E-04   3.4833249E-04   1.4854969E-04
   6.9565217E-01   1.9243355E+06   9.4595532E+05   2.8702434E+06   1.7610241E-04   3.1827176E-04   6.8973390E-05
   7.1014493E-01   1.8452744E+06   9.0456750E+05   2.7497955E+06   7.9256454E-05   2.9854085E-04   1.4901531E-04
   7.2463768E-01   1.7738767E+06   8.6719933E+05   2.6409245E+06   7.4113507E-05   4.8934144E-04   2.0987772E-04
   7.3913043E-01   1.6899162E+06   8.1600812E+05   2.5058946E+06   2.7159935E-04   2.5916092E-04   1.3883729E-04
   7.5362319E-01   1.6129591E+06   7.8341230E+05   2.3963277E+06   4.2681720E-04   4.2874011E-04   4.0612846E-04
   7.6811594E-01   1.5395494E+06   7.4522688E+05   2.2847477E+06   2.0303171E-04   1.4737502E-04   1.6844241E-04
   7.8260870E-01   1.4638210E+06   7.0371286E+05   2.1675338E+06   5.4868069E-04   3.0950928E-04   4.4302405E-04
   7.9710145E-01   1.3964674E+06   6.6715271E+05   2.0635925E+06   3.3459851E-04   3.4592313E-04   1.3055527E-04
   8.1159420E-01   1.3169734E+06   6.2871848E+05   1.9456784E+06   4.0837877E-04   2.0931330E-04   2.5505844E-04
   8.2608696E-01   1.2519405E+06   5.9713639E+05   1.8490370E+06   1.8849019E-04   5.3497791E-04   2.7617082E-04
   8.4057971E-01   1.1840942E+06   5.6371690E+05   1.7477719E+06   4.9218419E-04   4.9632586E-04   4.9350566E-04
   8.5507246E-01   1.1017748E+06   5.2314654E+05   1.6249214E+06   8.7170867E-05   2.3854893E-04   1.2747128E-04
   8.6956522E-01   1.0447421E+06   4.9021775E+05   1.5349346E+06   4.9579711E-04   3.4699695E-04   2.3123125E-04
   8.8405797E-01   9.6657388E+05   4.5623202E+05   1.4227686E+06   7.1681897E-04   6.8969001E-04   3.3667014E-04
   8.9855072E-01   8.9961677E+05   4.2127715E+05   1.3208450E+06   4.3174384E-04   1.2631805E-04   2.5831606E-04
   9.1304348E-01   8.3250004E+05   3.8323435E+05   1.2157344E+06   5.8898377E-04   9.8491614E-04   2.3399786E-04
   9.2753623E-01   7.4960285E+05   3.4737491E+05   1.0969186E+06   4.6471966E-04   1.1636390E-04   3.0868592E-04
   9.4202899E-01   6.7144796E+05   3.0381744E+05   9.7526540E+05   2.2084423E-04   4.2208229E-04   2.3111127E-04
   9.5652174E-01   5.9180383E+05   2.6819286E+05   8.5997373E+05   5.9879489E-04   1.9807442E-04   3.8192322E-04
   9.7101449E-01   4.7522531E+05   2.1639603E+05   6.9159871E+05   7.1296442E-04   1.0674114E-03   2.2130232E-04
   9.8550725E-01   3.1721309E+05   1.4340167E+05   4.6061476E+05   8.3141266E-04   4.5909455E-04   4.5568837E-04
   1.0000000E+00   1.3590021E+05   6.1997633E+04   1.9789784E+05   1.9670607E-03   3.0800771E-03   2.2118751E-03
