   0.0000000E+00   3.6613837E+06   1.9761773E+06   5.6375609E+06   3.3974453E-03   4.6893272E-03   3.4705957E-03
   1.4492754E-02   3.8780963E+06   1.9481410E+06   5.8262374E+06   1.0327537E-03   5.2808836E-04   8.6381263E-04
   2.8985507E-02   3.9091636E+06   1.9697365E+06   5.8789001E+06   7.4009265E-04   6.7393702E-04   6.8547189E-04
   4.3478261E-02   3.9404833E+06   1.9627906E+06   5.9032739E+06   6.1705727E-04   6.6109019E-04   5.3269857E-04
   5.7971014E-02   3.9085953E+06   1.9831863E+06   5.8917816E+06   5.2469156E-04   1.3533923E-03   6.9525958E-04
   7.2463768E-02   3.9814516E+06   1.9813299E+06   5.9627815E+06   3.8520313E-04   4.8563780E-04   3.5176590E-04
   8.6956522E-02   4.0085533E+06   2.0236621E+06   6.0320892E+06   1.7617522E-04   6.3202638E-04   2.7425961E-04
   1.0144928E-01   4.0988142E+06   2.0398272E+06   6.1385331E+06   4.2992440E-04   8.2195992E-04   5.0476131E-04
   1.1594203E-01   4.1777812E+06   2.0617068E+06   6.2394880E+06   1.8477837E-04   2.3090037E-04   1.9967018E-04
   1.3043478E-01   4.2076276E+06   2.0988464E+06   6.3063898E+06   3.0728970E-04   5.8683471E-04   3.9962312E-04
   1.4492754E-01   4.2764385E+06   2.1405304E+06   6.4168931E+06   3.8802817E-04   5.4052185E-04   1.0022104E-04
   1.5942029E-01   4.3934262E+06   2.1678158E+06   6.5612419E+06   3.9186233E-04   5.7713914E-04   2.6085568E-04
   1.7391304E-01   4.4517030E+06   2.2346286E+06   6.6862054E+06   2.2766024E-04   1.4166497E-04   1.7713412E-04
   1.8840580E-01   4.5223474E+06   2.2748421E+06   6.7970729E+06   2.7426002E-04   1.8863047E-04   1.9671542E-04
   2.0289855E-01   4.5788404E+06   2.3009216E+06   6.8797079E+06   2.0504804E-04   7.1478187E-04   1.2082877E-04
   2.1739130E-01   4.6660920E+06   2.3226650E+06   6.9886560E+06   2.5314466E-04   2.3545556E-04   1.0088703E-04
   2.3188406E-01   4.6995776E+06   2.3456686E+06   7.0451515E+06   1.3531830E-04   3.4440024E-04   5.8644013E-05
   2.4637681E-01   4.7256917E+06   2.4008664E+06   7.1263798E+06   3.8827309E-04   8.2819039E-05   2.5917678E-04
   2.6086957E-01   4.7481044E+06   2.3745363E+06   7.1226827E+06   1.8676858E-04   2.1092544E-04   1.9541854E-04
   2.7536232E-01   4.7310686E+06   2.3403695E+06   7.0713583E+06   2.9969398E-04   4.7523448E-04   3.2724717E-04
   2.8985507E-01   4.7226318E+06   2.3530755E+06   7.0754042E+06   1.9642704E-04   2.1841804E-04   1.8996880E-04
   3.0434783E-01   4.6619208E+06   2.3457002E+06   7.0073324E+06   1.8664604E-04   1.1318896E-04   1.1120099E-04
   3.1884058E-01   4.6291512E+06   2.3192942E+06   6.9481354E+06   9.1471079E-05   2.4963200E-04   9.8755313E-05
   3.3333333E-01   4.5624314E+06   2.2877388E+06   6.8499067E+06   2.0029210E-05   9.2543583E-05   2.0550218E-05
   3.4782609E-01   4.4716883E+06   2.2387646E+06   6.7104845E+06   9.1434076E-05   4.0353083E-04   1.1529854E-04
   3.6231884E-01   4.4037231E+06   2.2084993E+06   6.6120709E+06   2.7553492E-04   3.4502889E-04   1.0099083E-04
   3.7681159E-01   4.2875947E+06   2.1506316E+06   6.4379349E+06   1.2177407E-04   8.9276733E-05   1.1002885E-04
   3.9130435E-01   4.2125950E+06   2.0919426E+06   6.3042850E+06   2.7118256E-04   1.2092097E-04   2.1295159E-04
   4.0579710E-01   4.0915616E+06   2.0471610E+06   6.1385872E+06   2.5288885E-04   1.1393955E-04   2.0524012E-04
   4.2028986E-01   3.9782744E+06   1.9915410E+06   5.9697109E+06   1.9614248E-04   1.8041827E-04   1.6011136E-04
   4.3478261E-01   3.8704180E+06   1.9264192E+06   5.7968877E+06   2.1047677E-04   1.8832185E-04   1.6430376E-04
   4.4927536E-01   3.7368396E+06   1.8833423E+06   5.6201574E+06   2.1549292E-04   2.0796503E-04   2.0934871E-04
   4.6376812E-01   3.6406880E+06   1.8176446E+06   5.4583088E+06   1.4396336E-04   4.0715136E-04   1.6717827E-04
   4.7826087E-01   3.4994347E+06   1.7367095E+06   5.2360753E+06   1.2100026E-04   3.3249998E-05   7.6160726E-05
   4.9275362E-01   3.3760067E+06   1.6941432E+06   5.0700607E+06   2.7350115E-04   2.2113936E-04   1.9640329E-04
   5.0724638E-01   3.2504306E+06   1.6288741E+06   4.8791964E+06   4.9888583E-05   8.3206647E-05   6.0887344E-05
   5.2173913E-01   3.1200439E+06   1.5757134E+06   4.6956311E+06   4.6898743E-05   5.5123969E-04   1.9847049E-04
   5.3623188E-01   3.0019070E+06   1.4904066E+06   4.4921703E+06   1.3199525E-04   2.9532490E-04   1.6028044E-04
   5.5072464E-01   2.8814732E+06   1.4424315E+06   4.3237053E+06   2.7807990E-04   2.3227953E-04   1.2777705E-04
   5.6521739E-01   2.7482138E+06   1.3861918E+06   4.1342113E+06   1.7207591E-04   3.7300060E-04   1.7982288E-04
   5.7971014E-01   2.6538591E+06   1.3343554E+06   3.9882334E+06   1.9870346E-04   1.6725445E-04   8.5650092E-05
   5.9420290E-01   2.5422620E+06   1.2602455E+06   3.8025075E+06   8.5254391E-05   3.7109925E-04   1.4834155E-04
   6.0869565E-01   2.4387394E+06   1.2166725E+06   3.6552496E+06   1.7014297E-04   5.6454867E-05   1.2278932E-04
   6.2318841E-01   2.3272032E+06   1.1763245E+06   3.5034396E+06   4.7370636E-04   2.9752486E-04   3.5555448E-04
   6.3768116E-01   2.2308801E+06   1.1107731E+06   3.3415671E+06   2.3405917E-04   3.9154450E-04   1.4086466E-04
   6.5217391E-01   2.1245758E+06   1.0603599E+06   3.1848178E+06   3.8290194E-04   6.2880455E-05   2.7398903E-04
   6.6666667E-01   2.0248701E+06   1.0167179E+06   3.0415386E+06   1.9722353E-04   5.8300665E-04   9.9392478E-05
   6.8115942E-01   1.9329863E+06   9.7153128E+05   2.9044370E+06   2.5273995E-04   2.4487784E-04   1.0937305E-04
   6.9565217E-01   1.8413159E+06   9.1179402E+05   2.7530784E+06   2.5521890E-04   2.6016222E-04   2.4721329E-04
   7.1014493E-01   1.7439542E+06   8.7337658E+05   2.6172844E+06   2.4685993E-04   3.4267831E-04   2.0047791E-04
   7.2463768E-01   1.6517902E+06   8.2590268E+05   2.4776019E+06   4.0684947E-04   1.0511409E-04   2.9759588E-04
   7.3913043E-01   1.5733288E+06   7.8699126E+05   2.3603201E+06   2.7105068E-04   3.8476818E-04   1.8471341E-04
   7.5362319E-01   1.4891274E+06   7.4648721E+05   2.2355564E+06   9.0165433E-05   1.9141851E-04   1.1943006E-04
   7.6811594E-01   1.4100479E+06   7.0666809E+05   2.1167017E+06   1.8654018E-04   3.9627185E-04   8.7254781E-05
   7.8260870E-01   1.3236397E+06   6.6193912E+05   1.9855227E+06   2.4893805E-04   6.5147650E-04   3.4877680E-04
   7.9710145E-01   1.2503069E+06   6.2792950E+05   1.8782501E+06   1.7013641E-04   7.0063249E-04   1.3193309E-04
   8.1159420E-01   1.1656696E+06   5.8677234E+05   1.7523608E+06   4.7057710E-05   1.4359202E-04   4.2442948E-05
   8.2608696E-01   1.0977876E+06   5.4837537E+05   1.6461497E+06   2.4144361E-04   1.8285900E-04   1.6860958E-04
   8.4057971E-01   1.0324816E+06   5.1588804E+05   1.5483827E+06   1.7824624E-04   7.0521024E-04   2.5598357E-04
   8.5507246E-01   9.5274471E+05   4.7442022E+05   1.4270879E+06   4.2318048E-04   2.2167349E-04   3.4854035E-04
   8.6956522E-01   8.8002276E+05   4.4115430E+05   1.3211392E+06   2.7730588E-05   3.3464937E-04   9.7511633E-05
   8.8405797E-01   8.1357318E+05   4.0268115E+05   1.2162171E+06   1.9158011E-04   4.8845395E-04   2.5969393E-04
   8.9855072E-01   7.2965154E+05   3.6867556E+05   1.0983271E+06   2.7378453E-04   4.2808101E-04   3.1564488E-04
   9.1304348E-01   6.5972405E+05   3.3164812E+05   9.9134811E+05   7.6216269E-04   5.2397224E-04   6.1032723E-04
   9.2753623E-01   5.7977512E+05   2.9117216E+05   8.7092360E+05   5.8629507E-04   1.5389294E-03   8.0564090E-04
   9.4202899E-01   5.0447777E+05   2.5229134E+05   7.5679243E+05   9.4225978E-04   6.4920439E-04   8.4025305E-04
   9.5652174E-01   4.2969410E+05   2.1414098E+05   6.4383508E+05   1.2091067E-03   7.6776006E-04   1.0407310E-03
   9.7101449E-01   3.3815413E+05   1.7066040E+05   5.0881453E+05   1.2674769E-03   9.6474249E-04   1.1234344E-03
   9.8550725E-01   2.3688186E+05   1.1561056E+05   3.5249242E+05   2.7238004E-03   2.1680416E-03   2.5338804E-03
   1.0000000E+00   1.1427873E+05   5.7598930E+04   1.7187766E+05   4.3643195E-03   5.8389274E-03   4.8129460E-03
