   0.0000000E+00   3.5583315E+06   1.8852489E+06   5.4435803E+06   3.1984120E-03   1.9283536E-03   2.7055715E-03
   1.4492754E-02   3.7485234E+06   1.8670632E+06   5.6155866E+06   2.7019391E-04   2.1120575E-03   8.5560202E-04
   2.8985507E-02   3.7379151E+06   1.8386481E+06   5.5765631E+06   1.7741215E-04   3.2216063E-04   1.5871755E-04
   4.3478261E-02   3.7581214E+06   1.8877747E+06   5.6458960E+06   1.1834527E-03   1.6038148E-03   1.3092832E-03
   5.7971014E-02   3.7148041E+06   1.9170738E+06   5.6318779E+06   1.2294454E-03   8.6881006E-04   8.1895782E-04
   7.2463768E-02   3.7971701E+06   1.9378358E+06   5.7348543E+06   5.2629642E-04   1.8650247E-03   8.8640036E-04
   8.6956522E-02   3.8213924E+06   1.9587493E+06   5.7801417E+06   8.7158671E-04   3.3407446E-04   5.1012884E-04
   1.0144928E-01   3.8651066E+06   1.9522544E+06   5.8173610E+06   3.5762460E-04   5.1416140E-04   1.6247450E-04
   1.1594203E-01   3.9334111E+06   2.0347124E+06   5.9682183E+06   4.4216783E-04   5.0139988E-04   1.8931720E-04
   1.3043478E-01   3.9897362E+06   2.0350282E+06   6.0247644E+06   3.3003791E-04   6.1837732E-04   3.8504633E-04
   1.4492754E-01   4.0686671E+06   2.0605134E+06   6.1290289E+06   2.5327279E-04   5.0907517E-04   3.3551923E-04
   1.5942029E-01   4.1381378E+06   2.0920421E+06   6.2300421E+06   7.5733956E-04   3.1012560E-04   4.4690524E-04
   1.7391304E-01   4.1859900E+06   2.1296190E+06   6.3153564E+06   4.0962923E-04   4.3098067E-04   4.1054041E-04
   1.8840580E-01   4.2642506E+06   2.1901505E+06   6.4541679E+06   8.1121557E-04   1.9597673E-04   5.1228853E-04
   2.0289855E-01   4.3250527E+06   2.2119416E+06   6.5368320E+06   3.3004459E-04   2.0697422E-04   2.8743312E-04
   2.1739130E-01   4.3557230E+06   2.2230984E+06   6.5786699E+06   2.8374329E-04   1.8072431E-04   1.6857174E-04
   2.3188406E-01   4.4088909E+06   2.2521355E+06   6.6609790E+06   2.7179913E-04   3.2282627E-04   2.6769324E-04
   2.4637681E-01   4.4490287E+06   2.2529740E+06   6.7019135E+06   4.1757308E-04   6.5702472E-04   4.7932649E-04
   2.6086957E-01   4.4613852E+06   2.2557400E+06   6.7168305E+06   9.4048698E-05   4.3118730E-04   8.2490455E-05
   2.7536232E-01   4.4186418E+06   2.2468887E+06   6.6654507E+06   1.0465090E-04   4.5244663E-04   1.9545186E-04
   2.8985507E-01   4.3986615E+06   2.2482426E+06   6.6467146E+06   3.3061285E-04   4.7569657E-04   3.2891562E-04
   3.0434783E-01   4.3932851E+06   2.2344212E+06   6.6275980E+06   2.0884999E-04   6.8623652E-04   1.6043142E-04
   3.1884058E-01   4.3575715E+06   2.2239227E+06   6.5813220E+06   1.0829298E-04   5.7102043E-04   1.6998899E-04
   3.3333333E-01   4.2798945E+06   2.1975352E+06   6.4772320E+06   1.4053495E-04   3.4268743E-04   1.5499737E-04
   3.4782609E-01   4.2169625E+06   2.1606546E+06   6.3772698E+06   2.1669084E-04   2.4535586E-04   2.0403441E-04
   3.6231884E-01   4.1668546E+06   2.1254514E+06   6.2920333E+06   1.6407989E-04   2.9505343E-04   3.2567383E-05
   3.7681159E-01   4.0777017E+06   2.0720601E+06   6.1494412E+06   3.5784403E-04   1.1616063E-04   2.7550221E-04
   3.9130435E-01   3.9830569E+06   2.0300327E+06   6.0128932E+06   1.7721200E-04   7.3322719E-05   1.3231057E-04
   4.0579710E-01   3.8911673E+06   1.9786129E+06   5.8695095E+06   1.0123136E-04   2.6660484E-04   2.0146474E-05
   4.2028986E-01   3.8038904E+06   1.9225870E+06   5.7263468E+06   2.7304484E-04   3.4403788E-04   2.8630234E-04
   4.3478261E-01   3.7183149E+06   1.8851731E+06   5.6033617E+06   1.0961001E-04   3.3093925E-04   6.9045151E-05
   4.4927536E-01   3.6134263E+06   1.8298608E+06   5.4430670E+06   1.4825174E-04   3.1532955E-04   9.3913263E-05
   4.6376812E-01   3.5016433E+06   1.7614300E+06   5.2627654E+06   1.4333028E-04   3.1393429E-04   2.0178372E-04
   4.7826087E-01   3.3956707E+06   1.7000167E+06   5.0953889E+06   5.2564662E-05   3.3350401E-04   8.9975866E-05
   4.9275362E-01   3.2931013E+06   1.6546518E+06   4.9476194E+06   2.3333163E-04   9.9458925E-05   1.8692499E-04
   5.0724638E-01   3.1872570E+06   1.5960966E+06   4.7832453E+06   3.5912830E-04   4.8759606E-04   3.5084524E-04
   5.2173913E-01   3.0770634E+06   1.5394684E+06   4.6163424E+06   1.5541569E-04   4.1484072E-04   2.2704143E-04
   5.3623188E-01   2.9729492E+06   1.4853892E+06   4.4581335E+06   9.0999993E-05   6.2115918E-04   2.6759174E-04
   5.5072464E-01   2.8669964E+06   1.4319628E+06   4.2987798E+06   6.5775322E-05   3.8176106E-04   1.2579177E-04
   5.6521739E-01   2.7626108E+06   1.3872216E+06   4.1496964E+06   2.2719101E-04   1.1962951E-04   1.4620874E-04
   5.7971014E-01   2.6637475E+06   1.3267780E+06   3.9903929E+06   3.2832555E-04   4.7063586E-04   2.4052528E-04
   5.9420290E-01   2.5664541E+06   1.2833102E+06   3.8496165E+06   2.1181742E-04   1.7739566E-04   9.6125551E-05
   6.0869565E-01   2.4702577E+06   1.2307267E+06   3.7008220E+06   2.0256878E-04   2.3899994E-04   1.4157829E-04
   6.2318841E-01   2.3775486E+06   1.1766593E+06   3.5539613E+06   2.1645218E-04   5.9034968E-04   2.4878391E-04
   6.3768116E-01   2.2892086E+06   1.1262550E+06   3.4153603E+06   6.7797677E-04   4.3578448E-04   5.8731748E-04
   6.5217391E-01   2.1867944E+06   1.0874869E+06   3.2741465E+06   7.3073566E-05   1.3059441E-04   4.9854339E-05
   6.6666667E-01   2.0995401E+06   1.0382310E+06   3.1376558E+06   3.6144796E-04   1.5590830E-04   2.4522305E-04
   6.8115942E-01   1.9974100E+06   9.8515442E+05   2.9825000E+06   3.7230490E-04   4.3781558E-04   3.3195802E-04
   6.9565217E-01   1.9111382E+06   9.4945985E+05   2.8605191E+06   2.7385251E-04   1.3390179E-04   2.1457727E-04
   7.1014493E-01   1.8333826E+06   9.0716545E+05   2.7404707E+06   1.8958522E-04   2.5987216E-04   1.3600695E-04
   7.2463768E-01   1.7532208E+06   8.6732056E+05   2.6204353E+06   3.2094210E-04   2.7935393E-04   2.2777361E-04
   7.3913043E-01   1.6702597E+06   8.2670558E+05   2.4969207E+06   3.1638176E-04   2.3229685E-04   1.4797753E-04
   7.5362319E-01   1.5916550E+06   7.7825386E+05   2.3698798E+06   2.6231853E-04   2.0536884E-04   1.1095020E-04
   7.6811594E-01   1.5065235E+06   7.4505532E+05   2.2514787E+06   2.1554709E-04   3.3394159E-04   1.1083080E-04
   7.8260870E-01   1.4390121E+06   7.0165014E+05   2.1405781E+06   5.5894085E-04   5.5187500E-04   2.8545638E-04
   7.9710145E-01   1.3652073E+06   6.6633986E+05   2.0314645E+06   3.7389077E-04   4.7500394E-04   2.9769582E-04
   8.1159420E-01   1.2870428E+06   6.2737891E+05   1.9143676E+06   2.7004723E-04   7.6325016E-04   2.8925016E-04
   8.2608696E-01   1.2149311E+06   5.9071557E+05   1.8056200E+06   6.0029830E-04   2.1826369E-04   4.3098953E-04
   8.4057971E-01   1.1348936E+06   5.5762888E+05   1.6924441E+06   7.1278634E-04   5.9707528E-04   6.7429393E-04
   8.5507246E-01   1.0592388E+06   5.1991011E+05   1.5791104E+06   4.7518417E-04   3.9483313E-04   3.9243314E-04
   8.6956522E-01   9.8883374E+05   4.8445895E+05   1.4732927E+06   1.5955220E-04   2.5595775E-04   1.7298730E-04
   8.8405797E-01   9.1576826E+05   4.3912704E+05   1.3548829E+06   6.6160507E-04   5.2734789E-04   6.1803195E-04
   8.9855072E-01   8.3678573E+05   4.1080328E+05   1.2475768E+06   1.3251355E-04   8.6186624E-04   3.1715794E-04
   9.1304348E-01   7.6447212E+05   3.6999200E+05   1.1344641E+06   1.0155418E-04   8.0439612E-04   2.4280957E-04
   9.2753623E-01   6.8570434E+05   3.2984041E+05   1.0155329E+06   4.3651749E-04   5.6284171E-04   1.4942173E-04
   9.4202899E-01   5.9744623E+05   2.8588822E+05   8.8333445E+05   5.9331066E-04   2.9423970E-04   4.5678152E-04
   9.5652174E-01   5.0232202E+05   2.4531151E+05   7.4763353E+05   5.7741397E-04   2.3787902E-04   3.1000012E-04
   9.7101449E-01   3.9031356E+05   1.9219369E+05   5.8249594E+05   1.9629199E-04   5.7655570E-04   2.4673052E-04
   9.8550725E-01   2.5783105E+05   1.2528285E+05   3.8311390E+05   5.5876811E-04   5.7883962E-04   4.7531256E-04
   1.0000000E+00   1.1788960E+05   5.5060375E+04   1.7294998E+05   2.7050062E-03   3.2406006E-03   2.7726868E-03
