   0.0000000E+00   4.1099638E+06   2.0367962E+06   6.1467600E+06   5.5339558E-03   4.3893028E-03   5.0052968E-03
   1.4492754E-02   4.0622264E+06   2.0799872E+06   6.1422136E+06   8.5997109E-04   6.2141462E-04   6.4084561E-04
   2.8985507E-02   3.9997131E+06   2.0871857E+06   6.0868988E+06   1.6723685E-04   1.4107464E-03   5.5665662E-04
   4.3478261E-02   4.0652573E+06   2.0913532E+06   6.1566106E+06   9.3120893E-04   8.5981418E-04   6.0639207E-04
   5.7971014E-02   4.0430935E+06   2.0576340E+06   6.1007275E+06   7.7404469E-04   8.5820753E-05   4.8702355E-04
   7.2463768E-02   4.0396458E+06   2.0874130E+06   6.1270588E+06   8.8181500E-04   3.6143500E-04   6.9048860E-04
   8.6956522E-02   4.1011235E+06   2.0903429E+06   6.1913402E+06   1.1005918E-03   1.0259000E-03   3.8866479E-04
   1.0144928E-01   4.0730512E+06   2.1290236E+06   6.2020748E+06   2.7735270E-04   1.9346924E-04   1.5493284E-04
   1.1594203E-01   4.1278653E+06   2.1094442E+06   6.2372148E+06   2.8349315E-04   5.8313648E-04   3.0062610E-04
   1.3043478E-01   4.0814224E+06   2.1547506E+06   6.2360045E+06   3.6232263E-04   1.4564332E-04   1.9120694E-04
   1.4492754E-01   4.1555037E+06   2.1796296E+06   6.3349818E+06   4.6224866E-04   1.1872040E-04   2.6245076E-04
   1.5942029E-01   4.1456463E+06   2.2296058E+06   6.3752520E+06   6.3476107E-04   3.6995821E-04   2.9726984E-04
   1.7391304E-01   4.1614899E+06   2.2115177E+06   6.3730075E+06   3.9621681E-04   2.0048366E-04   3.2651414E-04
   1.8840580E-01   4.1953549E+06   2.2430172E+06   6.4381972E+06   4.9526476E-04   1.9283857E-04   2.7311907E-04
   2.0289855E-01   4.1888766E+06   2.2819240E+06   6.4706383E+06   8.9223678E-04   3.5132406E-04   4.6240310E-04
   2.1739130E-01   4.1538115E+06   2.2516398E+06   6.4051987E+06   5.0465671E-04   1.5437476E-04   2.7300523E-04
   2.3188406E-01   4.2094167E+06   2.2850497E+06   6.4943717E+06   2.6217219E-04   1.3433124E-04   1.8756313E-04
   2.4637681E-01   4.1844894E+06   2.2738341E+06   6.4581006E+06   2.4585722E-04   2.4817907E-04   7.4650447E-05
   2.6086957E-01   4.1488609E+06   2.2764094E+06   6.4249335E+06   3.1114740E-04   2.8487804E-04   2.9497783E-04
   2.7536232E-01   4.1483292E+06   2.2686238E+06   6.4168732E+06   1.2098139E-04   1.2060127E-04   1.0898207E-04
   2.8985507E-01   4.1140934E+06   2.2466893E+06   6.3605175E+06   3.8255152E-04   1.2310941E-04   2.8997083E-04
   3.0434783E-01   4.0842368E+06   2.2064571E+06   6.2903330E+06   1.7126082E-04   2.9993179E-04   1.4483310E-04
   3.1884058E-01   4.0320547E+06   2.2051860E+06   6.2368962E+06   1.4114217E-04   1.8266496E-04   9.0027338E-05
   3.3333333E-01   3.9630617E+06   2.1871905E+06   6.1499886E+06   5.0435860E-04   1.7655958E-04   3.7532606E-04
   3.4782609E-01   3.9280438E+06   2.1560766E+06   6.0839626E+06   5.4006675E-05   2.3437072E-04   1.1563873E-04
   3.6231884E-01   3.8573041E+06   2.1011735E+06   5.9581139E+06   4.2983219E-04   4.2824264E-05   2.6337095E-04
   3.7681159E-01   3.7758893E+06   2.0619764E+06   5.8375451E+06   2.7666246E-04   2.7366367E-04   9.0584327E-05
   3.9130435E-01   3.7154636E+06   2.0167022E+06   5.7320535E+06   4.3053873E-05   4.4023523E-04   1.3691753E-04
   4.0579710E-01   3.6423320E+06   1.9676527E+06   5.6097682E+06   1.3649736E-04   2.2552309E-04   9.2253752E-05
   4.2028986E-01   3.5483764E+06   1.9067007E+06   5.4550248E+06   9.5915166E-05   3.6560405E-04   1.8932798E-04
   4.3478261E-01   3.4816485E+06   1.8594606E+06   5.3409070E+06   1.4247974E-04   4.3397973E-04   9.2180307E-05
   4.4927536E-01   3.3889407E+06   1.8152438E+06   5.2039644E+06   3.3190033E-04   6.0965150E-04   3.9596562E-04
   4.6376812E-01   3.3182237E+06   1.7522661E+06   5.0702529E+06   2.2690847E-04   3.5552359E-04   1.9320745E-04
   4.7826087E-01   3.2132398E+06   1.7061475E+06   4.9192266E+06   1.7374152E-04   4.1218643E-04   2.5174949E-04
   4.9275362E-01   3.1353361E+06   1.6500608E+06   4.7852186E+06   2.7230879E-04   2.4386103E-04   1.2072771E-04
   5.0724638E-01   3.0529860E+06   1.5930223E+06   4.6458568E+06   6.9322238E-05   9.7806452E-05   7.4032460E-05
   5.2173913E-01   2.9802626E+06   1.5458249E+06   4.5259823E+06   2.0929640E-04   3.7453241E-04   2.0603619E-04
   5.3623188E-01   2.9049781E+06   1.4779756E+06   4.3827285E+06   3.4153278E-04   2.7359278E-04   3.1569417E-04
   5.5072464E-01   2.7825287E+06   1.4345351E+06   4.2169243E+06   2.8870040E-04   2.0289079E-04   2.0925906E-04
   5.6521739E-01   2.7264337E+06   1.3873576E+06   4.1136359E+06   1.9730392E-04   3.2883697E-04   2.2669908E-04
   5.7971014E-01   2.6429477E+06   1.3344311E+06   3.9772651E+06   3.6137778E-04   1.8481666E-04   1.8837678E-04
   5.9420290E-01   2.5419109E+06   1.2700776E+06   3.8117667E+06   7.5095815E-04   2.3425478E-04   5.7320102E-04
   6.0869565E-01   2.4658375E+06   1.2258917E+06   3.6914947E+06   1.1351773E-04   1.7053440E-04   1.0123826E-04
   6.2318841E-01   2.3688435E+06   1.1813291E+06   3.5500669E+06   2.4783405E-04   5.3930799E-04   3.1108872E-04
   6.3768116E-01   2.3010052E+06   1.1293893E+06   3.4303256E+06   2.0497238E-04   4.3001887E-04   2.6937779E-04
   6.5217391E-01   2.2137867E+06   1.0864765E+06   3.3001790E+06   2.0832191E-04   3.5716843E-04   1.3174113E-04
   6.6666667E-01   2.1441148E+06   1.0300277E+06   3.1740766E+06   4.6773604E-04   2.7583840E-04   3.8933896E-04
   6.8115942E-01   2.0644294E+06   9.8892698E+05   3.0532435E+06   4.5608124E-04   3.7164344E-04   3.7363022E-04
   6.9565217E-01   2.0060605E+06   9.4750236E+05   2.9534839E+06   5.3540386E-05   3.8736892E-04   1.0585026E-04
   7.1014493E-01   1.9164089E+06   9.0419636E+05   2.8205434E+06   3.6426520E-04   3.0146030E-04   1.8291442E-04
   7.2463768E-01   1.8381176E+06   8.5859144E+05   2.6965878E+06   1.7881538E-04   3.4053247E-04   2.0014313E-04
   7.3913043E-01   1.7714695E+06   8.2391235E+05   2.5953076E+06   5.5888179E-04   3.5989364E-04   4.6191233E-04
   7.5362319E-01   1.6933521E+06   7.8081851E+05   2.4740686E+06   2.7905398E-04   5.0748383E-04   1.1034692E-04
   7.6811594E-01   1.6163095E+06   7.4115226E+05   2.3574189E+06   9.5805615E-04   5.7411314E-04   8.1194815E-04
   7.8260870E-01   1.5456846E+06   6.9840871E+05   2.2440512E+06   4.3204445E-04   1.3118859E-04   2.7020901E-04
   7.9710145E-01   1.4775590E+06   6.5901048E+05   2.1365144E+06   7.1296494E-04   8.7150748E-04   7.5540861E-04
   8.1159420E-01   1.4007710E+06   6.2668883E+05   2.0274057E+06   9.4074737E-04   3.3958697E-04   6.7944292E-04
   8.2608696E-01   1.3344674E+06   5.8631538E+05   1.9207429E+06   5.3249150E-04   4.6970855E-04   4.8147455E-04
   8.4057971E-01   1.2553345E+06   5.4867975E+05   1.8039620E+06   6.1770503E-04   5.3306514E-04   5.8816574E-04
   8.5507246E-01   1.1853956E+06   5.1916522E+05   1.7045222E+06   4.9793848E-04   2.4354975E-04   4.1205596E-04
   8.6956522E-01   1.1087582E+06   4.7822025E+05   1.5869532E+06   6.2411835E-04   3.1213724E-04   5.2487507E-04
   8.8405797E-01   1.0417140E+06   4.3906493E+05   1.4807417E+06   5.8944940E-04   4.9678567E-04   5.4507966E-04
   8.9855072E-01   9.6028459E+05   3.9779954E+05   1.3580841E+06   7.5715277E-04   6.5620303E-04   6.3592240E-04
   9.1304348E-01   8.7899861E+05   3.6693700E+05   1.2459236E+06   7.0569030E-04   6.8386517E-04   6.0305877E-04
   9.2753623E-01   7.9622734E+05   3.2220385E+05   1.1184193E+06   4.5068709E-04   3.4275597E-04   2.2367551E-04
   9.4202899E-01   6.9336404E+05   2.8373159E+05   9.7709563E+05   1.7333023E-04   1.4470827E-03   5.1528394E-04
   9.5652174E-01   5.7717722E+05   2.3673531E+05   8.1391253E+05   4.3481256E-04   1.4392136E-04   3.4789021E-04
   9.7101449E-01   4.4018847E+05   1.8290859E+05   6.2309705E+05   1.3334201E-03   4.7422715E-04   8.6420438E-04
   9.8550725E-01   2.8759450E+05   1.2066957E+05   4.0826407E+05   3.1302849E-03   1.4143767E-03   2.5888751E-03
   1.0000000E+00   1.4714863E+05   5.9393426E+04   2.0654206E+05   8.6844731E-03   3.5214940E-03   6.9202225E-03
