   0.0000000E+00   3.9584164E+06   1.9276821E+06   5.8860986E+06   5.2447907E-03   5.3731193E-03   4.2534699E-03
   1.4492754E-02   3.9137100E+06   2.0345230E+06   5.9482330E+06   1.0950710E-03   1.0351054E-03   6.2321262E-04
   2.8985507E-02   3.8557431E+06   1.9829969E+06   5.8387400E+06   1.1237172E-03   1.5206450E-03   1.0856133E-03
   4.3478261E-02   3.9374524E+06   2.0211363E+06   5.9585887E+06   3.5500380E-04   7.9044662E-04   4.6795977E-04
   5.7971014E-02   3.9080269E+06   2.0343336E+06   5.9423605E+06   1.3921997E-03   3.3035779E-04   8.0379785E-04
   7.2463768E-02   3.9364421E+06   2.0505870E+06   5.9870291E+06   1.2488518E-03   9.2815997E-04   1.1320833E-03
   8.6956522E-02   3.9800119E+06   2.0563711E+06   6.0363830E+06   9.2672677E-04   2.6138625E-04   6.2576835E-04
   1.0144928E-01   3.9747619E+06   2.0693789E+06   6.0440325E+06   1.1513664E-03   5.3985630E-04   5.7239560E-04
   1.1594203E-01   4.0087112E+06   2.0746830E+06   6.0832995E+06   5.2060485E-04   9.1440898E-04   5.2636280E-04
   1.3043478E-01   4.0439565E+06   2.1182108E+06   6.1619989E+06   5.6325658E-04   5.1088754E-04   4.3954973E-04
   1.4492754E-01   4.0790481E+06   2.1350747E+06   6.2141228E+06   5.7433378E-04   4.5827868E-04   4.7733631E-04
   1.5942029E-01   4.0741435E+06   2.1533499E+06   6.2274934E+06   4.9336009E-04   1.0505401E-04   2.8658422E-04
   1.7391304E-01   4.0949353E+06   2.1937108E+06   6.2886462E+06   1.1583707E-04   3.8344945E-04   2.0552534E-04
   1.8840580E-01   4.1570017E+06   2.2073452E+06   6.3642304E+06   1.6366756E-04   4.0110807E-04   1.0217168E-04
   2.0289855E-01   4.1748585E+06   2.2191943E+06   6.3941069E+06   5.3314856E-04   1.7773908E-04   2.8658526E-04
   2.1739130E-01   4.1678043E+06   2.2340098E+06   6.4017131E+06   2.6225868E-04   4.2961092E-04   3.8006638E-05
   2.3188406E-01   4.1676938E+06   2.2323396E+06   6.3998914E+06   2.4407334E-04   4.7421706E-04   9.9741023E-05
   2.4637681E-01   4.1568097E+06   2.2576987E+06   6.4144193E+06   4.7748242E-04   2.8809246E-04   3.5786142E-04
   2.6086957E-01   4.1439777E+06   2.2531721E+06   6.3971078E+06   1.0817404E-04   1.7443357E-04   1.3276227E-04
   2.7536232E-01   4.1490869E+06   2.2448547E+06   6.3939018E+06   3.3488503E-04   4.3202861E-04   2.2791334E-04
   2.8985507E-01   4.1137146E+06   2.2299054E+06   6.3435063E+06   4.8333488E-04   3.7251411E-04   1.8298721E-04
   3.0434783E-01   4.1020977E+06   2.1997818E+06   6.3016630E+06   1.8610869E-04   3.3740241E-04   2.0468382E-04
   3.1884058E-01   4.0271983E+06   2.1710878E+06   6.1981827E+06   2.6952012E-04   1.7664758E-04   1.5487520E-04
   3.3333333E-01   3.9998943E+06   2.1536524E+06   6.1534478E+06   2.3956020E-04   4.4074493E-04   2.5627489E-04
   3.4782609E-01   3.9323692E+06   2.1063817E+06   6.0387194E+06   1.6417607E-04   4.4664761E-04   1.7870906E-04
   3.6231884E-01   3.8572434E+06   2.0629533E+06   5.9200149E+06   6.5158929E-05   1.6774491E-04   4.6402613E-05
   3.7681159E-01   3.7952990E+06   2.0361550E+06   5.8313958E+06   9.5004379E-05   3.4728058E-04   1.6163224E-04
   3.9130435E-01   3.7255948E+06   1.9911917E+06   5.7167865E+06   1.0115135E-04   8.1195821E-05   6.3358546E-05
   4.0579710E-01   3.6586775E+06   1.9350159E+06   5.5934498E+06   1.0263797E-04   3.8467376E-04   6.6450565E-05
   4.2028986E-01   3.5521912E+06   1.8867905E+06   5.4386420E+06   2.8827521E-04   1.6607084E-04   1.4399842E-04
   4.3478261E-01   3.4650541E+06   1.8387491E+06   5.3037527E+06   2.5301227E-04   2.6653664E-04   1.4473038E-04
   4.4927536E-01   3.3967869E+06   1.8012868E+06   5.1979514E+06   2.8767419E-04   5.1292843E-04   3.4820491E-04
   4.6376812E-01   3.3199996E+06   1.7322097E+06   5.0521383E+06   6.2220083E-04   2.3917044E-04   4.5683797E-04
   4.7826087E-01   3.2292671E+06   1.6843338E+06   4.9133943E+06   1.2770168E-04   2.8241261E-04   1.7562549E-04
   4.9275362E-01   3.1244604E+06   1.6317859E+06   4.7560457E+06   7.5497029E-05   1.7188976E-04   1.0090490E-04
   5.0724638E-01   3.0618407E+06   1.5760707E+06   4.6379330E+06   3.6315454E-04   2.6278155E-04   2.6202412E-04
   5.2173913E-01   2.9702436E+06   1.5280181E+06   4.4981565E+06   1.7123250E-04   2.8737676E-04   1.1019718E-04
   5.3623188E-01   2.8778020E+06   1.4714018E+06   4.3491014E+06   7.7346404E-05   5.3022441E-04   1.8732214E-04
   5.5072464E-01   2.7933365E+06   1.4189816E+06   4.2122183E+06   1.0568161E-04   3.8703942E-04   1.4485500E-04
   5.6521739E-01   2.7080732E+06   1.3638483E+06   4.0718632E+06   1.1722349E-04   1.5487245E-04   1.1837376E-04
   5.7971014E-01   2.6059133E+06   1.3245237E+06   3.9302665E+06   1.1555885E-04   2.4487411E-04   3.1836502E-05
   5.9420290E-01   2.5357751E+06   1.2697264E+06   3.8055754E+06   1.2926217E-04   2.7082904E-04   1.7459728E-04
   6.0869565E-01   2.4483014E+06   1.2278040E+06   3.6760513E+06   2.1272104E-04   1.3978545E-04   1.3232866E-04
   6.2318841E-01   2.3721035E+06   1.1760602E+06   3.5480932E+06   1.2612072E-04   2.5457582E-04   1.8045957E-06
   6.3768116E-01   2.2906724E+06   1.1300093E+06   3.4206128E+06   4.7218000E-04   1.3977493E-04   3.4868217E-04
   6.5217391E-01   2.2095433E+06   1.0865439E+06   3.2960704E+06   2.3207105E-04   3.7481754E-04   2.4588702E-04
   6.6666667E-01   2.1328805E+06   1.0344918E+06   3.1673229E+06   2.7953453E-04   9.1320869E-04   3.0683135E-04
   6.8115942E-01   2.0541919E+06   9.9432787E+05   3.0484230E+06   3.9579104E-04   3.6577619E-04   1.7617044E-04
   6.9565217E-01   1.9815761E+06   9.5200143E+05   2.9335618E+06   2.1896504E-04   1.3944949E-04   1.9189857E-04
   7.1014493E-01   1.9111047E+06   9.0903660E+05   2.8201104E+06   3.7134292E-04   3.8985183E-04   3.0775491E-04
   7.2463768E-01   1.8299644E+06   8.6542622E+05   2.6953300E+06   1.9655523E-04   3.6008138E-04   2.4848978E-04
   7.3913043E-01   1.7570725E+06   8.3024168E+05   2.5872993E+06   2.8593881E-04   3.2036212E-04   2.3174289E-04
   7.5362319E-01   1.6876836E+06   7.8804615E+05   2.4756569E+06   2.2086413E-04   4.5474276E-04   2.4914063E-04
   7.6811594E-01   1.6181252E+06   7.4974471E+05   2.3678414E+06   1.6562210E-04   4.2782625E-04   1.8260759E-04
   7.8260870E-01   1.5493470E+06   7.1510698E+05   2.2643698E+06   3.1334334E-04   2.8179310E-04   2.7287946E-04
   7.9710145E-01   1.4822845E+06   6.7667264E+05   2.1589434E+06   4.7286135E-04   5.6473811E-04   4.9927800E-04
   8.1159420E-01   1.4147485E+06   6.4503688E+05   2.0597583E+06   6.1424506E-04   6.5652300E-04   6.1971357E-04
   8.2608696E-01   1.3439989E+06   6.0311852E+05   1.9471041E+06   4.8210355E-04   4.1356914E-04   3.2076294E-04
   8.4057971E-01   1.2660082E+06   5.6912557E+05   1.8350684E+06   2.5725624E-04   2.9204931E-04   2.6220703E-04
   8.5507246E-01   1.2040821E+06   5.3613081E+05   1.7402129E+06   3.9202572E-04   3.7127495E-04   2.4546909E-04
   8.6956522E-01   1.1361883E+06   4.9625438E+05   1.6324300E+06   5.9469895E-04   2.0385913E-04   3.6286909E-04
   8.8405797E-01   1.0611916E+06   4.6462923E+05   1.5257960E+06   5.7613071E-04   3.3323979E-04   4.7139566E-04
   8.9855072E-01   9.8649983E+05   4.2681352E+05   1.4132889E+06   5.9753341E-04   4.3084444E-04   3.8499125E-04
   9.1304348E-01   9.0508640E+05   3.8876703E+05   1.2938294E+06   1.1332001E-03   4.4759166E-04   7.2804475E-04
   9.2753623E-01   8.1782284E+05   3.4936397E+05   1.1671750E+06   4.5551182E-04   5.3877105E-04   4.1924323E-04
   9.4202899E-01   7.1819449E+05   3.0391070E+05   1.0221052E+06   3.7379311E-04   8.4575818E-05   2.3756078E-04
   9.5652174E-01   6.0466239E+05   2.5319886E+05   8.5782681E+05   9.6428302E-04   7.3004465E-04   5.0611099E-04
   9.7101449E-01   4.5388427E+05   1.9517940E+05   6.4906367E+05   2.3634806E-04   6.0533593E-04   3.4581379E-04
   9.8550725E-01   2.9423584E+05   1.2899353E+05   4.2322937E+05   8.5240617E-04   5.5180948E-04   7.3123401E-04
   1.0000000E+00   1.3467470E+05   5.9437194E+04   1.9411190E+05   4.8014441E-03   3.9959236E-03   4.5083533E-03
