   0.0000000E+00   3.8796118E+06   1.8306918E+06   5.7103037E+06   6.1161664E-04   3.9517803E-03   1.2191832E-03
   1.4492754E-02   4.0508603E+06   1.9958784E+06   6.0467387E+06   4.2931187E-04   6.9232502E-04   1.3431919E-04
   2.8985507E-02   3.9239394E+06   1.9485199E+06   5.8724593E+06   8.1541064E-04   4.9845191E-04   7.0859913E-04
   4.3478261E-02   3.9407359E+06   1.9617803E+06   5.9025162E+06   5.2345530E-04   1.4596940E-04   3.5093304E-04
   5.7971014E-02   3.9419357E+06   2.0421004E+06   5.9840360E+06   5.8966088E-04   3.0497956E-04   4.7338894E-04
   7.2463768E-02   4.0006981E+06   2.0122455E+06   6.0129437E+06   2.8736243E-04   3.1214598E-04   9.8755141E-05
   8.6956522E-02   4.0136049E+06   2.0201260E+06   6.0337309E+06   4.1209755E-04   1.0930532E-04   2.9619386E-04
   1.0144928E-01   4.0990307E+06   2.0519509E+06   6.1509817E+06   4.6778315E-05   2.1026169E-04   9.9033124E-05
   1.1594203E-01   4.1589325E+06   2.0937212E+06   6.2525590E+06   4.4424252E-04   1.8990732E-04   3.2363783E-04
   1.3043478E-01   4.2379371E+06   2.1275562E+06   6.3654933E+06   1.3686482E-04   2.7611649E-04   1.7382081E-04
   1.4492754E-01   4.3219027E+06   2.1642475E+06   6.4860745E+06   3.3784817E-04   5.8332987E-04   4.1598580E-04
   1.5942029E-01   4.4102342E+06   2.1873103E+06   6.5976133E+06   2.1861830E-04   2.8078481E-04   2.3388795E-04
   1.7391304E-01   4.5288659E+06   2.2606443E+06   6.7895733E+06   2.3666133E-04   1.3012548E-04   1.9665190E-04
   1.8840580E-01   4.6019680E+06   2.2990897E+06   6.9011160E+06   9.2751774E-05   1.8202439E-04   8.7348201E-05
   2.0289855E-01   4.6947200E+06   2.3192696E+06   7.0138814E+06   2.8898841E-04   3.0940796E-04   9.9996692E-05
   2.1739130E-01   4.7443914E+06   2.3905077E+06   7.1347476E+06   5.8821350E-05   1.0412220E-04   3.7739276E-05
   2.3188406E-01   4.8143747E+06   2.4119232E+06   7.2261085E+06   9.7794504E-05   4.9903186E-05   6.2557066E-05
   2.4637681E-01   4.8103799E+06   2.3936456E+06   7.2038918E+06   1.5587217E-04   1.0782625E-04   7.2263057E-05
   2.6086957E-01   4.8509040E+06   2.4176431E+06   7.2684629E+06   2.3173214E-04   7.0263493E-05   1.4919742E-04
   2.7536232E-01   4.8128244E+06   2.4224842E+06   7.2350693E+06   1.5418597E-04   9.6514420E-05   7.6681107E-05
   2.8985507E-01   4.8232971E+06   2.4191880E+06   7.2423336E+06   9.7542761E-05   9.9611426E-05   3.8787322E-05
   3.0434783E-01   4.7386687E+06   2.3882056E+06   7.1268743E+06   2.2304515E-05   1.6247807E-04   3.9727789E-05
   3.1884058E-01   4.7055448E+06   2.3582832E+06   7.0636903E+06   1.3156148E-04   1.3759515E-04   4.6017893E-05
   3.3333333E-01   4.6337904E+06   2.3384084E+06   6.9720670E+06   1.8592480E-04   6.2803110E-05   1.3902310E-04
   3.4782609E-01   4.5460097E+06   2.2757043E+06   6.8217139E+06   1.6011028E-04   2.2057124E-04   1.7485270E-04
   3.6231884E-01   4.4532488E+06   2.2306859E+06   6.6836316E+06   6.7708179E-05   2.0198774E-04   3.1663914E-05
   3.7681159E-01   4.3680314E+06   2.1908208E+06   6.5584733E+06   2.6213885E-04   5.8152785E-05   1.8194144E-04
   3.9130435E-01   4.2626898E+06   2.1276404E+06   6.3902741E+06   2.6528264E-05   2.3735445E-04   8.2239004E-05
   4.0579710E-01   4.1542102E+06   2.0791483E+06   6.2331690E+06   5.8858443E-05   1.0177806E-04   5.2968206E-05
   4.2028986E-01   4.0233466E+06   2.0120261E+06   6.0351637E+06   1.6350416E-04   2.5907856E-04   1.2171846E-04
   4.3478261E-01   3.8933521E+06   1.9511972E+06   5.8444483E+06   6.0996024E-05   2.3611224E-04   6.8580321E-05
   4.4927536E-01   3.7736265E+06   1.8878154E+06   5.6614419E+06   2.1221211E-04   1.8066406E-04   9.1237091E-05
   4.6376812E-01   3.6451634E+06   1.8341016E+06   5.4792650E+06   1.4589248E-04   1.9041768E-04   1.5625704E-04
   4.7826087E-01   3.5163804E+06   1.7669960E+06   5.2833535E+06   1.5071359E-04   1.8754725E-04   1.4957721E-04
   4.9275362E-01   3.3812662E+06   1.7092311E+06   5.0902968E+06   1.3292749E-04   3.2807499E-04   1.7654669E-04
   5.0724638E-01   3.2676637E+06   1.6354556E+06   4.9027728E+06   2.3411675E-04   2.3597854E-04   2.3299541E-04
   5.2173913E-01   3.1307364E+06   1.5703672E+06   4.7010194E+06   1.1789438E-04   1.6329079E-04   3.9187317E-05
   5.3623188E-01   3.0146247E+06   1.5155348E+06   4.5299547E+06   7.7116799E-05   1.4243633E-04   2.9061176E-05
   5.5072464E-01   2.8859000E+06   1.4496101E+06   4.3353506E+06   1.3280720E-04   4.9597980E-05   8.7273042E-05
   5.6521739E-01   2.7600850E+06   1.3755447E+06   4.1354160E+06   7.0266936E-05   2.1158117E-04   1.1061228E-04
   5.7971014E-01   2.6467742E+06   1.3143132E+06   3.9609170E+06   6.0143071E-05   6.0811004E-05   3.8489857E-05
   5.9420290E-01   2.5381222E+06   1.2628329E+06   3.8007518E+06   1.3905542E-04   1.8621509E-04   1.5331775E-04
   6.0869565E-01   2.4197960E+06   1.2092215E+06   3.6288731E+06   1.0189657E-04   5.7043019E-05   6.6663061E-05
   6.2318841E-01   2.3168768E+06   1.1553898E+06   3.4722667E+06   1.8091122E-04   2.0474711E-04   8.1776619E-05
   6.3768116E-01   2.1891013E+06   1.1047801E+06   3.2937953E+06   3.5116470E-05   1.8222730E-04   4.5407354E-05
   6.5217391E-01   2.0967416E+06   1.0490949E+06   3.1458028E+06   1.1652012E-04   2.3045216E-04   7.4589670E-05
   6.6666667E-01   1.9892400E+06   1.0012996E+06   2.9903584E+06   1.2015938E-04   1.0465119E-04   1.0530908E-04
   6.8115942E-01   1.8973727E+06   9.4615517E+05   2.8435278E+06   2.6512463E-04   1.0312658E-04   1.4260535E-04
   6.9565217E-01   1.8029713E+06   9.0446924E+05   2.7073616E+06   4.5387352E-05   2.4327931E-04   9.5919789E-05
   7.1014493E-01   1.7086808E+06   8.5913422E+05   2.5677995E+06   1.7995142E-04   2.7136119E-04   1.8606304E-04
   7.2463768E-01   1.6220869E+06   8.1605210E+05   2.4379875E+06   1.5520918E-04   2.0537467E-04   1.1804228E-04
   7.3913043E-01   1.5403598E+06   7.7038049E+05   2.3107552E+06   1.0558075E-04   2.8831595E-04   8.2004259E-05
   7.5362319E-01   1.4612223E+06   7.3605376E+05   2.1972324E+06   3.0239666E-04   1.5979957E-04   1.6074443E-04
   7.6811594E-01   1.3805391E+06   6.8955468E+05   2.0700365E+06   2.9866771E-05   3.3840094E-04   1.3207767E-04
   7.8260870E-01   1.2983958E+06   6.4571794E+05   1.9441278E+06   1.0631369E-04   1.8497336E-04   6.5754292E-05
   7.9710145E-01   1.2130813E+06   6.0410902E+05   1.8172041E+06   5.7333349E-05   2.2320177E-04   9.3146749E-05
   8.1159420E-01   1.1463203E+06   5.7362020E+05   1.7199270E+06   2.7149376E-04   3.5843685E-04   2.6850765E-04
   8.2608696E-01   1.0704028E+06   5.3837856E+05   1.6087547E+06   7.5729541E-06   1.7779084E-04   5.5208063E-05
   8.4057971E-01   9.9765180E+05   4.9996250E+05   1.4975490E+06   2.0786491E-04   4.2269363E-04   1.5853078E-04
   8.5507246E-01   9.2826597E+05   4.6298996E+05   1.3912559E+06   9.2923939E-05   2.6463279E-04   9.6016816E-05
   8.6956522E-01   8.5809891E+05   4.3140475E+05   1.2895037E+06   1.9028990E-04   2.5786207E-04   8.5891680E-05
   8.8405797E-01   7.8677912E+05   3.9529011E+05   1.1820568E+06   3.0622804E-04   2.5191193E-04   2.2123928E-04
   8.9855072E-01   7.1530343E+05   3.5983937E+05   1.0751184E+06   1.5370694E-04   4.0301274E-04   2.3484894E-04
   9.1304348E-01   6.3966206E+05   3.2447969E+05   9.6412972E+05   2.5506288E-04   2.4843558E-04   2.2959567E-04
   9.2753623E-01   5.7237535E+05   2.8457748E+05   8.5695283E+05   4.1410288E-04   3.6658557E-04   3.9191175E-04
   9.4202899E-01   4.9617764E+05   2.4550669E+05   7.4167267E+05   4.7036316E-04   7.2583242E-04   5.3489627E-04
   9.5652174E-01   4.1879877E+05   2.0876794E+05   6.2756671E+05   2.5527394E-04   1.9669853E-04   1.5424031E-04
   9.7101449E-01   3.3082557E+05   1.6257410E+05   4.9339968E+05   4.8374037E-04   1.0708305E-03   6.1324160E-04
   9.8550725E-01   2.2749930E+05   1.1308106E+05   3.4058035E+05   8.4591637E-04   9.7652709E-04   8.5515465E-04
   1.0000000E+00   1.0556886E+05   5.3659793E+04   1.5922865E+05   1.4754250E-03   1.8095913E-03   1.5842059E-03
