   0.0000000E+00   0.0000000E+00   0.0000000E+00   5.7673339E+10   0.0000000E+00   0.0000000E+00   4.0934242E-05
   1.4492754E-02   0.0000000E+00   0.0000000E+00   2.5092450E+07   0.0000000E+00   0.0000000E+00   3.7894377E-02
   2.8985507E-02   0.0000000E+00   0.0000000E+00   1.7211610E+07   0.0000000E+00   0.0000000E+00   2.4075540E-02
   4.3478261E-02   0.0000000E+00   0.0000000E+00   1.0644432E+07   0.0000000E+00   0.0000000E+00   6.0564087E-03
   5.7971014E-02   0.0000000E+00   0.0000000E+00   6.9029812E+06   0.0000000E+00   0.0000000E+00   1.2527521E-03
   7.2463768E-02   0.0000000E+00   0.0000000E+00   5.2153500E+06   0.0000000E+00   0.0000000E+00   1.0814827E-03
   8.6956522E-02   0.0000000E+00   0.0000000E+00   4.2159206E+06   0.0000000E+00   0.0000000E+00   1.8496688E-03
   1.0144928E-01   0.0000000E+00   0.0000000E+00   3.4924084E+06   0.0000000E+00   0.0000000E+00   2.0146540E-03
   1.1594203E-01   0.0000000E+00   0.0000000E+00   2.9982693E+06   0.0000000E+00   0.0000000E+00   1.6220504E-03
   1.3043478E-01   0.0000000E+00   0.0000000E+00   2.6575509E+06   0.0000000E+00   0.0000000E+00   1.9198001E-03
   1.4492754E-01   0.0000000E+00   0.0000000E+00   2.3717916E+06   0.0000000E+00   0.0000000E+00   2.2233569E-03
   1.5942029E-01   0.0000000E+00   0.0000000E+00   2.1233160E+06   0.0000000E+00   0.0000000E+00   1.6083844E-03
   1.7391304E-01   0.0000000E+00   0.0000000E+00   1.9283767E+06   0.0000000E+00   0.0000000E+00   1.3743839E-03
   1.8840580E-01   0.0000000E+00   0.0000000E+00   1.7654682E+06   0.0000000E+00   0.0000000E+00   1.8422141E-03
   2.0289855E-01   0.0000000E+00   0.0000000E+00   1.6231261E+06   0.0000000E+00   0.0000000E+00   2.9559523E-03
   2.1739130E-01   0.0000000E+00   0.0000000E+00   1.4852144E+06   0.0000000E+00   0.0000000E+00   2.2956498E-03
   2.3188406E-01   0.0000000E+00   0.0000000E+00   1.3715981E+06   0.0000000E+00   0.0000000E+00   2.4339141E-03
   2.4637681E-01   0.0000000E+00   0.0000000E+00   1.2748697E+06   0.0000000E+00   0.0000000E+00   2.5533477E-03
   2.6086957E-01   0.0000000E+00   0.0000000E+00   1.1900676E+06   0.0000000E+00   0.0000000E+00   2.8544119E-03
   2.7536232E-01   0.0000000E+00   0.0000000E+00   1.1193366E+06   0.0000000E+00   0.0000000E+00   1.7677118E-03
   2.8985507E-01   0.0000000E+00   0.0000000E+00   1.0406377E+06   0.0000000E+00   0.0000000E+00   1.9316052E-03
   3.0434783E-01   0.0000000E+00   0.0000000E+00   9.7026378E+05   0.0000000E+00   0.0000000E+00   3.7395865E-03
   3.1884058E-01   0.0000000E+00   0.0000000E+00   9.1472595E+05   0.0000000E+00   0.0000000E+00   3.8673783E-03
   3.3333333E-01   0.0000000E+00   0.0000000E+00   8.6177723E+05   0.0000000E+00   0.0000000E+00   3.7535448E-03
   3.4782609E-01   0.0000000E+00   0.0000000E+00   8.1052567E+05   0.0000000E+00   0.0000000E+00   2.2814236E-03
   3.6231884E-01   0.0000000E+00   0.0000000E+00   7.5852473E+05   0.0000000E+00   0.0000000E+00   2.8887711E-03
   3.7681159E-01   0.0000000E+00   0.0000000E+00   7.1023242E+05   0.0000000E+00   0.0000000E+00   3.5792682E-03
   3.9130435E-01   0.0000000E+00   0.0000000E+00   6.5880995E+05   0.0000000E+00   0.0000000E+00   2.7557462E-03
   4.0579710E-01   0.0000000E+00   0.0000000E+00   6.0957210E+05   0.0000000E+00   0.0000000E+00   1.7501245E-03
   4.2028986E-01   0.0000000E+00   0.0000000E+00   5.5779871E+05   0.0000000E+00   0.0000000E+00   3.6577473E-03
   4.3478261E-01   0.0000000E+00   0.0000000E+00   4.8795717E+05   0.0000000E+00   0.0000000E+00   4.6588071E-03
   4.4927536E-01   0.0000000E+00   0.0000000E+00   4.0683127E+05   0.0000000E+00   0.0000000E+00   4.2984997E-03
   4.6376812E-01   0.0000000E+00   0.0000000E+00   3.0719119E+05   0.0000000E+00   0.0000000E+00   4.3940619E-03
   4.7826087E-01   0.0000000E+00   0.0000000E+00   1.7685115E+05   0.0000000E+00   0.0000000E+00   6.9850040E-03
   4.9275362E-01   0.0000000E+00   0.0000000E+00   6.2669281E+04   0.0000000E+00   0.0000000E+00   2.8301590E-02
   5.0724638E-01   0.0000000E+00   0.0000000E+00   2.0610438E+04   0.0000000E+00   0.0000000E+00   1.1353356E-01
   5.2173913E-01   0.0000000E+00   0.0000000E+00   1.8185680E+04   0.0000000E+00   0.0000000E+00   1.4450068E-01
   5.3623188E-01   0.0000000E+00   0.0000000E+00   1.4908981E+04   0.0000000E+00   0.0000000E+00   1.5274145E-01
   5.5072464E-01   0.0000000E+00   0.0000000E+00   1.1027063E+04   0.0000000E+00   0.0000000E+00   1.6616726E-01
   5.6521739E-01   0.0000000E+00   0.0000000E+00   9.1899859E+03   0.0000000E+00   0.0000000E+00   1.8792859E-01
   5.7971014E-01   0.0000000E+00   0.0000000E+00   7.7668010E+03   0.0000000E+00   0.0000000E+00   2.1496178E-01
   5.9420290E-01   0.0000000E+00   0.0000000E+00   6.2651887E+03   0.0000000E+00   0.0000000E+00   2.3306838E-01
   6.0869565E-01   0.0000000E+00   0.0000000E+00   5.5928184E+03   0.0000000E+00   0.0000000E+00   2.3452590E-01
   6.2318841E-01   0.0000000E+00   0.0000000E+00   4.9693429E+03   0.0000000E+00   0.0000000E+00   2.3347878E-01
   6.3768116E-01   0.0000000E+00   0.0000000E+00   4.1675518E+03   0.0000000E+00   0.0000000E+00   2.4392764E-01
   6.5217391E-01   0.0000000E+00   0.0000000E+00   3.8560378E+03   0.0000000E+00   0.0000000E+00   2.6145904E-01
   6.6666667E-01   0.0000000E+00   0.0000000E+00   3.3933425E+03   0.0000000E+00   0.0000000E+00   2.6429131E-01
   6.8115942E-01   0.0000000E+00   0.0000000E+00   2.9342144E+03   0.0000000E+00   0.0000000E+00   2.5009731E-01
   6.9565217E-01   0.0000000E+00   0.0000000E+00   2.5573613E+03   0.0000000E+00   0.0000000E+00   2.7499580E-01
   7.1014493E-01   0.0000000E+00   0.0000000E+00   2.3969222E+03   0.0000000E+00   0.0000000E+00   2.8354513E-01
   7.2463768E-01   0.0000000E+00   0.0000000E+00   2.0155796E+03   0.0000000E+00   0.0000000E+00   2.6945015E-01
   7.3913043E-01   0.0000000E+00   0.0000000E+00   1.8423402E+03   0.0000000E+00   0.0000000E+00   2.9463047E-01
   7.5362319E-01   0.0000000E+00   0.0000000E+00   1.7631950E+03   0.0000000E+00   0.0000000E+00   3.0655373E-01
   7.6811594E-01   0.0000000E+00   0.0000000E+00   1.3725042E+03   0.0000000E+00   0.0000000E+00   2.9447470E-01
   7.8260870E-01   0.0000000E+00   0.0000000E+00   1.4733769E+03   0.0000000E+00   0.0000000E+00   2.9337001E-01
   7.9710145E-01   0.0000000E+00   0.0000000E+00   1.3914801E+03   0.0000000E+00   0.0000000E+00   2.9307872E-01
   8.1159420E-01   0.0000000E+00   0.0000000E+00   1.0960120E+03   0.0000000E+00   0.0000000E+00   3.1922628E-01
   8.2608696E-01   0.0000000E+00   0.0000000E+00   1.0103156E+03   0.0000000E+00   0.0000000E+00   3.3823235E-01
   8.4057971E-01   0.0000000E+00   0.0000000E+00   8.4918766E+02   0.0000000E+00   0.0000000E+00   3.3285535E-01
   8.5507246E-01   0.0000000E+00   0.0000000E+00   8.0910866E+02   0.0000000E+00   0.0000000E+00   3.5109815E-01
   8.6956522E-01   0.0000000E+00   0.0000000E+00   7.1984985E+02   0.0000000E+00   0.0000000E+00   3.7639911E-01
   8.8405797E-01   0.0000000E+00   0.0000000E+00   5.8382990E+02   0.0000000E+00   0.0000000E+00   3.7266260E-01
   8.9855072E-01   0.0000000E+00   0.0000000E+00   6.4774265E+02   0.0000000E+00   0.0000000E+00   3.7780849E-01
   9.1304348E-01   0.0000000E+00   0.0000000E+00   5.5326806E+02   0.0000000E+00   0.0000000E+00   3.8413734E-01
   9.2753623E-01   0.0000000E+00   0.0000000E+00   3.7886834E+02   0.0000000E+00   0.0000000E+00   3.9183824E-01
   9.4202899E-01   0.0000000E+00   0.0000000E+00   3.6138211E+02   0.0000000E+00   0.0000000E+00   3.9972709E-01
   9.5652174E-01   0.0000000E+00   0.0000000E+00   3.5590662E+02   0.0000000E+00   0.0000000E+00   3.7660005E-01
   9.7101449E-01   0.0000000E+00   0.0000000E+00   2.4880906E+02   0.0000000E+00   0.0000000E+00   3.8127761E-01
   9.8550725E-01   0.0000000E+00   0.0000000E+00   8.9145492E+01   0.0000000E+00   0.0000000E+00   4.2471149E-01
   1.0000000E+00   0.0000000E+00   0.0000000E+00   2.1884092E+01   0.0000000E+00   0.0000000E+00   4.2850441E-01
