   0.0000000E+00   0.0000000E+00   0.0000000E+00   5.7542791E+10   0.0000000E+00   0.0000000E+00   4.8676705E-06
   1.4492754E-02   0.0000000E+00   0.0000000E+00   2.4618107E+07   0.0000000E+00   0.0000000E+00   6.1425120E-03
   2.8985507E-02   0.0000000E+00   0.0000000E+00   1.8652446E+07   0.0000000E+00   0.0000000E+00   5.8536034E-03
   4.3478261E-02   0.0000000E+00   0.0000000E+00   1.4427559E+07   0.0000000E+00   0.0000000E+00   4.7758471E-03
   5.7971014E-02   0.0000000E+00   0.0000000E+00   1.0476278E+07   0.0000000E+00   0.0000000E+00   4.0169811E-03
   7.2463768E-02   0.0000000E+00   0.0000000E+00   7.3020053E+06   0.0000000E+00   0.0000000E+00   3.0551669E-03
   8.6956522E-02   0.0000000E+00   0.0000000E+00   5.1661224E+06   0.0000000E+00   0.0000000E+00   2.6410567E-03
   1.0144928E-01   0.0000000E+00   0.0000000E+00   3.8390188E+06   0.0000000E+00   0.0000000E+00   2.3596359E-03
   1.1594203E-01   0.0000000E+00   0.0000000E+00   3.0331252E+06   0.0000000E+00   0.0000000E+00   1.9431273E-03
   1.3043478E-01   0.0000000E+00   0.0000000E+00   2.5703270E+06   0.0000000E+00   0.0000000E+00   1.7335449E-03
   1.4492754E-01   0.0000000E+00   0.0000000E+00   2.2583584E+06   0.0000000E+00   0.0000000E+00   2.0859531E-03
   1.5942029E-01   0.0000000E+00   0.0000000E+00   2.0143396E+06   0.0000000E+00   0.0000000E+00   2.0158338E-03
   1.7391304E-01   0.0000000E+00   0.0000000E+00   1.8355540E+06   0.0000000E+00   0.0000000E+00   1.5558980E-03
   1.8840580E-01   0.0000000E+00   0.0000000E+00   1.7036252E+06   0.0000000E+00   0.0000000E+00   2.2449518E-03
   2.0289855E-01   0.0000000E+00   0.0000000E+00   1.5881620E+06   0.0000000E+00   0.0000000E+00   3.4972281E-03
   2.1739130E-01   0.0000000E+00   0.0000000E+00   1.4764752E+06   0.0000000E+00   0.0000000E+00   2.8173442E-03
   2.3188406E-01   0.0000000E+00   0.0000000E+00   1.3839587E+06   0.0000000E+00   0.0000000E+00   2.0363617E-03
   2.4637681E-01   0.0000000E+00   0.0000000E+00   1.3070958E+06   0.0000000E+00   0.0000000E+00   2.6734190E-03
   2.6086957E-01   0.0000000E+00   0.0000000E+00   1.2434459E+06   0.0000000E+00   0.0000000E+00   2.5241829E-03
   2.7536232E-01   0.0000000E+00   0.0000000E+00   1.1891680E+06   0.0000000E+00   0.0000000E+00   1.9368724E-03
   2.8985507E-01   0.0000000E+00   0.0000000E+00   1.1388025E+06   0.0000000E+00   0.0000000E+00   1.7213204E-03
   3.0434783E-01   0.0000000E+00   0.0000000E+00   1.0883625E+06   0.0000000E+00   0.0000000E+00   1.2843937E-03
   3.1884058E-01   0.0000000E+00   0.0000000E+00   1.0467788E+06   0.0000000E+00   0.0000000E+00   2.7031711E-03
   3.3333333E-01   0.0000000E+00   0.0000000E+00   1.0038364E+06   0.0000000E+00   0.0000000E+00   2.8933887E-03
   3.4782609E-01   0.0000000E+00   0.0000000E+00   9.4549752E+05   0.0000000E+00   0.0000000E+00   1.8470467E-03
   3.6231884E-01   0.0000000E+00   0.0000000E+00   8.8612759E+05   0.0000000E+00   0.0000000E+00   2.3707286E-03
   3.7681159E-01   0.0000000E+00   0.0000000E+00   8.3531726E+05   0.0000000E+00   0.0000000E+00   2.7792655E-03
   3.9130435E-01   0.0000000E+00   0.0000000E+00   7.7098304E+05   0.0000000E+00   0.0000000E+00   3.1057341E-03
   4.0579710E-01   0.0000000E+00   0.0000000E+00   6.8169240E+05   0.0000000E+00   0.0000000E+00   3.2947123E-03
   4.2028986E-01   0.0000000E+00   0.0000000E+00   5.8745496E+05   0.0000000E+00   0.0000000E+00   3.8126463E-03
   4.3478261E-01   0.0000000E+00   0.0000000E+00   4.7734885E+05   0.0000000E+00   0.0000000E+00   4.0262023E-03
   4.4927536E-01   0.0000000E+00   0.0000000E+00   3.4220366E+05   0.0000000E+00   0.0000000E+00   4.2239407E-03
   4.6376812E-01   0.0000000E+00   0.0000000E+00   2.0605702E+05   0.0000000E+00   0.0000000E+00   7.2960467E-03
   4.7826087E-01   0.0000000E+00   0.0000000E+00   9.9860510E+04   0.0000000E+00   0.0000000E+00   1.6749943E-02
   4.9275362E-01   0.0000000E+00   0.0000000E+00   3.4231869E+04   0.0000000E+00   0.0000000E+00   2.9044549E-02
   5.0724638E-01   0.0000000E+00   0.0000000E+00   7.2742722E+03   0.0000000E+00   0.0000000E+00   5.6026324E-02
   5.2173913E-01   0.0000000E+00   0.0000000E+00   4.9884332E+03   0.0000000E+00   0.0000000E+00   9.8269924E-02
   5.3623188E-01   0.0000000E+00   0.0000000E+00   4.9764869E+03   0.0000000E+00   0.0000000E+00   1.0077357E-01
   5.5072464E-01   0.0000000E+00   0.0000000E+00   5.1645737E+03   0.0000000E+00   0.0000000E+00   9.7885109E-02
   5.6521739E-01   0.0000000E+00   0.0000000E+00   5.3041568E+03   0.0000000E+00   0.0000000E+00   1.1826334E-01
   5.7971014E-01   0.0000000E+00   0.0000000E+00   4.3759294E+03   0.0000000E+00   0.0000000E+00   1.3887331E-01
   5.9420290E-01   0.0000000E+00   0.0000000E+00   4.2322366E+03   0.0000000E+00   0.0000000E+00   1.4614859E-01
   6.0869565E-01   0.0000000E+00   0.0000000E+00   5.0876606E+03   0.0000000E+00   0.0000000E+00   1.5151411E-01
   6.2318841E-01   0.0000000E+00   0.0000000E+00   5.1808043E+03   0.0000000E+00   0.0000000E+00   1.7025649E-01
   6.3768116E-01   0.0000000E+00   0.0000000E+00   4.1503305E+03   0.0000000E+00   0.0000000E+00   2.0152704E-01
   6.5217391E-01   0.0000000E+00   0.0000000E+00   3.4687502E+03   0.0000000E+00   0.0000000E+00   2.2404553E-01
   6.6666667E-01   0.0000000E+00   0.0000000E+00   3.2450897E+03   0.0000000E+00   0.0000000E+00   2.1750177E-01
   6.8115942E-01   0.0000000E+00   0.0000000E+00   3.0631909E+03   0.0000000E+00   0.0000000E+00   2.1507196E-01
   6.9565217E-01   0.0000000E+00   0.0000000E+00   2.9362297E+03   0.0000000E+00   0.0000000E+00   2.4338003E-01
   7.1014493E-01   0.0000000E+00   0.0000000E+00   2.4742422E+03   0.0000000E+00   0.0000000E+00   2.5005357E-01
   7.2463768E-01   0.0000000E+00   0.0000000E+00   2.1519722E+03   0.0000000E+00   0.0000000E+00   2.6034963E-01
   7.3913043E-01   0.0000000E+00   0.0000000E+00   2.2286373E+03   0.0000000E+00   0.0000000E+00   2.9088764E-01
   7.5362319E-01   0.0000000E+00   0.0000000E+00   1.7777668E+03   0.0000000E+00   0.0000000E+00   2.9502804E-01
   7.6811594E-01   0.0000000E+00   0.0000000E+00   1.4153949E+03   0.0000000E+00   0.0000000E+00   3.0843416E-01
   7.8260870E-01   0.0000000E+00   0.0000000E+00   1.3049910E+03   0.0000000E+00   0.0000000E+00   2.9507954E-01
   7.9710145E-01   0.0000000E+00   0.0000000E+00   1.2537098E+03   0.0000000E+00   0.0000000E+00   2.6403187E-01
   8.1159420E-01   0.0000000E+00   0.0000000E+00   1.1366050E+03   0.0000000E+00   0.0000000E+00   2.9144492E-01
   8.2608696E-01   0.0000000E+00   0.0000000E+00   9.0396657E+02   0.0000000E+00   0.0000000E+00   3.2378814E-01
   8.4057971E-01   0.0000000E+00   0.0000000E+00   8.8838094E+02   0.0000000E+00   0.0000000E+00   3.2862246E-01
   8.5507246E-01   0.0000000E+00   0.0000000E+00   6.8067872E+02   0.0000000E+00   0.0000000E+00   3.2074657E-01
   8.6956522E-01   0.0000000E+00   0.0000000E+00   6.3144724E+02   0.0000000E+00   0.0000000E+00   3.5213722E-01
   8.8405797E-01   0.0000000E+00   0.0000000E+00   6.8320521E+02   0.0000000E+00   0.0000000E+00   3.7860923E-01
   8.9855072E-01   0.0000000E+00   0.0000000E+00   6.4774265E+02   0.0000000E+00   0.0000000E+00   3.8245078E-01
   9.1304348E-01   0.0000000E+00   0.0000000E+00   5.6529562E+02   0.0000000E+00   0.0000000E+00   3.8010963E-01
   9.2753623E-01   0.0000000E+00   0.0000000E+00   3.7886834E+02   0.0000000E+00   0.0000000E+00   3.6070075E-01
   9.4202899E-01   0.0000000E+00   0.0000000E+00   3.3806714E+02   0.0000000E+00   0.0000000E+00   3.6562378E-01
   9.5652174E-01   0.0000000E+00   0.0000000E+00   2.7554061E+02   0.0000000E+00   0.0000000E+00   3.9680960E-01
   9.7101449E-01   0.0000000E+00   0.0000000E+00   1.4702354E+02   0.0000000E+00   0.0000000E+00   3.8923814E-01
   9.8550725E-01   0.0000000E+00   0.0000000E+00   1.0028868E+02   0.0000000E+00   0.0000000E+00   3.7638153E-01
   1.0000000E+00   0.0000000E+00   0.0000000E+00   6.5652276E+01   0.0000000E+00   0.0000000E+00   4.2121654E-01
