   0.0000000E+00   0.0000000E+00   0.0000000E+00   5.7915367E+10   0.0000000E+00   0.0000000E+00   3.2430036E-06
   1.4492754E-02   0.0000000E+00   0.0000000E+00   3.1938601E+07   0.0000000E+00   0.0000000E+00   8.6295546E-03
   2.8985507E-02   0.0000000E+00   0.0000000E+00   2.4517328E+07   0.0000000E+00   0.0000000E+00   1.5850869E-02
   4.3478261E-02   0.0000000E+00   0.0000000E+00   1.9549101E+07   0.0000000E+00   0.0000000E+00   1.9475103E-02
   5.7971014E-02   0.0000000E+00   0.0000000E+00   1.4842546E+07   0.0000000E+00   0.0000000E+00   2.2591255E-02
   7.2463768E-02   0.0000000E+00   0.0000000E+00   1.0585733E+07   0.0000000E+00   0.0000000E+00   2.6755646E-02
   8.6956522E-02   0.0000000E+00   0.0000000E+00   7.2212306E+06   0.0000000E+00   0.0000000E+00   2.8640246E-02
   1.0144928E-01   0.0000000E+00   0.0000000E+00   4.9432576E+06   0.0000000E+00   0.0000000E+00   2.7398978E-02
   1.1594203E-01   0.0000000E+00   0.0000000E+00   3.4641827E+06   0.0000000E+00   0.0000000E+00   2.3966649E-02
   1.3043478E-01   0.0000000E+00   0.0000000E+00   2.5481843E+06   0.0000000E+00   0.0000000E+00   1.9991565E-02
   1.4492754E-01   0.0000000E+00   0.0000000E+00   1.9904227E+06   0.0000000E+00   0.0000000E+00   1.4410519E-02
   1.5942029E-01   0.0000000E+00   0.0000000E+00   1.6314071E+06   0.0000000E+00   0.0000000E+00   1.0640524E-02
   1.7391304E-01   0.0000000E+00   0.0000000E+00   1.3862793E+06   0.0000000E+00   0.0000000E+00   8.7171941E-03
   1.8840580E-01   0.0000000E+00   0.0000000E+00   1.1930273E+06   0.0000000E+00   0.0000000E+00   6.7741723E-03
   2.0289855E-01   0.0000000E+00   0.0000000E+00   1.0416173E+06   0.0000000E+00   0.0000000E+00   5.6325475E-03
   2.1739130E-01   0.0000000E+00   0.0000000E+00   9.3120787E+05   0.0000000E+00   0.0000000E+00   5.0694811E-03
   2.3188406E-01   0.0000000E+00   0.0000000E+00   8.3881451E+05   0.0000000E+00   0.0000000E+00   6.9696827E-03
   2.4637681E-01   0.0000000E+00   0.0000000E+00   7.5319026E+05   0.0000000E+00   0.0000000E+00   6.9345124E-03
   2.6086957E-01   0.0000000E+00   0.0000000E+00   6.8469929E+05   0.0000000E+00   0.0000000E+00   6.7063741E-03
   2.7536232E-01   0.0000000E+00   0.0000000E+00   6.3251073E+05   0.0000000E+00   0.0000000E+00   6.6693075E-03
   2.8985507E-01   0.0000000E+00   0.0000000E+00   5.9372458E+05   0.0000000E+00   0.0000000E+00   6.6057676E-03
   3.0434783E-01   0.0000000E+00   0.0000000E+00   5.4827661E+05   0.0000000E+00   0.0000000E+00   8.7332680E-03
   3.1884058E-01   0.0000000E+00   0.0000000E+00   5.0465263E+05   0.0000000E+00   0.0000000E+00   8.2403198E-03
   3.3333333E-01   0.0000000E+00   0.0000000E+00   4.6976380E+05   0.0000000E+00   0.0000000E+00   5.7445562E-03
   3.4782609E-01   0.0000000E+00   0.0000000E+00   4.3535130E+05   0.0000000E+00   0.0000000E+00   5.4015929E-03
   3.6231884E-01   0.0000000E+00   0.0000000E+00   4.0287344E+05   0.0000000E+00   0.0000000E+00   6.2642693E-03
   3.7681159E-01   0.0000000E+00   0.0000000E+00   3.6496679E+05   0.0000000E+00   0.0000000E+00   5.5050809E-03
   3.9130435E-01   0.0000000E+00   0.0000000E+00   3.2523742E+05   0.0000000E+00   0.0000000E+00   7.1242429E-03
   4.0579710E-01   0.0000000E+00   0.0000000E+00   2.8731751E+05   0.0000000E+00   0.0000000E+00   7.2165933E-03
   4.2028986E-01   0.0000000E+00   0.0000000E+00   2.4114317E+05   0.0000000E+00   0.0000000E+00   5.9605820E-03
   4.3478261E-01   0.0000000E+00   0.0000000E+00   1.9110119E+05   0.0000000E+00   0.0000000E+00   8.1987791E-03
   4.4927536E-01   0.0000000E+00   0.0000000E+00   1.4040127E+05   0.0000000E+00   0.0000000E+00   1.0739738E-02
   4.6376812E-01   0.0000000E+00   0.0000000E+00   9.0596892E+04   0.0000000E+00   0.0000000E+00   1.6799287E-02
   4.7826087E-01   0.0000000E+00   0.0000000E+00   4.9574349E+04   0.0000000E+00   0.0000000E+00   2.2303005E-02
   4.9275362E-01   0.0000000E+00   0.0000000E+00   1.8943417E+04   0.0000000E+00   0.0000000E+00   3.0533960E-02
   5.0724638E-01   0.0000000E+00   0.0000000E+00   5.9319958E+03   0.0000000E+00   0.0000000E+00   5.0782685E-02
   5.2173913E-01   0.0000000E+00   0.0000000E+00   4.7148060E+03   0.0000000E+00   0.0000000E+00   6.8544294E-02
   5.3623188E-01   0.0000000E+00   0.0000000E+00   4.8740900E+03   0.0000000E+00   0.0000000E+00   6.8703555E-02
   5.5072464E-01   0.0000000E+00   0.0000000E+00   4.7458245E+03   0.0000000E+00   0.0000000E+00   6.7108876E-02
   5.6521739E-01   0.0000000E+00   0.0000000E+00   4.5852784E+03   0.0000000E+00   0.0000000E+00   6.5326001E-02
   5.7971014E-01   0.0000000E+00   0.0000000E+00   4.3001557E+03   0.0000000E+00   0.0000000E+00   6.7121228E-02
   5.9420290E-01   0.0000000E+00   0.0000000E+00   4.4355318E+03   0.0000000E+00   0.0000000E+00   7.9268406E-02
   6.0869565E-01   0.0000000E+00   0.0000000E+00   4.6005442E+03   0.0000000E+00   0.0000000E+00   9.4411513E-02
   6.2318841E-01   0.0000000E+00   0.0000000E+00   4.1587409E+03   0.0000000E+00   0.0000000E+00   1.0015233E-01
   6.3768116E-01   0.0000000E+00   0.0000000E+00   4.2708795E+03   0.0000000E+00   0.0000000E+00   8.9649901E-02
   6.5217391E-01   0.0000000E+00   0.0000000E+00   4.4285500E+03   0.0000000E+00   0.0000000E+00   9.9133561E-02
   6.6666667E-01   0.0000000E+00   0.0000000E+00   4.4970025E+03   0.0000000E+00   0.0000000E+00   1.1381987E-01
   6.8115942E-01   0.0000000E+00   0.0000000E+00   4.5786642E+03   0.0000000E+00   0.0000000E+00   1.0664173E-01
   6.9565217E-01   0.0000000E+00   0.0000000E+00   4.4359168E+03   0.0000000E+00   0.0000000E+00   1.0249695E-01
   7.1014493E-01   0.0000000E+00   0.0000000E+00   4.2835319E+03   0.0000000E+00   0.0000000E+00   1.1804999E-01
   7.2463768E-01   0.0000000E+00   0.0000000E+00   4.2433254E+03   0.0000000E+00   0.0000000E+00   1.2664121E-01
   7.3913043E-01   0.0000000E+00   0.0000000E+00   3.8481137E+03   0.0000000E+00   0.0000000E+00   1.1593199E-01
   7.5362319E-01   0.0000000E+00   0.0000000E+00   3.1038060E+03   0.0000000E+00   0.0000000E+00   1.2120679E-01
   7.6811594E-01   0.0000000E+00   0.0000000E+00   2.9308683E+03   0.0000000E+00   0.0000000E+00   1.3315195E-01
   7.8260870E-01   0.0000000E+00   0.0000000E+00   2.8344965E+03   0.0000000E+00   0.0000000E+00   1.2677539E-01
   7.9710145E-01   0.0000000E+00   0.0000000E+00   2.5349736E+03   0.0000000E+00   0.0000000E+00   1.3963131E-01
   8.1159420E-01   0.0000000E+00   0.0000000E+00   2.0837759E+03   0.0000000E+00   0.0000000E+00   1.6171231E-01
   8.2608696E-01   0.0000000E+00   0.0000000E+00   1.8345204E+03   0.0000000E+00   0.0000000E+00   1.6245174E-01
   8.4057971E-01   0.0000000E+00   0.0000000E+00   1.8812773E+03   0.0000000E+00   0.0000000E+00   1.6620226E-01
   8.5507246E-01   0.0000000E+00   0.0000000E+00   1.6567463E+03   0.0000000E+00   0.0000000E+00   1.7992340E-01
   8.6956522E-01   0.0000000E+00   0.0000000E+00   1.4144418E+03   0.0000000E+00   0.0000000E+00   1.7920475E-01
   8.8405797E-01   0.0000000E+00   0.0000000E+00   1.2918789E+03   0.0000000E+00   0.0000000E+00   1.6491917E-01
   8.9855072E-01   0.0000000E+00   0.0000000E+00   9.8994631E+02   0.0000000E+00   0.0000000E+00   1.7825237E-01
   9.1304348E-01   0.0000000E+00   0.0000000E+00   6.7354372E+02   0.0000000E+00   0.0000000E+00   2.1340726E-01
   9.2753623E-01   0.0000000E+00   0.0000000E+00   5.4462324E+02   0.0000000E+00   0.0000000E+00   2.3676890E-01
   9.4202899E-01   0.0000000E+00   0.0000000E+00   4.1966955E+02   0.0000000E+00   0.0000000E+00   2.5149209E-01
   9.5652174E-01   0.0000000E+00   0.0000000E+00   2.9850233E+02   0.0000000E+00   0.0000000E+00   3.0419816E-01
   9.7101449E-01   0.0000000E+00   0.0000000E+00   2.1488055E+02   0.0000000E+00   0.0000000E+00   3.2999272E-01
   9.8550725E-01   0.0000000E+00   0.0000000E+00   6.6859119E+01   0.0000000E+00   0.0000000E+00   3.4980097E-01
   1.0000000E+00   0.0000000E+00   0.0000000E+00   2.1884092E+01   0.0000000E+00   0.0000000E+00   4.2602921E-01
