   0.0000000E+00   0.0000000E+00   0.0000000E+00   5.4438774E+10   0.0000000E+00   0.0000000E+00   1.3652013E-06
   1.4492754E-02   0.0000000E+00   0.0000000E+00   4.4014651E+07   0.0000000E+00   0.0000000E+00   3.4658988E-04
   2.8985507E-02   0.0000000E+00   0.0000000E+00   3.7176456E+07   0.0000000E+00   0.0000000E+00   5.6533355E-05
   4.3478261E-02   0.0000000E+00   0.0000000E+00   3.1109385E+07   0.0000000E+00   0.0000000E+00   1.0885595E-04
   5.7971014E-02   0.0000000E+00   0.0000000E+00   2.4525853E+07   0.0000000E+00   0.0000000E+00   4.2295141E-05
   7.2463768E-02   0.0000000E+00   0.0000000E+00   1.9702366E+07   0.0000000E+00   0.0000000E+00   1.1408524E-04
   8.6956522E-02   0.0000000E+00   0.0000000E+00   1.6460061E+07   0.0000000E+00   0.0000000E+00   1.4267781E-04
   1.0144928E-01   0.0000000E+00   0.0000000E+00   1.3836488E+07   0.0000000E+00   0.0000000E+00   1.6031327E-04
   1.1594203E-01   0.0000000E+00   0.0000000E+00   1.1428185E+07   0.0000000E+00   0.0000000E+00   1.7208454E-04
   1.3043478E-01   0.0000000E+00   0.0000000E+00   9.1836002E+06   0.0000000E+00   0.0000000E+00   2.0949071E-04
   1.4492754E-01   0.0000000E+00   0.0000000E+00   7.0865050E+06   0.0000000E+00   0.0000000E+00   2.8449461E-04
   1.5942029E-01   0.0000000E+00   0.0000000E+00   5.3629158E+06   0.0000000E+00   0.0000000E+00   4.0384757E-04
   1.7391304E-01   0.0000000E+00   0.0000000E+00   4.2485664E+06   0.0000000E+00   0.0000000E+00   4.7564296E-04
   1.8840580E-01   0.0000000E+00   0.0000000E+00   3.5762257E+06   0.0000000E+00   0.0000000E+00   4.9543167E-04
   2.0289855E-01   0.0000000E+00   0.0000000E+00   3.1006044E+06   0.0000000E+00   0.0000000E+00   6.0768497E-04
   2.1739130E-01   0.0000000E+00   0.0000000E+00   2.7553326E+06   0.0000000E+00   0.0000000E+00   6.1003930E-04
   2.3188406E-01   0.0000000E+00   0.0000000E+00   2.4876969E+06   0.0000000E+00   0.0000000E+00   8.0749293E-04
   2.4637681E-01   0.0000000E+00   0.0000000E+00   2.2409840E+06   0.0000000E+00   0.0000000E+00   1.0969533E-03
   2.6086957E-01   0.0000000E+00   0.0000000E+00   2.0244198E+06   0.0000000E+00   0.0000000E+00   1.1852602E-03
   2.7536232E-01   0.0000000E+00   0.0000000E+00   1.8261055E+06   0.0000000E+00   0.0000000E+00   1.1026010E-03
   2.8985507E-01   0.0000000E+00   0.0000000E+00   1.6645581E+06   0.0000000E+00   0.0000000E+00   1.2316554E-03
   3.0434783E-01   0.0000000E+00   0.0000000E+00   1.5128393E+06   0.0000000E+00   0.0000000E+00   1.2895208E-03
   3.1884058E-01   0.0000000E+00   0.0000000E+00   1.3707112E+06   0.0000000E+00   0.0000000E+00   1.9980006E-03
   3.3333333E-01   0.0000000E+00   0.0000000E+00   1.2484206E+06   0.0000000E+00   0.0000000E+00   2.3806649E-03
   3.4782609E-01   0.0000000E+00   0.0000000E+00   1.1182299E+06   0.0000000E+00   0.0000000E+00   2.0404688E-03
   3.6231884E-01   0.0000000E+00   0.0000000E+00   9.9533260E+05   0.0000000E+00   0.0000000E+00   1.3028762E-03
   3.7681159E-01   0.0000000E+00   0.0000000E+00   8.7422413E+05   0.0000000E+00   0.0000000E+00   1.7530969E-03
   3.9130435E-01   0.0000000E+00   0.0000000E+00   7.6085182E+05   0.0000000E+00   0.0000000E+00   3.4727299E-03
   4.0579710E-01   0.0000000E+00   0.0000000E+00   6.5509043E+05   0.0000000E+00   0.0000000E+00   3.5754683E-03
   4.2028986E-01   0.0000000E+00   0.0000000E+00   5.5858258E+05   0.0000000E+00   0.0000000E+00   2.8649007E-03
   4.3478261E-01   0.0000000E+00   0.0000000E+00   4.6598280E+05   0.0000000E+00   0.0000000E+00   3.3881875E-03
   4.4927536E-01   0.0000000E+00   0.0000000E+00   3.6676900E+05   0.0000000E+00   0.0000000E+00   5.1796732E-03
   4.6376812E-01   0.0000000E+00   0.0000000E+00   2.6475793E+05   0.0000000E+00   0.0000000E+00   7.4685433E-03
   4.7826087E-01   0.0000000E+00   0.0000000E+00   1.5439459E+05   0.0000000E+00   0.0000000E+00   1.5059719E-02
   4.9275362E-01   0.0000000E+00   0.0000000E+00   5.7253692E+04   0.0000000E+00   0.0000000E+00   4.3431296E-02
   5.0724638E-01   0.0000000E+00   0.0000000E+00   1.4375347E+04   0.0000000E+00   0.0000000E+00   1.7265667E-01
   5.2173913E-01   0.0000000E+00   0.0000000E+00   9.1559849E+03   0.0000000E+00   0.0000000E+00   2.6371796E-01
   5.3623188E-01   0.0000000E+00   0.0000000E+00   8.1098305E+03   0.0000000E+00   0.0000000E+00   2.8926900E-01
   5.5072464E-01   0.0000000E+00   0.0000000E+00   7.7169499E+03   0.0000000E+00   0.0000000E+00   2.8606572E-01
   5.6521739E-01   0.0000000E+00   0.0000000E+00   6.7224844E+03   0.0000000E+00   0.0000000E+00   2.7901933E-01
   5.7971014E-01   0.0000000E+00   0.0000000E+00   5.6261949E+03   0.0000000E+00   0.0000000E+00   2.8052663E-01
   5.9420290E-01   0.0000000E+00   0.0000000E+00   5.3780823E+03   0.0000000E+00   0.0000000E+00   2.7758369E-01
   6.0869565E-01   0.0000000E+00   0.0000000E+00   4.6546682E+03   0.0000000E+00   0.0000000E+00   2.7604550E-01
   6.2318841E-01   0.0000000E+00   0.0000000E+00   3.8239270E+03   0.0000000E+00   0.0000000E+00   2.7509334E-01
   6.3768116E-01   0.0000000E+00   0.0000000E+00   3.9781176E+03   0.0000000E+00   0.0000000E+00   2.6839412E-01
   6.5217391E-01   0.0000000E+00   0.0000000E+00   3.7886834E+03   0.0000000E+00   0.0000000E+00   2.5653549E-01
   6.6666667E-01   0.0000000E+00   0.0000000E+00   3.3109799E+03   0.0000000E+00   0.0000000E+00   2.4230723E-01
   6.8115942E-01   0.0000000E+00   0.0000000E+00   3.2727776E+03   0.0000000E+00   0.0000000E+00   2.3725486E-01
   6.9565217E-01   0.0000000E+00   0.0000000E+00   3.5834631E+03   0.0000000E+00   0.0000000E+00   2.3906763E-01
   7.1014493E-01   0.0000000E+00   0.0000000E+00   3.0000187E+03   0.0000000E+00   0.0000000E+00   2.4281511E-01
   7.2463768E-01   0.0000000E+00   0.0000000E+00   2.4550669E+03   0.0000000E+00   0.0000000E+00   2.1594099E-01
   7.3913043E-01   0.0000000E+00   0.0000000E+00   2.7783678E+03   0.0000000E+00   0.0000000E+00   2.1216303E-01
   7.5362319E-01   0.0000000E+00   0.0000000E+00   2.4335005E+03   0.0000000E+00   0.0000000E+00   2.2412325E-01
   7.6811594E-01   0.0000000E+00   0.0000000E+00   1.9157871E+03   0.0000000E+00   0.0000000E+00   2.1064086E-01
   7.8260870E-01   0.0000000E+00   0.0000000E+00   1.9224060E+03   0.0000000E+00   0.0000000E+00   2.2128664E-01
   7.9710145E-01   0.0000000E+00   0.0000000E+00   1.7772369E+03   0.0000000E+00   0.0000000E+00   2.5083591E-01
   8.1159420E-01   0.0000000E+00   0.0000000E+00   1.6101905E+03   0.0000000E+00   0.0000000E+00   2.7767614E-01
   8.2608696E-01   0.0000000E+00   0.0000000E+00   1.4755925E+03   0.0000000E+00   0.0000000E+00   2.6669071E-01
   8.4057971E-01   0.0000000E+00   0.0000000E+00   1.2411204E+03   0.0000000E+00   0.0000000E+00   2.2745936E-01
   8.5507246E-01   0.0000000E+00   0.0000000E+00   1.1044975E+03   0.0000000E+00   0.0000000E+00   2.3775726E-01
   8.6956522E-01   0.0000000E+00   0.0000000E+00   1.1239761E+03   0.0000000E+00   0.0000000E+00   2.6583314E-01
   8.8405797E-01   0.0000000E+00   0.0000000E+00   9.9375303E+02   0.0000000E+00   0.0000000E+00   2.5692578E-01
   8.9855072E-01   0.0000000E+00   0.0000000E+00   7.2107201E+02   0.0000000E+00   0.0000000E+00   2.3963551E-01
   9.1304348E-01   0.0000000E+00   0.0000000E+00   5.6529562E+02   0.0000000E+00   0.0000000E+00   2.3280991E-01
   9.2753623E-01   0.0000000E+00   0.0000000E+00   5.0910433E+02   0.0000000E+00   0.0000000E+00   2.2381212E-01
   9.4202899E-01   0.0000000E+00   0.0000000E+00   4.1966955E+02   0.0000000E+00   0.0000000E+00   2.1495099E-01
   9.5652174E-01   0.0000000E+00   0.0000000E+00   3.6738748E+02   0.0000000E+00   0.0000000E+00   2.7087625E-01
   9.7101449E-01   0.0000000E+00   0.0000000E+00   3.1666608E+02   0.0000000E+00   0.0000000E+00   2.9731978E-01
   9.8550725E-01   0.0000000E+00   0.0000000E+00   1.6714780E+02   0.0000000E+00   0.0000000E+00   2.8120302E-01
   1.0000000E+00   0.0000000E+00   0.0000000E+00   8.7536368E+01   0.0000000E+00   0.0000000E+00   3.1904302E-01
