   0.0000000E+00   0.0000000E+00   0.0000000E+00   5.4594843E+10   0.0000000E+00   0.0000000E+00   1.2019181E-06
   1.4492754E-02   0.0000000E+00   0.0000000E+00   3.6040988E+07   0.0000000E+00   0.0000000E+00   3.5173146E-04
   2.8985507E-02   0.0000000E+00   0.0000000E+00   2.9746848E+07   0.0000000E+00   0.0000000E+00   4.6639314E-05
   4.3478261E-02   0.0000000E+00   0.0000000E+00   2.4372853E+07   0.0000000E+00   0.0000000E+00   1.7281942E-04
   5.7971014E-02   0.0000000E+00   0.0000000E+00   1.9496186E+07   0.0000000E+00   0.0000000E+00   2.0041092E-04
   7.2463768E-02   0.0000000E+00   0.0000000E+00   1.5955358E+07   0.0000000E+00   0.0000000E+00   1.1117733E-04
   8.6956522E-02   0.0000000E+00   0.0000000E+00   1.3573085E+07   0.0000000E+00   0.0000000E+00   2.8420351E-04
   1.0144928E-01   0.0000000E+00   0.0000000E+00   1.1841151E+07   0.0000000E+00   0.0000000E+00   4.0150462E-04
   1.1594203E-01   0.0000000E+00   0.0000000E+00   1.0271973E+07   0.0000000E+00   0.0000000E+00   3.4601830E-04
   1.3043478E-01   0.0000000E+00   0.0000000E+00   8.7958916E+06   0.0000000E+00   0.0000000E+00   2.0200026E-04
   1.4492754E-01   0.0000000E+00   0.0000000E+00   7.3953585E+06   0.0000000E+00   0.0000000E+00   4.2430938E-04
   1.5942029E-01   0.0000000E+00   0.0000000E+00   6.1223058E+06   0.0000000E+00   0.0000000E+00   4.2628924E-04
   1.7391304E-01   0.0000000E+00   0.0000000E+00   4.9143013E+06   0.0000000E+00   0.0000000E+00   4.4542440E-04
   1.8840580E-01   0.0000000E+00   0.0000000E+00   3.9450103E+06   0.0000000E+00   0.0000000E+00   7.9501975E-04
   2.0289855E-01   0.0000000E+00   0.0000000E+00   3.3325259E+06   0.0000000E+00   0.0000000E+00   7.6638247E-04
   2.1739130E-01   0.0000000E+00   0.0000000E+00   2.9703783E+06   0.0000000E+00   0.0000000E+00   7.9061447E-04
   2.3188406E-01   0.0000000E+00   0.0000000E+00   2.6910545E+06   0.0000000E+00   0.0000000E+00   7.4646740E-04
   2.4637681E-01   0.0000000E+00   0.0000000E+00   2.4120987E+06   0.0000000E+00   0.0000000E+00   4.9308564E-04
   2.6086957E-01   0.0000000E+00   0.0000000E+00   2.1695264E+06   0.0000000E+00   0.0000000E+00   1.0375320E-03
   2.7536232E-01   0.0000000E+00   0.0000000E+00   1.9718701E+06   0.0000000E+00   0.0000000E+00   1.4170213E-03
   2.8985507E-01   0.0000000E+00   0.0000000E+00   1.7874251E+06   0.0000000E+00   0.0000000E+00   1.3925161E-03
   3.0434783E-01   0.0000000E+00   0.0000000E+00   1.6118503E+06   0.0000000E+00   0.0000000E+00   1.3019762E-03
   3.1884058E-01   0.0000000E+00   0.0000000E+00   1.4528223E+06   0.0000000E+00   0.0000000E+00   1.8650727E-03
   3.3333333E-01   0.0000000E+00   0.0000000E+00   1.3141790E+06   0.0000000E+00   0.0000000E+00   2.8693015E-03
   3.4782609E-01   0.0000000E+00   0.0000000E+00   1.1775544E+06   0.0000000E+00   0.0000000E+00   2.7321735E-03
   3.6231884E-01   0.0000000E+00   0.0000000E+00   1.0464041E+06   0.0000000E+00   0.0000000E+00   2.3588498E-03
   3.7681159E-01   0.0000000E+00   0.0000000E+00   9.3711627E+05   0.0000000E+00   0.0000000E+00   2.2965089E-03
   3.9130435E-01   0.0000000E+00   0.0000000E+00   8.2601718E+05   0.0000000E+00   0.0000000E+00   2.5204333E-03
   4.0579710E-01   0.0000000E+00   0.0000000E+00   7.1979573E+05   0.0000000E+00   0.0000000E+00   3.1656018E-03
   4.2028986E-01   0.0000000E+00   0.0000000E+00   6.2680501E+05   0.0000000E+00   0.0000000E+00   4.8810975E-03
   4.3478261E-01   0.0000000E+00   0.0000000E+00   5.4395391E+05   0.0000000E+00   0.0000000E+00   7.6461225E-03
   4.4927536E-01   0.0000000E+00   0.0000000E+00   4.6356375E+05   0.0000000E+00   0.0000000E+00   7.9204808E-03
   4.6376812E-01   0.0000000E+00   0.0000000E+00   3.6721814E+05   0.0000000E+00   0.0000000E+00   9.8503809E-03
   4.7826087E-01   0.0000000E+00   0.0000000E+00   2.5338255E+05   0.0000000E+00   0.0000000E+00   2.2988061E-02
   4.9275362E-01   0.0000000E+00   0.0000000E+00   1.1265762E+05   0.0000000E+00   0.0000000E+00   5.4081643E-02
   5.0724638E-01   0.0000000E+00   0.0000000E+00   2.1368174E+04   0.0000000E+00   0.0000000E+00   1.8303175E-01
   5.2173913E-01   0.0000000E+00   0.0000000E+00   1.0608314E+04   0.0000000E+00   0.0000000E+00   2.6519219E-01
   5.3623188E-01   0.0000000E+00   0.0000000E+00   8.9494846E+03   0.0000000E+00   0.0000000E+00   2.7358424E-01
   5.5072464E-01   0.0000000E+00   0.0000000E+00   7.8166521E+03   0.0000000E+00   0.0000000E+00   2.7153599E-01
   5.6521739E-01   0.0000000E+00   0.0000000E+00   7.0722091E+03   0.0000000E+00   0.0000000E+00   2.6934440E-01
   5.7971014E-01   0.0000000E+00   0.0000000E+00   6.6491394E+03   0.0000000E+00   0.0000000E+00   2.7391468E-01
   5.9420290E-01   0.0000000E+00   0.0000000E+00   6.4684839E+03   0.0000000E+00   0.0000000E+00   2.6453993E-01
   6.0869565E-01   0.0000000E+00   0.0000000E+00   5.4665289E+03   0.0000000E+00   0.0000000E+00   2.5201297E-01
   6.2318841E-01   0.0000000E+00   0.0000000E+00   4.6697726E+03   0.0000000E+00   0.0000000E+00   2.5939644E-01
   6.3768116E-01   0.0000000E+00   0.0000000E+00   4.3053221E+03   0.0000000E+00   0.0000000E+00   2.6775177E-01
   6.5217391E-01   0.0000000E+00   0.0000000E+00   4.0749395E+03   0.0000000E+00   0.0000000E+00   2.5866344E-01
   6.6666667E-01   0.0000000E+00   0.0000000E+00   3.7886834E+03   0.0000000E+00   0.0000000E+00   2.3760310E-01
   6.8115942E-01   0.0000000E+00   0.0000000E+00   3.5146084E+03   0.0000000E+00   0.0000000E+00   2.1650976E-01
   6.9565217E-01   0.0000000E+00   0.0000000E+00   3.2045947E+03   0.0000000E+00   0.0000000E+00   2.3429973E-01
   7.1014493E-01   0.0000000E+00   0.0000000E+00   2.8608426E+03   0.0000000E+00   0.0000000E+00   2.4129907E-01
   7.2463768E-01   0.0000000E+00   0.0000000E+00   2.7430068E+03   0.0000000E+00   0.0000000E+00   2.2661345E-01
   7.3913043E-01   0.0000000E+00   0.0000000E+00   2.3772131E+03   0.0000000E+00   0.0000000E+00   2.1882588E-01
   7.5362319E-01   0.0000000E+00   0.0000000E+00   2.0254884E+03   0.0000000E+00   0.0000000E+00   2.1859408E-01
   7.6811594E-01   0.0000000E+00   0.0000000E+00   2.0730532E+03   0.0000000E+00   0.0000000E+00   2.3099845E-01
   7.8260870E-01   0.0000000E+00   0.0000000E+00   2.0767598E+03   0.0000000E+00   0.0000000E+00   2.2553783E-01
   7.9710145E-01   0.0000000E+00   0.0000000E+00   1.7772369E+03   0.0000000E+00   0.0000000E+00   2.2643255E-01
   8.1159420E-01   0.0000000E+00   0.0000000E+00   1.5290044E+03   0.0000000E+00   0.0000000E+00   2.3757902E-01
   8.2608696E-01   0.0000000E+00   0.0000000E+00   1.4888861E+03   0.0000000E+00   0.0000000E+00   2.3396498E-01
   8.4057971E-01   0.0000000E+00   0.0000000E+00   1.3325714E+03   0.0000000E+00   0.0000000E+00   2.2335335E-01
   8.5507246E-01   0.0000000E+00   0.0000000E+00   1.0531256E+03   0.0000000E+00   0.0000000E+00   2.4405164E-01
   8.6956522E-01   0.0000000E+00   0.0000000E+00   8.5876824E+02   0.0000000E+00   0.0000000E+00   2.7133969E-01
   8.8405797E-01   0.0000000E+00   0.0000000E+00   7.3289286E+02   0.0000000E+00   0.0000000E+00   2.6841135E-01
   8.9855072E-01   0.0000000E+00   0.0000000E+00   6.8440733E+02   0.0000000E+00   0.0000000E+00   2.1468888E-01
   9.1304348E-01   0.0000000E+00   0.0000000E+00   6.4948859E+02   0.0000000E+00   0.0000000E+00   1.8463420E-01
   9.2753623E-01   0.0000000E+00   0.0000000E+00   5.3278361E+02   0.0000000E+00   0.0000000E+00   2.4356174E-01
   9.4202899E-01   0.0000000E+00   0.0000000E+00   5.3624442E+02   0.0000000E+00   0.0000000E+00   2.7918232E-01
   9.5652174E-01   0.0000000E+00   0.0000000E+00   4.5923435E+02   0.0000000E+00   0.0000000E+00   2.8954205E-01
   9.7101449E-01   0.0000000E+00   0.0000000E+00   2.1488055E+02   0.0000000E+00   0.0000000E+00   3.0580042E-01
   9.8550725E-01   0.0000000E+00   0.0000000E+00   6.6859119E+01   0.0000000E+00   0.0000000E+00   2.0845772E-01
   1.0000000E+00   0.0000000E+00   0.0000000E+00   2.1884092E+01   0.0000000E+00   0.0000000E+00   4.6533116E-06
