   0.0000000E+00   0.0000000E+00   0.0000000E+00   5.4530836E+10   0.0000000E+00   0.0000000E+00   3.4924427E-07
   1.4492754E-02   0.0000000E+00   0.0000000E+00   3.8561978E+07   0.0000000E+00   0.0000000E+00   1.8567311E-04
   2.8985507E-02   0.0000000E+00   0.0000000E+00   3.2293222E+07   0.0000000E+00   0.0000000E+00   5.5452822E-05
   4.3478261E-02   0.0000000E+00   0.0000000E+00   2.6814028E+07   0.0000000E+00   0.0000000E+00   3.8274434E-05
   5.7971014E-02   0.0000000E+00   0.0000000E+00   2.1204503E+07   0.0000000E+00   0.0000000E+00   1.0760391E-04
   7.2463768E-02   0.0000000E+00   0.0000000E+00   1.7265940E+07   0.0000000E+00   0.0000000E+00   3.4534933E-05
   8.6956522E-02   0.0000000E+00   0.0000000E+00   1.4785084E+07   0.0000000E+00   0.0000000E+00   1.7794943E-05
   1.0144928E-01   0.0000000E+00   0.0000000E+00   1.2840714E+07   0.0000000E+00   0.0000000E+00   1.1603360E-04
   1.1594203E-01   0.0000000E+00   0.0000000E+00   1.1008493E+07   0.0000000E+00   0.0000000E+00   2.4865252E-04
   1.3043478E-01   0.0000000E+00   0.0000000E+00   9.2826112E+06   0.0000000E+00   0.0000000E+00   1.6902299E-04
   1.4492754E-01   0.0000000E+00   0.0000000E+00   7.6664009E+06   0.0000000E+00   0.0000000E+00   1.8459290E-04
   1.5942029E-01   0.0000000E+00   0.0000000E+00   6.0613424E+06   0.0000000E+00   0.0000000E+00   2.9078928E-04
   1.7391304E-01   0.0000000E+00   0.0000000E+00   4.6676580E+06   0.0000000E+00   0.0000000E+00   3.6061854E-04
   1.8840580E-01   0.0000000E+00   0.0000000E+00   3.7704977E+06   0.0000000E+00   0.0000000E+00   4.0149330E-04
   2.0289855E-01   0.0000000E+00   0.0000000E+00   3.2244943E+06   0.0000000E+00   0.0000000E+00   3.1770908E-04
   2.1739130E-01   0.0000000E+00   0.0000000E+00   2.8509590E+06   0.0000000E+00   0.0000000E+00   4.8531523E-04
   2.3188406E-01   0.0000000E+00   0.0000000E+00   2.5663594E+06   0.0000000E+00   0.0000000E+00   7.8043605E-04
   2.4637681E-01   0.0000000E+00   0.0000000E+00   2.3047676E+06   0.0000000E+00   0.0000000E+00   1.2602304E-03
   2.6086957E-01   0.0000000E+00   0.0000000E+00   2.0803661E+06   0.0000000E+00   0.0000000E+00   1.0512988E-03
   2.7536232E-01   0.0000000E+00   0.0000000E+00   1.8940625E+06   0.0000000E+00   0.0000000E+00   1.4869732E-03
   2.8985507E-01   0.0000000E+00   0.0000000E+00   1.7248739E+06   0.0000000E+00   0.0000000E+00   1.6350376E-03
   3.0434783E-01   0.0000000E+00   0.0000000E+00   1.5654840E+06   0.0000000E+00   0.0000000E+00   1.5948262E-03
   3.1884058E-01   0.0000000E+00   0.0000000E+00   1.4106302E+06   0.0000000E+00   0.0000000E+00   1.5887965E-03
   3.3333333E-01   0.0000000E+00   0.0000000E+00   1.2636412E+06   0.0000000E+00   0.0000000E+00   9.1328256E-04
   3.4782609E-01   0.0000000E+00   0.0000000E+00   1.1315534E+06   0.0000000E+00   0.0000000E+00   1.2417212E-03
   3.6231884E-01   0.0000000E+00   0.0000000E+00   1.0120028E+06   0.0000000E+00   0.0000000E+00   1.8840612E-03
   3.7681159E-01   0.0000000E+00   0.0000000E+00   8.9864656E+05   0.0000000E+00   0.0000000E+00   2.0400326E-03
   3.9130435E-01   0.0000000E+00   0.0000000E+00   7.8490295E+05   0.0000000E+00   0.0000000E+00   2.0893943E-03
   4.0579710E-01   0.0000000E+00   0.0000000E+00   6.8272075E+05   0.0000000E+00   0.0000000E+00   2.7732658E-03
   4.2028986E-01   0.0000000E+00   0.0000000E+00   5.8998946E+05   0.0000000E+00   0.0000000E+00   4.5521962E-03
   4.3478261E-01   0.0000000E+00   0.0000000E+00   5.0126807E+05   0.0000000E+00   0.0000000E+00   4.5288906E-03
   4.4927536E-01   0.0000000E+00   0.0000000E+00   4.1071773E+05   0.0000000E+00   0.0000000E+00   4.4122444E-03
   4.6376812E-01   0.0000000E+00   0.0000000E+00   3.1682865E+05   0.0000000E+00   0.0000000E+00   6.3043515E-03
   4.7826087E-01   0.0000000E+00   0.0000000E+00   2.0100688E+05   0.0000000E+00   0.0000000E+00   9.6078396E-03
   4.9275362E-01   0.0000000E+00   0.0000000E+00   7.9005192E+04   0.0000000E+00   0.0000000E+00   3.3581787E-02
   5.0724638E-01   0.0000000E+00   0.0000000E+00   1.8012483E+04   0.0000000E+00   0.0000000E+00   1.7824819E-01
   5.2173913E-01   0.0000000E+00   0.0000000E+00   1.0397831E+04   0.0000000E+00   0.0000000E+00   2.6828569E-01
   5.3623188E-01   0.0000000E+00   0.0000000E+00   9.5229070E+03   0.0000000E+00   0.0000000E+00   2.8805375E-01
   5.5072464E-01   0.0000000E+00   0.0000000E+00   8.4348057E+03   0.0000000E+00   0.0000000E+00   2.9134029E-01
   5.6521739E-01   0.0000000E+00   0.0000000E+00   7.1887839E+03   0.0000000E+00   0.0000000E+00   2.9117969E-01
   5.7971014E-01   0.0000000E+00   0.0000000E+00   6.2323842E+03   0.0000000E+00   0.0000000E+00   2.9837023E-01
   5.9420290E-01   0.0000000E+00   0.0000000E+00   5.3596009E+03   0.0000000E+00   0.0000000E+00   2.9125622E-01
   6.0869565E-01   0.0000000E+00   0.0000000E+00   5.2139500E+03   0.0000000E+00   0.0000000E+00   2.7404005E-01
   6.2318841E-01   0.0000000E+00   0.0000000E+00   4.9164776E+03   0.0000000E+00   0.0000000E+00   2.7143941E-01
   6.3768116E-01   0.0000000E+00   0.0000000E+00   4.3053221E+03   0.0000000E+00   0.0000000E+00   2.8065707E-01
   6.5217391E-01   0.0000000E+00   0.0000000E+00   4.0075851E+03   0.0000000E+00   0.0000000E+00   2.6917437E-01
   6.6666667E-01   0.0000000E+00   0.0000000E+00   3.5745404E+03   0.0000000E+00   0.0000000E+00   2.4991500E-01
   6.8115942E-01   0.0000000E+00   0.0000000E+00   3.3533879E+03   0.0000000E+00   0.0000000E+00   2.2811401E-01
   6.9565217E-01   0.0000000E+00   0.0000000E+00   3.2677395E+03   0.0000000E+00   0.0000000E+00   2.2438970E-01
   7.1014493E-01   0.0000000E+00   0.0000000E+00   3.0618748E+03   0.0000000E+00   0.0000000E+00   2.3111278E-01
   7.2463768E-01   0.0000000E+00   0.0000000E+00   2.7884710E+03   0.0000000E+00   0.0000000E+00   2.2654030E-01
   7.3913043E-01   0.0000000E+00   0.0000000E+00   2.5257889E+03   0.0000000E+00   0.0000000E+00   2.1634363E-01
   7.5362319E-01   0.0000000E+00   0.0000000E+00   2.2149226E+03   0.0000000E+00   0.0000000E+00   2.1888292E-01
   7.6811594E-01   0.0000000E+00   0.0000000E+00   1.8300056E+03   0.0000000E+00   0.0000000E+00   2.3842642E-01
   7.8260870E-01   0.0000000E+00   0.0000000E+00   1.8662774E+03   0.0000000E+00   0.0000000E+00   2.3708179E-01
   7.9710145E-01   0.0000000E+00   0.0000000E+00   2.0114465E+03   0.0000000E+00   0.0000000E+00   2.4848070E-01
   8.1159420E-01   0.0000000E+00   0.0000000E+00   1.6237215E+03   0.0000000E+00   0.0000000E+00   2.4886143E-01
   8.2608696E-01   0.0000000E+00   0.0000000E+00   1.1698391E+03   0.0000000E+00   0.0000000E+00   2.2684148E-01
   8.4057971E-01   0.0000000E+00   0.0000000E+00   1.2149916E+03   0.0000000E+00   0.0000000E+00   2.3848668E-01
   8.5507246E-01   0.0000000E+00   0.0000000E+00   1.1943985E+03   0.0000000E+00   0.0000000E+00   2.3885565E-01
   8.6956522E-01   0.0000000E+00   0.0000000E+00   9.9768663E+02   0.0000000E+00   0.0000000E+00   2.2171593E-01
   8.8405797E-01   0.0000000E+00   0.0000000E+00   9.5648729E+02   0.0000000E+00   0.0000000E+00   2.4100333E-01
   8.9855072E-01   0.0000000E+00   0.0000000E+00   8.7995228E+02   0.0000000E+00   0.0000000E+00   2.6484915E-01
   9.1304348E-01   0.0000000E+00   0.0000000E+00   7.5773668E+02   0.0000000E+00   0.0000000E+00   2.9157833E-01
   9.2753623E-01   0.0000000E+00   0.0000000E+00   5.8014215E+02   0.0000000E+00   0.0000000E+00   2.9394317E-01
   9.4202899E-01   0.0000000E+00   0.0000000E+00   4.0801206E+02   0.0000000E+00   0.0000000E+00   2.9296547E-01
   9.5652174E-01   0.0000000E+00   0.0000000E+00   3.7886834E+02   0.0000000E+00   0.0000000E+00   2.8035748E-01
   9.7101449E-01   0.0000000E+00   0.0000000E+00   3.0535657E+02   0.0000000E+00   0.0000000E+00   2.8107981E-01
   9.8550725E-01   0.0000000E+00   0.0000000E+00   1.5600461E+02   0.0000000E+00   0.0000000E+00   2.9961819E-01
   1.0000000E+00   0.0000000E+00   0.0000000E+00   1.0942046E+02   0.0000000E+00   0.0000000E+00   8.5478126E-02
