   0.0000000E+00   0.0000000E+00   0.0000000E+00   5.5918191E+10   0.0000000E+00   0.0000000E+00   4.0490199E-07
   1.4492754E-02   0.0000000E+00   0.0000000E+00   2.9059960E+07   0.0000000E+00   0.0000000E+00   2.8831152E-04
   2.8985507E-02   0.0000000E+00   0.0000000E+00   2.3745573E+07   0.0000000E+00   0.0000000E+00   1.2931752E-04
   4.3478261E-02   0.0000000E+00   0.0000000E+00   1.8369305E+07   0.0000000E+00   0.0000000E+00   1.5688130E-04
   5.7971014E-02   0.0000000E+00   0.0000000E+00   1.3516128E+07   0.0000000E+00   0.0000000E+00   3.5663706E-04
   7.2463768E-02   0.0000000E+00   0.0000000E+00   1.0712881E+07   0.0000000E+00   0.0000000E+00   3.3795088E-04
   8.6956522E-02   0.0000000E+00   0.0000000E+00   9.1018068E+06   0.0000000E+00   0.0000000E+00   3.5213875E-04
   1.0144928E-01   0.0000000E+00   0.0000000E+00   8.0420759E+06   0.0000000E+00   0.0000000E+00   3.7493263E-04
   1.1594203E-01   0.0000000E+00   0.0000000E+00   7.2148846E+06   0.0000000E+00   0.0000000E+00   1.6535779E-04
   1.3043478E-01   0.0000000E+00   0.0000000E+00   6.5392676E+06   0.0000000E+00   0.0000000E+00   5.4264429E-05
   1.4492754E-01   0.0000000E+00   0.0000000E+00   6.0440109E+06   0.0000000E+00   0.0000000E+00   2.6932676E-04
   1.5942029E-01   0.0000000E+00   0.0000000E+00   5.5574475E+06   0.0000000E+00   0.0000000E+00   4.6274481E-04
   1.7391304E-01   0.0000000E+00   0.0000000E+00   5.0345288E+06   0.0000000E+00   0.0000000E+00   6.6726762E-04
   1.8840580E-01   0.0000000E+00   0.0000000E+00   4.4006432E+06   0.0000000E+00   0.0000000E+00   8.3501751E-04
   2.0289855E-01   0.0000000E+00   0.0000000E+00   3.7096082E+06   0.0000000E+00   0.0000000E+00   8.2433624E-04
   2.1739130E-01   0.0000000E+00   0.0000000E+00   3.0498902E+06   0.0000000E+00   0.0000000E+00   9.4093824E-04
   2.3188406E-01   0.0000000E+00   0.0000000E+00   2.4169906E+06   0.0000000E+00   0.0000000E+00   1.6055791E-03
   2.4637681E-01   0.0000000E+00   0.0000000E+00   1.9243837E+06   0.0000000E+00   0.0000000E+00   1.5742952E-03
   2.6086957E-01   0.0000000E+00   0.0000000E+00   1.6074121E+06   0.0000000E+00   0.0000000E+00   8.3517476E-04
   2.7536232E-01   0.0000000E+00   0.0000000E+00   1.4165688E+06   0.0000000E+00   0.0000000E+00   6.7865545E-04
   2.8985507E-01   0.0000000E+00   0.0000000E+00   1.2878114E+06   0.0000000E+00   0.0000000E+00   1.1612342E-03
   3.0434783E-01   0.0000000E+00   0.0000000E+00   1.1571722E+06   0.0000000E+00   0.0000000E+00   1.4382188E-03
   3.1884058E-01   0.0000000E+00   0.0000000E+00   1.0173648E+06   0.0000000E+00   0.0000000E+00   8.6146957E-04
   3.3333333E-01   0.0000000E+00   0.0000000E+00   9.0243145E+05   0.0000000E+00   0.0000000E+00   1.1791475E-03
   3.4782609E-01   0.0000000E+00   0.0000000E+00   8.1488266E+05   0.0000000E+00   0.0000000E+00   2.0124401E-03
   3.6231884E-01   0.0000000E+00   0.0000000E+00   7.3239797E+05   0.0000000E+00   0.0000000E+00   2.1951414E-03
   3.7681159E-01   0.0000000E+00   0.0000000E+00   6.5048780E+05   0.0000000E+00   0.0000000E+00   2.8030429E-03
   3.9130435E-01   0.0000000E+00   0.0000000E+00   5.7930373E+05   0.0000000E+00   0.0000000E+00   3.6393980E-03
   4.0579710E-01   0.0000000E+00   0.0000000E+00   5.1396197E+05   0.0000000E+00   0.0000000E+00   3.4939273E-03
   4.2028986E-01   0.0000000E+00   0.0000000E+00   4.5082720E+05   0.0000000E+00   0.0000000E+00   3.4461195E-03
   4.3478261E-01   0.0000000E+00   0.0000000E+00   3.8553642E+05   0.0000000E+00   0.0000000E+00   4.6028333E-03
   4.4927536E-01   0.0000000E+00   0.0000000E+00   3.2052262E+05   0.0000000E+00   0.0000000E+00   5.5716021E-03
   4.6376812E-01   0.0000000E+00   0.0000000E+00   2.4858499E+05   0.0000000E+00   0.0000000E+00   7.6608434E-03
   4.7826087E-01   0.0000000E+00   0.0000000E+00   1.4534767E+05   0.0000000E+00   0.0000000E+00   1.2210711E-02
   4.9275362E-01   0.0000000E+00   0.0000000E+00   5.1280944E+04   0.0000000E+00   0.0000000E+00   3.8087394E-02
   5.0724638E-01   0.0000000E+00   0.0000000E+00   1.3552662E+04   0.0000000E+00   0.0000000E+00   1.8666221E-01
   5.2173913E-01   0.0000000E+00   0.0000000E+00   1.0271542E+04   0.0000000E+00   0.0000000E+00   2.5949818E-01
   5.3623188E-01   0.0000000E+00   0.0000000E+00   9.1952371E+03   0.0000000E+00   0.0000000E+00   2.6628413E-01
   5.5072464E-01   0.0000000E+00   0.0000000E+00   8.2154609E+03   0.0000000E+00   0.0000000E+00   2.7919873E-01
   5.6521739E-01   0.0000000E+00   0.0000000E+00   7.7716583E+03   0.0000000E+00   0.0000000E+00   2.7961016E-01
   5.7971014E-01   0.0000000E+00   0.0000000E+00   6.6301960E+03   0.0000000E+00   0.0000000E+00   2.8245307E-01
   5.9420290E-01   0.0000000E+00   0.0000000E+00   5.5444148E+03   0.0000000E+00   0.0000000E+00   2.8667743E-01
   6.0869565E-01   0.0000000E+00   0.0000000E+00   4.7448750E+03   0.0000000E+00   0.0000000E+00   2.8702971E-01
   6.2318841E-01   0.0000000E+00   0.0000000E+00   4.0530102E+03   0.0000000E+00   0.0000000E+00   2.9117960E-01
   6.3768116E-01   0.0000000E+00   0.0000000E+00   3.8059047E+03   0.0000000E+00   0.0000000E+00   2.9534576E-01
   6.5217391E-01   0.0000000E+00   0.0000000E+00   3.7886834E+03   0.0000000E+00   0.0000000E+00   3.0141083E-01
   6.6666667E-01   0.0000000E+00   0.0000000E+00   3.4262876E+03   0.0000000E+00   0.0000000E+00   2.9975020E-01
   6.8115942E-01   0.0000000E+00   0.0000000E+00   2.8697262E+03   0.0000000E+00   0.0000000E+00   2.9503903E-01
   6.9565217E-01   0.0000000E+00   0.0000000E+00   2.4310719E+03   0.0000000E+00   0.0000000E+00   2.9771433E-01
   7.1014493E-01   0.0000000E+00   0.0000000E+00   2.0103218E+03   0.0000000E+00   0.0000000E+00   2.9911356E-01
   7.2463768E-01   0.0000000E+00   0.0000000E+00   1.8640322E+03   0.0000000E+00   0.0000000E+00   2.7634587E-01
   7.3913043E-01   0.0000000E+00   0.0000000E+00   2.1840646E+03   0.0000000E+00   0.0000000E+00   2.5145903E-01
   7.5362319E-01   0.0000000E+00   0.0000000E+00   2.2003508E+03   0.0000000E+00   0.0000000E+00   2.5948791E-01
   7.6811594E-01   0.0000000E+00   0.0000000E+00   1.9300840E+03   0.0000000E+00   0.0000000E+00   2.5613610E-01
   7.8260870E-01   0.0000000E+00   0.0000000E+00   1.7540201E+03   0.0000000E+00   0.0000000E+00   2.4134911E-01
   7.9710145E-01   0.0000000E+00   0.0000000E+00   1.7083518E+03   0.0000000E+00   0.0000000E+00   2.5234429E-01
   8.1159420E-01   0.0000000E+00   0.0000000E+00   1.4342873E+03   0.0000000E+00   0.0000000E+00   2.6668392E-01
   8.2608696E-01   0.0000000E+00   0.0000000E+00   1.3293626E+03   0.0000000E+00   0.0000000E+00   2.6003320E-01
   8.4057971E-01   0.0000000E+00   0.0000000E+00   1.4109580E+03   0.0000000E+00   0.0000000E+00   2.4341333E-01
   8.5507246E-01   0.0000000E+00   0.0000000E+00   1.0788116E+03   0.0000000E+00   0.0000000E+00   2.4918214E-01
   8.6956522E-01   0.0000000E+00   0.0000000E+00   9.9768663E+02   0.0000000E+00   0.0000000E+00   2.3236095E-01
   8.8405797E-01   0.0000000E+00   0.0000000E+00   9.0679964E+02   0.0000000E+00   0.0000000E+00   2.4051329E-01
   8.9855072E-01   0.0000000E+00   0.0000000E+00   6.2329953E+02   0.0000000E+00   0.0000000E+00   2.5465988E-01
   9.1304348E-01   0.0000000E+00   0.0000000E+00   5.1718536E+02   0.0000000E+00   0.0000000E+00   2.1981625E-01
   9.2753623E-01   0.0000000E+00   0.0000000E+00   4.8542506E+02   0.0000000E+00   0.0000000E+00   2.5211076E-01
   9.4202899E-01   0.0000000E+00   0.0000000E+00   4.4298452E+02   0.0000000E+00   0.0000000E+00   2.9093584E-01
   9.5652174E-01   0.0000000E+00   0.0000000E+00   4.1331092E+02   0.0000000E+00   0.0000000E+00   2.6573524E-01
   9.7101449E-01   0.0000000E+00   0.0000000E+00   3.1666608E+02   0.0000000E+00   0.0000000E+00   2.0756966E-01
   9.8550725E-01   0.0000000E+00   0.0000000E+00   1.1143187E+02   0.0000000E+00   0.0000000E+00   2.0916058E-01
   1.0000000E+00   0.0000000E+00   0.0000000E+00   0.0000000E+00   0.0000000E+00   0.0000000E+00   0.0000000E+00
