   0.0000000E+00   0.0000000E+00   0.0000000E+00   5.8639139E+10   0.0000000E+00   0.0000000E+00   6.6985899E-07
   1.4492754E-02   0.0000000E+00   0.0000000E+00   7.5167479E+06   0.0000000E+00   0.0000000E+00   3.0055766E-03
   2.8985507E-02   0.0000000E+00   0.0000000E+00   6.0922029E+06   0.0000000E+00   0.0000000E+00   2.8028930E-03
   4.3478261E-02   0.0000000E+00   0.0000000E+00   5.6176072E+06   0.0000000E+00   0.0000000E+00   5.3799929E-03
   5.7971014E-02   0.0000000E+00   0.0000000E+00   5.1791302E+06   0.0000000E+00   0.0000000E+00   7.7164390E-03
   7.2463768E-02   0.0000000E+00   0.0000000E+00   4.8234486E+06   0.0000000E+00   0.0000000E+00   9.9400268E-03
   8.6956522E-02   0.0000000E+00   0.0000000E+00   4.5327808E+06   0.0000000E+00   0.0000000E+00   1.2699312E-02
   1.0144928E-01   0.0000000E+00   0.0000000E+00   4.1696085E+06   0.0000000E+00   0.0000000E+00   1.5033094E-02
   1.1594203E-01   0.0000000E+00   0.0000000E+00   3.7890623E+06   0.0000000E+00   0.0000000E+00   1.8664371E-02
   1.3043478E-01   0.0000000E+00   0.0000000E+00   3.4003855E+06   0.0000000E+00   0.0000000E+00   2.2110145E-02
   1.4492754E-01   0.0000000E+00   0.0000000E+00   3.0404184E+06   0.0000000E+00   0.0000000E+00   2.3884011E-02
   1.5942029E-01   0.0000000E+00   0.0000000E+00   2.6846611E+06   0.0000000E+00   0.0000000E+00   2.6210383E-02
   1.7391304E-01   0.0000000E+00   0.0000000E+00   2.3489837E+06   0.0000000E+00   0.0000000E+00   3.1241760E-02
   1.8840580E-01   0.0000000E+00   0.0000000E+00   2.0212917E+06   0.0000000E+00   0.0000000E+00   3.6972802E-02
   2.0289855E-01   0.0000000E+00   0.0000000E+00   1.7090210E+06   0.0000000E+00   0.0000000E+00   4.0740748E-02
   2.1739130E-01   0.0000000E+00   0.0000000E+00   1.4345976E+06   0.0000000E+00   0.0000000E+00   4.4798023E-02
   2.3188406E-01   0.0000000E+00   0.0000000E+00   1.1732132E+06   0.0000000E+00   0.0000000E+00   5.1095904E-02
   2.4637681E-01   0.0000000E+00   0.0000000E+00   9.4422905E+05   0.0000000E+00   0.0000000E+00   5.5882188E-02
   2.6086957E-01   0.0000000E+00   0.0000000E+00   7.5133802E+05   0.0000000E+00   0.0000000E+00   6.0605391E-02
   2.7536232E-01   0.0000000E+00   0.0000000E+00   5.9422508E+05   0.0000000E+00   0.0000000E+00   6.6210477E-02
   2.8985507E-01   0.0000000E+00   0.0000000E+00   4.6964520E+05   0.0000000E+00   0.0000000E+00   7.0052186E-02
   3.0434783E-01   0.0000000E+00   0.0000000E+00   3.7013633E+05   0.0000000E+00   0.0000000E+00   7.0486488E-02
   3.1884058E-01   0.0000000E+00   0.0000000E+00   2.9193528E+05   0.0000000E+00   0.0000000E+00   6.9947090E-02
   3.3333333E-01   0.0000000E+00   0.0000000E+00   2.3186743E+05   0.0000000E+00   0.0000000E+00   7.1198281E-02
   3.4782609E-01   0.0000000E+00   0.0000000E+00   1.8536134E+05   0.0000000E+00   0.0000000E+00   7.1846589E-02
   3.6231884E-01   0.0000000E+00   0.0000000E+00   1.5088053E+05   0.0000000E+00   0.0000000E+00   7.5018509E-02
   3.7681159E-01   0.0000000E+00   0.0000000E+00   1.1849836E+05   0.0000000E+00   0.0000000E+00   7.3829613E-02
   3.9130435E-01   0.0000000E+00   0.0000000E+00   9.2163232E+04   0.0000000E+00   0.0000000E+00   6.9697617E-02
   4.0579710E-01   0.0000000E+00   0.0000000E+00   7.5151242E+04   0.0000000E+00   0.0000000E+00   7.1167349E-02
   4.2028986E-01   0.0000000E+00   0.0000000E+00   5.9364750E+04   0.0000000E+00   0.0000000E+00   7.1365640E-02
   4.3478261E-01   0.0000000E+00   0.0000000E+00   4.6424001E+04   0.0000000E+00   0.0000000E+00   7.7933003E-02
   4.4927536E-01   0.0000000E+00   0.0000000E+00   3.4440354E+04   0.0000000E+00   0.0000000E+00   8.5384456E-02
   4.6376812E-01   0.0000000E+00   0.0000000E+00   2.3821347E+04   0.0000000E+00   0.0000000E+00   9.1365671E-02
   4.7826087E-01   0.0000000E+00   0.0000000E+00   1.3547413E+04   0.0000000E+00   0.0000000E+00   8.9048900E-02
   4.9275362E-01   0.0000000E+00   0.0000000E+00   4.3012700E+03   0.0000000E+00   0.0000000E+00   6.6726184E-02
   5.0724638E-01   0.0000000E+00   0.0000000E+00   3.4639391E+02   0.0000000E+00   0.0000000E+00   6.0416397E-02
   5.2173913E-01   0.0000000E+00   0.0000000E+00   8.4192965E+01   0.0000000E+00   0.0000000E+00   1.3462943E-01
   5.3623188E-01   0.0000000E+00   0.0000000E+00   1.4335559E+02   0.0000000E+00   0.0000000E+00   6.2897675E-02
   5.5072464E-01   0.0000000E+00   0.0000000E+00   1.3958307E+02   0.0000000E+00   0.0000000E+00   1.8854416E-02
   5.6521739E-01   0.0000000E+00   0.0000000E+00   9.7145729E+01   0.0000000E+00   0.0000000E+00   6.7804705E-02
   5.7971014E-01   0.0000000E+00   0.0000000E+00   9.4717086E+01   0.0000000E+00   0.0000000E+00   1.0523048E-01
   5.9420290E-01   0.0000000E+00   0.0000000E+00   3.6962765E+01   0.0000000E+00   0.0000000E+00   1.3721447E-01
   6.0869565E-01   0.0000000E+00   0.0000000E+00   1.8041350E+01   0.0000000E+00   0.0000000E+00   2.4598965E-07
   6.2318841E-01   0.0000000E+00   0.0000000E+00   5.2865350E+01   0.0000000E+00   0.0000000E+00   1.1139454E-01
   6.3768116E-01   0.0000000E+00   0.0000000E+00   6.8885153E+01   0.0000000E+00   0.0000000E+00   8.3540443E-02
   6.5217391E-01   0.0000000E+00   0.0000000E+00   5.0515779E+01   0.0000000E+00   0.0000000E+00   1.0534255E-01
   6.6666667E-01   0.0000000E+00   0.0000000E+00   6.5890146E+01   0.0000000E+00   0.0000000E+00   1.1491576E-01
   6.8115942E-01   0.0000000E+00   0.0000000E+00   1.1285440E+02   0.0000000E+00   0.0000000E+00   8.9599033E-02
   6.9565217E-01   0.0000000E+00   0.0000000E+00   6.3144724E+01   0.0000000E+00   0.0000000E+00   1.0416717E-01
   7.1014493E-01   0.0000000E+00   0.0000000E+00   0.0000000E+00   0.0000000E+00   0.0000000E+00   0.0000000E+00
   7.2463768E-01   0.0000000E+00   0.0000000E+00   4.5464201E+01   0.0000000E+00   0.0000000E+00   3.7734703E-02
   7.3913043E-01   0.0000000E+00   0.0000000E+00   7.4287910E+01   0.0000000E+00   0.0000000E+00   2.2634585E-02
   7.5362319E-01   0.0000000E+00   0.0000000E+00   5.8287437E+01   0.0000000E+00   0.0000000E+00   1.1917377E-01
   7.6811594E-01   0.0000000E+00   0.0000000E+00   4.2890756E+01   0.0000000E+00   0.0000000E+00   2.6833282E-01
   7.8260870E-01   0.0000000E+00   0.0000000E+00   2.8064322E+01   0.0000000E+00   0.0000000E+00   1.7037491E-01
   7.9710145E-01   0.0000000E+00   0.0000000E+00   1.3777031E+01   0.0000000E+00   0.0000000E+00   4.4649976E-06
   8.1159420E-01   0.0000000E+00   0.0000000E+00   0.0000000E+00   0.0000000E+00   0.0000000E+00   0.0000000E+00
   8.2608696E-01   0.0000000E+00   0.0000000E+00   3.9880878E+01   0.0000000E+00   0.0000000E+00   3.8779115E-01
   8.4057971E-01   0.0000000E+00   0.0000000E+00   3.9193277E+01   0.0000000E+00   0.0000000E+00   3.8779115E-01
   8.5507246E-01   0.0000000E+00   0.0000000E+00   1.2842995E+01   0.0000000E+00   0.0000000E+00   1.4259685E-05
   8.6956522E-01   0.0000000E+00   0.0000000E+00   2.5257889E+01   0.0000000E+00   0.0000000E+00   6.9359389E-06
   8.8405797E-01   0.0000000E+00   0.0000000E+00   2.4843826E+01   0.0000000E+00   0.0000000E+00   2.2919568E-01
   8.9855072E-01   0.0000000E+00   0.0000000E+00   2.4443119E+01   0.0000000E+00   0.0000000E+00   2.2919369E-01
   9.1304348E-01   0.0000000E+00   0.0000000E+00   2.4055133E+01   0.0000000E+00   0.0000000E+00   3.4518316E-06
   9.2753623E-01   0.0000000E+00   0.0000000E+00   4.7358543E+01   0.0000000E+00   0.0000000E+00   1.2810469E-01
   9.4202899E-01   0.0000000E+00   0.0000000E+00   3.4972462E+01   0.0000000E+00   0.0000000E+00   1.7080713E-01
   9.5652174E-01   0.0000000E+00   0.0000000E+00   0.0000000E+00   0.0000000E+00   0.0000000E+00   0.0000000E+00
   9.7101449E-01   0.0000000E+00   0.0000000E+00   0.0000000E+00   0.0000000E+00   0.0000000E+00   0.0000000E+00
   9.8550725E-01   0.0000000E+00   0.0000000E+00   0.0000000E+00   0.0000000E+00   0.0000000E+00   0.0000000E+00
   1.0000000E+00   0.0000000E+00   0.0000000E+00   0.0000000E+00   0.0000000E+00   0.0000000E+00   0.0000000E+00
