   0.0000000E+00   0.0000000E+00   0.0000000E+00   5.7667841E+10   0.0000000E+00   0.0000000E+00   3.9713187E-06
   1.4492754E-02   0.0000000E+00   0.0000000E+00   3.1063415E+07   0.0000000E+00   0.0000000E+00   9.5824395E-03
   2.8985507E-02   0.0000000E+00   0.0000000E+00   2.3423156E+07   0.0000000E+00   0.0000000E+00   1.5427182E-02
   4.3478261E-02   0.0000000E+00   0.0000000E+00   1.8203108E+07   0.0000000E+00   0.0000000E+00   1.7948682E-02
   5.7971014E-02   0.0000000E+00   0.0000000E+00   1.3302825E+07   0.0000000E+00   0.0000000E+00   1.8989985E-02
   7.2463768E-02   0.0000000E+00   0.0000000E+00   9.0934464E+06   0.0000000E+00   0.0000000E+00   1.7998772E-02
   8.6956522E-02   0.0000000E+00   0.0000000E+00   6.0996540E+06   0.0000000E+00   0.0000000E+00   1.6294820E-02
   1.0144928E-01   0.0000000E+00   0.0000000E+00   4.2184284E+06   0.0000000E+00   0.0000000E+00   1.2983181E-02
   1.1594203E-01   0.0000000E+00   0.0000000E+00   3.1086147E+06   0.0000000E+00   0.0000000E+00   7.9131766E-03
   1.3043478E-01   0.0000000E+00   0.0000000E+00   2.4430273E+06   0.0000000E+00   0.0000000E+00   6.1723889E-03
   1.4492754E-01   0.0000000E+00   0.0000000E+00   2.0352050E+06   0.0000000E+00   0.0000000E+00   4.3939274E-03
   1.5942029E-01   0.0000000E+00   0.0000000E+00   1.7660776E+06   0.0000000E+00   0.0000000E+00   2.6605649E-03
   1.7391304E-01   0.0000000E+00   0.0000000E+00   1.5531076E+06   0.0000000E+00   0.0000000E+00   3.9882842E-03
   1.8840580E-01   0.0000000E+00   0.0000000E+00   1.4122463E+06   0.0000000E+00   0.0000000E+00   4.9386645E-03
   2.0289855E-01   0.0000000E+00   0.0000000E+00   1.2831188E+06   0.0000000E+00   0.0000000E+00   4.8524797E-03
   2.1739130E-01   0.0000000E+00   0.0000000E+00   1.1709558E+06   0.0000000E+00   0.0000000E+00   4.6971583E-03
   2.3188406E-01   0.0000000E+00   0.0000000E+00   1.0848421E+06   0.0000000E+00   0.0000000E+00   3.6291026E-03
   2.4637681E-01   0.0000000E+00   0.0000000E+00   1.0010593E+06   0.0000000E+00   0.0000000E+00   3.9363464E-03
   2.6086957E-01   0.0000000E+00   0.0000000E+00   9.3285805E+05   0.0000000E+00   0.0000000E+00   5.3973959E-03
   2.7536232E-01   0.0000000E+00   0.0000000E+00   8.7406921E+05   0.0000000E+00   0.0000000E+00   4.5929033E-03
   2.8985507E-01   0.0000000E+00   0.0000000E+00   8.1945434E+05   0.0000000E+00   0.0000000E+00   4.3882330E-03
   3.0434783E-01   0.0000000E+00   0.0000000E+00   7.6643261E+05   0.0000000E+00   0.0000000E+00   3.1288886E-03
   3.1884058E-01   0.0000000E+00   0.0000000E+00   7.2560176E+05   0.0000000E+00   0.0000000E+00   3.1142682E-03
   3.3333333E-01   0.0000000E+00   0.0000000E+00   6.9741425E+05   0.0000000E+00   0.0000000E+00   4.1131299E-03
   3.4782609E-01   0.0000000E+00   0.0000000E+00   6.6346161E+05   0.0000000E+00   0.0000000E+00   3.2345806E-03
   3.6231884E-01   0.0000000E+00   0.0000000E+00   6.2455688E+05   0.0000000E+00   0.0000000E+00   2.7570950E-03
   3.7681159E-01   0.0000000E+00   0.0000000E+00   5.7926055E+05   0.0000000E+00   0.0000000E+00   3.6670761E-03
   3.9130435E-01   0.0000000E+00   0.0000000E+00   5.3484984E+05   0.0000000E+00   0.0000000E+00   4.2862204E-03
   4.0579710E-01   0.0000000E+00   0.0000000E+00   4.8874016E+05   0.0000000E+00   0.0000000E+00   3.7973880E-03
   4.2028986E-01   0.0000000E+00   0.0000000E+00   4.2663188E+05   0.0000000E+00   0.0000000E+00   3.1650469E-03
   4.3478261E-01   0.0000000E+00   0.0000000E+00   3.4507329E+05   0.0000000E+00   0.0000000E+00   4.6816987E-03
   4.4927536E-01   0.0000000E+00   0.0000000E+00   2.5056641E+05   0.0000000E+00   0.0000000E+00   7.4549565E-03
   4.6376812E-01   0.0000000E+00   0.0000000E+00   1.5978772E+05   0.0000000E+00   0.0000000E+00   1.2399642E-02
   4.7826087E-01   0.0000000E+00   0.0000000E+00   8.3006609E+04   0.0000000E+00   0.0000000E+00   1.8076967E-02
   4.9275362E-01   0.0000000E+00   0.0000000E+00   3.0108890E+04   0.0000000E+00   0.0000000E+00   2.4871312E-02
   5.0724638E-01   0.0000000E+00   0.0000000E+00   8.1835562E+03   0.0000000E+00   0.0000000E+00   5.1171415E-02
   5.2173913E-01   0.0000000E+00   0.0000000E+00   5.7882663E+03   0.0000000E+00   0.0000000E+00   7.8559603E-02
   5.3623188E-01   0.0000000E+00   0.0000000E+00   5.7956617E+03   0.0000000E+00   0.0000000E+00   7.9004562E-02
   5.5072464E-01   0.0000000E+00   0.0000000E+00   5.8824295E+03   0.0000000E+00   0.0000000E+00   8.5248199E-02
   5.6521739E-01   0.0000000E+00   0.0000000E+00   6.4310472E+03   0.0000000E+00   0.0000000E+00   9.6880266E-02
   5.7971014E-01   0.0000000E+00   0.0000000E+00   6.4028750E+03   0.0000000E+00   0.0000000E+00   9.7982400E-02
   5.9420290E-01   0.0000000E+00   0.0000000E+00   6.2282259E+03   0.0000000E+00   0.0000000E+00   9.6496649E-02
   6.0869565E-01   0.0000000E+00   0.0000000E+00   6.4227205E+03   0.0000000E+00   0.0000000E+00   1.0807477E-01
   6.2318841E-01   0.0000000E+00   0.0000000E+00   6.1676242E+03   0.0000000E+00   0.0000000E+00   1.0940073E-01
   6.3768116E-01   0.0000000E+00   0.0000000E+00   5.6658038E+03   0.0000000E+00   0.0000000E+00   1.0323258E-01
   6.5217391E-01   0.0000000E+00   0.0000000E+00   4.9505463E+03   0.0000000E+00   0.0000000E+00   1.1046821E-01
   6.6666667E-01   0.0000000E+00   0.0000000E+00   4.6782004E+03   0.0000000E+00   0.0000000E+00   1.1821036E-01
   6.8115942E-01   0.0000000E+00   0.0000000E+00   4.6915186E+03   0.0000000E+00   0.0000000E+00   1.3538403E-01
   6.9565217E-01   0.0000000E+00   0.0000000E+00   4.0412623E+03   0.0000000E+00   0.0000000E+00   1.5097393E-01
   7.1014493E-01   0.0000000E+00   0.0000000E+00   3.3866191E+03   0.0000000E+00   0.0000000E+00   1.5437296E-01
   7.2463768E-01   0.0000000E+00   0.0000000E+00   2.9703278E+03   0.0000000E+00   0.0000000E+00   1.8271029E-01
   7.3913043E-01   0.0000000E+00   0.0000000E+00   2.7783678E+03   0.0000000E+00   0.0000000E+00   2.1344201E-01
   7.5362319E-01   0.0000000E+00   0.0000000E+00   2.6229347E+03   0.0000000E+00   0.0000000E+00   2.1970762E-01
   7.6811594E-01   0.0000000E+00   0.0000000E+00   1.9872717E+03   0.0000000E+00   0.0000000E+00   2.2046800E-01
   7.8260870E-01   0.0000000E+00   0.0000000E+00   1.4312804E+03   0.0000000E+00   0.0000000E+00   2.2059694E-01
   7.9710145E-01   0.0000000E+00   0.0000000E+00   1.2950409E+03   0.0000000E+00   0.0000000E+00   2.5531437E-01
   8.1159420E-01   0.0000000E+00   0.0000000E+00   1.2854462E+03   0.0000000E+00   0.0000000E+00   2.6562162E-01
   8.2608696E-01   0.0000000E+00   0.0000000E+00   1.2761881E+03   0.0000000E+00   0.0000000E+00   2.6209541E-01
   8.4057971E-01   0.0000000E+00   0.0000000E+00   1.1235406E+03   0.0000000E+00   0.0000000E+00   3.0374532E-01
   8.5507246E-01   0.0000000E+00   0.0000000E+00   9.1185262E+02   0.0000000E+00   0.0000000E+00   3.2081407E-01
   8.6956522E-01   0.0000000E+00   0.0000000E+00   8.2088141E+02   0.0000000E+00   0.0000000E+00   3.4245209E-01
   8.8405797E-01   0.0000000E+00   0.0000000E+00   8.3226816E+02   0.0000000E+00   0.0000000E+00   3.6214333E-01
   8.9855072E-01   0.0000000E+00   0.0000000E+00   6.9662889E+02   0.0000000E+00   0.0000000E+00   3.4104825E-01
   9.1304348E-01   0.0000000E+00   0.0000000E+00   6.0137832E+02   0.0000000E+00   0.0000000E+00   3.4165499E-01
   9.2753623E-01   0.0000000E+00   0.0000000E+00   4.8542506E+02   0.0000000E+00   0.0000000E+00   3.4400098E-01
   9.4202899E-01   0.0000000E+00   0.0000000E+00   3.4972462E+02   0.0000000E+00   0.0000000E+00   3.6433807E-01
   9.5652174E-01   0.0000000E+00   0.0000000E+00   3.2146405E+02   0.0000000E+00   0.0000000E+00   3.8826870E-01
   9.7101449E-01   0.0000000E+00   0.0000000E+00   2.2619005E+02   0.0000000E+00   0.0000000E+00   4.0111824E-01
   9.8550725E-01   0.0000000E+00   0.0000000E+00   1.0028868E+02   0.0000000E+00   0.0000000E+00   4.2607012E-01
   1.0000000E+00   0.0000000E+00   0.0000000E+00   4.3768184E+01   0.0000000E+00   0.0000000E+00   4.2481324E-01
