   0.0000000E+00   0.0000000E+00   0.0000000E+00   5.4584356E+10   0.0000000E+00   0.0000000E+00   1.1439858E-06
   1.4492754E-02   0.0000000E+00   0.0000000E+00   3.6330443E+07   0.0000000E+00   0.0000000E+00   2.1513945E-04
   2.8985507E-02   0.0000000E+00   0.0000000E+00   2.9718054E+07   0.0000000E+00   0.0000000E+00   7.1814648E-05
   4.3478261E-02   0.0000000E+00   0.0000000E+00   2.4505962E+07   0.0000000E+00   0.0000000E+00   8.3685196E-05
   5.7971014E-02   0.0000000E+00   0.0000000E+00   1.9601701E+07   0.0000000E+00   0.0000000E+00   7.6213218E-05
   7.2463768E-02   0.0000000E+00   0.0000000E+00   1.6021736E+07   0.0000000E+00   0.0000000E+00   6.5552491E-05
   8.6956522E-02   0.0000000E+00   0.0000000E+00   1.3638124E+07   0.0000000E+00   0.0000000E+00   1.1202621E-04
   1.0144928E-01   0.0000000E+00   0.0000000E+00   1.1813548E+07   0.0000000E+00   0.0000000E+00   3.0555993E-04
   1.1594203E-01   0.0000000E+00   0.0000000E+00   1.0247063E+07   0.0000000E+00   0.0000000E+00   3.6438198E-04
   1.3043478E-01   0.0000000E+00   0.0000000E+00   8.7561525E+06   0.0000000E+00   0.0000000E+00   2.0837175E-04
   1.4492754E-01   0.0000000E+00   0.0000000E+00   7.3933884E+06   0.0000000E+00   0.0000000E+00   2.0571747E-04
   1.5942029E-01   0.0000000E+00   0.0000000E+00   6.1398026E+06   0.0000000E+00   0.0000000E+00   4.3197010E-04
   1.7391304E-01   0.0000000E+00   0.0000000E+00   4.9311609E+06   0.0000000E+00   0.0000000E+00   7.5544862E-04
   1.8840580E-01   0.0000000E+00   0.0000000E+00   3.9525877E+06   0.0000000E+00   0.0000000E+00   7.3835533E-04
   2.0289855E-01   0.0000000E+00   0.0000000E+00   3.3338249E+06   0.0000000E+00   0.0000000E+00   6.9562528E-04
   2.1739130E-01   0.0000000E+00   0.0000000E+00   2.9658824E+06   0.0000000E+00   0.0000000E+00   7.3938912E-04
   2.3188406E-01   0.0000000E+00   0.0000000E+00   2.6809671E+06   0.0000000E+00   0.0000000E+00   5.0215148E-04
   2.4637681E-01   0.0000000E+00   0.0000000E+00   2.4108061E+06   0.0000000E+00   0.0000000E+00   5.3082884E-04
   2.6086957E-01   0.0000000E+00   0.0000000E+00   2.1739465E+06   0.0000000E+00   0.0000000E+00   9.3775717E-04
   2.7536232E-01   0.0000000E+00   0.0000000E+00   1.9699559E+06   0.0000000E+00   0.0000000E+00   1.2481734E-03
   2.8985507E-01   0.0000000E+00   0.0000000E+00   1.7846593E+06   0.0000000E+00   0.0000000E+00   1.6453706E-03
   3.0434783E-01   0.0000000E+00   0.0000000E+00   1.6087111E+06   0.0000000E+00   0.0000000E+00   2.0793987E-03
   3.1884058E-01   0.0000000E+00   0.0000000E+00   1.4558877E+06   0.0000000E+00   0.0000000E+00   2.3445858E-03
   3.3333333E-01   0.0000000E+00   0.0000000E+00   1.3112139E+06   0.0000000E+00   0.0000000E+00   2.0713161E-03
   3.4782609E-01   0.0000000E+00   0.0000000E+00   1.1675459E+06   0.0000000E+00   0.0000000E+00   2.2126153E-03
   3.6231884E-01   0.0000000E+00   0.0000000E+00   1.0417667E+06   0.0000000E+00   0.0000000E+00   2.5332541E-03
   3.7681159E-01   0.0000000E+00   0.0000000E+00   9.3303615E+05   0.0000000E+00   0.0000000E+00   2.3539768E-03
   3.9130435E-01   0.0000000E+00   0.0000000E+00   8.3137746E+05   0.0000000E+00   0.0000000E+00   3.8011599E-03
   4.0579710E-01   0.0000000E+00   0.0000000E+00   7.2975455E+05   0.0000000E+00   0.0000000E+00   4.0702346E-03
   4.2028986E-01   0.0000000E+00   0.0000000E+00   6.3480044E+05   0.0000000E+00   0.0000000E+00   3.5762325E-03
   4.3478261E-01   0.0000000E+00   0.0000000E+00   5.4670702E+05   0.0000000E+00   0.0000000E+00   4.9983983E-03
   4.4927536E-01   0.0000000E+00   0.0000000E+00   4.5977507E+05   0.0000000E+00   0.0000000E+00   7.3581995E-03
   4.6376812E-01   0.0000000E+00   0.0000000E+00   3.7013069E+05   0.0000000E+00   0.0000000E+00   1.1224265E-02
   4.7826087E-01   0.0000000E+00   0.0000000E+00   2.5859486E+05   0.0000000E+00   0.0000000E+00   2.0829397E-02
   4.9275362E-01   0.0000000E+00   0.0000000E+00   1.1060727E+05   0.0000000E+00   0.0000000E+00   4.8797389E-02
   5.0724638E-01   0.0000000E+00   0.0000000E+00   2.1216627E+04   0.0000000E+00   0.0000000E+00   1.9251282E-01
   5.2173913E-01   0.0000000E+00   0.0000000E+00   1.1702822E+04   0.0000000E+00   0.0000000E+00   2.6649027E-01
   5.3623188E-01   0.0000000E+00   0.0000000E+00   9.6457832E+03   0.0000000E+00   0.0000000E+00   2.5599880E-01
   5.5072464E-01   0.0000000E+00   0.0000000E+00   8.8336145E+03   0.0000000E+00   0.0000000E+00   2.6117105E-01
   5.6521739E-01   0.0000000E+00   0.0000000E+00   7.8493749E+03   0.0000000E+00   0.0000000E+00   2.7198391E-01
   5.7971014E-01   0.0000000E+00   0.0000000E+00   6.3839316E+03   0.0000000E+00   0.0000000E+00   2.6875649E-01
   5.9420290E-01   0.0000000E+00   0.0000000E+00   5.7846727E+03   0.0000000E+00   0.0000000E+00   2.6734089E-01
   6.0869565E-01   0.0000000E+00   0.0000000E+00   5.0335365E+03   0.0000000E+00   0.0000000E+00   2.6035301E-01
   6.2318841E-01   0.0000000E+00   0.0000000E+00   4.1411191E+03   0.0000000E+00   0.0000000E+00   2.5792357E-01
   6.3768116E-01   0.0000000E+00   0.0000000E+00   3.5303641E+03   0.0000000E+00   0.0000000E+00   2.5805860E-01
   6.5217391E-01   0.0000000E+00   0.0000000E+00   3.4350730E+03   0.0000000E+00   0.0000000E+00   2.3730392E-01
   6.6666667E-01   0.0000000E+00   0.0000000E+00   3.4757052E+03   0.0000000E+00   0.0000000E+00   2.1916411E-01
   6.8115942E-01   0.0000000E+00   0.0000000E+00   3.4178761E+03   0.0000000E+00   0.0000000E+00   2.0806342E-01
   6.9565217E-01   0.0000000E+00   0.0000000E+00   3.0151606E+03   0.0000000E+00   0.0000000E+00   2.3573653E-01
   7.1014493E-01   0.0000000E+00   0.0000000E+00   2.5360983E+03   0.0000000E+00   0.0000000E+00   2.5335090E-01
   7.2463768E-01   0.0000000E+00   0.0000000E+00   2.4550669E+03   0.0000000E+00   0.0000000E+00   2.1134209E-01
   7.3913043E-01   0.0000000E+00   0.0000000E+00   2.6149344E+03   0.0000000E+00   0.0000000E+00   2.1363650E-01
   7.5362319E-01   0.0000000E+00   0.0000000E+00   2.5355035E+03   0.0000000E+00   0.0000000E+00   2.3304238E-01
   7.6811594E-01   0.0000000E+00   0.0000000E+00   2.1159439E+03   0.0000000E+00   0.0000000E+00   2.3401209E-01
   7.8260870E-01   0.0000000E+00   0.0000000E+00   1.8662774E+03   0.0000000E+00   0.0000000E+00   2.2453658E-01
   7.9710145E-01   0.0000000E+00   0.0000000E+00   1.6807977E+03   0.0000000E+00   0.0000000E+00   2.0831092E-01
   8.1159420E-01   0.0000000E+00   0.0000000E+00   1.5154734E+03   0.0000000E+00   0.0000000E+00   2.1771574E-01
   8.2608696E-01   0.0000000E+00   0.0000000E+00   1.4755925E+03   0.0000000E+00   0.0000000E+00   2.5020039E-01
   8.4057971E-01   0.0000000E+00   0.0000000E+00   1.2803137E+03   0.0000000E+00   0.0000000E+00   2.5434567E-01
   8.5507246E-01   0.0000000E+00   0.0000000E+00   9.1185262E+02   0.0000000E+00   0.0000000E+00   2.5298988E-01
   8.6956522E-01   0.0000000E+00   0.0000000E+00   8.7139719E+02   0.0000000E+00   0.0000000E+00   2.6769611E-01
   8.8405797E-01   0.0000000E+00   0.0000000E+00   9.1922155E+02   0.0000000E+00   0.0000000E+00   2.4938409E-01
   8.9855072E-01   0.0000000E+00   0.0000000E+00   7.8217980E+02   0.0000000E+00   0.0000000E+00   2.4119768E-01
   9.1304348E-01   0.0000000E+00   0.0000000E+00   6.6151615E+02   0.0000000E+00   0.0000000E+00   2.7225664E-01
   9.2753623E-01   0.0000000E+00   0.0000000E+00   5.8014215E+02   0.0000000E+00   0.0000000E+00   2.6076934E-01
   9.4202899E-01   0.0000000E+00   0.0000000E+00   5.4790191E+02   0.0000000E+00   0.0000000E+00   2.5386736E-01
   9.5652174E-01   0.0000000E+00   0.0000000E+00   5.6256208E+02   0.0000000E+00   0.0000000E+00   2.5498743E-01
   9.7101449E-01   0.0000000E+00   0.0000000E+00   4.4107061E+02   0.0000000E+00   0.0000000E+00   2.0378139E-01
   9.8550725E-01   0.0000000E+00   0.0000000E+00   2.2286373E+02   0.0000000E+00   0.0000000E+00   1.7112486E-01
   1.0000000E+00   0.0000000E+00   0.0000000E+00   1.0942046E+02   0.0000000E+00   0.0000000E+00   2.5682113E-01
